u1_1,u1_2,u1_3,u1_4,u1_5,u1_6,u1_7,u1_8,u1_9,u1_10,u2_1,u2_2,u2_3,u2_4,u2_5,u2_6,u2_7,u2_8,u2_9,u2_10
0.0592929159780674,-0.0151046983892792,0.00553029364018338,0.00576360449020061,0.0611783539022175,-0.0274010959106504,0.0049601279627099,-3.71422774381802e-05,0.00327363200051761,-0.00258141468134425,0.0499762437561259,0.0216273294811512,0.046220124059318,0.0190660757415069,0.0550697104130775,0.0211221524076006,0.0500228409128242,0.0048870610805175,0.0318103892568729,-0.000463784020087476
0.0147393501938854,-0.00858413391742317,0.032321596267649,-0.0273185871372222,0.054037615060672,-0.0324330177401157,0.079724697147637,-0.0171388848315198,0.0905906794101082,-0.00512588374297892,0.0144057246110679,0.0172279652403177,0.0310990824088649,0.0254306360682721,0.045281411207996,0.0281752739230087,0.0554544374191914,0.0308410871593607,0.0789365789304945,0.0167762100674847
0.000725801884006422,0.000520491715273342,0.0023329072848989,3.36974328965253e-05,0.0280623783710669,-0.0287244072740909,0.0993895017606103,-0.00426779723673715,0.0987189124891716,0.00117176950335584,0.0930955580521279,0.0074386666420957,0.0989163161951291,-3.07399330396075e-05,0.0488596913055654,0.0268247458292473,0.00913766808659142,0.0118087570590097,0.0473030997049452,0.0296640124239756
0.013017803528876,-0.0096991241408665,0.0303849960397249,-0.0226280683560908,0.0473706155789371,-0.0297445286878992,0.0695121443164757,-0.0187463502929057,0.0930657592432643,-0.00559747629345319,0.0114563432872161,0.0171048299162511,0.0279427556136134,0.0266011529260996,0.0427328227123469,0.0301546412409552,0.0661458189428768,0.028273227523848,0.0871860895932615,0.0117006525336845
0.0100794704833048,-0.00478109848642965,0.0274251544304392,-0.0168461202594414,0.0473139857047098,-0.027619163421376,0.0625515023916129,-0.0219179765760553,0.0859183714821359,-0.00705982859673969,0.0183571158248049,0.0149908626068639,0.0381785764404444,0.0253921766944681,0.0471593347675868,0.0287970896572817,0.0633711346098075,0.0229378268565048,0.0867415963822516,0.0138153855693078
0.0183061983292898,-0.0119682149704912,0.0423109264169947,-0.026600006603652,0.0599430142987111,-0.0303307237493026,0.0799314740683247,-0.0156200827947869,0.093674174242486,-0.010235753206112,0.0166644769827039,0.014827063634335,0.0386370775271155,0.0236588644728009,0.0505575953342076,0.0300340342173376,0.0643274210037569,0.0280933902369925,0.0833076578327378,0.0152432065489405
0.0169176543306622,-0.0218829044061536,0.0381121451093856,-0.0308603511436553,0.05628402239161,-0.0262565695977521,0.0781371970438996,-0.0158196767188664,0.0976343505575851,-0.00947516669663641,0.0122766156281153,0.0193230610880638,0.0383888797117005,0.027741273228247,0.0545411450199541,0.0299770251577706,0.07546024343597,0.0179139634980166,0.0925983063729428,0.00691274564353559
0.018349558690961,-0.0167425924381996,0.0373393820465155,-0.023837540256165,0.0489856108157362,-0.0304976820294559,0.0678055676302866,-0.0227388702404387,0.0892355765932072,-0.00879650165642039,0.0130794084517099,0.0126922159975987,0.0295365302574402,0.0261212156664056,0.0487866434052186,0.0336145003251753,0.0691132097286487,0.0227790386554084,0.089782512870743,0.0116414759182042
0.0160479787065879,-0.00692212791256365,0.0320596425108054,-0.0202003454050842,0.0443051605852113,-0.0303964561479178,0.0729726387280645,-0.0203246151379718,0.0948323840464736,-0.00867750486818927,0.0134519305668071,0.0145824995737206,0.0363743179692639,0.0259977036926379,0.0534757377744885,0.0284799194876221,0.0676481135968449,0.024524074388522,0.0858290318143613,0.0109904047549554
0.0111468020677506,-0.00909920956185288,0.0380134628310396,-0.0217106815680959,0.0473573578933992,-0.0310508425815752,0.0576076044939001,-0.0258084402669367,0.0864850034806895,-0.0123884063361772,0.0162453786254482,0.0147121873143103,0.0346530295225944,0.0282865263548774,0.0455009394411466,0.029594350705118,0.0677492110005559,0.0255616264337742,0.0867138928864534,0.0122921604811983
0.0209191946538945,-0.00796054973989807,0.0384683487892473,-0.0254301828600192,0.0515109656431972,-0.0313396504732038,0.0765972780143607,-0.0188566917393782,0.0950804261709197,-0.0106630694216038,0.0121050041444569,0.0144316630939636,0.0307953863453457,0.0277451946055847,0.0521826662611566,0.0308241494394047,0.0702228078805054,0.0206377303553593,0.0898420935570287,0.0097091197898214
0.0228886721817602,-0.0157161857203461,0.046167806550715,-0.0275762146856537,0.0675755220523205,-0.0256987122401314,0.089443946925138,-0.0107216059962702,0.0992856605084482,0.00147909805430858,0.0152359757403733,0.0139965656494144,0.0334878199771424,0.0240909886717266,0.0462700793160837,0.0291285283601979,0.0609578172025195,0.0292205907340885,0.080206233194959,0.0145346235755058
0.0629063674149252,0.0338371451490591,0.00871812158528523,-0.0201250469357855,0.00466127141680393,0.00454937807602763,0.0304267705698316,-0.0258465470774734,0.0802747750805813,0.00174566375328654,0.0185272370375379,0.016424383357182,0.025500502212362,0.0128263235101449,0.0318885336205251,0.0309921468219137,0.0536676962775169,0.0284400591522488,0.0647625368401521,0.0226574916097529
0.00427754846678808,0.00127270272939546,0.0173220930037093,0.0131725209260052,0.0487180457500043,0.0308754269992114,0.0780961895130883,0.0139712162411979,0.0579468247563539,-0.0332777818049316,0.00645173325892309,0.0141718763888877,0.0181424491702864,0.0221195246516043,0.0260876691490254,0.0282648291293111,0.0551083648681327,0.0286499330910081,0.0796053980713864,0.0119627108402916
0.0449857164920698,0.021270052680338,0.0789207309419032,0.00528095753097486,0.0817001167418688,-0.00171020554081941,0.0665255943610332,-0.030066452631656,0.0503935067724792,-0.0240286151719577,0.00716658890018047,0.0136836196333683,0.0129658688275117,0.0241020892464038,0.0364542588899061,0.0312293074052676,0.059652135636964,0.0257668091307731,0.0902422972773621,0.00972987114737803
0.00416744436472374,0.00211685908625915,0.045665833549363,-0.0303511857935625,0.0650314364588601,0.0129039184906796,0.0967834967819885,0.00129680276715441,0.0991159911138651,0.00167645288906219,0.0113278270643868,0.0207990801965578,0.0341206300593834,0.0109152977217375,0.0322654238650019,0.0259555429198069,0.0455108367023808,0.0264615106748346,0.0724829831141176,0.0314904008325257
0.0774735997826417,0.0160186898802542,0.087597345741383,-0.0267916813748999,0.0843438983049376,-0.0283991372310892,0.0582035152330591,-0.0363736541262311,0.0511137951006875,-0.0275990740759031,0.0652328038405279,0.0237849770962141,0.0991337924812258,-0.00201129526999942,0.0995278381011831,-0.00254751323538488,0.0961491739167769,0.00124151013928797,0.0650459383493037,-0.014634694754421
0.0110631436824607,-0.0113868513735579,0.054576421501804,-0.0354488527294456,0.0580927889193795,-0.0294007665228737,0.0723501764612976,-0.0307535503116827,0.0882956151617613,-0.00394005263578813,0.0161361144006389,0.0153755310829903,0.0302528003207405,0.0282089528474495,0.0478358130631014,0.0323423665700712,0.0677043479467718,0.0259989627062028,0.0890170363979743,0.0125239454069436
0.0534381136232478,0.0131307630751838,0.0843110100640244,-0.017266443612256,0.0775801945348436,-0.011250713665224,0.0857651841914666,-0.0239090857967651,0.0542309032355802,-0.034191614291231,0.0485034292713354,0.0309088455445533,0.0816933688471297,0.0114253229376398,0.098138507227873,-0.000216818898660762,0.0987093821928762,-0.00143254674907981,0.0872377570555797,0.000436792843266268
0.0373617606067721,0.00416648748032277,0.0538038940211205,-0.00432746198448582,0.0386009988594143,-0.0307067979477777,0.0405800907095962,-0.00859703039332085,0.0853428116906789,0.0350447786910661,0.0277933882302031,0.0216145140512755,0.0256124400030897,0.0138653240772193,0.0253676347946208,-0.00568916061829538,0.0733727857719397,0.0396132063270318,0.0805773975696169,0.0172534724922174
0.0781318077193529,0.0275918805275862,0.0669015411116832,-0.005433979137926,0.10001772130496,-0.0156776510377664,0.0640565731070829,-0.0219084524635059,0.0583942947740286,-0.0323785155931476,0.0471275519488211,0.0284275502647768,0.0868870864055385,0.0147202704137915,0.0989806809840046,-0.00111005608255312,0.0993187053646334,-0.00173899210231994,0.0970376011424257,0.00199777945063071
0.057174188977896,0.0214387736914332,0.0821825199311662,-0.00351469462951537,0.0895479189585578,-0.0262655106752085,0.0782539214197664,-0.0351747204502907,0.0508980053121878,-0.0311711757054339,0.039530393736688,0.0295376565492387,0.0854246322642554,0.0140689819057917,0.0993470533862962,-0.00192614857682035,0.0990360791379326,-0.00146326022096424,0.0965792619594045,-0.000960860325694602
0.0897771916150694,0.0146346589412816,0.0947783400713006,-0.00800536198792796,0.0617576212116612,-0.0384892203891731,0.0945147943620153,-0.0118917935325965,0.0446236413008588,-0.0189661521569363,0.0527745588477816,0.0321547541106771,0.0961346153155428,0.00113594022027619,0.098871853117303,-0.000683784643542773,0.0917141775057007,8.83860805343345e-07,0.097087046418799,-0.00287401387054083
0.0630379433699596,-0.0498458865244132,0.0435547383186784,-0.0321485798943972,0.0528811544929508,-0.0132257567285499,0.049699273085948,0.000944969360481621,0.0888673137934411,0.0346322985550749,0.0410633721704854,0.0313753323733985,0.0746001080038959,0.0166323982532742,0.0986182330297427,0.000226849857765864,0.0986407700982641,0.000366290196357918,0.0986149793463598,0.000384550437059648
0.0784312958945376,0.000385185280665062,0.0935124016474058,-0.00881747820051306,0.0707592801536172,-0.0189032501875694,0.0578357105392716,-0.0293847668805733,0.0667113540122636,-0.0237960517860751,0.0706346893066539,0.0224205794352405,0.0982918650803475,-0.00099397077242265,0.0977107099589449,-0.000979078757405798,0.0941245347348481,-0.0026602195905851,0.0727392440796897,-0.00925732886654496
0.0459184598275519,0.0179366066116806,0.0818540559990776,-0.0135221952511005,0.067193565600627,-0.0312531405055247,0.0543064735694944,-0.0366702789693138,0.0527673354343516,-0.0305907714871796,0.0419014494280918,0.0296771505553459,0.0864947215642504,0.00694290145922719,0.0985521493423813,-0.00159561004800032,0.0961292746346011,-0.0015991027086736,0.0539034968670731,-0.0141972279423005
0.0299580369640374,0.0176353932159652,0.0708862086678659,0.0132942663727949,0.0804556344097627,-0.0228273112285877,0.0499117528948261,-0.029485865391044,0.0578608008867307,-0.010992612093906,0.0462197520525811,0.0292245342158498,0.0860148335499981,0.00795853648969072,0.097345893461099,-0.00279319112966714,0.0637776148231783,-0.0148605901056977,0.0606092925736164,-0.0148669729789943
0.0288801765278078,0.0313870201260302,0.05558169998976,-0.00351339436301671,0.0595685644502907,-0.0294883750413519,0.049120485118707,-0.0287136321363637,0.0650035379634784,-0.0170584746651975,0.0449297701093403,0.0293571475049529,0.0720584650461183,0.011722413232152,0.0744833969701819,-0.0116537530196248,0.0581866632187003,-0.00406289901933472,0.0633124621231851,-0.00618100965392831
0.0528353733843378,-0.0116783708192158,0.0431847051975908,-0.0323794300214094,0.0518271574462033,-0.00924229246045547,0.0621846015918556,-0.0490848755488463,0.065924763901469,-0.0257488119896093,0.0529703907625715,0.0294176563571451,0.0918860996517104,0.00560609939469121,0.0983597240353564,-0.00119469268180239,0.098220582106157,-0.00109750270349102,0.0985485389871089,-0.00237769716566864
0.0726741479401755,0.0148241295104416,0.0899653371168956,-0.0209144616106611,0.0715700149659437,0.00446941795713043,0.0478942940160524,-0.0257685242844321,0.05432086032213,-0.0137910449631636,0.0782997575045111,0.0159816733093122,0.0985902898554463,-0.00137101370998959,0.0933442211908724,0.00279558599310385,0.0660983479730823,-0.00388946525067312,0.0581096848998894,-0.0142512119890572
0.0820052405876171,-0.0245143295855026,0.0697224141183169,0.0105554215465126,0.0882825061503285,-0.0108950610830849,0.0867795047011642,-0.00145639145024516,0.0486180002245946,-0.0323759757958795,0.0964222035486252,0.00350237370251441,0.0840506410474302,0.00258844382967226,0.0857806657322593,-0.00262348738800185,0.098002570118032,0.00130615806479675,0.0719890881789264,-0.019983288034623
0.0616240951352325,-0.000267971011095995,0.0796584654570212,-0.0156684827595625,0.0804240308684349,-0.0181147312817297,0.0801706629187148,-0.00924361551194047,0.0566270232109891,-0.0187175348556606,0.0772164690026716,0.00814031607082929,0.0802133878342012,-0.00651211410633513,0.0986499038990521,-0.00227927116073478,0.0948902619579975,0.00128981577810766,0.0736837788680043,-0.0143992462215265
0.0942666971534486,-0.0147042718435547,0.0832178362670572,0.00377402971652698,0.0885143105073708,-0.0266526278621186,0.0800538531641643,-0.0205929397574735,0.0750151686392303,-0.0263016077660375,0.097402669316748,5.61065033025416e-05,0.0977946361912397,-0.00042162089193712,0.0895532708455402,0.000472121080508097,0.0865172172920647,-0.00244296417207782,0.0898933786609189,-0.0103439703433823
0.0317985047109683,0.0363121524586756,0.0200129550154511,0.0215500596279562,0.0512975026343202,-0.0142840082235275,0.0505998262965282,-0.0296059799353116,0.0671416264296078,-0.0102990922253162,0.0404289321261152,0.0285166547674393,0.0480879369425697,0.031847034062815,0.0583916456757241,0.0259982029964693,0.0754846615646253,0.00394531764164542,0.0784464683986432,0.000812604942159836
0.0399380498764014,-0.0235158263980849,0.0487975967615035,-0.0297406319000227,0.0503356999938273,-0.0331970954743322,0.0729564871065385,-0.0227553138602866,0.0883843957700689,0.00646840228364656,0.0175685922170442,0.0235871118784595,0.0334209858272587,0.0341332703187748,0.0480802523300181,0.0300608476096703,0.0670475763561537,0.0214764081548464,0.088059356420151,0.0065833536644161
0.0836984661235856,0.00513777977587952,0.0976307983173284,-0.015564728640724,0.081787791535914,-0.0116794990253049,0.0609548768418713,-0.0309668942582283,0.0541910980113667,-0.0251469452606436,0.0588789856549489,0.0272502533648628,0.0973269970397464,-0.000954891304550751,0.0967178079439325,-0.000296329340296928,0.0974111458989286,-0.000247041025314344,0.0874361662185199,0.00184330295139683
0.0356797900131278,0.0224255350074228,0.0462642345015805,-0.00728499824028013,0.0491268124655357,-0.0300789634163989,0.0526627133945003,0.0106058117795231,0.083541032680809,0.010057094572249,0.0252344858134827,0.0232116363874431,0.0455015117596983,0.0250138785841234,0.0500208541717416,0.0244166325929492,0.0492970880994383,0.027098327379837,0.0862241881157797,0.0163519674944659
0.00896404093817644,0.00800381413220554,0.0317906509030661,-0.0034001801992549,0.0450951296727903,-0.0342302417229609,0.0503127358749836,-0.0260666496645228,0.0555620230783604,-0.0170464374596323,0.0244412771073911,0.0311096541991505,0.043129709494534,0.0331983753385058,0.0510950895310994,0.0285058293290443,0.0652655591660299,0.0229885465714468,0.0849807373166837,0.0127336824610558
0.0297796224956327,0.00506369474938973,0.0404654742771528,0.0319500220290579,0.0474790268042728,0.0137050085504957,0.0513986798194707,-0.0212084748435062,0.0544713083093026,-0.0192688850745448,0.0232333449484501,0.0183104740564728,0.0447005189782464,0.0316994098784147,0.0554697037458649,0.0232042800121009,0.0763014046075737,0.00667502171172444,0.0678360214581539,-0.0018666961374332
0.0421943220273126,0.0197056023823292,0.0410126667258197,0.0320977309228106,0.0526416735457254,0.0111222834279689,0.0511903530213374,-0.0234667421340375,0.0656738747043931,-0.0111485981995152,0.0335924502958933,0.0254515217814976,0.0513990302746216,0.0273089211545725,0.0538521076284351,0.0307598385065764,0.0720001444193239,0.0069183648062977,0.0764676580554906,-0.00323281230441897
0.0352589891471442,-0.00539926489551469,0.0330665688055662,0.0309660586350886,0.0449850571777498,0.0289466818384697,0.0538485874215437,-0.0125993605077474,0.0520221734765439,-0.0261754671507849,0.0314072013107875,0.0163520351622599,0.0393233668748961,0.0268706660202099,0.0517219150339464,0.0309946492434055,0.0670703333193253,0.0107259587858646,0.0738667390073363,0.000390067262644597
0.0323687267259431,-0.0410078815852777,0.0568028221690236,-0.0452690204946182,0.0471658606286561,-0.0280614502192757,0.050153970142809,-0.025059375481192,0.0772771593377923,-0.0193052494237701,0.025520244511739,0.0267811592868857,0.0443735034373873,0.0307301049002545,0.0581838027738606,0.0266149022976335,0.070318550861038,0.0202129728247148,0.0848251093088865,0.0105174949132231
0.0510848479026402,0.0278990044335404,0.0454948733729814,0.0270324451248864,0.0638435311096105,-0.000643442196645254,0.0485853144135067,-0.0303737295162358,0.0746851765160412,-0.00676081585910092,0.0278997187538369,0.0210140234150726,0.0551936709554191,0.0268879602511437,0.0579917842084258,0.0206457975154181,0.0753656628784341,-0.00104963572101783,0.0699918785762719,-0.00406205340830207
0.0417041359609223,0.0250495619556338,0.0519777614572108,0.00242213706316853,0.0654198365363691,-0.0244460246819115,0.0451170333009999,-0.0270370123548147,0.0718001563336405,0.00661346369744712,0.0322737730570632,0.031327010323479,0.0625751741519959,0.0203727520135233,0.0777911656140257,0.0061503005218998,0.0759010670046183,0.00230261847929949,0.0883884422305128,0.00520165408661502
0.0499323501454592,0.0203857967677088,0.0507196366230134,0.0133664746740355,0.0658547452932657,-0.00027792565657014,0.0603585715379508,-0.0274656510110844,0.0520577755972923,-0.0242815900582466,0.0440101365918724,0.0242126611165622,0.0500415036521415,0.0286159226047818,0.0732996538768433,0.0155634017191471,0.0846802643104352,-0.000857668256118738,0.0706766675324187,-0.0205643143401456
0.0473013808082908,0.0307551997331211,0.0603880335412008,0.0358660366015475,0.0587141233844808,0.00722389585558751,0.0459444748354343,-0.0266049093847873,0.0762056058849492,-0.0228241613335337,0.0429980526046278,0.0292820179012611,0.0568781091458647,0.0282982890174698,0.0688470828824499,0.0134413450077206,0.0595228578612509,-0.00991049197779865,0.0808565476051319,-0.0165641740577637
0.0429913062366049,0.0308924140309022,0.0781472746457031,0.00473493686716783,0.094552223989839,-0.0213253279821359,0.0854735973820043,-0.0268463345868952,0.0477771651754662,-0.0317889850937687,0.0424380443603403,0.0318686175075126,0.0800202742905632,0.013947430974569,0.0990862699070029,-0.00201934193226513,0.0981257306212385,-0.00101785996977872,0.0885716187380584,-0.000210910899850513
0.0362334204457072,0.0373684218069961,0.0506744348468218,0.00738730557061857,0.0530279608484039,-0.0227545286466942,0.0535925624567093,-0.0229570909420948,0.0862021512343537,-0.0135307967176859,0.0418092561903689,0.0342990121383145,0.0618507760179515,0.0196761765740911,0.068958184467145,0.00157943834257708,0.0658369215968409,-0.00900762647771618,0.0832508339434438,-0.00861751514748881
0.0474892795603403,0.0269463801057705,0.0828977343530273,-0.0192555684305966,0.0947092067442601,-0.0154060180394158,0.0571612220388648,-0.0323517553501096,0.0494514185598404,-0.029836852786952,0.035377285895453,0.0362182635193517,0.0799061194746753,0.0132879193193525,0.0986736952340931,-6.25103431819204e-05,0.0985985856117601,-0.000562732452212403,0.094755751270184,-0.0046175883606557
0.0460800081638953,0.013399127331219,0.0725052214011112,0.00286674656755901,0.0903207909321909,-0.013167604157402,0.0588143065537388,-0.0314186800424793,0.0599885070052039,-0.0269324756008912,0.0451519099089477,0.0300177897126829,0.0788747367593507,0.00923153706436004,0.0984063629824331,-0.000448814511791426,0.0980857700348132,-0.00105501673464735,0.0786300419160136,-0.00762784630794821
0.0408063272800342,0.0301251864968631,0.0684395449400395,-0.000555890567675139,0.0686387969988677,0.00314802330856719,0.0473880826596701,-0.0251482522003509,0.0618330261886112,-0.0213367217417615,0.0381090449802631,0.0293078405819458,0.0694646648271457,0.0157534925115019,0.0953832005370621,0.000826127819604632,0.0990075476448941,-0.00335972745185455,0.093620969272903,-0.000389316691905447
0.00606373175571379,0.0044394419946329,0.0221959431924285,0.0269777387394073,0.054266316464708,0.0256664487407202,0.0817629516738814,0.0159578469101168,0.0936649836300874,0.00821847491645896,0.0211620273553267,0.0200702845128381,0.0315287205752651,0.0235889113027344,0.0472081650291057,0.0325827321890465,0.0669928228883278,0.0253124243053093,0.0901470804349025,0.00989642550590134
0.034941700286782,-0.0153763786686617,0.0460276392376967,-0.0301908278439078,0.0517079533107616,-0.00794691259359761,0.0671410479596123,0.0191504544003067,0.0730544771701109,0.0141204806542707,0.0411581590086154,0.02199798677242,0.0418472284451678,0.0153132325649286,0.0390156962848646,0.00534526149337034,0.0524315868508353,0.0285644279585064,0.0802432580194084,0.0139729694056575
0.0361661527938494,-0.00177465845747117,0.0471744528367621,-0.0344546751753105,0.0467008426921355,-0.0236610504030933,0.0532403504034226,0.0158306770292427,0.0667838865350852,0.00622783022335538,0.0411004164556111,0.027044986305682,0.0344652793742952,0.00934164489079908,0.0313231258646084,-0.00485509878561153,0.045878256036322,0.0293858083544339,0.072303534929646,0.0184673881125501
0.0115212046621365,0.0227667524558393,0.0527698578320807,-0.0105076057655811,0.0497615845182727,-0.0316397377176635,0.0525680458461325,-0.0137614096234962,0.0684449570738132,0.0102431941749223,0.0230074722386219,0.0230419840562653,0.0442306754273902,0.0313106592986036,0.06796969053496,0.0253668071981537,0.0866819117745245,0.00900320827452038,0.0977320873928475,0.000675901293082032
0.0432524615740221,-0.0317133148448429,0.0475976518736532,0.00117206036315327,0.061692557290509,0.0118298712276575,0.0608716554713957,0.00163625788539429,0.0740365737236493,0.0115730100979312,0.0521539783501456,0.0113707414238241,0.0414615763174973,-0.00689272556504889,0.0518052658433915,0.0173126646067242,0.0443507598294305,0.0102528432333235,0.0466062690458327,0.0249621657547407
0.0102823960552458,0.0173832159428122,0.0283108166292562,0.0275115506207433,0.041326345698012,0.00301947318617382,0.0508582895188233,-0.03020985042457,0.0660340973364807,0.00151871780511617,0.0256675179463987,0.0232408112523347,0.030148994543999,0.0296875115676299,0.0466662045556189,0.0297340575006604,0.0735482837073476,0.00719925265149535,0.0785987915024098,0.00540218143096857
0.0359780393543141,-0.00605361970629671,0.0472570143193498,-0.0248182726440022,0.0449383917586552,-0.0166996792250113,0.0370071156980299,0.0355308087440729,0.0763023434817129,0.00567261656410751,0.0312085390053779,0.0205525292085961,0.0259086389847289,0.010891473874823,0.0273751923186747,0.00358378470141068,0.0394082078521289,0.0310507674155506,0.0782310390465215,0.017518571222662
0.0141587519233659,0.0261090512455018,0.0302960470824249,0.0228183964099783,0.0459903120768784,-0.0290344992660781,0.0466080419217791,-0.0336046524327128,0.0771765266135123,0.0247732710164219,0.0229796537142183,0.0274865083526715,0.0455689824742317,0.0300697570248624,0.0685235793552852,0.0231989662338938,0.0914865189029428,0.0060046231228133,0.0977582458128028,0.000682566094551246
0.0461994655737308,-0.0151319988928231,0.0480639527355975,-0.0290207253017975,0.0485176343740313,0.00852887187653384,0.0742217534638768,-0.00459665254304749,0.0867267330169589,0.0175310310786815,0.0356376612091297,0.0216700622141185,0.0236216605337437,-8.57873795665704e-05,0.0331646455571942,0.00737817279676691,0.0396395469864422,0.0204051441007225,0.0674659590367759,0.0254639941068564
0.00702748153906305,-0.0159027396399483,0.00437485040325394,0.00655283386645898,0.00418253033943085,-0.000106317049087658,0.0577487189103637,0.0162169707750358,0.0473148729001717,-0.0308760485407317,0.00658553541534162,0.00309875680711731,0.0247264634676022,0.0153592949032163,0.0184796063299884,0.020344431884634,0.0707450068650926,0.0213183564282596,0.0473863646122888,-0.0118749635159662
0.0435332081135432,0.0304234108546716,0.0805282662483889,0.00197804614350695,0.0774367034828825,-0.0278654397165259,0.0449383955648435,-0.0210505797842335,0.0471275646212505,-0.0228800423879062,0.0429915724892143,0.0309548941331907,0.0843651301790381,0.00697426390403983,0.0964716194126778,0.000169027288348946,0.0538583046039601,0.00387407965374268,0.0679070848583466,-0.00732247177210633
0.0478296698586343,0.0202265932027866,0.0423129337704764,0.0214074995726685,0.0841997082653329,0.0012050094817985,0.0490637368772175,-0.027035959032097,0.0570607741745753,-0.0145696670188333,0.0363228370767848,0.0287409605590423,0.0498723586861974,0.0279569196135163,0.081932841750678,0.0193420628022205,0.0808880608112917,0.000607173308038692,0.0607267045632224,-0.0131031083779789
0.0248828289860457,0.017376725138569,0.0600698437330978,0.0262552476241061,0.0744246287922905,-0.000518654140366472,0.0556428180672891,-0.0289689358197743,0.0597784039996982,-0.013529831636992,0.0306883340545311,0.0272765291785025,0.063661832315225,0.0263371146273467,0.0798597877065058,0.0114696987160229,0.0772794237622761,0.000436362620024541,0.063954031014782,-0.00680231516033551
0.0279902563676746,0.0138968727341544,0.0710047501356222,0.0216744179678418,0.059275836767481,-0.0167357551080373,0.0497657646548483,-0.0295471823579558,0.0604128672653684,-0.0146279028691473,0.0386040782017777,0.0279495327865181,0.0759781782467377,0.0195498491534614,0.073751022025868,0.0030884010282291,0.0630640629865334,-0.0195592489558071,0.0672051307669356,-0.0225434240051711
0.0264779100119025,-0.0097312117202644,0.0417272802181697,-0.0344471736814846,0.051941876933201,-0.0258229090520352,0.0486052283795588,-0.031701152229513,0.0756318119777014,0.00220142374374297,0.0283296164675998,0.0259542184038667,0.0457296590069177,0.0292405712243526,0.0633310470803164,0.0244236295712916,0.0778921502422324,0.0176866330099171,0.0937293100005103,0.00761213653076651
0.0464315922678052,-0.0281879123525034,0.0763073320563504,0.0152200407803109,0.097865890420109,-0.000793307832688178,0.0751872213332457,0.0113418619927614,0.0660642944367449,0.00522265005546969,0.0438988102637791,0.0192820686726081,0.0364636784084906,0.00581121073849073,0.0541028921049284,0.00986515996226294,0.0493848419416129,0.0241316683050371,0.0708441202584303,0.0135198294631619
0.0390196231869622,-0.000258345398792479,0.0469787362852929,0.00345642759614608,0.051174002491368,-0.0208833344054034,0.0494761343824971,-0.0259437161374002,0.075285182172095,0.00855313354536749,0.0223733341074542,0.0197754382609889,0.0361567044849144,0.0229117092339337,0.047236874632744,0.0245586007782822,0.0590851655727087,0.0140028806024587,0.0690703308916079,0.011660072141093
0.0481255947261603,-0.000229774715011607,0.039151676439958,-0.0371867288191271,0.0506988157454473,-0.0299144953321766,0.0516387246917309,-0.00404569040016581,0.0892741795772816,0.0228380717671107,0.0249804765447244,0.0238575483302628,0.0440958303072257,0.0299943959338456,0.0611199183521205,0.0255897986930443,0.0720096077430203,0.0173439648590888,0.0860713845876873,0.00807338584422856
0.0397380073881125,0.0121354095883841,0.0390793229902249,-0.016895828472739,0.0452525765013281,-0.0312413011576792,0.0686563499514763,0.00490063513281162,0.0889882507864083,-0.000328067831046471,0.036529713223963,0.0251270462132593,0.0296541113281638,0.0142735217065012,0.0250811147936883,-0.001046409275225,0.0474064622344132,0.0174920143940676,0.0758559458847948,0.0192151954166603
0.0244395103880624,0.0166843952804169,0.0442333587702216,-0.0127630031281173,0.0488322615310516,-0.0297503823156248,0.0494130581845426,-0.0244352490146479,0.0798903116996716,0.0103281508271544,0.0188360209480545,0.0230909035298508,0.0363094788542809,0.0268967731981019,0.0408981361020029,0.0161726031664388,0.0418505466373887,0.00888212054348674,0.0672824655354859,0.0122413830652737
0.0294834642743779,0.0232636361096483,0.0473120222312955,0.000838229432133359,0.0528930907019984,-0.0223181745796353,0.0480756682665162,-0.0296093390714013,0.0630415658937129,-0.0135669217657028,0.0255301392881019,0.028084222606515,0.0450850916675915,0.0281837018081861,0.0649521066221544,0.0196358932820418,0.0633488831352304,0.00426269479990414,0.0669141771299944,-0.00469384969146274
0.0356797900131278,0.0224255350074228,0.0462642345015805,-0.00728499824028013,0.0491268124655357,-0.0300789634163989,0.0526627133945003,0.0106058117795231,0.083541032680809,0.010057094572249,0.0252344858134827,0.0232116363874431,0.0455015117596983,0.0250138785841234,0.0500208541717416,0.0244166325929492,0.0492970880994383,0.027098327379837,0.0862241881157797,0.0163519674944659
0.00896404093817644,0.00800381413220554,0.0317906509030661,-0.0034001801992549,0.0450951296727903,-0.0342302417229609,0.0503127358749836,-0.0260666496645228,0.0555620230783604,-0.0170464374596323,0.0244412771073911,0.0311096541991505,0.043129709494534,0.0331983753385058,0.0510950895310994,0.0285058293290443,0.0652655591660299,0.0229885465714468,0.0849807373166837,0.0127336824610558
0.0297796224956327,0.00506369474938973,0.0404654742771528,0.0319500220290579,0.0474790268042728,0.0137050085504957,0.0513986798194707,-0.0212084748435062,0.0544713083093026,-0.0192688850745448,0.0232333449484501,0.0183104740564728,0.0447005189782464,0.0316994098784147,0.0554697037458649,0.0232042800121009,0.0763014046075737,0.00667502171172444,0.0678360214581539,-0.0018666961374332
0.0421943220273126,0.0197056023823292,0.0410126667258197,0.0320977309228106,0.0526416735457254,0.0111222834279689,0.0511903530213374,-0.0234667421340375,0.0656738747043931,-0.0111485981995152,0.0335924502958933,0.0254515217814976,0.0513990302746216,0.0273089211545725,0.0538521076284351,0.0307598385065764,0.0720001444193239,0.0069183648062977,0.0764676580554906,-0.00323281230441897
0.0352589891471442,-0.00539926489551469,0.0330665688055662,0.0309660586350886,0.0449850571777498,0.0289466818384697,0.0538485874215437,-0.0125993605077474,0.0520221734765439,-0.0261754671507849,0.0314072013107875,0.0163520351622599,0.0393233668748961,0.0268706660202099,0.0517219150339464,0.0309946492434055,0.0670703333193253,0.0107259587858646,0.0738667390073363,0.000390067262644597
0.0323687267259431,-0.0410078815852777,0.0568028221690236,-0.0452690204946182,0.0471658606286561,-0.0280614502192757,0.050153970142809,-0.025059375481192,0.0772771593377923,-0.0193052494237701,0.025520244511739,0.0267811592868857,0.0443735034373873,0.0307301049002545,0.0581838027738606,0.0266149022976335,0.070318550861038,0.0202129728247148,0.0848251093088865,0.0105174949132231
0.0510848479026402,0.0278990044335404,0.0454948733729814,0.0270324451248864,0.0638435311096105,-0.000643442196645254,0.0485853144135067,-0.0303737295162358,0.0746851765160412,-0.00676081585910092,0.0278997187538369,0.0210140234150726,0.0551936709554191,0.0268879602511437,0.0579917842084258,0.0206457975154181,0.0753656628784341,-0.00104963572101783,0.0699918785762719,-0.00406205340830207
0.0417041359609223,0.0250495619556338,0.0519777614572108,0.00242213706316853,0.0654198365363691,-0.0244460246819115,0.0451170333009999,-0.0270370123548147,0.0718001563336405,0.00661346369744712,0.0322737730570632,0.031327010323479,0.0625751741519959,0.0203727520135233,0.0777911656140257,0.0061503005218998,0.0759010670046183,0.00230261847929949,0.0883884422305128,0.00520165408661502
0.0499323501454592,0.0203857967677088,0.0507196366230134,0.0133664746740355,0.0658547452932657,-0.00027792565657014,0.0603585715379508,-0.0274656510110844,0.0520577755972923,-0.0242815900582466,0.0440101365918724,0.0242126611165622,0.0500415036521415,0.0286159226047818,0.0732996538768433,0.0155634017191471,0.0846802643104352,-0.000857668256118738,0.0706766675324187,-0.0205643143401456
0.0473013808082908,0.0307551997331211,0.0603880335412008,0.0358660366015475,0.0587141233844808,0.00722389585558751,0.0459444748354343,-0.0266049093847873,0.0762056058849492,-0.0228241613335337,0.0429980526046278,0.0292820179012611,0.0568781091458647,0.0282982890174698,0.0688470828824499,0.0134413450077206,0.0595228578612509,-0.00991049197779865,0.0808565476051319,-0.0165641740577637
0.0429913062366049,0.0308924140309022,0.0781472746457031,0.00473493686716783,0.094552223989839,-0.0213253279821359,0.0854735973820043,-0.0268463345868952,0.0477771651754662,-0.0317889850937687,0.0424380443603403,0.0318686175075126,0.0800202742905632,0.013947430974569,0.0990862699070029,-0.00201934193226513,0.0981257306212385,-0.00101785996977872,0.0885716187380584,-0.000210910899850513
0.0362334204457072,0.0373684218069961,0.0506744348468218,0.00738730557061857,0.0530279608484039,-0.0227545286466942,0.0535925624567093,-0.0229570909420948,0.0862021512343537,-0.0135307967176859,0.0418092561903689,0.0342990121383145,0.0618507760179515,0.0196761765740911,0.068958184467145,0.00157943834257708,0.0658369215968409,-0.00900762647771618,0.0832508339434438,-0.00861751514748881
0.039189828437528,0.027585782226373,0.0441920771010708,0.00482805774584377,0.0356574802675547,-0.01247438279971,0.0506598770132959,-0.0253633874005436,0.075375394384151,0.00649698015999684,0.0429712575373201,0.0258548985160255,0.0455441461648055,0.0251391756886176,0.0356175149240974,0.0188037432552961,0.0467865492944254,0.0173480702472021,0.0787733719201996,0.00436365400715624
0.0185158348437899,0.0262039010931915,0.0388352310530473,-0.0205850400080904,0.0463606786153928,-0.0304007819666535,0.0594958489654739,-0.031881944260324,0.0887488669104804,0.00379724526640174,0.0170018737829448,0.0215483634292312,0.0380161766803245,0.0317533054288395,0.0537418873018047,0.0272755349258183,0.0709979229395156,0.0208893691505963,0.0873766100309788,0.00898088869765776
0.0261096707769865,0.0151679111955191,0.0470239763944356,0.0185475399338805,0.0600105334954983,0.029145156058314,0.0442072566155691,-0.0173201862344417,0.0514727853478244,-0.0242624511023029,0.0164196490251282,0.0175655952892404,0.0429164027494976,0.0260465637303849,0.065866556319545,0.0280139630881292,0.058639262833209,0.011712378570342,0.0599580121412725,0.000504827453729822
0.0289527375220286,0.0354874816627248,0.0425865678937338,0.0118586539858702,0.0490272168251924,-0.0253611663274094,0.0458797174789155,-0.0232313250089618,0.0744267327031586,0.000748723899617172,0.0235956835310759,0.0222813279365824,0.0453669014850059,0.0297365194397131,0.0536901333051951,0.0290172602795757,0.0688554517384428,0.025083552285491,0.0901930479272263,0.0106712517726399
0.0181342029663512,0.0232921658632213,0.029114464495572,0.033621758956547,0.0448032211658256,0.0258317329493701,0.0465563033087127,-0.0189931959447243,0.0565276918723234,-0.0216059202791754,0.0334612413713194,0.0298353197324552,0.042387774599284,0.0332816385401152,0.0534969001895763,0.0292312464786761,0.0601472602943292,0.0106831149430431,0.058737711841077,-0.0103136314452747
0.0344945866982986,0.021227316234475,0.0478183626739828,0.0271386369163431,0.0516035977473069,-0.0158733774592534,0.0483008729789821,-0.0305392541862763,0.0772713531359187,-0.0308222148176401,0.0320943727605875,0.0278918224458947,0.052594504606294,0.0271059044185459,0.0631844441004595,0.00832300408967294,0.0664504793789974,-0.0118911129497769,0.077045124725098,-0.016759064635915
0.0289315685225411,0.0327298782717569,0.0431233675470352,0.00897621340197895,0.0500536273337104,-0.0234467195410012,0.0440105961582251,-0.0300792554842278,0.0751388248012204,-0.0304643311857854,0.0247946254342492,0.0246923812309781,0.0504220096970346,0.0264315011459012,0.0582279284507784,0.00458461617905868,0.0488446377647329,-0.0129184717006195,0.0758352856493182,-0.0124440572425366
0.0323030156002373,0.0304369693601008,0.0606488696090544,0.0193485163685468,0.0325212561032533,-0.0104502461103225,0.0503622346917616,-0.027644980552279,0.0573011787604452,-0.0244150384002829,0.0206029470593051,0.0242648478651913,0.050139618326353,0.0275497714902804,0.0685826642681734,0.0132092718864327,0.0653028675058713,-0.0110532301995403,0.0658833811634035,-0.0125626894562822
0.0364614854238918,0.03097866147978,0.0411852818011336,0.0156761798182308,0.0572939860832189,-0.00467229350059524,0.0476814186029442,-0.0310506820292182,0.0615107708411469,-0.0201108174999694,0.0145065020345674,0.0165352028721001,0.0485400816290449,0.0346387371498675,0.0606055854654419,0.018683208834531,0.0632009320560439,-0.00665776877504843,0.0654581681186615,-0.0226182691373127
0.0414924817759441,0.0358759025707296,0.0587361867431147,0.00385791869399197,0.0700343855284189,-0.0338574809710743,0.0456382026189656,-0.0267776736969723,0.0662067249875887,-0.0118929839731711,0.0289959900557979,0.0161709869959903,0.0605021769509671,0.0238450217913777,0.0950515404012937,-0.00555864393684313,0.0688447016009816,0.00176441055278932,0.0673304181394022,-0.00456587925365982
0.0296088020088334,0.0312380115049831,0.0519186573039257,0.022372157275173,0.063435990535274,0.0135064612066701,0.0503922575968921,-0.0245493213782963,0.0606226823409157,-0.0234771284315411,0.0349423651779279,0.0343144123109752,0.0643973995519482,0.0239560006234418,0.0723394196287438,0.00939129048017368,0.0728277300661425,-0.00559121361517741,0.061081659808581,-0.0198840063796861
0.0226970568705421,0.0317633285964538,0.0465081626581592,0.0123135015962439,0.0524609532309934,-0.00928276309616196,0.0475926233728636,-0.0331462396382846,0.0622670684982922,-0.0234817132066349,0.0183086945359176,0.0215464168903565,0.0476391603879654,0.0280072406443158,0.0688698476267142,0.0144114139564184,0.053668812282608,-0.00488753318652812,0.0705175896288008,-0.00415296248739935
0.0277009186261767,0.0479476698180515,0.0467392691320103,0.0197421114855885,0.048129764813313,-0.0154011932402031,0.0466023930203703,-0.0265557794527179,0.0765180870816829,-0.0067833106223744,0.0113511076723986,0.0162231426835623,0.0475114357867323,0.0316095635870742,0.0612290005339463,0.00763034845097108,0.0499283160357621,-0.020092199554749,0.0715629859663641,-0.0187266981236146
0.0243367638385595,0.0152517168326546,0.0397344230830238,-0.0108643241013542,0.0468211497724505,-0.0271956447180501,0.0602451360202947,-0.0133921481325375,0.0630216735811863,0.0260155615605986,0.0309425106306605,0.022440289787241,0.0332889040742165,0.0101123366465735,0.0375424088480941,-0.00987175428051499,0.0472317542111658,-0.00912383891648345,0.0478469154513013,0.036650525387102
0.0273929784824688,0.0325642102774551,0.0476455513885675,-0.000606877125167435,0.0475976664817214,-0.0273877670084997,0.0499999689749074,-0.0231186786036476,0.088123818325388,-0.002686011226179,0.0214461692715264,0.0272430125033238,0.0585642645781169,0.0170329185546516,0.0512687934127717,-0.0129665339940417,0.046295160708537,-0.0173628698339123,0.0883806704972327,-0.00214192063997993
0.0330496527647467,0.011544979174948,0.0454462088811962,0.0409878799259574,0.0417209924542207,-0.00784230065811502,0.0518830620323065,-0.0293320514086231,0.0560365860648668,-0.017666802234434,0.0168030691253448,0.014846090603267,0.0457128055645926,0.0279799337758413,0.046189497535859,0.0215202466004664,0.0618694965928567,0.00330816616794704,0.0573566316560936,-0.0186950728229209
0.0272626430078998,0.0264022925354806,0.00788592787991761,0.0134281545456707,0.0290193331173197,0.0236462302592611,0.0479008717746481,-0.0190823356479516,0.046579995383416,-0.0306352241611633,0.0347752891259332,0.0319360622942064,0.0343355009777105,0.0289969972101383,0.0318119764489935,0.0308121881229093,0.0587585175900162,0.0205766940683424,0.068849885172897,-0.00286606252843488
0.0199402375059313,0.0165007400980138,0.0456078644552275,0.0223345190215024,0.0505318650876556,-0.00586503112882776,0.0549701694271414,-0.026326226016208,0.0657463450449043,-0.0200927189606652,0.0232304489182175,0.0176011178930679,0.0444421870622264,0.0327349874768595,0.0620217689849386,0.0169868366937763,0.06446959142702,-0.00293299692177171,0.0824261052032021,-0.00023219657099027
0.0293088994597402,0.0332817295062358,0.0457248452859164,0.00715173018321311,0.0503719907582768,-0.0185500554438364,0.0485764157615118,-0.0286343799228037,0.0652839311629316,-0.0194218237431863,0.027861837021558,0.0308452494518005,0.0565563910128156,0.026552230566116,0.0660429288973508,0.00361811472975762,0.058019550866035,-0.0102078944315794,0.0762214769810322,-0.0105938993192747
0.0171665251172499,-0.00407030302363088,0.0506073157704817,-0.0156670031467408,0.04488810053256,-0.0310265579472378,0.0521803867946911,-0.0285390102869606,0.0528192546494845,-0.0239535511135557,0.0126293191927741,0.0123396376028122,0.0345600697422219,0.0291979504712651,0.0575388559822915,0.0288095966823441,0.0806005262686396,0.0191876832243557,0.0963082880216118,0.0074871637601246
0.036669566317847,0.0247829773102707,0.0513386822966659,-0.00340864337932902,0.0489512500061426,-0.028021106383673,0.0485876028291766,-0.0269625480262318,0.0640599146517235,0.00347226973848502,0.04137978815934,0.0289501650620864,0.0593075692407903,0.0180233188539334,0.060431702265724,-0.00583701232718542,0.0628676483882133,-0.0148405129261427,0.0564897994238898,-0.0120050792758009
0.0428558851378206,0.0120115566591152,0.0532545858581438,0.0289047962544861,0.0558876314145462,0.0131919520307943,0.0461352666042828,-0.0273559365760259,0.0575396337052819,-0.0229218369556541,0.0445699496412308,0.0238110028726468,0.0656889130962154,0.0230437529765295,0.066404037777729,0.0279742312688665,0.0573211196232256,-0.0125422710790826,0.0672215073796175,-0.021471565030301
0.0299002876832493,0.0164664869386371,0.0510477883043437,0.0284813606538714,0.058827382762254,-0.00808224296398561,0.0441637916973419,-0.0307996948938235,0.0568640563795019,-0.0259574097421599,0.0357732845766594,0.0252861072261883,0.0575226627860307,0.0286857812739234,0.069744893779189,0.00562953969766495,0.050850775914761,-0.0158632654729189,0.0667959148121288,-0.0155940830042979
0.0391215241701627,0.0458355524975201,0.0347493815693638,-0.0153274755155889,0.0424359614530944,-0.0278126185194719,0.0503373177568362,-0.0280934963679257,0.0685316536610247,-0.0144747601745868,0.0197990447315152,0.0166678180580783,0.0437075671713929,0.0276459956826613,0.0593839256154731,0.0285079162850717,0.0846462917492777,0.0164258186494637,0.101045303882205,-0.000968559752745084
0.0356265166467361,0.0295102653485141,0.0503963469676273,0.0172360627525487,0.0580944849075286,0.0171990764600545,0.0494068888801001,-0.0255635473983199,0.0506538680249323,-0.028378966835417,0.0184924656386742,0.023919162540983,0.0482016480697312,0.0277677322513807,0.0690779498847441,0.0252782741050896,0.0712162455474369,0.00105034031950533,0.06241046721449,-0.0261787142528073
0.0350668646855416,0.0212544632171907,0.0442233586454798,0.0289803636861176,0.0482813560075962,0.0031628690385832,0.0478669866054666,-0.0260749211503682,0.0593009391588524,-0.0259233692621189,0.0417698989983591,0.0272512522524168,0.0582492822191064,0.0279851479325573,0.0567047879698384,0.0245179144764759,0.0553629074401852,-0.0103958510380265,0.0627931644205234,-0.0244767027055229
0.0166802777696349,0.0252810700984694,0.0461974037065446,0.0181981770110152,0.0485796662110736,-0.0165164508733633,0.0491425433095392,-0.0307051495873733,0.0575063561982566,-0.0195790974558129,0.0121333130533117,0.00945412505733682,0.0351631542292738,0.0280264253770075,0.0507949117808725,0.0291068300717881,0.0687428905153799,0.0250809351303988,0.0875368626785862,0.0127308462320546
0.0364118135986936,-0.00850149019852057,0.0487837090175669,-0.0258304214611004,0.0495902866110468,-0.0300341680556711,0.0620354188422091,-0.0235784322899644,0.0780905341569651,-0.0150760098249222,0.0109122776171854,0.00976576590346925,0.0411350606137331,0.0293872130088255,0.0559762995956343,0.0280947679192455,0.0787721869616217,0.0176585291860598,0.0971059747247969,0.00383975280934367
0.0296355780133004,0.0229569597765768,0.0478988384912305,0.015776846316507,0.0529360457697425,-0.00994192071157485,0.0455742406975337,-0.0282255840659621,0.057868978131933,-0.0212782041946957,0.0212292671133521,0.0195687718388537,0.0539846934429397,0.0275939545381127,0.0689664339435329,0.00823941827394452,0.0576808164716792,-0.00133407486319279,0.0604032066391999,-0.0170476564010492
0.045611761804303,0.0183430597928243,0.0464927927399697,0.0352352249966171,0.0617109867397925,-0.00225925051986837,0.0479633215998519,-0.0231998955012763,0.0537456381059473,-0.029907795381547,0.0277255979126429,0.01361704883185,0.050954950918826,0.0285914915459914,0.0667719302886394,0.0306072622610536,0.07085519285232,0.00466887345735461,0.0645539791953487,-0.0140728117511701
0.0343473841912234,0.0206625809744736,0.0486021403313663,-0.0118250712644651,0.0533286164393438,-0.0314160328663569,0.0463532226420394,-0.0351517573515627,0.0507747203299818,-0.0294744762246107,0.0422162005709857,0.0290316057917053,0.0592913661871274,0.010907802259281,0.0736576611312622,0.00547389702985961,0.0680160810457059,-0.0213992153164473,0.0557045392482437,-0.0210961401340325
0.0326369970917485,0.0305269942204641,0.052467883952734,0.0204215868811125,0.0520302558999116,-0.0100214902278611,0.051865367308396,-0.0259969129017873,0.0671240713610882,-0.0292831516977993,0.0355262642530532,0.0298444886472431,0.0577499999310989,0.0266112579005494,0.0626135067101888,0.00856029223875049,0.0665017861487041,-0.0146360424829365,0.0668284781745306,-0.0282228459988585
0.0395375469833465,0.0136390155886755,0.0448763918448247,0.00884720561338354,0.0306087448106797,0.00578213737237569,0.0441828420751381,-0.0305222568143426,0.0522132951738126,-0.0246235275943475,0.0431670499727505,0.0252278058862946,0.0421991314454686,0.0171516275930183,0.0380977980302024,0.0241005021784285,0.0433609779506844,-0.00591512553971277,0.0503141199914101,-0.0131529803054618
0.023949149219598,0.0104492838846157,0.0406499066069868,-0.0198748394619452,0.0504802981666088,-0.0277403306489876,0.0521202091224627,-0.0116850812334631,0.0549582747928018,0.0174908015400401,0.0244429990727445,0.0253500460349245,0.037174412216604,0.0124792081865227,0.0490206606995726,0.00716938443149507,0.0442484677431754,-0.00230320890063746,0.0484900398461283,0.0278233033306112
0.0358366686030792,0.0299592272348546,0.0510930200942596,0.00967616499798827,0.0444322171978256,-0.0330011291929582,0.0602446822524099,-0.0288341484249288,0.0723961240502814,-0.0306759710426171,0.0387795427986665,0.0294482399843489,0.0666939900298103,0.013549709202395,0.0557034259574578,-0.0319714413255676,0.0616890045915247,-0.0235899969194808,0.0757436844214681,-0.0185445235497473
0.0432777313188813,0.0385622737357679,0.0470793424438467,0.0288163264640798,0.0605887040570752,0.00518125171452075,0.0539522885094305,-0.0289958994255781,0.0644203575742198,-0.0182890160258851,0.0460298031324112,0.0331759386835989,0.0496444655009517,0.0355841463480446,0.0593405880372545,0.0138941127854877,0.0680953387278721,-0.015360800928617,0.0636381473922313,-0.0150339879661856
0.0139127286538295,-0.039857434481241,0.00509568607553074,0.00597477494901928,0.00739480726827085,-0.0154006062350306,0.0479878797242374,-0.0328282362082814,0.0673673130554718,-0.0178167001278762,0.0279080622583894,0.0476084898775414,0.0464970966514251,0.0359575400440052,0.0508822117176042,0.0285177130220439,0.0611872923854729,0.0152825555440834,0.0586272129210731,-0.0246785574538457
0.0348465314470541,0.0334273468721021,0.0506098325425589,0.0256045859677521,0.0548865108404116,-0.0157097976575327,0.0489318937515611,-0.0278365068546943,0.0664521557589494,-0.0320802438087406,0.0372040247012848,0.0309554112538921,0.0522730094603897,0.0285285398866435,0.0683026462569611,-0.00111243651752185,0.0535551507838399,-0.0168713306192967,0.0608076599080864,-0.0240689912096289
0.0362991458912008,0.0196287525302748,0.0504071261353031,0.029073077438842,0.0448266189565872,0.00715356422681932,0.0426901875097663,-0.0355972233175162,0.0670298501473062,-0.022399948449297,0.0414794177589188,0.0269390440003332,0.0517428527939911,0.0332518780313056,0.0494755355636166,0.0179147079348089,0.0481542313343691,-0.0278739996783529,0.0619489619205185,-0.0186853524740029
0.0405991411772687,0.0329571413841113,0.0353539465002075,-0.030577838423907,0.0507751188401734,-0.0271584229371777,0.0674722267882832,-0.0159896362488399,0.0741073205217396,-0.0407591915370048,0.0427125366005421,0.0326940642592923,0.051118540325952,0.0280683949914696,0.0535971799808363,0.0188339468625807,0.0643285618734444,-0.00145930000444278,0.097690712743496,-0.00148089154242159
0.0268726213982528,0.029161580394333,0.0471382104000812,0.020194718843023,0.0489404979054768,0.00670967139048496,0.0470421430482028,-0.02668355647143,0.0720578033634605,-0.0141573179063586,0.0180113101014983,0.0197174172796601,0.0405263411309114,0.0249686430512921,0.056817410024811,0.0255815580441739,0.059966946819459,-0.000335763174118479,0.0623653329325597,-0.016580955831253
0.0369632389441093,0.02371364803437,0.0504922244811449,-0.011158818668209,0.0507172789205978,-0.0280927433040826,0.0652325069541185,-0.0234142765442128,0.0702436909360669,0.000631084645119124,0.0386364242962371,0.0334614638961517,0.0495867080089921,0.0055450062755834,0.0592687634077235,-0.0196245823088044,0.0688981730247941,-0.0198597215849531,0.0712973308536275,-0.00428060651619737
0.0336844353243542,0.0245428007068519,0.0407285871916648,0.00971193883961861,0.0518059124274565,0.00233006751172258,0.0455110796445093,-0.0288998151528446,0.0656796087679627,-0.0290855460983793,0.0356040596816926,0.0306760121424474,0.0438267796403616,0.0287329262390051,0.0561279730201596,0.0131491821879062,0.0563174376918092,-0.0190573935345055,0.0660705052263532,-0.0197358971218563
0.0325758793812136,0.0210275788557108,0.0419737453180194,0.0349929890605855,0.0470090187113896,0.0192529360099178,0.0504874588440259,0.0150370128301719,0.0528789306476253,-0.0251275857040641,0.0404391969447745,0.0308243979496634,0.0477317122695678,0.0326140133101334,0.0517274873331915,0.0261208696537899,0.0559955773691546,0.0211019043084978,0.0674938422911722,-0.0183006076762057
0.0312849901443259,0.017575755414906,0.0365400962421009,-0.00345703308590529,0.032846502032354,-0.00561450948628678,0.0482489809012581,-0.0288509861837609,0.0610645163878624,-0.012025636460322,0.0424406386531749,0.0281382618293389,0.0360506497618324,0.0199344467807774,0.032239241279193,0.0165170528972011,0.0438516803391978,-0.0188363958805931,0.0508332543553991,-0.00992542190772243
0.0162398671936204,0.018291443339898,0.0430366121601831,0.00157031802009978,0.0471231195938834,-0.019463707964896,0.0521806845146466,-0.0300739850193999,0.0750007968870595,-0.0124676453783918,0.0262408042512592,0.0192779898121424,0.0493658339449145,0.0253285620904105,0.0406730349669661,0.00781555901310582,0.0597531637512647,-0.0135342419748125,0.0772428030448678,-0.0127891915065889
0.0370234525996746,0.0340311095641672,0.0502650964471621,0.00956815955098925,0.0618334196984514,-0.0124115798422922,0.0480589717543444,-0.0285379127932237,0.0556436484712297,-0.0144884693163851,0.047837244261779,0.0359410516847865,0.0579657705498848,0.0219804548982249,0.0690264313874058,-0.00345603718353878,0.0562941566937843,-0.0264126732616967,0.0630704495695329,-0.00639004662694433
0.0272027924514953,0.027804561323576,0.0440899111191517,0.0163124682589419,0.0498822294263023,-0.0169425463480568,0.0485636205166259,-0.031866799496559,0.0697909945004413,-0.031791585383848,0.0242523106424294,0.020298071178126,0.0489071330424498,0.0287599479276015,0.0585291372560243,0.00248579498842073,0.0587624731600304,-0.0267946618382073,0.0643690828002885,-0.0274852871925227
0.00380308811228722,0.00477219024107917,0.0243639828357505,-0.0183978872891077,0.0528387995222653,-0.0299842996802287,0.0481517438789242,-0.0319788579984445,0.0687510435251283,-0.01586693416971,0.0400306379012646,0.035244869857422,0.0518612251585242,0.0282933597581298,0.0569353637035715,0.0217963762339499,0.06678962881665,-0.00415209793043175,0.0843062380808675,-0.0133091969790109
0.0285202016535159,0.0257193112473038,0.0482068044871642,0.0198737557708593,0.0500871222862656,-0.010212735442709,0.0491579489381334,-0.0271705267550351,0.0624941329584572,-0.0328257041593383,0.0290225214111924,0.0298422212529994,0.050521799517094,0.0269998344900229,0.0517695445890161,0.00318807445737392,0.0593991682030675,-0.0185555429575383,0.0640737817820862,-0.0319409283819596
0.0315377451825527,-0.00590057514914169,0.0481131935979911,-0.0280032329570845,0.0744842322336558,-0.0221150477999085,0.0994750597500686,0.000208870247369331,0.0998081694804839,-0.000721894906170948,0.0313843564374744,0.0318250445430604,0.0521033737904743,0.0274552112395037,0.0506708495949039,0.0099331173218238,0.0506482876121227,0.00162854144950383,0.0573626967625555,-0.0070345425808083
0.0271234442070426,0.0273911137440694,0.0431713433267802,0.0121807399824004,0.0499257249361334,-0.0216498403723069,0.0481735439855502,-0.0295539558995369,0.0679343986625546,-0.0255983103332574,0.0278031257587559,0.0342005988034932,0.0509742650399991,0.0286053038046433,0.0514755362081257,0.00334579279800398,0.0551520283426165,-0.0268711255409524,0.074839820703526,-0.0258660352196689
0.0333884501582943,0.00350210426867197,0.0460941942133505,-0.022126648312995,0.0481830227370288,-0.0270052925767682,0.0613791172754528,-0.0271506778457982,0.063355219416447,0.00348602786523283,0.0284872788635881,0.0172589345040148,0.0486966415442728,0.0066210519567634,0.0450390936357081,0.00138305445588106,0.0563815347374819,-0.0188622006288072,0.0723689458753608,-0.00196277028057732
0.0304823513113365,0.0275549657754926,0.0490776030545228,0.0281359806778472,0.0479180385125807,-0.0203783555898709,0.0634397815681176,-0.0308847509131043,0.066794999100047,0.000299010969761565,0.0219381853485133,0.0263628294363361,0.0517359788486363,0.0279641965147008,0.0555318227832257,0.000816882782770647,0.0644483371721984,-0.0219616344703057,0.070486296126817,-0.0121482156386101
0.0227557154292041,0.0292008934117913,0.0482254320568289,0.0235333697238587,0.0485675707517421,-0.0265476368546377,0.0607032997357906,-0.0288979289944894,0.0744372040163183,0.000755022855515775,0.0142449863052303,0.0138738786793923,0.0430118098919131,0.027349287325915,0.0494928072097497,-0.00017054984640059,0.0579951635914556,-0.0286781469149233,0.0723604003295677,-0.00981969920357266
0.0254224259433139,0.0338394278307949,0.0446365621258447,0.0219842505609024,0.0522774916752107,-0.00954611174900466,0.0491753761239361,-0.0292965158372413,0.0761954261863553,-0.0363973543960029,0.0215449660497102,0.0222959702925012,0.0471673560793088,0.0320195828442605,0.0513021468985204,0.0132132855112502,0.0514873140516084,-0.0210865658398628,0.0702829129500851,-0.0342040680016911
0.0294047883995787,0.0245296602870578,0.0471088627879609,0.0148998441614446,0.0506999521506766,0.0249699697163797,0.0501016024584121,-0.0260083496759966,0.0633162515685006,-0.0359730596378681,0.0447347905186681,0.0254513354082633,0.0485175708721892,0.0266853681796984,0.0540995840451381,0.0186628327927383,0.0593788010903008,-0.026378685947821,0.0693697322203833,-0.0281756464480054
0.0315542661557395,0.0277743009981876,0.0493969919655103,0.025277291461908,0.0475428267620658,0.00338035840376993,0.0491248442838667,-0.0282293957394971,0.0744731719460412,-0.0365021664777017,0.0316987451169165,0.0313233274960477,0.0525218597886766,0.0252308658520774,0.0455898087303971,0.0150643204427468,0.0509474403161471,-0.0286518217920405,0.0696538460564553,-0.0378851734221688
0.0367168018887864,0.0448213730757748,0.0467425019703407,-0.0101322825139071,0.0497544711327181,-0.0333382774905747,0.048614578502279,-0.0247375976615897,0.055909624545947,-0.0243776589955791,0.0329862249381486,0.0408300352757305,0.0507966051863724,0.0142809307790195,0.0586731452889533,-0.032679682743777,0.0619124884666177,-0.0156614575930707,0.058807340273329,-0.0340646369883515
0.03459163703024,0.028002301641314,0.047205298733866,0.03357885090435,0.0489116659835035,-0.00920147183706893,0.0490444654839367,-0.0288397478941294,0.0654501101196976,-0.0222525688333004,0.0183072300259546,0.0131109408444479,0.0444310702199381,0.0363733288190972,0.0504239260125173,0.0210751231276251,0.05081831292134,-0.0287149774657386,0.0676851248289578,-0.0291904453612203
0.0277337706312576,0.0365256444679465,0.0453540481596444,0.0329551072947469,0.0508788144146488,-0.0154193898200684,0.05022516865919,-0.0311491191425948,0.0649475112785348,-0.0356654199635819,0.0321877637030178,0.0438914514148283,0.0482939232254677,0.032320853147526,0.0473274082672698,-0.0127510218058413,0.0538171397703996,-0.0353136089282259,0.0701134955909253,-0.0332502969159185
0.0362975107624686,0.032959581014458,0.0434930392307237,0.0294467084306223,0.049072849094198,-0.00888274398402372,0.0485090582560833,-0.0283875554202139,0.0649674921842206,-0.017262266177713,0.0167542477475974,0.0185193109146237,0.0430854619052936,0.0443815440968173,0.0505403020915047,0.0202901128059588,0.0507400531692216,-0.023224106977068,0.0684456276184885,-0.023957738174964
0.0173261383751099,0.0335447230529385,0.0399567308374291,0.0519419678656361,0.0479216466301041,-0.00241132123825212,0.0488316842904956,-0.0270104463887384,0.0667969808651206,-0.0290488893976312,0.0138778731292507,0.0262500637608666,0.0359181388714628,0.0494801046414139,0.0490540829591639,0.0214943165762569,0.0518993979043137,-0.0248707066922413,0.0670377238519007,-0.0309770092008257
0.0282521331030647,0.0160230080673573,0.042448110000895,0.0233904021004696,0.04880312199483,-0.00531327167922779,0.0486834682063932,-0.0286260169184959,0.061502764854894,-0.022422498952669,0.0311557284546855,0.0336091478369687,0.0474662121964913,0.0331478829759496,0.0459053541068297,-0.00549092593387026,0.0549137006618208,-0.0255297083125432,0.068461950550484,-0.0282832188693824
0.0418866931061538,-0.0142512563553649,0.0477662672392344,-0.0281505981817442,0.0491768923230077,-0.029386787530341,0.0528883595337349,-0.0156803648483849,0.0785356323612355,0.00389164939131431,0.0449307411358114,0.03841008179822,0.0504131364129023,0.0261748389279448,0.0512732916600664,0.010100425850157,0.0486744808760223,-0.013323264806887,0.0788028759575073,-0.0275769647092798
0.0414787518379112,0.0185697158525588,0.0428480663436611,0.0339647174874688,0.0491352866267947,0.0046587079887862,0.0491672744698651,-0.0295301732021545,0.0691092527044665,-0.0278643967182808,0.0258630430391877,0.02341555370933,0.0387133515929591,0.0290249613116799,0.0513717822759937,0.0375120517210298,0.049123054820161,-0.0186956580821651,0.06778884489971,-0.0366274551149968
0.0231154636406097,0.0417564274795923,0.0384224347633113,0.0284995608129833,0.050573042141602,-0.00426378115609201,0.04846793840307,-0.0288674991516683,0.0839302167065856,-0.0239615519473028,0.0148452171818182,0.0256848432377686,0.0409595786458709,0.0414237116213666,0.0531674439659394,0.00454694039079109,0.0554050529006838,-0.0350803970971697,0.0870674463880449,-0.0284400142429822
0.0309538392838153,0.00990140518028647,0.0490670120046352,0.0391270942430891,0.0479224406544812,-0.00889849492890037,0.0528275801782721,-0.0318152671635682,0.0820835490904597,-0.0304028913036419,0.0424912990760678,0.0376514774125021,0.0517713312451801,0.0355702811396558,0.0472318518922103,-0.0230521972626432,0.0620163140063459,-0.0365291984688675,0.0846673919287502,-0.0290054978356373
0.0343690717127778,0.0408278036854407,0.050505160216836,0.0466905686335534,0.0452240533990233,-0.00889788460436317,0.0495386705063457,-0.0335457404824119,0.0724312485321603,-0.0403484757052522,0.0241064318484691,0.0348321038582222,0.0479401022553962,0.0474829921629148,0.0454381565543627,0.0123130106370427,0.0538226477796485,-0.0339423951325598,0.0710447990049982,-0.0408429434420297
0.0382014685436109,0.0512247320143485,0.0367729587565575,-0.019711922644818,0.050133682803426,-0.0322231831959215,0.0646450264778707,-0.0282157014664987,0.0947434140259884,0.0156132606476147,0.0357297945218046,0.0423884078071576,0.0525193489602267,0.0332967365206459,0.0505223891377011,0.00548554580843175,0.0482879647329568,-0.0225117635018013,0.0850598161740933,-0.0296935104460471
0.0161046709006972,0.0300534010734967,0.0373247155911132,0.0537935056326152,0.0442855918826076,-0.00206233235189768,0.0473885446484877,-0.0300220296685805,0.0726919316298227,-0.0379814632574496,0.0149872848098813,0.0270346129441833,0.0431382497000411,0.0494600929212046,0.0492018527076194,0.0032645585034747,0.0538796310637555,-0.0398866578882663,0.0808522334345605,-0.0330283705191784
0.0193834104652348,0.0290029867960865,0.0402913291416746,0.00821714003065054,0.047556747304799,-0.0206589627087498,0.0515289027317601,-0.0345794003658654,0.0756295266769345,-0.0350055581803653,0.0113634923227342,0.0181615401030157,0.0406843885335227,0.0348170937052862,0.0497360743481925,0.00682691555736981,0.0520743236484293,-0.039006585730505,0.0772670918701517,-0.0358985251339014
0.0048727865164566,0.0156895116842486,0.0361594527912678,0.0446696605232323,0.0478490988211453,0.018371187618015,0.0473146704005063,-0.0309976775775132,0.0700784120800811,-0.0360345085984424,0.00230102186157397,0.00689707481295794,0.018643015191647,0.0299811999207706,0.0504962158536615,0.0387447900555226,0.0498040496879933,-0.00900747202677914,0.0798823091172628,-0.0341784750916587
0.0202542965430086,0.0343903188471435,0.0299638612821165,0.0412135509675296,0.051992345238861,0.0471494748068017,0.0461870705515485,-0.0208208634567243,0.0473170044151597,-0.0299522275485238,0.0274246418837516,0.0335410758666185,0.0421576067564911,0.0440739350328086,0.0535175645999782,0.0431720044513244,0.0510121155750028,-0.0125509418223909,0.0598197891530212,-0.0405443323105579
0.0352447159781432,0.028501617141012,0.0461910092257833,0.000593904502023492,0.0481407224135361,-0.0241216412994303,0.0507961910758359,-0.0335728409171808,0.074289704021569,-0.0363013777851663,0.0274340436509976,0.0381157261271555,0.0502756643799386,0.0231056014870308,0.0526503462520935,-0.0238576468583866,0.0581076939187277,-0.0420283838918966,0.0767691191762418,-0.0356937325221469
0.0121357616603352,0.0257575671793907,0.0332883072537483,0.03214230299511,0.0477354735681835,0.00591710728817615,0.0487059728066561,-0.0324528397743286,0.0802475243201101,-0.0241129240194962,0.013930564650263,0.0182495274356863,0.0298163856725789,0.0412944978070258,0.0514715077011524,0.0256533594956876,0.0568876058454734,-0.0343977575286284,0.0883084202908405,-0.0217730060017688
0.0449996177686949,0.0372072072142512,0.0512558111785697,0.040637726601053,0.0517829896618512,0.0386306731257368,0.0498782033566788,0.0352161458139205,0.0482242536523542,-0.0270768995080665,0.0469986369272176,0.0459648035502337,0.0501917174083689,0.0364723887171329,0.0516085666182868,0.0308657907958205,0.0503875556654966,0.0341794928415937,0.0563179864037433,-0.034451614039096
0.0266669891370599,0.0467955836438503,0.0408642411713442,0.0449315138928162,0.0487088585102321,-0.00118674856675272,0.0474319676860218,-0.0262627691221148,0.0744035279288454,-0.0358326046593312,0.0298990546011538,0.0488270702442912,0.0449399086822664,0.0463004013023546,0.0497009593791006,-0.00960469414760763,0.0574598508513948,-0.0354159999683879,0.0881425258457612,-0.0260934689935752
0.0288912273101648,-0.00195559888935708,0.0419667852835733,-0.0220805479380779,0.04435653777403,-0.0271315498128239,0.0524410103797891,-0.0298733944555809,0.0834945378984339,-0.02522409899783,0.00661039680755263,0.0126554604129366,0.0236655772689438,0.0149281175556212,0.0315056352397418,-0.0052348215001976,0.0307774605330355,-0.0100116314266,0.0592935869438276,-0.0309737722838771
0.0110958402295365,0.0219340940647515,0.0452842932220689,0.0436100572296765,0.0372164755030337,-0.00253968577688175,0.0493987599187811,-0.0330753570640491,0.0720442198679607,-0.0421413811297563,0.0169953038780532,0.0289504429473565,0.0531860139696397,0.0421349337005826,0.0424350122401989,0.00948039920233088,0.0508051439325673,-0.0360458224241629,0.073833462579743,-0.0402095182185841
0.0201195018110744,0.0294397553907965,0.0536825793191018,0.025489670823004,0.0459412692172943,-0.0167070216601112,0.0627084918296976,-0.0429659056023901,0.0939399830646834,0.000356004809762755,0.0117109507940174,0.0204983382825774,0.0488838662923853,0.0436654403863758,0.0452752012841156,0.00634716518562634,0.0580737495749806,-0.0396388651490195,0.0886079130448083,-0.0115058580142217
0.0300628433382607,0.034516483250431,0.0446524543052072,-0.00959525358075806,0.0507168260471828,-0.0260899639827602,0.0447483305924861,-0.0345836332481748,0.0808658697893808,-0.017573106069762,0.0357252857136833,0.0408230781003995,0.0526563616116564,0.0352582796718116,0.0542390376109798,0.00970876945765082,0.0471786037529293,-0.0250557413926169,0.0706442512275293,-0.0420470726976967
0.0445009740283789,0.038819494851676,0.0429851901431018,-0.00983637636090087,0.0483758810722068,-0.0277242939582693,0.0504297237297725,-0.0358878196117883,0.0722864479768189,-0.0302019153128221,0.0283927244028011,0.0382715450366982,0.0526317746094625,0.0345962836437154,0.0528025612889014,0.00182311949890119,0.0633687736400579,-0.0351685627519505,0.0978704042836899,-0.00199423036145249
0.0240241321958858,0.0379476415363951,0.045421275458073,0.0196706459772687,0.051765482462968,-0.0183532837895404,0.0499804221087118,-0.0319458468291233,0.078423768919595,-0.0344297319613438,0.0165261459284837,0.0308850029501478,0.0488509263521893,0.03730556415553,0.0526665096786594,-0.0117230695155981,0.0582715595905986,-0.0355811602556638,0.0849344637788108,-0.0283408494094182
0.0293143318987316,-0.00183992355388643,0.0450100567862448,-0.0256605292312732,0.0498106461932988,-0.0271008079274273,0.0501529423532762,-0.0284369348248438,0.0559753658552192,-0.00454942399915775,0.0301231362542074,0.0198469120763022,0.0230772108024656,0.0133123196281823,0.0356809520803865,0.0287433691426582,0.0524268697189479,0.0161798609608819,0.0567767044679833,-0.0171296130858777
0.0234610148447036,0.0345559256546565,0.0531091975526796,0.0333293525967065,0.0539492188578918,-0.0219078339031667,0.0470399379121216,-0.0335253055070841,0.0752787405816688,-0.0313384543035973,0.0190269844943378,0.0232363023794358,0.0396302991229334,0.0448937488539052,0.0537077146676699,0.0192429098463897,0.0491380896955513,-0.0314070508687394,0.0738531046989259,-0.0333203620803845
0.0344726543094791,-0.00462638896596653,0.0413552149819102,-0.0293872062665591,0.0467275370509576,-0.0289381039989656,0.0601134111775249,-0.0302427888382073,0.102123806342033,-0.00396464850075558,0.0258287677551793,0.0278138282354464,0.0455650075203598,0.030992441648441,0.0516779429468931,0.0213407304434152,0.0497755336772554,-0.0145961969669945,0.0694222814754197,-0.0294685855704443
0.0250086686680671,0.010718783745435,0.0393306287620826,0.0506363176069524,0.0514160103497922,0.00209676911796271,0.0479692200735148,-0.030202107453605,0.0625469827202253,-0.0262444346452039,0.0302133951427858,0.0292323948925019,0.0474855224243784,0.0389385825338172,0.0491740566575529,-0.00322796989405691,0.0570657352293112,-0.0379243640076486,0.0791204374552327,-0.025338261536282
0.0249293658623445,0.0125363193942491,0.0496200568063734,0.0208019573726278,0.0451333907620337,-0.0318787130223855,0.0495317362889321,-0.031188889221386,0.0767692453435073,-0.00941387831809809,0.0181084032948633,0.0207469542168473,0.0481021707332697,0.0414249607288817,0.0461159417129931,-0.0252712890399848,0.0576887591134736,-0.0371728324062743,0.0660645977030531,-0.0319386448950939
0.0311566092707103,0.0416551076064936,0.0428407888966645,0.0148887669591502,0.0484464276928843,-0.0164987637426457,0.0488077460522261,-0.0318882279223094,0.0663084133400428,-0.0419349006930384,0.0252367998432182,0.0436149558197674,0.0465009247189115,0.0292481364865528,0.047195496662591,-0.00828578159527444,0.0512981890748387,-0.0348150346730047,0.0702765251330032,-0.0403986321533178
0.0274701031216381,0.0425962959784816,0.0434103841466155,0.0241162702154883,0.0508704389499327,-0.0135816842169325,0.0508127747354232,-0.038211146799025,0.0837258715455525,-0.0136006527626662,0.0149122357543009,0.0223401907691781,0.0397905733659078,0.047576187820307,0.0466988547071612,0.0232196164442993,0.0513377554652449,-0.0372968706914292,0.0811695160556118,-0.0295331131827059
0.0219798304478023,0.0321035288369623,0.0452960831390616,0.0304173012050144,0.0489754152985164,-0.00625237966265758,0.0467442799430323,-0.0357902487364341,0.0784140272755072,-0.0217070653559428,0.0149900515839385,0.0204794265924121,0.0454729340558105,0.0422752177734828,0.050745189291898,0.00391798996289699,0.0483514914945042,-0.0359661851273392,0.0817595526913263,-0.0215279490539703
0.0322642154800759,0.0396548055601999,0.0483137142731617,0.0103526624578225,0.0482046273174558,-0.0188764452914215,0.0499240751672797,-0.0306609753200189,0.0636990554208151,-0.0450138375256775,0.0296050979480346,0.0433823688024837,0.0533884612194575,0.0315631699394314,0.0534786730031371,0.00214203074620191,0.049366392405427,-0.0423800549001108,0.0960683219624364,-0.0187220335496108
0.0192505642120321,0.0302380840474729,0.0479599131233181,0.0393643568730684,0.0494902336340782,0.00215543310074016,0.0465907451255091,-0.0387045756631881,0.0755246910706739,-0.033716498853169,0.0165083256544748,0.0275783054357921,0.0507348710411471,0.0362676158182135,0.050741957403558,0.00104063445705086,0.0489215079839734,-0.0435735869698542,0.0875605805246366,-0.02603930159623
0.0142499090182476,0.020901238164332,0.042548035431955,0.035040752184537,0.0479553384283894,0.0309872376273731,0.0482799056433156,-0.0207362740555903,0.0702831921244779,-0.0395823311209439,0.0135350067566813,0.0293189688832408,0.0486381512833239,0.0414814948505858,0.0509915124544606,0.0321568076808864,0.0496287691039881,-0.0212393390813005,0.0748869284972156,-0.0370697325975732
0.0263366002986592,0.0339786078809895,0.0445176178341696,0.0252151572462515,0.0500402912362903,-0.00836044046635881,0.046407081981592,-0.0316377404406215,0.0744178673318792,-0.0356514350710868,0.0207584317764215,0.0244068650509495,0.0487002184293397,0.0393542387345162,0.051173846954099,0.00574333764999538,0.047216383117502,-0.0303003549884558,0.0770342298751416,-0.0359201961251546
0.0133089862136068,0.0223917721996639,0.0359565625184711,0.0220502250837325,0.0538464749150969,0.00110343354662542,0.0505537810501574,-0.0269581212660452,0.065717795648188,-0.043745994443659,0.0141064938436707,0.0191431911389757,0.0317212995082786,0.0319223141122529,0.0556272310268379,0.0276244382714566,0.0557811751283916,-0.0238835028307083,0.0672229022271033,-0.0430551822921823
0.0184364971026181,0.0194114432597456,0.0456435834007308,0.0382506203134783,0.0521266615040517,0.000166828902470233,0.0525675775923689,-0.0361640818763113,0.0744504879645422,-0.0316207622148062,0.0175077357457278,0.0210764959694963,0.0466573315165695,0.0372671461938611,0.0512512836720885,0.0110286487529571,0.0467986266203203,-0.0376678378333557,0.0783294723704396,-0.033299720829711
0.0161935452751819,0.0152415561775566,0.043873343415403,0.0421506154328608,0.0484548829717935,-0.0012780162453302,0.0509043263305246,-0.039293220340855,0.0823587646593726,-0.017914168228771,0.0182735169251478,0.0204253143639849,0.0435580174929772,0.0405771273397669,0.0491543993766202,0.00715627021753916,0.0517427840148148,-0.0415966391195084,0.0842393522628706,-0.0211259085008266
0.0225495418756585,0.0332577103195417,0.0365844559459681,0.0158373050881371,0.049119706929469,-0.0119568597950496,0.0499686391535739,-0.045111598313086,0.079727558472875,-0.0292444832442333,0.0130362238783639,0.014642839195543,0.0325366232969705,0.034161077878149,0.0526002446739615,0.0208473442607187,0.0502612844476432,-0.0353093091420534,0.0750672285786279,-0.0364672437571427
0.0261264926572387,0.0380124879852095,0.0410984889935937,0.0243671827970923,0.0488871685933419,-0.00834895078718599,0.0493533027707216,-0.0354394347920731,0.0709249604471169,-0.0366719418589313,0.0105590378830261,0.0102422935940271,0.0391599950397905,0.0412042725634963,0.0500872793050622,0.0165001393071202,0.0498143375985588,-0.0390125142503607,0.0750773061796578,-0.0382383579007166
0.0431638277050031,0.00146891225063508,0.0480187330625762,-0.0097557770952707,0.0451417586210109,0.0277864078949823,0.0539181317113137,-0.00546870782234613,0.0604151381477295,-0.0415994433724588,0.0444973569829011,0.0252983876664766,0.0450179100184014,0.0234517532112281,0.05060140873667,0.0303526012606546,0.0527141710494607,-0.0101323267514515,0.0689377600625487,-0.042672308978736
0.0203122318267685,0.032538420714069,0.0393188023603551,0.0272989743737325,0.0475334663664528,-0.0131490374272168,0.0529593163009352,-0.0445041556807717,0.0685550457071185,-0.0297421422667376,0.0455060522434482,0.04248694952966,0.0511336309985364,0.0250673962043024,0.0453350314834193,-0.0285719889162691,0.0845805931897084,-0.0276364392564989,0.0986333868282715,-0.00212678618790878
0.0232334499538977,0.0367832442635481,0.0452969478317414,0.0407392041281135,0.0536099403668207,0.00801699438386977,0.0462636765450067,-0.0340378621992033,0.0650504741229101,-0.0446403533896431,0.0206260122292643,0.0340300512688821,0.0465214341852281,0.0461241509084788,0.0515590977546808,0.0220578984976204,0.0450207741305908,-0.0295308602698949,0.0734882417985942,-0.0366006811124825
0.0253011568226089,0.0408450211800978,0.0432948315132248,0.0228376401761838,0.0496077029866515,-0.0118014742802316,0.0502433194045622,-0.0374671408801773,0.0753239221408001,-0.0347906325292079,0.017360341063384,0.0257018899230061,0.048443152184995,0.0412973014307979,0.0522638385842613,0.0050470295010022,0.0501107825682877,-0.0361476918089586,0.0762532380754249,-0.0303317168425298
0.0180653648867998,0.0321518842937884,0.03690413011168,0.0202054809716833,0.0508195026918929,-0.0108166343601363,0.0484868749138828,-0.0403613563956788,0.0693465239421698,-0.0400924215030478,0.0224831800316213,0.0313887631922485,0.0457731945444516,0.0356652090193205,0.0518813552736212,-0.000673901270897614,0.0482518203343778,-0.0407328511117873,0.0760543472830795,-0.0335190878129301
0.0152718660524172,0.0282354596013193,0.0384629888609076,0.0415348077164314,0.0473631193569958,0.0177290278781466,0.0448453730883754,-0.0271486834038175,0.0695070147703019,-0.0410471689696,0.0157860172968351,0.0243676105229698,0.0431317525104903,0.0438360409334881,0.0505414817121604,0.0254524225992167,0.0458199119991658,-0.0248860042754331,0.0704643167285219,-0.0416363145626487
0.0153287098009986,0.0275768076437563,0.0467968125337742,0.0259363443353914,0.0511049241200225,-0.0201604947905713,0.0483419623168197,-0.0387344297458971,0.0791077369252477,-0.0278910055916707,0.029749226577147,0.0357477184249691,0.0517197539312445,0.0347552702722229,0.0501910846429434,-0.00995976267680798,0.0532871196078322,-0.0446804620944165,0.0849110642185766,-0.023963093988614
0.0048727865164566,0.0156895116842486,0.0361594527912678,0.0446696605232323,0.0478490988211453,0.018371187618015,0.0473146704005063,-0.0309976775775132,0.0700784120800811,-0.0360345085984424,0.00230102186157397,0.00689707481295794,0.018643015191647,0.0299811999207706,0.0504962158536615,0.0387447900555226,0.0498040496879933,-0.00900747202677914,0.0798823091172628,-0.0341784750916587
0.0202542965430086,0.0343903188471435,0.0299638612821165,0.0412135509675296,0.051992345238861,0.0471494748068017,0.0461870705515485,-0.0208208634567243,0.0473170044151597,-0.0299522275485238,0.0274246418837516,0.0335410758666185,0.0421576067564911,0.0440739350328086,0.0535175645999782,0.0431720044513244,0.0510121155750028,-0.0125509418223909,0.0598197891530212,-0.0405443323105579
0.0352447159781432,0.028501617141012,0.0461910092257833,0.000593904502023492,0.0481407224135361,-0.0241216412994303,0.0507961910758359,-0.0335728409171808,0.074289704021569,-0.0363013777851663,0.0274340436509976,0.0381157261271555,0.0502756643799386,0.0231056014870308,0.0526503462520935,-0.0238576468583866,0.0581076939187277,-0.0420283838918966,0.0767691191762418,-0.0356937325221469
0.0121357616603352,0.0257575671793907,0.0332883072537483,0.03214230299511,0.0477354735681835,0.00591710728817615,0.0487059728066561,-0.0324528397743286,0.0802475243201101,-0.0241129240194962,0.013930564650263,0.0182495274356863,0.0298163856725789,0.0412944978070258,0.0514715077011524,0.0256533594956876,0.0568876058454734,-0.0343977575286284,0.0883084202908405,-0.0217730060017688
0.0449996177686949,0.0372072072142512,0.0512558111785697,0.040637726601053,0.0517829896618512,0.0386306731257368,0.0498782033566788,0.0352161458139205,0.0482242536523542,-0.0270768995080665,0.0469986369272176,0.0459648035502337,0.0501917174083689,0.0364723887171329,0.0516085666182868,0.0308657907958205,0.0503875556654966,0.0341794928415937,0.0563179864037433,-0.034451614039096
0.0266669891370599,0.0467955836438503,0.0408642411713442,0.0449315138928162,0.0487088585102321,-0.00118674856675272,0.0474319676860218,-0.0262627691221148,0.0744035279288454,-0.0358326046593312,0.0298990546011538,0.0488270702442912,0.0449399086822664,0.0463004013023546,0.0497009593791006,-0.00960469414760763,0.0574598508513948,-0.0354159999683879,0.0881425258457612,-0.0260934689935752
0.0288912273101648,-0.00195559888935708,0.0419667852835733,-0.0220805479380779,0.04435653777403,-0.0271315498128239,0.0524410103797891,-0.0298733944555809,0.0834945378984339,-0.02522409899783,0.00661039680755263,0.0126554604129366,0.0236655772689438,0.0149281175556212,0.0315056352397418,-0.0052348215001976,0.0307774605330355,-0.0100116314266,0.0592935869438276,-0.0309737722838771
0.0110958402295365,0.0219340940647515,0.0452842932220689,0.0436100572296765,0.0372164755030337,-0.00253968577688175,0.0493987599187811,-0.0330753570640491,0.0720442198679607,-0.0421413811297563,0.0169953038780532,0.0289504429473565,0.0531860139696397,0.0421349337005826,0.0424350122401989,0.00948039920233088,0.0508051439325673,-0.0360458224241629,0.073833462579743,-0.0402095182185841
0.0201195018110744,0.0294397553907965,0.0536825793191018,0.025489670823004,0.0459412692172943,-0.0167070216601112,0.0627084918296976,-0.0429659056023901,0.0939399830646834,0.000356004809762755,0.0117109507940174,0.0204983382825774,0.0488838662923853,0.0436654403863758,0.0452752012841156,0.00634716518562634,0.0580737495749806,-0.0396388651490195,0.0886079130448083,-0.0115058580142217
0.0300628433382607,0.034516483250431,0.0446524543052072,-0.00959525358075806,0.0507168260471828,-0.0260899639827602,0.0447483305924861,-0.0345836332481748,0.0808658697893808,-0.017573106069762,0.0357252857136833,0.0408230781003995,0.0526563616116564,0.0352582796718116,0.0542390376109798,0.00970876945765082,0.0471786037529293,-0.0250557413926169,0.0706442512275293,-0.0420470726976967
0.0445009740283789,0.038819494851676,0.0429851901431018,-0.00983637636090087,0.0483758810722068,-0.0277242939582693,0.0504297237297725,-0.0358878196117883,0.0722864479768189,-0.0302019153128221,0.0283927244028011,0.0382715450366982,0.0526317746094625,0.0345962836437154,0.0528025612889014,0.00182311949890119,0.0633687736400579,-0.0351685627519505,0.0978704042836899,-0.00199423036145249
0.0240241321958858,0.0379476415363951,0.045421275458073,0.0196706459772687,0.051765482462968,-0.0183532837895404,0.0499804221087118,-0.0319458468291233,0.078423768919595,-0.0344297319613438,0.0165261459284837,0.0308850029501478,0.0488509263521893,0.03730556415553,0.0526665096786594,-0.0117230695155981,0.0582715595905986,-0.0355811602556638,0.0849344637788108,-0.0283408494094182
0.0243410340230304,0.0393167589093819,0.0444165925538549,0.053526023317117,0.0520126016607693,0.00381396915781434,0.0497580639050816,-0.0267002570319452,0.0642735393482541,-0.0447203113570127,0.0105895665388109,0.0173712204368055,0.0420249101227668,0.0479481848362959,0.0515913310097824,0.0246576905675157,0.048410728265566,-0.0315681220551804,0.0674119712942463,-0.0408210916336418
0.0176189262476859,0.0319104472586808,0.0397202973157112,0.0250991134932548,0.0480183134528901,-0.00996165397418508,0.0482903634768485,-0.0370049960184599,0.0762010816750286,-0.0303141335046453,0.0251906772995741,0.0289779868716434,0.0474479452528207,0.0331339101811569,0.0492139172141689,-0.00726755452802277,0.049707742821635,-0.045038218486461,0.0792612454490971,-0.0252607850005783
0.0195827779927431,0.0263289644724388,0.0448225935546074,0.0471675768145786,0.0492679947716362,0.0080060470927714,0.0470983658541536,-0.0207657081828051,0.0635114822845939,-0.0472696075980399,0.0230547900626476,0.0339034920415101,0.0503838509430641,0.0440017691450135,0.0497604144961708,0.00942473518522502,0.0490003956844776,-0.0260035127367869,0.066896532126435,-0.0423583345866559
0.026950013383331,0.0318183022366349,0.0444854651231419,0.00529508024801461,0.0549298451329374,-0.0423445646280763,0.0875780170120016,-0.0141137480284387,0.100869499175567,-0.00548360600902431,0.0255721467056981,0.0314830107549949,0.0485378564841747,0.0222322014766628,0.0532442403066763,-0.0375595329448794,0.0783569081650713,-0.031383203730847,0.0981066187193804,-2.78374044181772e-05
0.024652839052542,0.0249776260990404,0.0448923321902392,0.00890794964133878,0.048727373670355,-0.0214912189068338,0.0575249601325745,-0.0469714807032297,0.0991777940118974,0.00608513764249714,0.0302306459614926,0.0345283639069877,0.0540790910421565,0.0368416766146618,0.0512137938338731,0.0117799963914464,0.0452698355233666,-0.0440115968041319,0.0885775248320274,-0.0243669603360092
0.0213683865149836,0.0333865881403627,0.0389080848196052,0.010761796192701,0.0445066227302027,-0.0246667236493884,0.058864427877968,-0.0434992017157726,0.0921412183806494,-0.0142257841733125,0.0167579942542409,0.0138897032045584,0.0418956240852091,0.0380601061024154,0.0489819661426247,0.00169624690709067,0.0541068340843207,-0.0451406518932635,0.0807012458865851,-0.0254001871708997
0.0262124382070636,0.0398286836568574,0.0542622433891465,0.0292115450968689,0.0579907121223005,0.00122956549202472,0.0477952920268605,-0.0290207948044638,0.0672115021746838,-0.0413062559928327,0.0198199310609088,0.0296464841782786,0.052168705674596,0.0449858648048216,0.0552198664063891,0.015898280297788,0.0480264862415463,-0.0301540967056609,0.067013421577634,-0.0432158244015412
0.0199910699450911,0.0313890729106472,0.0461202475373692,0.0260906606947836,0.0518536318279115,-0.00577781451968254,0.0500945713974507,-0.0343723058898505,0.0692454086399812,-0.0399308321002504,0.0150911071777136,0.0228386235710854,0.0445567177903163,0.040860859177316,0.0497051902955852,-3.24499117691898e-05,0.0489240248062058,-0.0410964701286868,0.0752625035921651,-0.0334669315757458
0.0314398721406049,0.035839807221985,0.0511330621269987,0.0276186626756032,0.0538082797822157,-0.0034558962685761,0.048346851201468,-0.0307397057606824,0.0715823439573686,-0.0376396949903593,0.0230843386788704,0.0297998717902607,0.0318293766787561,0.0371068856948056,0.0518422595370742,0.024037284172821,0.049922302018307,-0.0218561700758674,0.0658809837161021,-0.0434587460067748
0.024826525403848,0.0364764152372991,0.0483689070169534,0.0105981032518999,0.049128768454418,-0.0109125076541549,0.0522801712293827,-0.0388187848138305,0.0811364131215988,-0.00674733040353189,0.0200023017663574,0.0306660694598284,0.0484371724262163,0.0414182548332373,0.0516774798221668,0.0146645533316381,0.0465180429316276,-0.0366079942170851,0.0806409472035023,-0.0276335852013092
0.00525055846060543,0.0148014143546504,0.0383791574991358,0.040373552844046,0.056585746091167,0.0126341127546031,0.0493783250166273,-0.0234132578663854,0.0638364682523125,-0.045993003003146,0.0139570494739086,0.0201423205176798,0.0347473243600109,0.0391782972337103,0.0554840893473602,0.0220302904763928,0.0491420395278815,-0.0272821122956735,0.0682643915116948,-0.0414071497629902
0.0262880852183159,0.0433317577251649,0.0529569676927455,0.0387391782278603,0.0525860871443049,0.00281358102460662,0.0463788676864521,-0.0419462988337398,0.0713694610730931,-0.028697008873453,0.0359535207959806,0.0419194417387168,0.0503850220878525,0.0332422765854108,0.0481020539765305,-0.0036017329513259,0.0526109799792785,-0.0469689145440819,0.081510638197924,-0.0288255130507026
0.0137207731488696,0.023396648879742,0.0420194256728315,-0.00388379818130193,0.0459530235543066,-0.0212214423031755,0.050436359042621,-0.0287305646292051,0.0582231489947189,-0.0470271938676545,0.0331515707813762,0.0390600943555486,0.0494424727656608,0.0265396192821404,0.0507464328224317,0.0280536317473395,0.0481411687504274,-0.00996177611454322,0.0598458643713164,-0.0460039796419618
0.0311546697522227,0.0388476343207273,0.0472832015120378,-0.00516150880585531,0.0512309159317816,-0.0236123759816229,0.0495594150987393,-0.0335672727040333,0.0657748813424261,-0.0449536969818108,0.0265348982462435,0.0334679345118334,0.0490532677190687,0.0339510848256698,0.0508614146307566,0.0119583170115093,0.0430647774974476,-0.0302249532035145,0.0856455052596644,-0.0309003588201569
0.0247330655788133,0.0325701772385729,0.0392277955794561,-0.00813524762778953,0.049126323867981,-0.0278549976490816,0.0678121168272336,-0.0434084426897218,0.0984145463538152,0.00673524418922528,0.0370751218128492,0.0406103784266429,0.0525907649428327,0.0299104959108943,0.0492853772064287,-0.00862424370668164,0.0602253204198489,-0.0451623224506723,0.0883581687163346,0.00128305199163552
0.0270792102470952,0.0255486544279788,0.0380276987636652,-0.0148346996977104,0.0470185404588782,-0.0269017712209223,0.0690502084640764,-0.031239005952958,0.094970161072009,0.000818096247930602,0.0233626837099517,0.0360396048136929,0.0460549961233636,0.0378408491933684,0.0535797240777006,0.00375560799946554,0.0520061745287326,-0.0463956332713426,0.0945196096398387,-0.0170477612815004
0.0243404805608877,0.00144127932521174,0.0398672470734252,-0.0247328635447636,0.0541056615463632,-0.0322018083668702,0.0812553850942712,-0.00458442570198338,0.0986982990582411,0.00198458489225024,0.0290323135699092,0.0389869198755559,0.0532405433844331,0.0340520087314241,0.0499362030581181,1.2123657015891e-05,0.0519813087872612,-0.046015340020685,0.0921847739241082,-0.0159616621947427
0.0188984357873934,-0.00759907250411373,0.0313046553518058,-0.022391028827867,0.0426952214004368,-0.0268718637348582,0.0492042732115235,-0.0314358385674524,0.0753955060521606,-0.0253335886037972,0.0251007681236922,0.0364124412571021,0.0478685206813813,0.0350858729096278,0.0515917213906802,0.00270471784525548,0.0474034786961097,-0.0426704771082967,0.0716817306927705,-0.0395530309011926
0.0186860366503416,-0.000464784180467464,0.032608347324529,-0.0225674352679973,0.0448073086378631,-0.0307489757636688,0.0526645510028242,-0.0314892123925007,0.0877955930446806,-0.0254262139537053,0.0246246440157397,0.0358896717180794,0.050874586176974,0.0307540605101482,0.0517726137398754,0.00530674704370424,0.0517031574630309,-0.0388420727380402,0.0967137020588268,-0.0185823357677751
0.0204059846017858,-0.00545499774827556,0.0385501261718052,-0.0229805200542882,0.0482065762683788,-0.0286659149844451,0.062206784195836,-0.0339700635107068,0.0918683096680836,-0.00279681853596798,0.0254400442609384,0.0300485070128347,0.0479727749378202,0.0345944869273339,0.053498188324834,0.00545560724866097,0.0507282357336717,-0.0466418468860671,0.0797434846991114,-0.0228084166915945
0.0144930466731632,0.0071974044949963,0.0350194995272684,0.00342062813399345,0.0459782713183529,-0.0261615409404063,0.0486266294355956,-0.039620168678171,0.0704415619791108,-0.0380534543307127,0.0200358709776916,0.0309164119945563,0.0473004597055738,0.035104446808377,0.0522829265860154,-0.0044087110765941,0.0545475934787794,-0.0452126689295466,0.0901900748979975,-0.0251899247479693
0.0364023709320591,0.0294760238062239,0.0442773833337478,-0.0112013451913142,0.0500734142984227,-0.0222456346246669,0.0493005654626493,-0.0339858975659685,0.0683842875303711,-0.0388685102207496,0.0288223818751732,0.0410244581327701,0.051762805442569,0.0298849402522009,0.0486402829057067,-0.0148980944842716,0.0539802465598264,-0.0467759579383648,0.0895258188383026,-0.0244242042985567
0.0359684954018163,0.0289833517917982,0.0454017733804897,-0.0121437730836516,0.0488893943202936,-0.026127087123093,0.0513278553259556,-0.041977729243751,0.0928479293235396,-0.01175001856765,0.01627174886565,0.0272099066164177,0.0491375402241308,0.034177072241244,0.0509089452659855,0.00241141751808259,0.0490500367169148,-0.0456861502093653,0.0894113780863838,-0.0212340193753773
0.027737378200631,0.027821146534282,0.0447449844072831,-0.0111191083082312,0.0463728740613359,-0.0225964746056195,0.0516204373860957,-0.0359260127483212,0.0716536001207029,-0.0397144860706936,0.0208041480024143,0.0369162270595725,0.0448964601673515,0.0404691087379929,0.0536031872424915,0.00280359098402823,0.0532020926512364,-0.0421339653334415,0.0835663543761163,-0.0302357938682765
0.0180192905462903,0.00664108567090103,0.0441377277957757,-0.0117248814258278,0.0475172425081656,-0.0257584161584179,0.0532067429265757,-0.0357268145208662,0.0733385424529235,-0.0355781737285513,0.0235206196011612,0.0397530156166135,0.0478544350066105,0.030664394881167,0.0524026103184556,0.00329195953483796,0.0431010806482659,-0.0305971593876351,0.0739332265970769,-0.039620473728785
0.0456216798319867,0.0293950317381416,0.05140092256879,-0.0163205808566771,0.0511946704926332,-0.0258042720311632,0.0468357304153982,-0.032570981918267,0.0640001940938714,-0.0443219090747112,0.0226886989424457,0.0374003874875706,0.0527388114395513,0.0268850091862496,0.0468141873993434,-0.0149438871863346,0.0781307334066677,-0.0368996929815893,0.094180048412323,-0.00034383278272624
0.0155969192174243,0.0253495227657912,0.0375497493802727,0.000726983848429975,0.0479021967132596,-0.0227558293452832,0.0490735363773635,-0.029177783339517,0.0703721203988171,-0.036205159138664,0.0255648110643317,0.0346817208011002,0.0531413647617813,0.0249741814487884,0.0453660627903616,-0.0243062161283164,0.0800316737594412,-0.0328669620582145,0.0958793848321808,-0.000529472248867365
0.032780700792519,0.0325823797096927,0.0410536838704793,-0.00602747825732877,0.0488679400077984,-0.0252127277026865,0.0489331574950076,-0.0292107977967926,0.0553417978740742,-0.0322461525234647,0.030555006250919,0.0405749944764349,0.0520437740918805,0.0289537108890453,0.0546718715579121,0.00886192791863983,0.0481956609925742,-0.0296225201078867,0.0904282413266213,-0.0237807318325181
0.0211301772159232,0.0112584655409736,0.0464412421631756,0.000101985981597414,0.0485175350819397,-0.0178246813544566,0.0500353745266347,-0.0300118991826934,0.0665544722813194,-0.0323205926773869,0.0337760668973193,0.0313520250926582,0.0537143606779757,0.0308790908046989,0.0524232492490044,-0.0026477384132808,0.0484800339312149,-0.041613235807075,0.0950575431134168,-0.0148021841492537
0.0307278390758536,0.0166573946635826,0.0373989668016331,0.00784097898280789,0.0408822088983439,-0.0214134701530845,0.0457558116012381,-0.033862988325501,0.0524790319908815,-0.027103840351055,0.0321364688801012,0.0357585222373688,0.0535126031062569,0.0297760121945615,0.0526861541916422,-0.00466009071149812,0.0518278923944096,-0.0389886219598109,0.0960943643530939,-0.0195448597643288
0.038277513790884,-0.0210141811898415,0.0483584206062043,-0.0282199125419806,0.0482273413521912,-0.0282346293403951,0.0487933140465893,-0.0287144433527965,0.0590392599163926,-0.0221154489827863,0.0313269765714897,0.0332368724758149,0.0505795032473041,0.02920627285703,0.0525461569916174,-0.00448896264779685,0.0452983840947601,-0.0394645134910606,0.09232721950408,-0.0180417935882532
0.0424098642072646,-0.0305902519163271,0.0482882811194031,-0.0279393527267856,0.050979543115893,-0.0285787943305821,0.04909197530556,-0.030517601196366,0.0802848722127032,-0.0132548885488187,0.0484224567027957,0.0276140423033736,0.0480095803930984,-0.0269534562132096,0.0978640432845438,-0.00387297816549108,0.0962772530711689,-0.00217843498363069,0.0982404976297067,9.57059341306887e-05
0.0309977865165634,0.0100042158724524,0.0461063826742282,-0.0166166600159335,0.0494037994651433,-0.0260049747267057,0.04931432805819,-0.0312575087629778,0.0815179008189693,-0.00804929027481395,0.00850586066632077,0.0181653644175004,0.0486569397610898,0.0355890419955419,0.0550295999738654,-0.00298986083994552,0.0459205587157056,-0.0416176752267882,0.099931863757183,-0.0141349295400501
0.0354902824995205,0.01895618193521,0.0450713108332123,-0.0103264575304474,0.0482625984349227,-0.022765487279965,0.0505056118759923,-0.0322685516627079,0.0670378584387447,-0.019219461648313,0.0232389392434206,0.029382569457749,0.0501976114013424,0.0299199219588657,0.0544249863180415,0.0050649259459168,0.0419860690784978,-0.0393337376336713,0.0871938804855655,-0.0182781162694007
0.0399669648193962,0.0132029172398013,0.0468871020317742,-0.0221313256379593,0.0497595374936335,-0.029677904571371,0.0499171604860964,-0.0259134220361112,0.0504384072561949,-0.0253082518107362,0.0266200624126148,0.0336960428740812,0.0541352279091301,0.0171497283460573,0.0404568054968061,-0.044700495435313,0.0881229879364863,-0.00869779045046757,0.0986246779063245,-0.0014231180755761
0.0228060458398337,-0.00434713049406595,0.0445286739336261,-0.0286347854723714,0.0458802658820087,-0.0303054717756915,0.0485671386591605,-0.0313405328469064,0.0668794955701233,-0.0210349305133611,0.0258525047807859,0.0295870260192269,0.0482240513028868,0.0246475032731446,0.0560745550254339,0.0207548818291879,0.0446788534957824,-0.0253800269241726,0.0711955369775038,-0.0410838903496431
