u1_1,u1_2,u1_3,u1_4,u1_5,u1_6,u1_7,u1_8,u1_9,u1_10,u2_1,u2_2,u2_3,u2_4,u2_5,u2_6,u2_7,u2_8,u2_9,u2_10
0.015525792193422,0.00146029922626233,0.0269498940266545,-0.0136115911612371,0.0427804504656447,-0.0290969805700852,0.0606238963205406,-0.0323224388028498,0.0762726757537901,-0.0154050320974316,0.0236864846032993,-0.00486805392211528,0.0483125239945512,-0.0097220296980973,0.0531273085620127,-0.00741434514848471,0.0572944465578081,-0.0056979943066914,0.0853020043257369,0.00734147451235938
0.0271992751577329,-0.0151399616682141,0.0393258329104878,-0.0208982474962999,0.0454654829742892,-0.0295696024140894,0.0599749037888456,-0.0318374165368166,0.0791067478343446,-0.0141418779016944,0.0375625712632631,0.0111126930058456,0.0507276994464801,0.0244070683327648,0.0453522186295696,0.0289499515798943,0.0493901696273921,0.0315158042553103,0.0571162448966586,0.0241777908841581
0.0257419664531204,-0.0126230355486902,0.0410007355382336,-0.0247046929445491,0.0497014153976465,-0.032789339288432,0.0667381942132892,-0.0211438419955219,0.0828699179278627,-0.00836755043402487,0.0212824268959572,-0.00131215856961754,0.0548325420652137,0.00158047333055788,0.0800914351707815,-0.00118551230045868,0.0915690287174986,0.00098652808350834,0.0983874443776125,-0.00229035619893813
0.0275163934641511,-0.0152358869473095,0.0439838908912057,-0.0254044475048619,0.0519774155380884,-0.0322622715633216,0.0654725013015866,-0.0205147531898321,0.087973846959168,-0.00866896098659087,0.0134840265186386,0.00129648875149309,0.0396043306122747,0.00300010435676012,0.0611443771952082,0.00426452661727081,0.0794762028545929,0.000535510683976121,0.0905761192418968,0.0028268537415333
0.0121668857908671,-0.00820444823188779,0.0433435523253727,-0.0192584229160112,0.0484863425887692,-0.0280046688296327,0.0567940970886617,-0.0316259999415721,0.081829733997875,-0.0133957496749318,0.01553668892334,-0.00123690531020757,0.0515288154056485,0.00136124603159159,0.0738936239260783,0.00249220955540307,0.0899338297926755,-0.000615829038322034,0.0970346933802279,0.00128828522934373
0.0188693402035329,-0.0154321173614769,0.0423522790601319,-0.0250917959402134,0.0481697825915914,-0.0307428673561119,0.0617834916616778,-0.0293415713168974,0.0910881585634152,0.00116053195489271,0.033996849511601,-0.00175801996413656,0.0722380376218695,0.00412334666587815,0.092853023575548,-0.00108569245397481,0.0978408735282474,0.000327768922329558,0.0978387035493462,-0.000225667240722876
0.0116465233115175,-0.01048773317681,0.0332343590421475,-0.020787363905132,0.0464047235052556,-0.0305648656151275,0.0615156288469612,-0.0304792328570381,0.0881396240722825,-0.0143801380820941,0.0176577455118743,-0.00423127656877082,0.0650866113318972,-0.00318731567436703,0.0867438596349897,0.000883765601849017,0.0948166844277961,-0.0024114626919482,0.0980928081267111,-0.00166083832729409
0.0110987896091005,-0.00834028316659531,0.0364211327713756,-0.0235465978362793,0.04678089450636,-0.0312211666010346,0.0532623652067377,-0.0325396120531076,0.0786332382855479,-0.0167953016740379,0.032072995093968,0.00553294189403596,0.0466392395376936,0.0243287029507139,0.0487047386625559,0.0311265753512105,0.0535303648843907,0.0282767396888699,0.0801093917888044,0.0125766186474048
0.018217644724131,-0.00738023605645789,0.0354436458450963,-0.0220254987349161,0.0461783006395562,-0.0302866326403444,0.0561039118949851,-0.0321618295947533,0.0855573602980669,-0.0121049847718457,0.0257064389071408,0.0124946205363155,0.0503367592365025,0.0301440277442811,0.0495300958096085,0.0306239910211226,0.0546260805667893,0.0275261449769389,0.0840417597770688,0.0141908942816385
0.013088099863729,-0.00695981354132165,0.0423026584779655,-0.0267129018672375,0.049167286156735,-0.032238484013147,0.0692764460349722,-0.0207092166422501,0.095404635030036,0.00165325353014304,0.0323854705478646,0.0194451956126709,0.0509785766631901,0.0261729482684541,0.0513967432040627,0.031924877366644,0.056892344907766,0.0226191133460196,0.0794138249555711,0.0111497261947002
0.0234302394862398,-0.0105160611880896,0.0410033101574355,-0.0298278185079489,0.0517663568152455,-0.0325682035232021,0.0667424044235639,-0.0200876648390046,0.0926503693287879,0.00257365824875661,0.0295348817941615,0.00840041484906303,0.04936092900594,0.0289810740597177,0.0501680877316617,0.0302008820129653,0.0663611750217946,0.0168369022852711,0.0886332007613884,0.00510848968708561
0.0113023883265597,-0.00767795996036915,0.0380454578615279,-0.0249914597705877,0.0480038086440479,-0.0325690062763864,0.063844450535217,-0.0283629867675366,0.090943008100835,-0.00671175692834786,0.0355559633367649,0.010478209345137,0.0507215461396341,0.0321213161243299,0.0511836387430031,0.0307816883363797,0.0497798379126231,0.0297689194820336,0.0836972559671583,0.00191453053961461
0.0456761964458286,-0.0246410972286216,0.0540394489760414,-0.0315091483487117,0.0934213088174382,-0.000364037564553672,0.0828179241337777,-0.00252973560121724,0.0851618514019382,-0.00550032905765022,0.0388891889298928,0.0101906085618707,0.048784508362692,0.0159004533645278,0.0639990547775548,0.019968545075703,0.0499313737135285,0.0297174849495232,0.0813856357528147,0.00963553793729738
0.0336915225140137,-0.0201495866167116,0.0481830365064146,-0.0341256912044756,0.0772661627788824,-0.0106178777632896,0.100944309096472,-0.00235901598446567,0.103646503167866,-0.00893571415400488,0.0154971452616284,0.00465675979507971,0.031101323837085,0.00739600464342365,0.0385483337504313,0.0141433724600249,0.0536708218078015,0.029670416467022,0.0962873070293325,0.00338511964491037
0.0449329594175565,-0.023702799331618,0.0535279004879371,-0.0333241072415079,0.0964839142527966,-0.00165018178673456,0.0999619862775861,-0.000341383456368791,0.0999223961068022,-0.000227423877818562,0.0262680212260973,0.00811345928000006,0.0404450196317585,0.00328201040212422,0.0584104334001769,0.0209449488683685,0.0501871145397068,0.0324810164410266,0.0807234959231006,0.0129989185652996
0.0142285062541232,-0.0050931552192933,0.040222290593397,-0.0198446131980296,0.0495257582527811,-0.0305516253252048,0.0699858124861658,-0.0221121611282037,0.090241685520707,-0.00756782764376606,0.0216543217709442,0.0154235246863082,0.0327046951000817,0.0133989562208112,0.035395298470621,0.0224489334524039,0.055135470936613,0.0289683796516035,0.0818587609309155,0.0170657945581789
0.04262831138612,-0.0202315855526474,0.0506340633340302,-0.0297849089729126,0.0836222324583064,-0.00403168779170909,0.099348066159841,0.000211847069707958,0.102045212443806,-0.00606487840201068,0.0230734924839371,0.0100742715221877,0.0411935861550504,0.0198710591777443,0.0424983471127851,0.0205646395161878,0.0546241665615701,0.0298555330830222,0.0624744695284055,0.0238990498044745
0.0189675643461412,-0.0156041748813351,0.0427406514669878,-0.028624184237137,0.0530747836437461,-0.0322879551120564,0.080841981154421,-0.019993229936954,0.100282196188136,-0.00596612125638028,0.0109198204620492,0.0130737349598629,0.0364720423034372,0.0348105228270374,0.0462469712452963,0.032075883237077,0.052767909277232,0.0301499678580846,0.0676309724505716,0.0206020231078779
0.028576118982779,-0.0140680751400599,0.0462374049969026,-0.0273980683040438,0.0507656466860865,-0.029053596223672,0.087481142242093,-0.00204423627730118,0.0966820859523659,0.00298480350130348,0.0308872638414894,0.00871008310463972,0.0448563232772958,0.0170923521305131,0.055208154806093,0.0291948510956758,0.0531290882913949,0.0314019854809817,0.0752163720705666,0.020891632746212
0.0360491031420165,-0.020715326375155,0.0504092253351123,-0.0308077155512274,0.0706317332591595,-0.0178805403906691,0.0958379859185141,0.00193809151179611,0.098759818514289,0.00447847958658985,0.0256005072255457,0.0146179336569624,0.0344196820527309,0.0153399248401581,0.0458838238964035,0.0019930517976967,0.0479047109864683,0.0258214157091133,0.0584859548856347,0.0259624401789953
0.017685222213689,-0.0132936488038876,0.0311303466837525,-0.0235132306613024,0.0435087872474635,-0.0276480386355121,0.0641679724839488,-0.0274114782359825,0.0887898342205552,-0.0132575205199888,0.00556062683650908,0.0134362087421473,0.0344971946853775,0.0114417288505645,0.0527413436470277,0.0322573867284826,0.0520193459170087,0.0327862264645894,0.0836535970898756,0.0146712578654129
0.029080508117034,-0.0109634864737859,0.0437729477943054,-0.0219018952732699,0.0475040923427922,-0.0291277402939767,0.0738508209543808,-0.0203168290603966,0.102684792135436,-0.00523226211411319,0.020594317433007,0.0233129759783326,0.0427248012201031,0.0334331793663067,0.0506394722256334,0.0276834001769802,0.0677023566373466,0.0189205193527602,0.0944013042909803,0.0061553452982095
0.0336196661620005,-0.0120126113301389,0.0459894500789503,-0.0212088042506375,0.0516275905174351,-0.0272623805063837,0.0558240552201058,-0.0268423763115436,0.0911664179934012,-0.00172794462371324,0.0338487312270067,0.0171514353154423,0.0497966857164403,0.0251643769766368,0.0479878318176959,0.0266182301527015,0.0555886282308107,0.0301242374988972,0.0803689717546765,0.0167870781769421
0.01967713152416,-0.00633626954260093,0.0435647935676529,-0.0251355522876843,0.0501071681266592,-0.0333119977548452,0.0737558732169883,-0.0173245037229378,0.0986668292921806,0.00667134094869143,0.0416262953314498,0.010665875621714,0.0371142695338509,0.0524017098189941,0.0468262829145953,0.0310850268120968,0.0501263094630574,0.0295796587108637,0.0780921053691,0.016712352565107
0.0270986586324892,-0.0172554656281918,0.0460607872500407,-0.0280974256957157,0.0750203536939478,-0.0191414022837484,0.0983774731169728,-0.00294287353695378,0.0942937534437941,0.00418154708409282,0.0301298951566932,0.00806618430942272,0.0400546345006209,0.0148537352188815,0.0483276345778734,0.0124957356266155,0.0517341618575897,0.0250166045527049,0.0659239700264373,0.0190494390255264
0.0323174962284865,-0.0172531584126344,0.0483557916419824,-0.0287051553267889,0.0824887896892639,0.00392968665284186,0.101118096219577,-0.005351209481693,0.101835069257606,-0.0057719171424075,0.0163952451180046,0.0091805006728708,0.0359692820788735,0.0132751889967013,0.0461687204527987,0.0334605411693934,0.0772796499297479,0.010810640503446,0.0958989186802699,0.000974335069465449
0.0250644813686574,-0.00321667565710249,0.0463113994178701,-0.0169467980424541,0.0512698075823561,-0.0274084214722462,0.0566849442410234,-0.0236543190321558,0.0866106919259032,0.0044649615299728,0.0276832975627553,0.00670911195989029,0.033273181202547,0.0195763515105139,0.0435444348114527,0.0276407702143418,0.0564592235088261,0.0344807693971266,0.0860345002071295,0.0101995108313007
0.0197179157432869,-0.00447363446314204,0.0442160890081562,-0.0168158448436911,0.0503258244751605,-0.0259191940693791,0.0694613399867195,-0.0110479889522078,0.103871661918392,-0.00718643635156377,0.0272391363548611,0.0144438968463998,0.0430015740256586,0.0254341333375798,0.0509416917393038,0.0285861677385758,0.0501570188353937,0.0288310637118968,0.0823447574728909,0.021557084266912
0.0158745403902121,-0.00690510356343681,0.0410046449321946,-0.0208463296119077,0.0526220564657852,-0.0289363846887958,0.0507989603556282,-0.0276618420674486,0.0850816612585224,-0.0106771090139452,0.0222714108710588,0.0101873406619143,0.0466275272041053,0.0379269953352808,0.0472283019768563,0.0355209627922847,0.0503996737803294,0.0281480805363597,0.0841246833764431,0.00997578645595708
0.0432759097895847,-0.0212836079928617,0.0678227845919215,-0.0151906620518164,0.101621420337487,-0.00282578290416062,0.102355430515861,-0.00542349987490972,0.102267713173914,-0.00514668695638864,0.0252762143845913,0.0123082051766529,0.0473876009192756,0.018016716399823,0.0481363618304272,0.027599442760244,0.060888104384893,0.0264542115169871,0.0962493825338389,0.00341533789472796
0.0381716676181077,-0.0196188454059972,0.0530512403531763,-0.0264127587179033,0.09891594966701,0.00330405143292531,0.100060442017103,0.00122492791186606,0.0998187304740884,0.00123995083889988,0.0403244104938285,0.0190693273236822,0.0465945977527093,0.025079223960677,0.0658342371300635,0.0249607632300946,0.0920671565788822,0.00549305647320493,0.09144182849459,0.00505291913734128
0.0139001605989021,-0.00655341391804568,0.0390361390349082,-0.0178711962858009,0.0492220787793997,-0.028248837389514,0.0685431568459089,-0.0160203517789453,0.0946599675848847,0.0049337474825122,0.0303789915008943,0.0151855979885924,0.038068078006434,0.0210925007103246,0.0551095170581967,0.0310547829182184,0.0961087776147007,0.00234598390870004,0.0956964975408732,0.00299155485677866
0.0304731010665191,-0.0153271135664928,0.0486240301185528,-0.0272660301229343,0.0721265305204017,-0.0162789444635545,0.0966371483554526,0.00571557253923369,0.097613418188483,0.00574830999095529,0.0288907816595356,0.00487058365324775,0.0386438004627265,0.00551960773392207,0.0522659816259425,0.0234634328093421,0.050041832804634,0.0288810054081838,0.0623013702454686,0.0201681551001463
0.0101107469238702,-0.0028312642336425,0.0355258790103404,-0.0162061913252873,0.0479889374038916,-0.0268637943661234,0.0550126862355861,-0.0258127889710113,0.0890883694618708,-0.00702810636834271,0.00536522858895478,0.0124099681974924,0.0297732792504912,0.0184528012174672,0.0404958627225322,0.0259407336153238,0.055648797259197,0.032915215061584,0.0879054900632273,0.016507458667287
0.0127966478924481,-0.00597104009982969,0.0392276089140993,-0.0232146730240335,0.0467619687700958,-0.030645941190397,0.0511759357497556,-0.0324920648564818,0.085091643827353,-0.0161613308667866,0.0212192164259818,0.00135663606926963,0.0428771870282417,0.0358429007099277,0.0481976821384019,0.0380117581373564,0.0547915203079024,0.029589909314237,0.0794909795403907,0.0133873625360898
0.0261600573923955,-0.0144416748741318,0.0468218130282959,-0.0299046521430914,0.0825813134442677,-0.00741560921902633,0.098365898293898,0.00493899861455308,0.0989201651064076,0.00380603590029937,0.0236691601303041,0.0088998738118505,0.0422667965374288,0.0256310202510956,0.0548539775875626,0.0276761879643397,0.0834036742767774,0.0110060934359753,0.0935990739360531,0.00268253344844205
0.0173628657830403,-0.00606795040830797,0.0359128756433605,-0.0199352299088656,0.0479349208284669,-0.0271479417230008,0.0513521250164481,-0.0309684054738169,0.0781780464515568,-0.0168842589392915,0.0284375295982463,0.0135494212691468,0.0380064141640403,0.0234813882263506,0.0449550389935715,0.0222832146354431,0.053762916257153,0.0312213221732597,0.0768150376616191,0.0148757125917481
0.0185158092086233,-0.0162219482657996,0.0498919496251284,-0.0239006679935698,0.0502596868567067,-0.0275812195766881,0.0859938959210633,0.000135360930822697,0.0966222468153562,0.00382003896492434,0.0350865189519326,0.0197614570124989,0.0415293548348602,0.0266823414958117,0.0552983269366725,0.0341390857609296,0.0817596727737565,0.0117434354452857,0.0920309685372625,0.00276751030626982
0.0248651327680421,-0.00601225615092764,0.0436926552625553,-0.0246279491764654,0.048731301115347,-0.0282203567000613,0.0746533152339797,-0.0108611915436555,0.0942595383405916,0.00130921950825165,0.0303007020108758,0.0171931449867954,0.0421326355387208,0.0148388106357122,0.039735346290567,0.0204614076009202,0.0513859121987184,0.0310891663868837,0.0615742013339043,0.0218546459933797
0.0263010017473758,-0.0109539089527425,0.0445855182030397,-0.0243840640956715,0.0503173230906762,-0.0264665780093939,0.0654178300102804,-0.0180516853616379,0.0874895092477101,-0.000744628688205134,0.0294105230163118,0.0167202359179261,0.0415580839601996,0.021297941495307,0.0448700257009808,0.0255384137078153,0.0557250090490452,0.03115229643174,0.0745887219885356,0.01453004755024
0.0283089640260084,-0.00749578871592132,0.0417006764314649,-0.0284831724237123,0.0482155092519815,-0.0310893534469892,0.0609700695097128,-0.0296705485206192,0.0869665056059986,-0.0101669050980726,0.0134266638854264,0.018043457028678,0.0425005368344365,0.0207969232718661,0.0465228854571461,0.0332443020258048,0.0487476906746524,0.0351302609940397,0.0666987688695448,0.0186523883535254
0.0190296570787304,-0.0190343749045806,0.0435082468239409,-0.0310609518973977,0.0535764186514909,-0.0314971315110504,0.0900798527166519,-0.00939471107399687,0.101389631079446,-0.00431977559479727,0.0278462032962116,0.0117081745484199,0.0437240209030916,0.0298251208004681,0.0474616467562579,0.0290010053941085,0.0555844821991132,0.0339706036550633,0.0945929359856107,0.00421285248478045
0.0293768951705952,-0.00828058007661762,0.0472868234256894,-0.0252228547868832,0.064721354689047,-0.020839472818241,0.089184659671676,-0.00247875187125501,0.098410343926023,0.00290108604177744,0.0338819426472035,0.0121719862575173,0.0467766942308252,0.0189152606655038,0.0556185126024454,0.0259445418167281,0.0527448776132533,0.0301185578204825,0.0704048942785288,0.0171984888120767
0.0361082900407895,-0.00747305725650919,0.0465733448807423,-0.0243847780910388,0.0512078070441741,-0.0310400370691904,0.0728143543676949,-0.0174035017390668,0.0936145284771623,-0.000544142626908803,0.0464373783324573,0.025874031315701,0.0481785908686896,0.0245671353586307,0.0482649706853707,0.0246904199450633,0.0564952330717862,0.0293751985718894,0.0877265105779382,0.0121508257856573
0.0268204711826545,-0.0180054028318566,0.0507356529692853,-0.0295556414588615,0.0664975534307681,-0.0202749516767866,0.0942501549215639,0.00100234162790756,0.0986309731351289,0.00252708566965994,0.0324214324070041,0.0107498790254523,0.0435540843534151,0.0110779092869171,0.0515579116099995,0.0200161025761433,0.0528614192371678,0.030523126345156,0.0722066062417383,0.0225806651468644
0.0166994748816359,-0.0121082069813132,0.0408794755797864,-0.0204320851776842,0.0505908400037612,-0.0318005236837551,0.0660460004640888,-0.0125277333302985,0.0900847553038568,0.0033800489554605,0.0265523436698951,0.00605626236211979,0.0410549640198006,0.0156768540019871,0.0406531978619135,0.0276704797901207,0.0548703009326757,0.0283124349831973,0.0905378311744051,0.0106043164074243
0.0227284491765771,-0.00363100948782489,0.0434060324081182,-0.0163927525264599,0.046365039141238,-0.0280960239105252,0.0579453307110736,-0.0249978241124411,0.0851315790547933,-0.000110254126760222,0.0219033355676637,0.0133890970468088,0.0430998650573902,0.02180778872166,0.0411616747599733,0.0214204260948248,0.0491840598646412,0.030174955141322,0.0700672740247205,0.0186830513296723
0.0248861061540036,-0.0131305296707828,0.0481696064129507,-0.0300771531816048,0.0697912598311805,-0.0168339489242771,0.0945457455102161,0.0037883982660669,0.0996328240423024,0.00215462566810961,0.0224459236704085,0.00537106522351731,0.0349022587298668,0.0112014128959488,0.0402279390093562,0.0183923334643621,0.0498431076373624,0.0302095880001407,0.0803021722921885,0.0127818867185491
0.0264038328330505,-0.00940396153307691,0.042463168315256,-0.0289120711553033,0.0550438569337883,-0.0307991666144346,0.0777800034083569,-0.0167899305324779,0.0997663267500078,-0.0088502368655498,0.0264057487953501,0.00724450776547946,0.0415689048529929,0.00404624191427459,0.0528999018528024,0.027737698976344,0.0526003079259465,0.0287194034048212,0.0620876044382443,0.0234028855042614
0.0260898245822987,-0.00597774717037492,0.0526297122321919,-0.0263633008091068,0.0527025692044821,-0.027530803345335,0.0752557722292394,-0.0106928271257601,0.0935591205206224,-0.00213300693042444,0.0298699318628823,0.018361403263215,0.047060254014842,0.0224451270901698,0.0456275707025211,0.0267422508651493,0.0549417784010732,0.0344295258032096,0.0780839196620486,0.0174048659666973
0.021124842618985,-0.00453056133749205,0.0437558195672523,-0.0227160704131556,0.047650703091897,-0.0295468378080078,0.0642392010482639,-0.0228048919941763,0.0851992276478874,-0.00800135269433041,0.0175783136838767,0.0107100780562508,0.0387953871764133,0.0130125106282125,0.0453448542479024,0.0140642385225957,0.0601222581423352,0.0184141480078094,0.0925361455529164,0.00858141957539932
0.0264138591151053,-0.00923979376506104,0.0537794468040576,-0.0250249921900894,0.0490568437984244,-0.0289009184082385,0.0834642649573948,-0.00698729983251444,0.0980193648087232,0.00271143305260581,0.0294715603582217,0.00830402303318013,0.0424750642292424,0.0187659328670919,0.0447833851422104,0.0235741328756846,0.0540782191136384,0.030593768833331,0.0942661163880387,0.00627661126332456
0.0146753915482479,-0.00846349417688403,0.0342319522130502,-0.0194985317636782,0.0549591946112518,-0.0279995630823685,0.0505377021254535,-0.0303998153382756,0.0820112392101243,-0.00925611147749521,0.024150761086854,0.006937341489199,0.032070858861403,0.0113658027122534,0.0499197077562042,0.0308581081590201,0.0803632879175425,0.0109222287395867,0.0902450098426765,0.00246810974360096
0.0281045842305555,-0.011079122110631,0.0516024786061086,-0.0255599938407311,0.0519399004513078,-0.0287160082463648,0.0712014843875316,-0.0114225748015856,0.0922535021397836,0.000192536841049087,0.0167327123242609,0.000675026954280491,0.0318860796127075,0.0159444239863297,0.0386508526919866,0.0265579552352128,0.0504737423305437,0.0313885437216126,0.0672338541461305,0.0183850422095828
0.0188973257753833,-0.00273037265952436,0.0520371038592104,-0.0236951325785723,0.0541917123502923,-0.0323915106769961,0.0568438540908955,-0.0275912159841331,0.0884105599859345,-0.00872575270227846,0.0142311654581037,0.0116433114526785,0.0382729953852436,0.0445612763463187,0.0411098274885388,0.0386815709225936,0.054121001634191,0.0249770272655452,0.0792779112082309,0.0131108434641356
0.0223503491583543,-0.0082510921880789,0.044851873068356,-0.0253909342727735,0.0486364516460563,-0.0297216292220489,0.070402763418322,-0.00729131427383941,0.0931870416714142,-0.00153385664759357,0.027018042466461,0.00898920035025768,0.0402134692057287,0.0150116631739186,0.0423739634523843,0.0259615084375924,0.0591317575214184,0.0294586422601816,0.0710156258249759,0.0202851155995065
0.0276149991118044,-0.0065942380219283,0.0474639533432701,-0.0231701262149609,0.0498508828770195,-0.0296402897469957,0.0683505157797522,-0.0142604628734622,0.0889335729361368,-0.00239299620675369,0.017301272361237,0.00306958631650191,0.0404030617583504,0.0182630058961369,0.0429876361373637,0.0253162906833741,0.0593984381418341,0.029724058829494,0.0922314180451313,0.00647825847535965
0.0129038601142918,-0.00455090035287065,0.043742198151815,-0.0225285831856694,0.0526604284051664,-0.0306408877235207,0.0644712666398568,-0.0185596744156345,0.0878024031897102,-0.00586526107433067,0.0213204327671814,0.000489819404006074,0.0398442371259248,0.0200831917352095,0.0447772164954307,0.0310829732036796,0.0575545165790474,0.0266851957791962,0.0878837066715114,0.0113452369479932
0.0298593964379222,-0.00572305026215611,0.0564232765932212,-0.0282449260466745,0.0519506958836597,-0.0367067207472796,0.0534923706422477,-0.031398838802259,0.0806755182575264,-0.012573366284166,0.022183445582399,0.019536397735886,0.0459863282538304,0.0519691322480365,0.0485322481810098,0.0360081350876913,0.0512932910337344,0.0296546234832926,0.0771887690644871,0.0100968151536449
0.00935340971077649,-0.00176586698218271,0.0370365021701882,-0.0185726998998675,0.0504313522102972,-0.0285588589808412,0.0526210564861742,-0.0279102046242005,0.0818442872463146,-0.00608078962303237,0.0272684709028813,0.0141655157644306,0.0400426999379472,0.023290861115289,0.0444271224970289,0.0291303471336763,0.0558626115678304,0.0337195311621409,0.0828578190270691,0.0166844207839313
0.0240537952686664,-0.000949199316446774,0.0439228580801833,-0.020497543543712,0.0475796718284675,-0.0307690217710718,0.0647265426095706,-0.0172336988930545,0.0861776418308759,-0.00539178144578256,0.0156793026508043,0.0292158640179246,0.0417697104447807,0.0136180046693768,0.0459849883601563,0.0221898806334367,0.052743851780827,0.0316124170548827,0.0838478644435975,0.0130276120340112
0.0206690401146414,-0.00700447991988497,0.0432305339103348,-0.0220710874838935,0.0546796343469958,-0.0301344846099771,0.0509090945042994,-0.0292179917532253,0.0816747439791815,-0.00670548164364739,0.0260708131569518,0.0122508280432831,0.0456617043177424,0.0270379764857454,0.0469701984698202,0.0229046613716941,0.0502954350601331,0.0312558520682951,0.0873436774198352,0.0230989304080753
0.0129743175478489,-0.00234298861403614,0.0381290256884556,-0.0137425025740301,0.0478040552287445,-0.0258653354171454,0.0505930768617097,-0.0290935227040742,0.0793207099583681,-0.0135762744989611,0.0195923736573491,0.0165453689021945,0.0447483353863489,0.0249570199812038,0.0503592899413741,0.0275137880536511,0.064884648154433,0.0150039690810899,0.094913245296318,0.00570360298601455
0.0154769619427534,-0.00490735872996346,0.0395906815931482,-0.0221971229156666,0.0491390675388792,-0.0296414342701719,0.0718497445919066,-0.0153389896371642,0.0931962767144504,0.00192545550424005,0.00231579588714219,0.0046795494212746,0.0373056514980064,0.00389213326237712,0.0448029273654861,0.0242724102927633,0.0578409046293351,0.0318419820169978,0.0862084542995218,0.0165895940673041
0.0165779130690765,-0.00330890291601221,0.0462948655136483,-0.0208168828306767,0.050791788410442,-0.0281748126931695,0.0573950872410115,-0.019133878157063,0.0873561110226075,0.00428650906910273,0.0301194080555635,0.0122243870604227,0.0417460719340307,0.0231075620920527,0.0494838899398236,0.0387926946557861,0.0715803767591997,0.0185638106543353,0.0957272276937672,0.00409514559787811
0.0169787388131549,-0.00478567730184841,0.0467462997819921,-0.0252357665900037,0.048398330615814,-0.0314657536063743,0.0608219523308396,-0.0254949046102877,0.093557368583074,-0.00970934198477624,0.00782355869197231,0.0170980826770608,0.0307098175712033,0.0452892089678305,0.0396708566337135,0.0453222052902973,0.0632768833828173,0.0214328898637752,0.0845504281672486,0.00356942690498979
0.0259847377089902,-0.00635241037761129,0.0419566986341288,-0.0207967830484653,0.048190065528608,-0.029750815574488,0.0614199307560006,-0.0219548226115403,0.0857375276910733,-0.00487935167138965,0.0220682485103414,0.0121713499339975,0.0424343198966997,0.0201343112421356,0.0473868656142054,0.0226133094197857,0.060354946213858,0.0264074363260649,0.086969839900359,0.0085263997289708
0.018033203161493,-0.00360139858947554,0.0394646300029163,-0.0186039904625484,0.0509448135943089,-0.0305098595688212,0.0521046755502823,-0.0296690458973489,0.0856391914577678,-0.0112704755206539,0.0194474562604643,0.010725660839107,0.0439999181878054,0.0271889018809132,0.0530894058971981,0.0164969156210297,0.0721741410261733,0.0238060817191437,0.0928297175646086,0.0105588717091581
0.010108193027733,-0.00656063052595521,0.0369474389258031,-0.0229057654216338,0.0507816211740306,-0.0325070878470822,0.0500684237876108,-0.0298889994798615,0.0814547680212144,-0.014129900028598,0.0126894089640019,0.00961469290412357,0.0400576136857684,0.0326979753869694,0.0430966635301027,0.0499018652282667,0.0455938615335923,0.0443182665931401,0.0657580136460853,0.0162722510870278
0.026941137037202,-0.0108701925151802,0.0498639650085245,-0.0224740238477534,0.0453308088911655,-0.0287882270750091,0.0628342042362638,-0.0184239954115926,0.0908426782744476,0.00457882500973265,0.0246057140017122,0.00851153869820863,0.0512512575534712,0.0244382133811632,0.0445989011541563,0.0252033842847553,0.0554070880796529,0.0363253714497908,0.0779842277374951,0.0169300217055264
0.0248579128066865,-0.00448252585019097,0.0399659053455792,-0.0199630530245752,0.0474672397881869,-0.0294562582338265,0.0542275765960375,-0.0241681910810965,0.0811390675446223,-0.0049842524103212,0.0237008346330182,0.0177000203888341,0.0435603142364152,0.0255497400407073,0.0489680925341252,0.0285564512332644,0.0599659967869541,0.0303974260182593,0.0879068982954981,0.0108848645875912
0.00502003388583152,6.20420136083554e-06,0.0283588683638727,-0.00791513681828422,0.0492815990478932,-0.0283126721735585,0.058649699328784,-0.0277820062608772,0.0927358084030295,-0.0120092191277558,0.0133435638649877,0.0190950569433496,0.0325824016196317,0.0311730058915732,0.0550547797828013,0.0233650394687329,0.0749105840468591,0.0074619925927628,0.0958505669376983,0.00418141690320472
0.0188480411887836,-0.00376457669444885,0.0374466760440864,-0.0259173154872031,0.0491441768208028,-0.0293600383234688,0.0531201879130674,-0.0259777177711052,0.0829001595937329,-0.00962201971063176,0.0159957196464285,0.022404606137538,0.0400441695898288,0.0143529212652992,0.0488431065620237,0.0264419827104474,0.0553823213884277,0.0271898370242423,0.0932103792229861,0.0109556066173329
0.00908296459412154,-0.012923906720335,0.0402613540852143,-0.0261875714454103,0.0485014256600477,-0.0332104296270062,0.05926184000591,-0.0265060480487568,0.092037413488201,-0.00767385621562951,0.0214776453833663,0.0245405660692542,0.0488087572765035,0.0505124093720166,0.0506340132233008,0.04315756107238,0.074396982816074,0.0179074215972461,0.095767421707367,0.00481153474021156
0.0273806286167752,-0.0112510099955464,0.0487722754908012,-0.0267662410372494,0.0552167033998746,-0.0288591845494574,0.0795446064058013,-0.000379390151860748,0.0924597172365136,0.0020351804304298,0.0320095934158088,0.007719000956508,0.0441040522155428,0.0213441384699554,0.0512616324153419,0.0294695983698939,0.0503195224336559,0.0316887598527183,0.0728346633995047,0.0219562483362306
0.0179726175955519,-0.00421289250049361,0.0433092913121616,-0.0217519488946983,0.0511388912280016,-0.0307406045627925,0.0790073202589319,-0.0224487772503603,0.0907240107079489,-0.0111934142190704,0.0158902042052886,0.01322346333672,0.0455300295113487,0.0289200261819266,0.0544070300790974,0.0263077654464195,0.0750946657024917,0.00485867730565468,0.0962849012853416,0.0036285972599096
0.0191657997146441,-0.00585087611836299,0.043171626745105,-0.0233179336370746,0.0450857716133735,-0.0286869086815391,0.0605527542728554,-0.0313135681152277,0.0866144755723204,-0.0147203960915881,0.0237503136374733,0.0108633011662573,0.0512732751166333,0.0263168040715707,0.0473786722653111,0.0319532894275628,0.0688575840403688,0.00599512356534288,0.094943889526638,0.00612950020115827
0.00409615085872681,-0.00107452988616982,0.0330071957230437,-0.0207667482518638,0.048677962611062,-0.0334624615828222,0.0566855833736169,-0.0226138772909375,0.0924215933182841,-0.00329861658983706,0.0194273816673469,0.0251313581675606,0.0485933433237446,0.0516041446961742,0.0701691886494778,0.0307495027563956,0.0964245573931298,-0.00377064476668724,0.100192180043012,-0.00707173224983667
0.0212644559186847,-0.00971525366920383,0.044405600839158,-0.0237757157766316,0.0494862444470244,-0.0300782843320745,0.0661327503268532,-0.0158927242582779,0.0888299278501697,-0.00379073485452101,0.0275718818026508,0.00408480869183242,0.0432724414483605,0.0180758149376507,0.0463050905940863,0.0239571192802581,0.0556502648442354,0.033057350835437,0.0665083117568441,0.0211883759388205
0.0247434901114059,-0.00846639998272016,0.0439397213975315,-0.0271920027885429,0.0537445208058036,-0.0311443554341054,0.071342493635639,-0.0115844913648132,0.0879762250468704,-0.00403992726458861,0.0248195348244328,0.0201043836340761,0.0451424427902496,0.0184784742539497,0.0471346058048744,0.025864213683355,0.0534052070969886,0.0284755149363011,0.0899315273117369,0.010475486346475
0.00757929408561917,-0.00246477694870676,0.0392978041486891,-0.0167896643081291,0.0476005136221811,-0.0288514469952614,0.067480276427645,-0.0150476328301985,0.0885617407993715,-0.00363490314519407,0.0226873114145387,0.00789925602201734,0.0385773493685014,0.0201757997553529,0.0441585825201868,0.0247609500611662,0.054433796627494,0.0347045045337154,0.0827706402473003,0.0128888146723316
0.018568771637634,-0.00719688440532913,0.0461022955695824,-0.0251436160337391,0.0496496562653572,-0.0319395263454055,0.0668127452587061,-0.0151870927447447,0.0870968858291343,0.000837128227453998,0.0191784997604522,0.00984435488956831,0.0447721850729218,0.0230327693810647,0.0442807265118871,0.0207554051495695,0.0500239145183149,0.0293952387044587,0.0705719366435593,0.0242613337289833
0.0430097333402465,-0.0171712731625668,0.0501604002326688,-0.0309037994521565,0.0781434625362594,-0.0041863679642635,0.0924016381544204,0.00601720551598966,0.0962382961908778,0.00467877906300881,0.042876004398523,0.0138116965669243,0.0415976615645348,0.0206503161329763,0.0548338575258559,0.0270817517445495,0.0533658819147364,0.0327344258883516,0.0667829464542829,0.0209758108450867
0.0164435620881935,-0.014302470766485,0.056225595521283,-0.0282757197978628,0.0480781920956579,-0.0297882937433318,0.0645199163328906,-0.0172909543896978,0.0955208832387117,-0.00676819029976203,0.0266539895675569,0.00756549427152172,0.0466591799835133,0.0216608285446644,0.0430195114609777,0.0230663458296956,0.0642617794776129,0.01509194769398,0.100202982998238,-0.00188610632574879
0.0133280326561651,-0.00797160807440358,0.0405293284094077,-0.0212895344820063,0.0485731261534686,-0.0314947859583004,0.0719192000341629,-0.0202996315215676,0.0879338493385214,-0.00350545327848646,0.021774151248733,0.0223541208205741,0.0413949624850051,0.0180295460694093,0.0522442437105029,0.0316880671812905,0.0758860892519552,0.0219446592990193,0.0949920867911308,0.00575833193766113
0.0131148026382387,-0.0113792760175689,0.0453159183309742,-0.0260877373186935,0.051179339340104,-0.0335019903341919,0.0601030337638477,-0.0235836586147268,0.0893798635260331,-0.00484872806591255,0.0200176483554874,0.0319924175582218,0.0406438872450628,0.0547064080079512,0.0502514523245142,0.0415512474825067,0.0611715171566395,0.0229284444765903,0.0896684210913491,0.00391696313101266
0.024412840255478,-0.0052602432594816,0.0403496273813997,-0.0248854165597516,0.0498489020703865,-0.0309007742055679,0.066934435156814,-0.014517617259895,0.0859007028554994,0.00307293997673045,0.0301974225760079,0.00635873272449443,0.0430076430398632,0.0188688228111565,0.0471192320873947,0.0231463063423655,0.0539389630954282,0.0302709696240062,0.0905651969179351,0.0124879531042319
0.0113822468859617,-0.00402206901829507,0.0452129667193707,-0.0267074946552235,0.0512502604540826,-0.034346361054937,0.0615086770282426,-0.0234169072298731,0.0882898914020173,-0.00684380305739611,0.0266922097858221,0.0247305394740483,0.0524977201198767,0.0438176897459377,0.045566022758824,0.0290449305062418,0.0572904844821829,0.0221414933905261,0.0847359713963314,0.000933398957023674
0.0191423082148765,-0.00630343437502055,0.0411599750148923,-0.024758080882062,0.0508640575819458,-0.032023953311894,0.0666633505681868,-0.0121157195692523,0.0836361305323597,-0.000450013589360958,0.0262564744134429,0.00832165741541995,0.0380160227769706,0.0120372469234047,0.045256739011359,0.0194933237231207,0.051439379657351,0.0283733615937871,0.0648810818851209,0.0274590083636342
0.0375780685534994,-0.0163549046693904,0.0495225274249309,-0.0321368731868606,0.083809617980682,-0.0113535347109499,0.0968470313217819,0.00664557557768402,0.0930409830987057,0.00667651347706848,0.0339432179305446,0.0157025247672881,0.0471907977754481,0.0178289446249545,0.051097467474054,0.0214769143052958,0.0527130801491802,0.0287671001984454,0.0704000819456123,0.0152189613552213
0.0241979847128304,-0.00589298649856568,0.0441344062335516,-0.0273457524126234,0.0473188100090821,-0.0319095991567249,0.0787490953837498,-0.00510597308668439,0.0905891320332527,0.00213736902154406,0.0284172836716148,0.00222750390211998,0.0306167812196229,0.00898625604286851,0.0441816122123211,0.0239867010606968,0.0499770707238945,0.0302783818551982,0.0816401099569548,0.00671389397650924
0.0389663356549559,-0.016102443864236,0.04889059586546,-0.0306234492590099,0.0613133628672482,-0.0238112314583734,0.0920883458888388,0.000593146293524552,0.0987969461217713,0.00428189142051307,0.0298949020775865,0.0128902108397953,0.0364947942854395,0.0164602497596646,0.044951907854539,0.0209112921636202,0.0549850077028452,0.0294451408878519,0.093059365107279,0.00537433888942878
0.0282471749028563,-0.0147129356808306,0.0491619070179653,-0.0329015193181026,0.0846686570282206,-0.00666367638015399,0.0997611313645174,0.000164232220878388,0.0998153298808834,0.00010316384543898,0.0209367627263192,0.0092274210850965,0.0285011091062114,0.0168253500582561,0.0437413950821307,0.0327257580949051,0.0603126049133564,0.0240244539726334,0.0939721289047236,0.00688051271654089
0.0204484673453287,-0.000112431226910689,0.0531607374376652,-0.021089144317483,0.051506385139409,-0.0313039955405531,0.0596145166025597,-0.026060676996542,0.0930029607722801,-0.00768665128486761,0.0181268273781515,0.0180532266183505,0.0420104742286676,0.0118221042665075,0.0366555137831869,0.0206279073412514,0.0561224843852302,0.0323063866729715,0.0759742605135587,0.0186949391809289
0.0168001150752912,-0.00453231696022872,0.0392403166485535,-0.0238912397662331,0.0464611647986064,-0.0322540219159748,0.0600382039743595,-0.0260307140808972,0.0884794252717691,-0.00728891826898344,0.0257799709842297,0.00103790364535033,0.0292942765741599,0.0093062460062167,0.0473824068785151,0.0281634156309266,0.056585447378935,0.0342708842874918,0.0855185170006927,0.00911932734028789
0.018335933081906,-0.00635701119089903,0.0382448039138247,-0.0212623700458675,0.052714319813756,-0.0312631984387182,0.0784547494070636,-0.0184856962060302,0.098753334281717,-0.00652559082215272,0.0135018827643925,0.0151925682842185,0.0373114938276012,0.0144706073845289,0.0425613148030176,0.0221089779028378,0.0551018643379432,0.0278666608440645,0.0899397305989008,0.0101211029516603
0.033137436908231,-0.00225718534168008,0.0523965554680977,-0.0195534243191282,0.0516585665889885,-0.0277915851933994,0.0744503230803707,-0.0130792404782137,0.0973682703882811,0.00371550474513624,0.0251004301570888,0.0225317345200755,0.0469250207230491,0.0248964872013516,0.0463987346286934,0.0278243700729236,0.0750368406775841,0.027271552689349,0.0972020571901629,0.00129805582278098
0.0243154938676578,0.00140380933662052,0.0466571856999008,-0.0185406703789072,0.0496423977039901,-0.0232836587285037,0.0508663659814366,-0.0261263295114979,0.0811807069613407,-0.0097203708895077,0.0108552614336224,0.0146731373294475,0.0452936258898667,0.0153638180753196,0.0500871362829561,0.0271886649220743,0.0547554372557386,0.022826721570499,0.0941340844635838,0.00857829204664397
0.0197168293799688,-0.00758171203000633,0.0499285229857955,-0.0218577337330571,0.0499912413928625,-0.0267441460246134,0.0607137240616659,-0.0164000715452065,0.0966374668690952,0.00373719729137474,0.0224773862246196,0.0176336633716603,0.0435103318459431,0.0245625726442877,0.0476432767399781,0.0267964241435995,0.0627860121070098,0.0214238244397061,0.0949594700647139,0.00643304969175824
0.0247943780286653,-0.0147600132439466,0.0476655672928939,-0.0253792226457765,0.051604899988874,-0.0248823941260311,0.0535378159107883,-0.0269882977903463,0.0915338411093933,-0.00518789808900158,0.00479270326616151,-0.00676335918572037,0.0367989437819482,0.011816517492387,0.0427248347218739,0.029372214575468,0.0569505346420331,0.0202970641873401,0.0919310796629475,0.015982238073313
0.0168867660922179,-0.0121361420221513,0.0432798701854051,-0.0219494249542856,0.0502041395710479,-0.030523486258358,0.0708071609934595,-0.0172081422029146,0.0892169995417197,0.00362987724722363,0.0222319667975,0.0131036611171614,0.0401998783466277,0.0219366161652209,0.0464549109734749,0.0327091642733961,0.0578494445259889,0.0311038245390876,0.088073371770854,0.00732887330896307
0.0230492238163813,-0.00422706827646844,0.0428357119591329,-0.0233317315728838,0.0505345250911003,-0.0303605159211612,0.061975194257465,-0.022004087036884,0.0852402512848201,-0.0038457361705602,0.0222754598603484,0.018782504545032,0.043863798852252,0.019551626718739,0.0497399446463386,0.0287769358924746,0.0595462903509741,0.0286665685821486,0.0954305409100484,0.00460761267968086
0.0153335324333636,-0.00589072930175354,0.0413034959893645,-0.0267786830559582,0.0461834150716453,-0.0310129144960978,0.0684910579025005,-0.0225342395580383,0.0876469295677843,0.00351829570888398,0.0185662177083172,0.0126864562303926,0.043389210041077,0.0194902844533574,0.0472565049884998,0.0274285183058905,0.0571783294025594,0.0332566055365392,0.0850003154880944,0.0123893116790976
0.0193317626618697,-0.00526458471723815,0.0438655897481178,-0.0291388857653673,0.0489755081766971,-0.0328980772577195,0.0609982825614303,-0.0230720593104542,0.0882991831548921,-0.00353863985081359,0.0155949692938547,0.0258761198224616,0.0430756995005737,0.0455466700540034,0.0494872308104123,0.028120145347593,0.0750986254463217,0.0145974858925275,0.0926252449043503,-0.00214623400811223
0.0342110866529138,-0.011942132911801,0.0471164310143471,-0.029766209469515,0.0660663106544067,-0.0242780586309032,0.08535433946272,-7.00034274353939e-05,0.095408016271912,0.00745314067097958,0.0327981606599701,0.0098466717755214,0.0460543999191945,0.0210328988892754,0.0511307707183468,0.0265305429289142,0.052436779365631,0.0303493104602254,0.0796437445239611,0.0134945967141883
0.0204734577061441,-0.00544030821778826,0.0417521375070633,-0.0200720971128012,0.0501311978811378,-0.0298747225565552,0.0719349089233854,-0.0169081213535145,0.0885711633993303,-0.00201195685185834,0.0197506559327559,0.0130652646860189,0.0433013260270904,0.025821453922467,0.0504390042781912,0.0215409887020206,0.0559157315003015,0.031660781922636,0.0732998301032578,0.019214378191816
0.0245152482177864,-0.00463063367129982,0.0428376670647892,-0.0221658847738058,0.0494216502374162,-0.0311927923330786,0.0672749005836145,-0.0228195756463408,0.0989837396627186,-0.00911070690008004,0.0229419823273344,0.0159617101019326,0.0437567823576655,0.0225400791621227,0.0496770666919195,0.0296225497856867,0.0631106989906483,0.0136521030324097,0.0979597751199167,0.00192551799123668
0.0088701066279931,-0.00330762679656561,0.0408893676191787,-0.028273015055555,0.0486047755749618,-0.030874503251263,0.0528627315977829,-0.0313814858916353,0.0837533417791275,-0.0133924983712766,0.0361780943123504,0.0380886317727051,0.0450554996609578,0.0356968529175393,0.0501613585621616,0.0276705587599862,0.0659184376244825,0.0210639346138615,0.0960654020072607,0.00223961801624373
0.0190655082036229,-0.00789832239751054,0.0495303110766675,-0.024580709011408,0.0499877690005128,-0.0300598214923088,0.0786083230873687,-0.00547913594223962,0.0906287687803257,0.00557669942490964,0.0313249702762883,0.0119251220413729,0.0436830961858505,0.0259872680243494,0.0531989149157382,0.036030850516425,0.084849006899024,0.0065028636729232,0.0999091010836228,-0.00357918522368923
0.0253206874893677,-0.00529358494239483,0.0434600268645417,-0.0254774116053104,0.0486710607833225,-0.030173844251513,0.074768430428529,-0.0176935854616288,0.0884182283844489,-0.00582299126152213,0.0233385499314799,0.0150934735215717,0.0419077791078358,0.0259009490476167,0.0451825121669271,0.0261303950533212,0.0519881701037122,0.0317260364379454,0.0864985673089542,0.0123654992067834
0.0149634133269925,-0.00254965480398475,0.0423855619907355,-0.0259208632888784,0.0507870941874458,-0.0372820536820752,0.0545574738944777,-0.0314908496793093,0.0872104364500996,-0.0105357843103205,0.0241462198954899,0.0251377076276831,0.045503316855264,0.047155510579987,0.0468754509840565,0.0349740508609014,0.0592031761614393,0.0232978668963566,0.0918534550268787,0.00424507202328853
0.00918830892720236,-0.00430388648470764,0.0396955765158826,-0.0197311818824027,0.0496177426359279,-0.0307050403949029,0.0521069381642325,-0.0318644893119001,0.0830410855598839,-0.0136944574998887,0.0189393518674699,0.0106609374992114,0.0437405568286968,0.0377130471065824,0.0493660668863945,0.0348377417985391,0.0659137918013508,0.0199176454224891,0.0956428803524069,0.00193001351065932
0.0210080571279503,-0.00709723991993585,0.0439807422555615,-0.0244765260668667,0.0503885213645651,-0.0274988164492608,0.0557927968997772,-0.0284765757340035,0.0846813233994474,-0.00580200910351173,0.0269111456611263,0.0131192125833185,0.0462301510906423,0.0234027313759874,0.0461934525752419,0.026004430784209,0.0489643386756894,0.0263887948340677,0.077528803085796,0.0141245692629163
0.0153890160738255,-0.00460866291811167,0.0493891292653727,-0.0218385076455585,0.0586470136173549,-0.029597668264517,0.0689755172993427,-0.00844896173383249,0.0946292155351217,0.00275752967174595,0.0167747118658369,0.012942642168973,0.0488447123186422,0.0181448717641552,0.0498072763302218,0.0266306240820119,0.0513166719619404,0.0301173582049687,0.0840816805221187,0.0155612661479321
0.0224009056457386,-0.0071404881701506,0.0427692435316869,-0.0259626094289589,0.0535315519275455,-0.0270566271464611,0.0773661372477274,-0.00851641102470802,0.0941355817457245,0.002968374855861,0.0198706366715835,0.0119427351332604,0.0424384707632504,0.0228857784312352,0.0457526408602328,0.0242619071565322,0.0490765520441334,0.0276501213590919,0.0874570741999685,0.0185035712103942
0.00792966417099981,0.00159497120681306,0.0365435845720088,-0.0145840026403454,0.0496378221185276,-0.0313762459315705,0.0630612264646031,-0.0258610647875266,0.0945818575485678,-0.00923548828402252,0.0178012264984046,0.0106760081045181,0.0343606512949781,0.0268068608796872,0.0509836952543599,0.0183639590964583,0.0530299087469996,0.0224348660153109,0.0874904926210305,0.0106530779270955
0.0139810179390023,-0.00691476536604256,0.0429527550477314,-0.0271455237829729,0.059310978496355,-0.0296753170461059,0.0734839897421729,-0.00213711550240614,0.0893484765581718,0.00361545985406813,0.0210075531957715,0.0216841078120513,0.0510754989403438,0.0136558222311008,0.056797421484528,0.0310969071858078,0.0497393982601936,0.0368709211543862,0.0909863162715572,0.0110765934188835
0.0136773540367216,-0.00854453541993595,0.041975955670614,-0.0235147734828906,0.0479707614526365,-0.0310258132340604,0.0689592658534649,-0.0218270610655895,0.0956866161373568,-0.000180854712768127,0.0230579186824193,0.00659491004687576,0.0401709604287233,0.0268001297599601,0.045993612084615,0.0284234134311543,0.0729670091167723,0.0265630203675886,0.0956516209326804,0.00498531786595076
0.0354716326721664,-0.0259560497923737,0.0641640203310468,-0.0272092396536207,0.103431463231751,-0.00757223364998672,0.101605246668661,-0.005289845637891,0.101512396491262,-0.00520775583830296,0.0397812119871847,0.0220088571872345,0.0554231845395979,0.0255609021390463,0.0978753121640017,0.00115994824496525,0.0988786082977969,-0.0017438095835504,0.0989021484317132,-0.00203088960707446
0.00846963571687156,-0.0062442563460635,0.039666289511643,-0.0217089298044695,0.0482666654565349,-0.031749644558623,0.0639387770366359,-0.0246820082056854,0.0851225737138176,-0.00937454312005364,0.00191514279523529,0.00040110241054402,0.0262590802032259,0.0191303147890847,0.0444060272414709,0.0282534491227766,0.0509479733610363,0.0258411707726891,0.0850979581168918,0.0138037758043399
0.00998428128898679,-0.00733919878236596,0.0371663285998737,-0.0282723350759855,0.0446239706029714,-0.035280360219943,0.054754596798193,-0.0299921979070628,0.0869385296243999,-0.00743851753121915,0.00968555957973852,0.00422231119163622,0.0369121581443008,0.0387264360942116,0.0443741438854758,0.0323387239437878,0.0507754301718475,0.0271720787210893,0.0755792814095246,0.0148485747121988
0.0156776702815695,-0.0115832881848085,0.0437582979014268,-0.0245295843937292,0.0531493881322255,-0.0286345495124582,0.0787212960004868,-0.00943189813562781,0.0924120866351581,-0.00245241891773734,0.0227218518115098,0.00790367286841515,0.0441495664961424,0.0169002766135106,0.0490370775358787,0.0248839796320596,0.0527353053047164,0.0296684445028879,0.0789346096713349,0.0110136482491206
0.0221016890892011,-0.00855485610822925,0.0432873018877002,-0.0257316340085427,0.0474254553364139,-0.0300616921607062,0.0773809757031038,-0.012722176945848,0.0921848930441032,-9.17608970979553e-05,0.0254708881752158,0.0106445199969842,0.0453440845470479,0.0184586170516966,0.0478433383015412,0.0260131787648002,0.0592045933077508,0.0336080185807519,0.085402470733686,0.00726390644992466
0.0183398349817646,-0.0112066076527298,0.0424305388210562,-0.026056718272863,0.0477844261727424,-0.0326172227132324,0.0752997281913893,-0.0203942547881116,0.0937953415034204,-0.00609739071337565,0.0258894299117744,0.0162351180004612,0.0500968221750642,0.039863126391338,0.0496757381086695,0.0319612930212103,0.0763614315978963,0.0112532236463906,0.0998326005305362,-0.00449400223286682
0.020005904057414,-0.00455119653204171,0.0386950841499289,-0.0257556698609118,0.0479229485991734,-0.0320598737918629,0.0697298980644546,-0.0207294887827989,0.0861497455030009,-0.00758535128720205,0.0167807491074564,0.00873716584311676,0.0368484570853441,0.0195602308908653,0.0462298892156724,0.0219031078319383,0.0490500414976838,0.0312667369280385,0.0730575343683394,0.018167799170543
0.0250847094843207,-0.0104323110512549,0.043410292668502,-0.0279695453759346,0.0597505629485954,-0.0268567649969231,0.0825640399059037,-0.00326238775456155,0.0898096413804322,0.00358385811312202,0.0269249267015523,0.00415483039246236,0.0322367168021752,0.015145541906059,0.0415996442493464,0.022391660941949,0.0485137517175243,0.0281415738418366,0.0601240445392866,0.0243374727041077
0.0127710989644368,-0.00823243302796994,0.0407832175036942,-0.0234484401436529,0.0576756256929185,-0.0273600222621039,0.0863572038484031,-0.00666951914232264,0.0990904083549384,0.000488431759074065,0.0104386069487334,0.00117664500422778,0.039690429370214,0.0221929638371158,0.0456942242139923,0.0249717262622843,0.052971069356699,0.0301138972369241,0.086874842352796,0.015444808604116
0.0301871106428004,-0.014673382008069,0.0510601447549897,-0.0272668433215719,0.0609742440983984,-0.0216432169810598,0.0855997742478411,0.000728247854003064,0.0914592495409133,0.00196614228161754,0.0106969715916598,-0.00231588304762263,0.0309843873071699,0.0125909596475932,0.0458925307349454,0.0308649064926961,0.0496919954007897,0.0333176613805876,0.0770313051631236,0.0157032268466671
0.0263554271999165,-0.0127564502377519,0.0478406966511435,-0.0262342271988562,0.0515408485275827,-0.0272851894782679,0.0835947893535097,-0.00413265891368571,0.090485641448645,0.00180364530670579,0.0074873784353565,0.00401920376573108,0.0339674024067245,0.0104315549087266,0.0407070087389144,0.0205150126975011,0.0529512007052146,0.0323987127518353,0.0761246623451634,0.0191537993183425
0.0200407601313239,-0.00195744899668585,0.0437972467693786,-0.0211947548608164,0.0461438415753134,-0.0308603881197684,0.0707673775968601,-0.0229792032056152,0.0887221332316972,-0.00511897919981439,0.0132952497324621,0.00946429647649118,0.0410862038607914,0.0248829839702126,0.0428938135014655,0.0270547309177677,0.0530342161388222,0.0329858002603302,0.0723519301715044,0.0192424613286697
0.014649967368197,-0.0072364964078037,0.0422681896972149,-0.0209966896128808,0.0523842244564727,-0.0337061429056417,0.0759956661644633,-0.0193173676429555,0.0948943803846606,-0.00476509567557907,0.00161622875346687,-0.00121684068325436,0.0158108627281537,0.00993650289148557,0.0458493156417803,0.0285707292131145,0.050149243393478,0.0297175246798993,0.0834737529809745,0.0103741494525299
0.0108444920136136,-0.00289803161180113,0.0400040868863635,-0.020437815925211,0.0490115467468536,-0.0338654948509424,0.0642615988985515,-0.0220890275023604,0.0878189078680791,-0.0076634361680063,0.0205695359015041,0.027475818830993,0.0481949699689799,0.0186631585322642,0.0483881310287447,0.031216101613397,0.0803126808121821,0.0193647040489529,0.095516901596725,0.00482925602270127
0.0153726465636065,-0.00913337713162931,0.0385252373328295,-0.0310591064996773,0.0516799475663687,-0.034753769951009,0.0754592099343204,-0.0226979596065979,0.102352537385284,-0.00938651442275207,0.0144126617275696,0.0180097449995252,0.0299525292549615,0.0281857579147825,0.0426108194945998,0.029916879969905,0.0511005813363737,0.0277094410123745,0.0803038500872044,0.0161742941265334
0.0152111708276775,-0.0130709749956707,0.0355072235544761,-0.0258594578613869,0.0468618728095793,-0.027579592144377,0.0651002394116664,-0.0230218511670182,0.0915476800176154,-0.00504997916122458,0.00826701422483651,-0.00614165184009928,0.0118493348404706,0.0021775724782466,0.0355071249245741,0.0160778732411896,0.0534384491849036,0.0305401238279595,0.0719760339283059,0.0171370023378012
0.0165111547596054,-0.00679100433519159,0.0441257131541277,-0.0269123027784187,0.0482199850310608,-0.0320753283431243,0.0763169420066333,-0.025131678119849,0.104926947585703,-0.0114789451251677,0.0146008331179657,0.0197358373627447,0.0387847354755449,0.0373917284215336,0.0459438665799958,0.0308171127896242,0.059741918807922,0.0255930157854714,0.0917941525283519,0.00799723105832284
0.00601810196818112,-0.000287716134532726,0.0368200259908323,-0.016981958524336,0.047516130467186,-0.0291180006715396,0.0769951715547011,-0.0102814781208576,0.0939335840947428,0.00136516520816612,0.0178077782854694,-0.00217711535621584,0.0345864214812255,0.0126742784161215,0.0414219013735683,0.0249679535762169,0.0520516033081083,0.0291527982857443,0.0734936849603777,0.0166720901388078
0.0233071045608177,-0.00626696781119586,0.0417129692637919,-0.0235338646090911,0.0491988759508899,-0.0288135406563588,0.0854346175220672,-0.0130081454511158,0.0961471863309702,0.000973264384405056,0.0150628330013623,0.013429346187834,0.0364580216313148,0.0229700091057973,0.0433822223332653,0.0264249644677285,0.053900910175751,0.0296901441912351,0.0813575435290127,0.0172588471056557
0.0191184181370114,-0.0145250130322686,0.0437663522344,-0.0296621742461124,0.0751142262847327,-0.0156210483989224,0.0931780056148358,0.000102705575316785,0.0964735840945271,0.00583695469897898,0.0201895062550662,0.00719199863255927,0.0316672900482804,0.0165019100245641,0.0477554217444111,0.0312746330760966,0.063194009155051,0.0245752621343631,0.092000843684455,0.00635189667818351
0.0225112448822534,-0.012095705463857,0.0459528934738182,-0.0278427195008231,0.0717704820707869,-0.0241734216452646,0.0996278070806575,-0.00727899827070835,0.0956179309847493,0.00500415730094567,0.024797144908775,0.0064238727521084,0.0411310252219896,0.0211899339874367,0.0530824901777995,0.0303189830635261,0.0638205718801623,0.0230379427010032,0.0923707409622548,0.00347604733359593
0.0387773602103555,-0.0172386304266507,0.0829264109438149,-0.0151189568967962,0.102038168559697,-0.00474497946355066,0.102028457950879,-0.00513699055259815,0.101966101724695,-0.00526014666419629,0.0360418422426526,0.0253766440540953,0.0541108582541223,0.027335416193108,0.0967571615797553,0.000903451381917387,0.0974799837564548,0.000769693419514236,0.100078438137848,-0.00472860440805242
0.0195212118922454,-0.00520566356614321,0.041815265104042,-0.0211846335618018,0.0522219635216599,-0.0295167308139021,0.0710924697621145,-0.0187173054940503,0.0914953233941881,-0.00355276111892801,0.00685992421114596,0.0126906736146118,0.0367542366876822,0.0213862955376393,0.0426096709784727,0.0304958700219159,0.0543893054527466,0.0342037567030522,0.0812421939120617,0.0156906796079397
0.0110207481531058,-0.00994580481826702,0.036465528688941,-0.024036120432981,0.051241336254195,-0.0333109315928096,0.0779092715741456,-0.0184673855512377,0.0914954280917243,-0.00591471900132477,0.0232565282468799,0.00610934276913904,0.0412483197352907,0.0245619399518726,0.0526307218408139,0.0367828265396937,0.0654172969579811,0.0236997338248435,0.0919109405965413,0.0142290448871079
0.0114560783833626,-0.00536813563274927,0.0416515724507399,-0.0203073860401577,0.0489641012237832,-0.0295471101925203,0.0591474455116138,-0.0309799399998672,0.0905604534223208,-0.00820721448840404,0.0186198981499399,0.009481653882398,0.0385270937086722,0.0342346790994804,0.0474061910283716,0.0230681312757411,0.0729621772795923,0.0370147303378574,0.0909117454372868,0.0162026057302984
0.0116943465127469,-0.00903658410058311,0.039602367390409,-0.0225129933198847,0.0483545059239533,-0.0300006595486369,0.0666564813177607,-0.0294216083907737,0.093040760292064,-0.0114282852799726,0.0099882150170081,0.0103677679234899,0.040481935688461,0.024627540275376,0.0452610158593831,0.0310926456925645,0.0658858819718989,0.0365517049406834,0.0917122465192929,0.0142020148265101
0.0308694468178294,-0.00663121731244196,0.0629223833804167,-0.0362592833404745,0.0532449322387752,-0.029165069489495,0.0595115822346452,-0.0299404646993401,0.0929939906983736,-0.0146337181575743,0.0244498909391085,0.0295678037108555,0.0387270653011464,0.0329688884700013,0.0530677725691223,0.027490338096402,0.0967817071447979,0.000197941182058794,0.0982873906514093,-0.00202798840746584
0.0128751671888338,-0.0136683621479532,0.0401060920304294,-0.022047232644799,0.0502080819434876,-0.0318135855989573,0.0738395182243461,-0.0279084102077403,0.096562860927032,-0.0101740758426101,0.0219950295181325,0.00882611843577569,0.0452884466623583,0.0279041805573169,0.0529049800227285,0.032908445209973,0.0774613485043817,0.00967728865179442,0.0970940413019214,0.00412436994847616
0.0251385288552209,-0.00817223210951225,0.0408491109714171,-0.0278871466731706,0.0470000013325524,-0.0327664919003659,0.0674474680626965,-0.0215096273909079,0.0934393677737842,-0.00631143822890423,0.0188838360102803,0.0240492541118393,0.0493696683612559,0.0178649989492752,0.0524889998963986,0.0247825746728291,0.0583695686276093,0.0259484353262696,0.0919949959176953,0.0174359543228468
0.00610435770507552,-0.00499679753972261,0.0330210931118337,-0.0212270057482105,0.0463542406454885,-0.0337291049432068,0.0608332491612447,-0.0193096284177339,0.0850345707911972,-0.00494893250318109,0.0129389104887554,0.0104515253897296,0.0358457565473299,0.0119622172282414,0.0442463644935373,0.0281260742224221,0.0491332595638723,0.0298705238363481,0.0706891757062956,0.0302067935460953
0.0123592380829764,-0.0108696127676254,0.0451994146679956,-0.0363976519393044,0.0451582803545029,-0.0345681312988601,0.0469441760663403,-0.0319067624075291,0.0880505629378661,-0.0130338148342932,0.0168624237372604,0.0300055869866681,0.0415272129011499,0.0534319137120377,0.0509915776123927,0.0398132985111049,0.0710437834210998,0.0188045073385987,0.0937327158968312,0.00163482168330121
0.0274829063164689,-0.0107131312644389,0.0432307379072878,-0.0260318862057703,0.0500130312914391,-0.0304935956784473,0.0864728863821208,-0.00950768272489428,0.0975809528098215,0.00498485046290924,0.0161506387056627,0.0110189485975047,0.0435851104029338,0.0173564318323679,0.0441977893420757,0.0289057344507924,0.0620675961480173,0.0279368178739078,0.0901100955351408,0.0189135342664743
0.0158877273221292,-0.0121081169193851,0.0387959968108337,-0.0229040430800755,0.0495510764345794,-0.0301065609532412,0.0821262609325963,-0.0174354935938201,0.097123972547506,-0.00501162710203542,0.0184617633719068,0.00383733344409327,0.0401443724761954,0.0181623996884071,0.049464223752254,0.0271834200855703,0.0630736415738308,0.0297564578469626,0.0934734715522454,0.00868461771315946
0.0243676013400767,-0.0160925035752442,0.0533034082901048,-0.0319549799258555,0.0489221643530124,-0.025030511083058,0.0917630406176559,-0.0075373816222074,0.0980258897983015,0.00185229160368446,0.000748628340467371,0.0100885022445264,0.0276830605268217,0.00604708664594382,0.0292286422975234,0.0367892128579681,0.0525703500089666,0.0357870189236744,0.0695878934859308,0.0276664305779875
0.0198777339131606,-0.00799886278355128,0.0351724203136698,-0.0209866871555221,0.0443637834097884,-0.0320676500632281,0.0733035428972294,-0.02280177688317,0.0964127605060211,-0.00293580060222179,0.0080005573735082,0.00866243637979403,0.0333469521616888,0.0233668796004051,0.0389525458421193,0.0282897911834326,0.0545642179191954,0.0293371509908106,0.0793326846603246,0.0216753000385753
0.0108514491899125,-0.0117109873140598,0.0461979051592319,-0.0310201019591231,0.051588038307834,-0.0321109362787727,0.0697793378957038,-0.0236506301769818,0.102818088330078,-0.00664115852092614,0.0211476876700727,0.0304953275533526,0.038895331664275,0.0513730977562337,0.0481869809105367,0.0383833020564232,0.0573438914482575,0.0240944504286313,0.0880294522126005,0.0100586492954293
0.019641774982437,-0.0128924414847652,0.0485153703377882,-0.0268698604064817,0.0511793004278918,-0.0313453234717254,0.0885740614475748,-0.00344071552208265,0.0974013108957415,0.00219971233262797,0.0240606903255075,0.0144834572472322,0.0440570845261496,0.0259262482367182,0.0505038380988277,0.0308281864581209,0.0823475112873669,0.0128337084780253,0.100034514720923,-0.00622101479064216
0.013606244778716,-0.00975099875462101,0.0379189681717642,-0.0252526489794021,0.05468352315888,-0.0279341326420742,0.068102745659064,-0.0174310354409659,0.0895117845159557,0.00205743864585705,0.00528962723083427,-0.00286183005655868,0.0389224435889874,0.0041837977846452,0.0481061952874309,0.025228232358118,0.0614544996192566,0.0340332701452562,0.0865702744196432,0.0125478524388353
0.0338018640518875,-0.0140293166943227,0.0498321789643724,-0.0330293836715669,0.0611053523352262,-0.0247912435272845,0.0862104079353556,-0.00467088943430891,0.0988256619706285,0.00361466324970499,0.0343276951050412,-0.00609017657051816,0.0418906518497201,0.00463790152649187,0.0473672244480259,0.0258987014828379,0.0588598000788585,0.0331358685707106,0.0949033863339741,0.00863012753724656
0.0202323356673801,-0.00829260306808948,0.0436466919099341,-0.0273914670354648,0.0522350714988134,-0.0310941324325271,0.0771919092313633,-0.0100585810067037,0.0940614048064441,0.0051381257069652,0.0141087604346322,0.0103309305902367,0.0373985930492205,0.0126817748082501,0.0422746201968861,0.0216350076448601,0.052001494817431,0.0293244513341533,0.0645972776745597,0.0330350931803149
0.0111065631532691,0.00135349047465964,0.0485394196162789,-0.0198758335623534,0.0474332325734049,-0.03077219033391,0.0663496709718679,-0.0283052539218685,0.104211662471579,-0.0129329171106726,0.0250791039786887,0.023890664424349,0.0389039975872899,0.025460239120834,0.0518726040960576,0.0139631401504984,0.0682550976340981,0.00246622787233732,0.0966388774213165,0.00809489148286474
0.0120678607118891,-0.0103261367604777,0.0442539125621929,-0.0262993058977824,0.0543614584024098,-0.0322430056613735,0.0710350002581882,-0.0192505336028134,0.0938109588843119,-0.0021425864646309,0.0133155359121807,0.00789571485965196,0.0470946390609333,0.0230748667388501,0.044776938871643,0.0260670421327522,0.0549000459608757,0.0329287401143484,0.0930619638453904,0.0111957192220255
0.00389645052270581,0.000381972542371837,0.0109841487854849,-0.00159062850506091,0.048286679422315,-0.0269635003090667,0.0537731423374238,-0.0334965604881798,0.0860807226625465,-0.0162279179188191,0.0238016214007058,0.0211335152699027,0.0394585278127,0.027295182211732,0.0496855411096795,0.0247481636714237,0.0625105463797278,0.0165646870442,0.0863565152998474,-0.00190103948968477
0.0113408874490116,-0.0120461680332373,0.0477181688572399,-0.0259830283508695,0.049353300068229,-0.0300881803438262,0.0756271078112028,-0.021164721094095,0.104311238553693,-0.0100517048806774,0.00355437309073591,0.00165352572940453,0.0325934987181868,0.0119867805530191,0.0495934141867594,0.035330637354835,0.0574229918135927,0.0266787788105485,0.0976371760604671,0.00501176063444955
0.0119741493988378,-0.0140110748984198,0.0332644647480337,-0.0227277594059613,0.0479105487072645,-0.0272210893859279,0.0539416963642081,-0.0264775999826837,0.0870220330757952,-0.00609015909488458,0.00371566320894536,-0.00232641447122183,0.0380655900006326,0.00344114056299201,0.0416046032858781,0.0289560426482188,0.0511076840368194,0.0357967273050395,0.0729354340802314,0.0226582662476968
0.0183781140606336,-0.0169507768631725,0.0510875161620032,-0.0189607188750425,0.0514062981868228,-0.0259495512425156,0.0568709327729921,-0.0307775015436395,0.0956747648407,-0.00784177184499202,0.0160185340779556,0.00831889924464231,0.0464995348533555,0.0318996568105093,0.0518764035930893,0.0296717942149089,0.0709958085724035,-0.00177374471764367,0.0980279275444886,0.00339550933773946
0.0174601378259037,-0.0111788692702802,0.0436524757220929,-0.0226964388991245,0.0501806389221172,-0.0298429473430924,0.0718540918163545,-0.0262089078682683,0.0998517988014242,-0.0118773465665115,0.0135420301785202,0.00782070465278095,0.0417340296601729,0.0252934718385429,0.0521760879391326,0.0372297802058843,0.080067573477535,0.00689981516077929,0.101338176943789,-0.00603815859783781
0.0077040536675693,-0.00929712804024059,0.0381135164790628,-0.0234079921542451,0.048019825515616,-0.0315986787996225,0.0573063367152377,-0.0306385408609803,0.0897359257199743,-0.00924308543659882,0.0322489515742733,0.040847069675266,0.0469472965630388,0.0510542616020769,0.0801911119520444,0.0262699251936654,0.0919816505235141,0.00918934975033242,0.101593727807077,-0.00856626611045287
0.016299278624804,-0.0111725705562271,0.0362597832341102,-0.0230026572309628,0.0537078628282411,-0.0309741838592677,0.0598436769077905,-0.0268861508828618,0.0951981073207866,-0.00922531593223453,0.0189790842922756,0.0241790830659258,0.045113596372,0.0449036961476598,0.0504506012141702,0.0315403738408584,0.068749117241061,0.0159642091487542,0.0973015712063169,-0.00127931887201366
0.0148682850783573,-0.00464663057617075,0.0447915863724235,-0.0210126324411517,0.0497355263700125,-0.0284081647322019,0.0554620768794154,-0.0239493670946435,0.089627103205696,-0.00574809768052389,0.00796113379865834,0.00861628955522889,0.0361421002258628,0.0134839281023414,0.0509618436699514,0.0243506688842444,0.0555148348223342,0.0290390651208976,0.0928594584454581,0.00876940363686738
0.0201320441457911,-0.00250235755713519,0.0428499533327965,-0.0209401037702253,0.0476706251950514,-0.029350959314707,0.055763357430884,-0.0282962758549832,0.0893345765468606,-0.0135772739050844,0.0154685884940727,0.0120433112473649,0.0420173110810709,0.0207779832816779,0.0477628350955333,0.0274048531608281,0.0582290389336506,0.025555507608631,0.0977370327502703,0.00678930654735503
0.017344013765281,-0.0122656748361428,0.0416888780507684,-0.0230024849109679,0.0510114704627106,-0.0271626706533286,0.0525661535356331,-0.0298600136079382,0.0961912686793736,-0.013705213624167,0.0158839011410263,0.01354443541197,0.0435706779546719,0.0183676636712044,0.0504499515841755,0.0304786493312377,0.0534889282027024,0.0292335692568976,0.0818971416894113,0.002830821751398
0.0155846489526948,-0.0125306806524568,0.0428041425302618,-0.0277353858240682,0.0519735503860911,-0.0344246790559235,0.0614249653308582,-0.0249041756015826,0.0941017482095846,-0.00595415496945277,0.0196928130203888,0.0155463386124561,0.0501443966451903,0.0467130197431815,0.0470998393266785,0.0352000927251388,0.0724206439763907,0.0100683256663188,0.0945275454222158,0.00481989762667915
0.0185928444837798,-0.00544751113461868,0.0364191813259006,-0.0229672453038279,0.0502974714998322,-0.0291399638324311,0.0740843950308035,-0.015962230673297,0.0903888351026098,-0.000764217380485066,0.0125310821512899,0.0145053164952001,0.0404714182551926,0.018056991420553,0.0523509301400596,0.026516689328767,0.0567875678976725,0.0316593942465911,0.0809970511094867,0.0207613836597369
0.0134076960870617,-0.0106143811494211,0.0390810621727818,-0.0220410348879917,0.0498910451691575,-0.0293100621002787,0.0718202513799678,-0.0185637247003704,0.0883369843094221,-0.00369882172771145,0.017241514842177,0.00418127728530742,0.0440129939350456,0.0235901547661636,0.0459704688060089,0.0242334787660315,0.052430605470664,0.0322693876047451,0.0847609679148748,0.0152301578839466
0.0170557539741547,-0.00948929574734218,0.0437829526862453,-0.0223690577080198,0.0463999241507273,-0.0314759270036597,0.0723854312501033,-0.0213820626739684,0.0934782570582186,-0.00340626669711398,0.0201987773808183,0.00743379500998723,0.0457675832352853,0.0238839928441062,0.0454528529923028,0.0307678649567632,0.057896583112802,0.0233831416957824,0.0913541423518215,0.0109567512298008
0.0154578804460187,-0.0136273189535375,0.0417268750812323,-0.0288381356717215,0.0519397962331765,-0.0302574519357177,0.0753540073741635,-0.00294521520241531,0.0960712287540234,0.00134938495977899,0.0269875635600754,-0.00139602524170695,0.0407527234992825,0.0174029676839637,0.0475427197418463,0.0286827071324049,0.0544725509448103,0.0326536018404982,0.0829545133135721,0.00530579114704641
0.00436221519397191,-0.00145794767073878,0.031798656186968,-0.0108330652972036,0.0447145818763692,-0.0306982526958737,0.0615104728839955,-0.0280897898469188,0.0924113360356824,-0.00566888800293212,0.00656112205292733,0.00260960031435369,0.0444524823059603,0.0225588209091967,0.0481346367005567,0.023036475796411,0.0524363179906727,0.0290868183129803,0.0734263747384832,0.0240777980273001
0.00932050520243846,-0.0161323778274554,0.0436830693858315,-0.0327482631584407,0.0489446588539587,-0.0357457368129893,0.0739302807231583,-0.0220357588872868,0.103164714365031,-0.00877971531130885,0.0259300970581778,0.0202665919567343,0.0463413804193788,0.0528116420614693,0.0456062504518992,0.0417218395615726,0.0539055758150589,0.0300828130366609,0.0776409734449262,0.0113744823241839
0.0241887754688467,-0.0157055483464783,0.0437674792535439,-0.0299470042345691,0.0620384259197673,-0.0259119648151736,0.0907838328494559,-0.00517557174218291,0.0990393180193189,0.00150373362052758,0.0232500097713278,0.00881355928764744,0.0400071906117959,0.019127071277969,0.0483990660208119,0.0234572960293276,0.0540312395558466,0.030318581824441,0.0738767579121654,0.0168436879719298
0.0121197246808443,-0.0130728820735098,0.0375402780257775,-0.0222708603938449,0.0530734054275982,-0.0302854893463623,0.0609985615953749,-0.0239901303188396,0.0855525631244057,-0.00628268371627008,0.0192917429835366,0.0100759357503797,0.0450394136184374,0.0179073776329199,0.0503760170709736,0.0168277963155878,0.0532249792441726,0.0275159945768919,0.0695109556767143,0.024555488337333
0.0241231342121667,-0.00561481673255044,0.0402087985992664,-0.024550772748036,0.0476716505996845,-0.0339783125090661,0.0686508870920181,-0.0181437568046378,0.0984756216433392,-0.00753481616535363,0.0232209210038949,0.018865870443274,0.0438751984895233,0.0220978140535417,0.0501391766963211,0.0168153728229021,0.0511753018111471,0.0305905180694037,0.0807134058367589,0.0229963389152067
0.00315083587317521,0.00168078274990708,0.00919539575539836,-0.000812383280338914,0.0388099977834422,-0.0241391890709487,0.0508160705242421,-0.0310174843324067,0.0916321447585877,-0.0124239115392668,0.0200856681141711,0.0150044538143182,0.0448232695769894,0.021133402462566,0.0509262932216314,0.0326533297667689,0.0596606547230186,0.0210096905520178,0.0936224266600474,0.00598300432599978
0.00921578984687837,-0.0107376702332336,0.0391841115956205,-0.0194322406075527,0.0514379500696819,-0.0307188141204695,0.0686195606508251,-0.0215137375101945,0.0886718745081492,-0.00360014050998832,0.0126083457617735,0.010626256270098,0.0426406402138642,0.0218658871095007,0.0518780092968617,0.0287720768217628,0.0542393309639121,0.0342079251679015,0.0898500889713579,0.0122705159151779
0.0141726308941138,-0.0102244846534097,0.0475975427929515,-0.023794488313644,0.0514335936167617,-0.0290091824490075,0.0672882300180398,-0.019299900951218,0.0926888894977205,-0.00288302575381404,0.0138583150475604,0.0098981559919766,0.0464080824005802,0.0126542687602461,0.0506256352058017,0.0283427006250703,0.0546746269325746,0.0269078886840452,0.0914047936274753,0.0155161808189396
0.0197748996206141,-0.0114724936321452,0.0437952891666219,-0.0199783445174887,0.0475331403239628,-0.0284491079253034,0.0672672205725205,-0.0253083547433607,0.0984857967395508,-0.00632086750302759,0.023725686561763,0.0155891251042966,0.0450290727597245,0.0294638568797224,0.0494917194709068,0.0259046548001489,0.0917649590110558,0.00325444327749586,0.0997789489953289,-0.00205202266097871
0.0135926248212243,-0.015148900748842,0.040666926602542,-0.0259448553786058,0.0522617180757967,-0.0301223302466339,0.0739785629446866,-0.0115340352568544,0.0884589102754858,0.00274582350586969,0.0223423986275662,-0.00230801558684893,0.0454771990206115,0.0147429122924827,0.0482832815186036,0.0272734934057079,0.0573880182763095,0.0379932802070076,0.0747939268221433,0.0179019294599917
0.0106461315151481,-0.0136807570142516,0.03684629696693,-0.0253818955074935,0.0569685162098457,-0.0262620425266681,0.0808875947740855,-0.0176159829057222,0.0991242494569889,-0.0043905834393752,0.0205365771350787,0.00660124105685731,0.0441352761978386,0.0237270810146191,0.0543505382671734,0.0316118494201616,0.0801937030421854,0.0110876418373087,0.0952964925661075,0.00670908074750589
0.0142187086782408,-0.0136466446540652,0.0504268510183915,-0.03497125134715,0.0527013925656038,-0.0338801142395504,0.0733404274411962,-0.0192919760664431,0.102340084024231,-0.00687665536505436,0.00255055868956697,0.00350855241897599,0.0327896110359785,0.038079498910873,0.0447330187886898,0.0346732885704197,0.0613562896994436,0.0240578579171214,0.0875371638301895,0.00150020799758445
0.0326410161343453,-0.0117215143999081,0.0473224244999755,-0.0320855891741176,0.0821797899622613,-0.0149023804019444,0.093391905713315,0.00227690943526549,0.0955586536374165,0.00623146340782687,0.0267778805489568,0.0155440326458503,0.0481866391753039,0.01987684675917,0.056550347089103,0.0215005771783936,0.0549329264717775,0.027836953140738,0.0595517445006881,0.0267904042806471
0.0149765990818359,-0.00729118639286018,0.0419908994075519,-0.0220396764914024,0.0488682186415804,-0.0292911744876821,0.0568301464948332,-0.0270786729766446,0.085987002661042,-0.00712676633274873,0.0113624179236963,0.0108974686760498,0.0380169612714982,0.0170767966831914,0.0458197002675577,0.0239923278894271,0.0511529108163557,0.0298180962373804,0.063630020691344,0.0243538130928911
0.0160270803159399,-0.0106533909537655,0.0413906037947142,-0.0227099017716398,0.0484019623501494,-0.0298835644788187,0.0593548887667835,-0.0264669403406343,0.0896333162719125,-0.00760347392191406,0.00688960425584179,0.00343096820925837,0.0336813993806187,0.0143001075894837,0.0453053918053787,0.0280663811663412,0.049854120364993,0.026960850143939,0.0690446472032747,0.0279091831848812
0.0112642485764281,-0.00893232609766012,0.0344532197483838,-0.0214152229474154,0.0477738560752541,-0.0311576163431492,0.0679701368056685,-0.0243251507327458,0.0923723481361894,-0.00957356337878775,0.00659027776563335,0.000660284081349031,0.0223130768301901,0.00789051421357512,0.0398539195063201,0.0200629657404916,0.0489069230617615,0.0295304291869683,0.0737826365698986,0.0230773136930572
0.0112360519878799,-0.0101330201639984,0.0456465845991138,-0.0284738233041579,0.0542807375026508,-0.0400076495870596,0.0739362914839257,-0.0150607878908631,0.105356115743618,-0.0112053554631578,0.00625933262122816,0.0127170041864839,0.0210304096526139,0.0349023669023682,0.0364125248025216,0.0443913224676932,0.0573970782683169,0.0269579885499339,0.0824832933572016,0.00978643380465268
0.0227413201465198,-0.0091110533540044,0.0473230830234269,-0.0253083521480338,0.0531522461862471,-0.0276630729534625,0.0896871941168999,-0.00403342619687382,0.099824542551622,0.00272279459765242,0.0260546854692532,-0.00058467333321291,0.0428514063331292,0.028336367908355,0.0467394758569786,0.0233168340348501,0.059179360319736,0.0332112630014036,0.0934467565329149,0.0145751520409218
0.0213529020008263,-0.0088407755606262,0.0424936232781223,-0.0238067077155443,0.0520636601436547,-0.0298877302640172,0.0604620008916395,-0.0287550929438878,0.100082463167187,-0.00896125091407424,0.00845241804085719,0.0067084676213389,0.0360555141888852,0.0166259231180074,0.0485879523971056,0.0339399935699164,0.0549244433702861,0.0213357666106521,0.0789554912356688,0.00427680239053172
0.0218039088017001,-0.0117910513575291,0.0421577825172153,-0.0248587056305844,0.049322580985523,-0.0307219246470915,0.0743627482037572,-0.021487873562649,0.0996097060404172,-0.00702732637817033,0.0249793026977027,0.0166142190486428,0.0463984264758238,0.0253284912847112,0.0500607005000755,0.0277159155018552,0.0741602883166597,0.0098071588946179,0.0994477658717381,0.00068013184309918
0.0103821310366103,-0.00937756998113505,0.0427567366375993,-0.0226774825103194,0.0498984154963836,-0.0276058364157741,0.0534478316674672,-0.0302409273814654,0.0909500526674242,-0.0102628163566126,0.0228939683619912,0.00849222122104962,0.0511571848062221,0.0383304913413079,0.0509262218753807,0.0195997047558566,0.0795293467214273,0.0106876401307383,0.095554060184732,0.00744944111693133
0.0134525653243389,-0.0132386066640832,0.0384168877658085,-0.0222618567328044,0.0490326609248791,-0.0281702173717553,0.0579338037713164,-0.0274760406365315,0.0867824911375796,-0.00918203541052163,0.00188132674918666,0.00691219274478275,0.0187118810638431,0.00583456883601932,0.0432035604284898,0.0292207099128467,0.0574134965658383,0.0219934989759338,0.0937932637066273,0.011968650884317
0.0041775204582423,0.00113363233311627,0.0159993927534446,-0.00992676037388119,0.0436855577296762,-0.0235816063035605,0.0514406557513766,-0.0314540161414366,0.0836996170979188,-0.0135954061792715,0.0212870492423492,0.0153582628048742,0.049218131521125,0.0228285813096786,0.0557308749691001,0.0253156138494601,0.0675381165363778,0.0331069591038822,0.0934137551415082,0.0114072451783462
0.00998016030696221,-0.00870213349594082,0.0438265221251895,-0.024447755463469,0.0558197201683241,-0.0379110368039333,0.0662320644345187,-0.02490762143537,0.101302221014698,-0.00622867726981514,0.0319729957660259,0.0395205808700602,0.0464515849214587,0.0473042195436653,0.0673524095414147,0.0223049149203489,0.0995217979052778,-0.00375118298814453,0.100416515405439,-0.00620778733493669
0.0127839473807978,-0.0122910084681385,0.0471524352480081,-0.0209497838033047,0.0492364204365218,-0.0280164019281025,0.058465311211013,-0.0219472187824202,0.0874639194162779,0.00416898934094256,0.0257225977129203,-0.00147004080184632,0.044333779984369,0.0207127952717903,0.0432377349133345,0.0243419255345424,0.0533834714579995,0.0335043341257927,0.0711512403456512,0.0218946376418979
0.0330788051709861,-0.0111221513943665,0.0488701194938992,-0.0327137195292108,0.0845301678994779,-0.00798171833141797,0.0964421308518982,0.00264165665788739,0.0974645658167689,0.00382443804498358,0.0178798833924823,0.0210663546341955,0.0422180864693589,0.0190635913876864,0.0553768771827645,0.0353501407340188,0.0535270014874092,0.0330733176187302,0.0682270224108157,0.0183057748612913
0.0155909639919668,-0.00729604505710569,0.0404585640583268,-0.0234034012616893,0.0499909190585053,-0.0304332678394119,0.0763643138053575,-0.0192687458226521,0.0906697118389835,-0.0062286696241587,0.0281647953291561,0.00127465309015846,0.0427640870989034,0.0167495143279077,0.0524989151406893,0.0276558086790842,0.0543327929432715,0.0300966671248505,0.0887581757908066,0.00562011036568591
0.0241824455964094,-0.0110210908447781,0.0476727921851446,-0.0291600712165176,0.0523770063838634,-0.0268298251782498,0.0839137981845811,-0.00416848353800725,0.0951157127859333,0.00403257997137566,0.0243818292216338,0.0051422262458644,0.0409709688775251,0.0142164073257105,0.0424151996898704,0.0242019781785063,0.0537123331085542,0.0360184825710739,0.0706433798075042,0.0211801817820085
0.0172191184064432,-0.00536186102712444,0.0553721158350407,-0.029507670827221,0.0523376261772921,-0.0300390574288554,0.0672938154421124,-0.0160571017467789,0.105476001712877,-0.00930452896295834,0.0105802216616449,0.0103039359045651,0.0413330833777312,0.0445446747088469,0.0506783960456236,0.0341114989263934,0.0539823652140863,0.022411202385662,0.0786248953346641,0.00433621657611141
0.02418808873757,-0.00788767088351693,0.038666448591905,-0.0249949392038476,0.0510519002833097,-0.0300694106592092,0.0651490180285069,-0.0152629490291889,0.0882334515716781,-0.0020187338412236,0.0149523346917639,0.0141681463864867,0.0396027627678622,0.0166919200828182,0.0454693711861567,0.0278307718634379,0.0507556543310544,0.0348209155143539,0.0826908366814726,0.0138565871334662
0.0195190472774333,-0.00387982689884579,0.0392191084632415,-0.0280448758650484,0.0511268358319255,-0.0315268389692621,0.0688780687184263,-0.0206185612881963,0.0991221446986429,-0.00766714446011879,0.0168703783400082,0.0210358862368215,0.043055436289863,0.0179418962785842,0.0479282454918108,0.0306295754891017,0.0626573010948735,0.0206899109048982,0.0960320569108506,0.00481377218248066
0.0161605932655441,-0.0134705867865446,0.0381256594328384,-0.0253265826987599,0.0507644554562416,-0.0310974379507816,0.0691649269158891,-0.0195982906466537,0.0864269501730375,-0.00371752385415996,0.0235411390570507,0.00549450598199524,0.0436670566632781,0.0228556722972795,0.0451545318888444,0.0285904038736816,0.0657230712899914,0.024926970245462,0.102857666906853,-0.00922767825006579
0.0174443138608387,-0.0168570917563644,0.0418227791006052,-0.0236244026791567,0.0550305292636607,-0.0307983732227453,0.0709017829057279,-0.0144975243249193,0.0953650068641747,-0.00683116166254336,0.0231939624950049,0.0105274592353121,0.0442967853428605,0.0278366056546293,0.048997014606998,0.0274893099383473,0.068038309745559,0.0260694329674702,0.0977899295218082,0.000478606214047378
0.00455001361429383,-0.0048655931363789,0.044220543201662,-0.0221824182024987,0.0563372639332341,-0.0333971374461881,0.055127852605249,-0.0289755635064935,0.0840331358150263,-0.00152107481433673,0.0169933700369562,0.0142607516299217,0.0457812453886635,0.0510523838631912,0.0475902819764883,0.0370719403609336,0.0677912336045041,0.0154161037592122,0.0921846169700943,0.00564093521611896
0.0167732865018341,-0.00449294102317999,0.0406074884017917,-0.0208118167545299,0.0516774240252671,-0.0266578731072251,0.0565444618763703,-0.0242083904987915,0.0849219679121574,-0.00474507712689536,0.0176589505723367,0.0101517857227978,0.0449457856026195,0.0189892169460331,0.0487443730945732,0.0262902223738294,0.0488388082301564,0.0267294880573641,0.0800440652686795,0.0130195064049403
0.00539657604591301,0.00122053359534158,0.0373107871582492,-0.0120470500042897,0.0482461437423121,-0.0266392431966209,0.0520528429820049,-0.0284061425305965,0.0879872763233313,-0.00892028113392397,0.0287340787330329,0.0195576420946844,0.048145246375311,0.0284470599775697,0.0504802285964378,0.0289519733371559,0.0677885492468997,0.0103332971590978,0.0959889500640823,0.00355845239626256
0.017661850126923,-0.0126041141183737,0.0418396672108413,-0.0221566030510076,0.0537211704325284,-0.0295997976689938,0.055533646187669,-0.024234486339404,0.0914090037531484,-0.00461229537554735,0.0249920603188536,-2.15860383549014e-05,0.0502320312634591,0.0287986703828293,0.0517693312457664,0.0250175674020639,0.0611561492879872,0.0178355923716293,0.0943873759976823,0.00965046317856844
0.0180139423483926,-0.0100341827774504,0.0433366166529078,-0.0246864972826127,0.0493839792300923,-0.0296490268875161,0.0606109280707923,-0.0183486990935957,0.0825032796125155,0.000914958204045895,0.0355653921180416,0.000107427825589652,0.0466458382148774,0.0227815912248485,0.0508767788722469,0.0305889581531949,0.0652875566815091,0.0283763159196044,0.0955118603943465,0.00582882638803529
0.0466666605460907,-0.0222137530323781,0.0504276921061151,-0.0276245173724789,0.0985259352878005,-0.00315997787887461,0.0952153738014572,0.00363676052372261,0.095537740508132,0.00353165983150037,0.0336413056816164,0.0504874095307683,0.0500678212165955,0.0308448379856018,0.0857249754455383,0.00583061229032808,0.100190579863846,-0.00464818049705255,0.0999695002120905,-0.00399933382758486
0.0173332211717761,-0.00654704845644229,0.0485485287142165,-0.0209988169848227,0.0489165313548308,-0.0282965016671721,0.0566633568665692,-0.0213686043583863,0.0831689811407843,-0.00260192740310218,0.00479022671744599,0.00294756315265824,0.030795054024667,0.015596502527706,0.0515328785344354,0.0256849615016078,0.0485924267602929,0.0269686556359682,0.0638404226841996,0.028077104397565
0.0147137165722683,-0.0135159075402027,0.038827607808479,-0.0247146053820801,0.0511557412476978,-0.0283144464645715,0.0674552432950223,-0.0189172435494076,0.0924292820198118,-0.00567530229667773,0.0158429350160831,0.00531956952439467,0.0396933104554824,0.0233948664808124,0.0466973133944652,0.0280018276605442,0.066054514255963,0.0186064137156771,0.0948509211518788,0.00849931107007432
0.0121199925653368,-0.00883007370445943,0.0374363430802214,-0.025641792662504,0.0419978825601066,-0.0316064162487091,0.0545284953519697,-0.0306376982815337,0.0926465963001915,-0.0117254324568281,0.0225209841533708,0.0216707575575032,0.0382845565038683,0.0378971645731396,0.051526563492102,0.0257001346601786,0.0701456348853159,0.0230155814584476,0.0953761731467029,0.00585199675281075
0.0219880509109098,-0.0113695263364797,0.0461946774516931,-0.0279336510720669,0.0494447262020835,-0.0324316570973504,0.0878489928308618,-0.0160343290517197,0.0990699846956873,-0.00672680790249419,0.00939147283578724,0.00978147207393638,0.034483649196502,0.0393525852593514,0.0462388980986965,0.0294054364871717,0.0517160888899831,0.029015187244944,0.0773778207300418,0.0175523122085286
0.00961859271022464,-0.0080577532891564,0.0405060404964665,-0.0231807325936641,0.0498205018596593,-0.0314380761177217,0.0567901880957874,-0.0252510735672578,0.0943694218726702,-0.00890769485356877,0.0168868392331465,0.0120697183631653,0.041983559120781,0.0383956293217589,0.0495525806808446,0.0309187086505385,0.0645137615209332,0.0205145299936663,0.093076017552567,0.00295600425001344
0.0144775979512322,-0.00906126190945993,0.0414913603062383,-0.0290018850910998,0.0482684895469973,-0.031030822735558,0.0759205074979317,-0.0160000450509374,0.100901653661696,-0.00617815364288091,0.0306775297881296,0.0254981320329548,0.0479303162186584,0.0256204418861227,0.0507702172889843,0.0298014979627027,0.0610739820588314,0.0202028017072624,0.0939374070419459,0.0030908112257784
0.0183591648751583,-0.0111263363810945,0.0472679235438433,-0.0228720677550089,0.047906615917706,-0.0317307994168955,0.0687333746201554,-0.0173613082880926,0.0939696173625564,-0.00760135866648059,0.0106426102199296,0.0115377710159305,0.0351997973450152,0.023352502024284,0.0430739646657617,0.0297533714402527,0.0482463183174756,0.0312052945960318,0.0712547939667439,0.0115039002840279
0.0188142693545026,-0.00719115603671413,0.0418919539623987,-0.0297985097985843,0.051567149338764,-0.0336287196312908,0.0901770057137369,-0.0113813118964376,0.0947067314790259,0.00394131875746801,0.0119505393274658,0.00709033776258528,0.0353728395713164,0.0292977581051703,0.0482369041864812,0.0261003366041587,0.0527703754082045,0.0302495730690272,0.0766516786523238,0.0142801889287013
0.0192613730179088,-0.012274830907663,0.0491457570592687,-0.0250418353117356,0.0496422920809567,-0.0305859080849755,0.074585983351223,-0.0178900780374631,0.0940460910907467,-0.00827202090702601,0.0173300073103041,0.00893377094855436,0.0422983430181563,0.0313039286954085,0.0511820819164167,0.0364924332944069,0.0612574685164231,0.0245369842964201,0.093210347104643,-0.00234324905800924
0.0230197403032572,-0.0113225203185966,0.04899294064722,-0.0292798587038804,0.0481992443578185,-0.0307163645020292,0.078322045736319,-0.0128272993998417,0.09479944285838,-0.00608794232274092,0.0211007699777246,0.00690640123929859,0.0463235347387406,0.0258471099992317,0.0514779064453394,0.0315233864985024,0.0542398478492187,0.0279968769279564,0.0843765895566436,0.00527985095149018
0.0106844751882101,-0.00905405593418357,0.0470780272231578,-0.0238934954072134,0.0499313905637418,-0.0298533086108089,0.0551394108046986,-0.0260842916542036,0.0918738967538245,-0.00860012655396931,0.0227376684951819,0.00551129679828943,0.0464703061918053,0.0287914088513009,0.0485710087261202,0.0308536107000364,0.0635137347168293,0.0176806798855519,0.0880934538620168,-0.00370300298864394
0.00758595996581632,-0.00420659712712965,0.0343153258774407,-0.0170920901141275,0.0496187867160889,-0.0319312525052574,0.0529040246055923,-0.0295580829152299,0.0845542764559999,-0.00939445737966854,0.0131106296606494,0.00099429265370756,0.0354982264650519,0.0133901339502923,0.0502463063165853,0.0332888651088455,0.0557944728002369,0.0260551276148524,0.0844048278669101,0.00540255639621161
0.0112538974438758,-0.00898873888610887,0.0292049846894143,-0.0240936199979483,0.0467768858713084,-0.0292978370013603,0.0623510207492206,-0.0299553248179292,0.0928873575215996,-0.0133171475833528,0.0196824077053131,0.00331571391002409,0.0435827195937071,0.0202580467069986,0.052289372393469,0.0298847949793518,0.0592770239658127,0.0215275808194037,0.0927058382570548,-0.000857827568442326
0.010633081521713,-0.00766287139201885,0.0289705445457067,-0.0180985296984367,0.0442566503294248,-0.0321915722959774,0.07142667082014,-0.027438687279297,0.0908422212960985,-0.0129966798166032,0.0145288994133152,0.00139911727619447,0.038404783483476,0.0185523652302355,0.0498477469792817,0.0306801257676194,0.0587501501492501,0.0305508410834815,0.0893619689348712,0.0112136639178101
0.0166356304320872,-0.00885544685381352,0.0364179021756618,-0.0255863170627788,0.0482492133726119,-0.0295157121379723,0.0625694191510806,-0.0243918090061792,0.0982303945681333,-0.00736007478090698,0.00847324421324152,0.00272087395292981,0.0334615190143935,0.0230826316741639,0.0447851682589175,0.0341569358929113,0.0564810049059938,0.0237279928548193,0.0913150124663826,0.00585023599868688
0.0133915503178318,-0.0125208900301787,0.0415594847898602,-0.0244982672231681,0.0496237675827712,-0.0330093309858617,0.0596102337761813,-0.0259047177650194,0.0953559169193621,-0.00806659305530369,0.0132417430164043,0.00213626367804929,0.0440164646873813,0.0237346619848367,0.0535999335984301,0.0400313731147662,0.0723020992374426,0.0197811188141271,0.0984536615769083,-0.00192458089568732
0.0183556990424007,-0.0125570124040799,0.0449101629800225,-0.0238217566193713,0.0481391222724541,-0.0297210488688338,0.0668928400073881,-0.0245348513720991,0.101458172798112,-0.00749340432959867,0.0147323727387627,0.00794679263862971,0.043110210959769,0.0335977084405727,0.0543933133948606,0.0329089002249687,0.0794032758822389,0.0198024530624134,0.0951004351676169,0.00657935806225371
0.0136202635276258,-0.00830468621852937,0.0431474813559355,-0.0179985774183433,0.0451402283735337,-0.0329029423345858,0.0507136292262627,-0.0286593709135025,0.0897823926271605,-0.010104955984611,0.0222193936406549,0.00655567291290318,0.0435693125856236,0.0255724345200415,0.0502509915980898,0.0293875764003775,0.0729739928338937,0.0186425540024199,0.098237213562537,-0.00157371435278952
0.0164641260384648,-0.00763810894159894,0.0409008917781087,-0.0238971048847418,0.0467499468493546,-0.0339274528810516,0.0640601840430327,-0.0237299379201243,0.0912036543090515,-0.00754660031076912,0.0363618160590733,0.0136240079536771,0.0486681605986614,0.0316332847942775,0.0581052713544408,0.0295012681564161,0.0832488308082355,0.0120284914488917,0.0948536669873497,0.00570348624768516
0.0103394124876797,-0.00701527999020884,0.0458773121163486,-0.0190435119871705,0.0489091867933114,-0.0278900405734589,0.0490797324983722,-0.0282251186795277,0.0815381925201012,-0.00808761732516573,0.0202250410787985,0.00624609413358644,0.0416215727080134,0.0241720296806584,0.0489974915036589,0.0272907088736898,0.0638967182276838,0.0219248334320713,0.0882540301225444,0.00698128367710857
0.0159519177309952,-0.0108513322711613,0.0448923079515409,-0.0245342069240039,0.0461227416686224,-0.028263372708997,0.0525242348626819,-0.0277340164281643,0.0958510073402513,-0.00866651630189974,0.0122675948656734,0.00434765487001764,0.0368393339864371,0.0208737278464558,0.0482428490498665,0.0300213498571316,0.0688510429311942,0.0225635156410311,0.0931830981760173,0.00712997332976594
0.0125976920308758,-0.01159910693682,0.0433022914333879,-0.0247890810329592,0.047007706929891,-0.031193583350917,0.0548223098101313,-0.0280825674991099,0.0927478088084463,-0.00559373682822128,0.0185274368739066,0.0113569230141813,0.038128864016826,0.0284457274700635,0.0511358556723922,0.0318426043617477,0.0723605292332098,0.0224493718038884,0.0946758229548398,0.00712738744611091
0.0140437289219794,-0.00839864032321636,0.0421888980132243,-0.0220626943007133,0.0479228246485581,-0.0309629196752359,0.0601047029519355,-0.0292391443843199,0.0932355538718203,-0.00971095112121064,0.0142196790646226,0.00751134193343661,0.0428090283335993,0.0291615280595016,0.0531637653671038,0.0268333113516211,0.0708329069930689,0.0203309054003313,0.0935764275839817,0.00210134697989424
0.0116304170313705,-0.00836187708165934,0.0414361840282047,-0.0233182386113145,0.047587977304628,-0.0294267121784901,0.0563616478775255,-0.0303668439271335,0.0877346957593046,-0.0123532795894517,0.013731078928656,0.00282349039754883,0.0364857611205418,0.019657968199981,0.0481059332081761,0.0310834950535095,0.0570100915117254,0.0233608767444508,0.0852548899629075,0.00550809123314697
0.0137515246532307,-0.00872978941388442,0.0427721885644745,-0.0261852278609449,0.0480088587285833,-0.033284651327117,0.0611325132573049,-0.0225790244365771,0.0867106576927846,-0.00318602621636551,0.0175219000159367,0.00658210626278154,0.0484735778209533,0.0259167491955647,0.0537717323780453,0.0269563956401308,0.0792571555935302,0.0075545606550458,0.0996689020343017,-0.0046179061634623
0.0227479023746771,-0.014060112608831,0.0468341721728491,-0.0276501751017637,0.048220086322871,-0.033055644844491,0.0750522304930209,-0.0144230167595081,0.0920341636260539,-0.004502514208306,0.0174050959176344,0.0067824830170959,0.042088293594029,0.0268297932232982,0.0506092698571161,0.0268415627125764,0.0739512213855671,0.0190840587290846,0.0952812825212137,0.00716384619113718
