u1_1,u1_2,u1_3,u1_4,u1_5,u1_6,u1_7,u1_8,u1_9,u1_10,u2_1,u2_2,u2_3,u2_4,u2_5,u2_6,u2_7,u2_8,u2_9,u2_10
0.022301009007742,-0.00583079342821353,0.0382218578414237,-0.01876097425621,0.0490632017174384,-0.0302305390791713,0.0662910986250914,-0.0197647683580679,0.0861472795765807,-0.00956253161100391,0.0308069005537389,0.0288079769155506,0.0515604806453873,0.0297760923027492,0.0989157614525579,0.00174199524610249,0.0997597300744609,-0.000199322706672502,0.0989905328361231,0.000800690179936723
0.0316969451656573,-0.0161165384147352,0.0468076796258693,-0.0273036514249691,0.0522714705383461,-0.0276457630639048,0.0690252367720926,-0.0142369581196053,0.0877172060880211,-0.00750452499646369,0.0197579781947867,0.0248284932747965,0.0460694368789787,0.0319994173959316,0.0512702251312633,0.0295457533283242,0.0510716820480699,0.029119421572469,0.0733180644011898,0.0223158866193763
0.0277406177301612,-0.0104368370195437,0.04321971782329,-0.0212331406601893,0.0498110068813731,-0.0274650838300602,0.0660195051664373,-0.0205461995945059,0.0896329309473454,-0.00867001774844147,0.00755115510981,0.0068769975701355,0.0358111211856368,0.0286159992082448,0.0530699422470109,0.0291023260458715,0.0810521819462345,0.0179219726275944,0.0954388791792727,0.00735304976767778
0.0250047768841757,-0.0194446471417227,0.0457865734222999,-0.0277719578510924,0.0513346010130747,-0.0288367978860872,0.0759695710162774,-0.0181656311236464,0.0855316050367845,-0.00153854616272305,0.0214375507451746,0.0198901651282224,0.048573142153259,0.0294033640264453,0.0622223609260986,0.0272899315239191,0.0882676641890228,0.017664575739535,0.096011594919745,0.00988141140685115
0.0157558626292587,-0.019362001834618,0.0392040940401056,-0.0283721479692269,0.0497314171350905,-0.0305698237719702,0.0689824434871816,-0.0224703717604476,0.0932781851321582,0.0116069162971121,0.0145062904883606,0.0118725331793907,0.0395314729019681,0.026624526073079,0.0542564006746136,0.0280379005926328,0.0734691412724399,0.020313648844684,0.0920721096907647,0.00728221283062823
0.0171052580372188,-0.00986302112170516,0.034770039996619,-0.0174767813031798,0.0430823780094626,-0.0267204615990003,0.0494330170355582,-0.0300270705414224,0.0792688877136234,-0.022812322186183,0.016641142812007,0.0178485485408675,0.0504095187366492,0.0291777246150248,0.0584573398744397,0.0265525579277597,0.0788228061396852,0.017767314917954,0.0948012699803616,0.00658082294389864
0.0166036634434767,-0.0156312347100537,0.0408825400403618,-0.0235432103074496,0.0520097697593166,-0.0295950869400916,0.0762294655096725,-0.0194145162346925,0.0891106820930411,-0.00054322086963492,0.0202825428633216,0.0204613811733328,0.0412274831958538,0.0298928641191536,0.059993448655479,0.0252553047082696,0.0751015947681389,0.0171109644983729,0.0913820611829786,0.00882131849216629
0.0266434146613418,-0.0150402033723489,0.0451090058193965,-0.025993342138109,0.0511589407079563,-0.0292332998963878,0.0741558528779145,-0.0196896267983058,0.0870289282885017,-0.00572732052361024,0.0163558823534774,0.0171957500991215,0.0383142575417556,0.0248817958168614,0.0495476054086299,0.026890213258085,0.0567928618322901,0.0264866306231781,0.0870158856853884,0.0112584183872685
0.0199032626272391,-0.0192905516554416,0.0372039026300142,-0.0276117546409269,0.0524805864467062,-0.0306098275002975,0.0703623353221126,-0.0214920812427278,0.0773480457201085,-0.00784418899591913,0.0166465053157197,0.0113605165147946,0.0348275210867735,0.0210810882004398,0.0506948283028886,0.0271168243437589,0.0817736769030944,0.018155837048733,0.0957476722637088,0.00527212079289907
0.0446354558992301,-0.018162188915,0.0497825208120272,-0.0285968372579192,0.0757888850925428,-0.0191787700933619,0.0931127949389355,-0.00116443690090914,0.099006004528904,0.00166376329662449,0.0169763308900618,0.017180218695461,0.0340288685361302,0.0255648123980437,0.0490735837692743,0.0286982176385608,0.0671458457175711,0.0242605777855408,0.093496155435064,0.011148779831687
0.0351773935834755,-0.0118446185337791,0.0445857469777909,-0.0219252878289997,0.0491791599177963,-0.0302487029185131,0.061835568888643,-0.0206782598756351,0.0883448036987775,-0.0112169181835196,0.0139135819659416,0.0153382389512041,0.0429369128683549,0.0301465302827426,0.0605698076123923,0.0268008950385968,0.0869931037212051,0.0119202477059967,0.0992906351737817,-0.00164550419869888
0.0196700465385997,-0.0102410967497054,0.0404560334210945,-0.0193764371150147,0.0474666607959416,-0.0276531695657704,0.0569332938907698,-0.0219858605923008,0.0861416900098541,-0.0109725980106395,0.0248632809789211,0.0231828306169793,0.0486276240928986,0.0231574851942447,0.0515678301853569,0.0284441281367793,0.0510261422620733,0.030032617505064,0.0842773761803057,0.0147309804072821
0.0252076237837122,-0.00419027176892572,0.0444794546642374,-0.019730738770701,0.0488757056937441,-0.0275617845297125,0.0659829793115749,-0.0142474201070846,0.0883030333938258,-0.00838840908259189,0.00470546094758235,0.00829572041707054,0.0226836920188386,0.0165227146883591,0.0300047614760481,0.011301408462849,0.0556793113325864,0.0274204306479873,0.0832587931009734,0.0221383598176637
0.0278953302140015,-0.00606148515293287,0.0473374287973334,-0.0232189236326361,0.04830459025508,-0.0274332007875438,0.0573836184281332,-0.0119856868158412,0.0739542108508194,-0.000521416461231662,0.0296115970631195,0.0118452568917436,0.0181782047888584,0.0142590983482346,0.0436236073031797,0.0126685572207244,0.0549072929255241,0.0285470624266152,0.0850320392303902,0.0165271272327885
0.0425546322160189,-0.0106162184019256,0.0491735634791011,-0.0274083696331704,0.0471589822301453,-0.0274701179121445,0.0598129432459105,-0.0152132463681094,0.0881453686685909,-0.00660998337017042,0.0415453998012716,0.0136160629928878,0.0277918166142845,0.00787819895114576,0.0406227179067817,0.0121964999203645,0.0557207648452268,0.0267512267419107,0.0619803990850839,0.0269822481432962
0.0290873603127431,-0.00282912196586424,0.0470761371848725,-0.0244395017549487,0.0517546696154733,-0.0253224455678879,0.0661346106604637,-0.0214300572363528,0.0857188560232913,-0.0102241482055034,0.0225014087751133,0.0184945235600898,0.0418875668318362,0.0188762815840414,0.056131357654307,0.0215499431850113,0.0600363601044308,-7.52559492588967e-06,0.0847571539999182,0.0075905553129701
0.0430303888376484,-0.00877424584923001,0.0548086543708059,-0.0114735842294871,0.0535239939811899,-0.0290428666614088,0.0622242048574117,-0.02466255440851,0.0908763612490107,-0.00684033968838133,0.0333279984677053,0.0200797368379647,0.057093119256112,0.0248004013988457,0.0808231458546123,0.00697002107482099,0.0875319569750137,-0.00108168630800816,0.0968015490342675,-0.000801102581344863
0.0236803353623168,-0.00563710585236985,0.0436099121047743,-0.0221502144833659,0.0506878545374091,-0.0278995818389155,0.0598491528577663,-0.0113716981472907,0.0817878016924169,-0.00288618793163456,0.0255259867582232,0.0396841715075561,0.0511988144805155,0.0482927346507372,0.0646179863421042,0.0494960966723568,0.0717761884253878,0.0448990621469106,0.0940122922492872,0.0222136489475124
0.0342778614941759,-0.0146698379015275,0.0440907188331375,-0.0171041458535585,0.0523437633413621,-0.0242347818695101,0.0514557786178672,-0.0272276840858169,0.0725590479925014,-0.00663361684146349,0.0384688277642041,-0.00256979935463997,0.0540499009413779,-0.00124332620665413,0.0530215263127658,-0.00310890515099631,0.0498373063208159,0.0112583099516605,0.0760147014433058,0.0221332945885053
0.0270851978703905,0.0019077421599165,0.0428855678568236,-0.00443642645118662,0.0477158212053031,-0.0272733757128076,0.0620162054189315,-0.019154093456033,0.0853845134977635,-0.0121343378196448,0.0158242837820794,0.00570176913941743,0.0365373744573017,0.0251249312260817,0.0536011474375678,0.0074185616623004,0.0658824641851543,-0.00274259210481896,0.0968688980472327,0.00107146130784636
0.0207444345121749,-0.00808329238760084,0.0343601194660082,-0.0165104159219757,0.0525071973043237,-0.0255383055832826,0.0684328769525033,-0.0162006280997843,0.0859358911771267,-0.00847680014034458,0.0209460367836321,0.00103312130402076,0.0349397116946897,-0.0119147545722511,0.059003711856391,-0.0242070223932002,0.0746215714624871,-0.0197518095434378,0.0864408813855164,-0.00803737995686782
0.0131663656425588,-0.00410390563779774,0.036123778780176,-0.00420005948737085,0.0526087088886718,-0.0243850818536639,0.0562901845330864,-0.0271270608182029,0.0791767739916046,-0.00339758311900539,0.0419745595590862,0.0230190036165914,0.0622822252198709,0.00802803841084743,0.0660773481813019,-0.0068029381021968,0.094635852921544,0.0049395940285062,0.0967549192608834,0.00054292759404154
0.0266554171462802,-0.0105829513542121,0.0404534927438934,-0.020425792141141,0.0489730668796566,-0.0244857878411479,0.0549688483100194,-0.0270189135962138,0.0824371470967963,-0.005676903649267,0.0244105250696882,0.0103715723237024,0.0344690737441583,-0.00071142904403102,0.0502586911566604,0.00892701952100801,0.0603388350230057,-0.00835271713135915,0.0645946482085001,-0.0135341995668037
0.0420868687209471,-0.0183579947398223,0.0471595359640595,-0.0269796767191078,0.0492506678688013,-0.0171878243063293,0.0687634583414512,-0.0035819653347916,0.0887250763705689,0.00159552025481796,0.044185746493499,0.0520000355116544,0.0823161532396232,0.0377976653231984,0.0983973998466422,0.00047961185944162,0.0969326252821218,-0.00048637346987789,0.0971134741239856,-0.000535351387272677
0.0256930311649889,0.0152999882189633,0.0660098281908463,-0.000993308112492148,0.056588265418129,-0.0248551931065042,0.0514142996262007,-0.0242490440718112,0.0633908458660391,-0.0203589028053682,0.00875483900805651,0.0195299824918964,0.0623586157572287,0.0181977938365436,0.0959179845535874,0.00299455670521198,0.0964175102174537,0.000206029153887483,0.0961935887662779,0.00093755977189087
0.022098324044951,-0.0098640037352685,0.0334666006722079,-0.0191100223837081,0.0504132812084373,-0.0236665549907855,0.0568423803081861,-0.0235388818509888,0.0840871576976771,-0.0136113640455191,0.0312175055404299,0.000150742019443402,0.0552507601858068,-0.00595333151279801,0.0902761812008658,-1.84148043152071e-06,0.0979530150934046,-0.00191236532255678,0.0987606733397491,-0.00191805976661515
0.0138841150974369,0.000138956181395485,0.0160632142080032,0.00687094423936544,0.0140168930254251,0.00698284188033681,0.0390094679512654,-0.0113504397793952,0.0633607120494197,-0.0201391764062342,0.0532722791235749,0.0289524674872918,0.0657992026925014,0.0166777559300201,0.062182204493637,0.000563091358589644,0.078052504527015,-0.0022634493027292,0.0981521585821871,0.000528677011620191
0.0365417416967101,-0.0112859622387123,0.0475302438476807,-0.0195948659705672,0.0501159813532551,-0.0245533762883328,0.0636839754068169,-0.0212930828863548,0.0843004393680855,-0.0120268490688695,0.00595072705832838,0.000541833294640146,0.0102107424880031,0.00386716342248466,0.0240010038002701,0.0104392255398502,0.0511885589416886,0.00537095017123522,0.0787836570092421,0.00241476563668106
0.00585170676000492,-0.00299152195054389,0.0135955518472986,-0.00521871036433713,0.0437908724728747,-0.0247082766858324,0.0540046807868964,-0.0254750747590111,0.0832660858208908,-0.00694283481520171,0.063106501639151,0.0508195809830073,0.0989056351309998,-8.88128442232842e-05,0.0984881568257987,-0.000973786597059034,0.0970232397385497,1.03023746657414e-06,0.0977075401291834,0.00027621758647261
0.020774945334027,0.00653667849483806,0.0287097294933509,0.00207365148246095,0.0455079592671156,-0.0193050864475669,0.0723619476201095,-0.0192070967231673,0.0886856041176066,-0.00600830473208675,0.0177991281127183,0.013266777837337,0.0366759374377199,0.0386074216517114,0.0561332112515707,0.0326451034202324,0.0742512210509859,0.0147924400148166,0.088687412953873,0.00199788439996675
0.0140967105933089,0.00386542827158707,0.015593233752145,9.56702105003883e-05,0.0246644844754524,-0.00776166921380586,0.0360699556722133,-0.00786069156143401,0.0585467771585436,-0.024683859537636,0.0274506073811287,0.0241052714204189,0.0535409024358669,0.0230832490862743,0.0891305438971457,-0.000292266011625528,0.0993270800845749,-0.00198463003651045,0.0974119944358056,-0.00473874148552624
0.00639075013318498,-0.000377994687082528,0.00923776744750193,-0.00130705201820294,0.0189224091061185,0.00101738991165545,0.0225585705151145,-0.00241206300946879,0.0575367935533563,-0.0274191234101117,0.0131913931198744,0.00909363584818128,0.0220153013954904,0.0183601382234063,0.0463093502362413,0.0357665043957601,0.062773140970661,0.0112564608751812,0.0968572197747484,0.000566665780074149
0.0055771536518795,0.000347309138898146,0.0290198097427841,-0.0122936319045423,0.0490352027288904,-0.0253075060007257,0.0621785804722332,-0.0117325578148908,0.0724646177540256,0.00882656196595417,0.00625308189503969,0.00784435984481453,0.0314595809364197,-0.00155509716971434,0.0497135516230067,0.00252891439248153,0.0589894367208084,0.0287445077624219,0.0869044371888813,0.0258341579160689
0.0305962223436184,-0.00157872250726449,0.0332285377283336,0.00494475833155358,0.0437940809370864,-0.00397831653935381,0.0531088138192512,-0.0213846726929238,0.0576096154310531,-0.0252282856890366,0.0246433790061551,0.0192090990015842,0.0328276256570721,0.0216534949588044,0.0482310035343219,0.0282173865983653,0.0616701200962338,0.00661932289219622,0.0706928309693103,-0.00559251424120518
0.0414352179750968,-0.0304396702108369,0.0605442151079145,-0.0289715887631663,0.096469488485253,-0.0158610406312798,0.0974797231156179,0.00126318545132811,0.0898812038263933,0.010089658592241,0.024298981078754,0.0436563427038852,0.0455921236317952,0.0582257277089657,0.0639354535678849,0.0467220630501189,0.0570547296780121,0.0276705962116786,0.0683739200690059,0.0242194285041078
0.0384449274130308,-0.0106815744669765,0.0442747717701325,-0.00905100277634089,0.0578427955184598,-0.0143865903473934,0.0561440203803613,-0.0183869076435784,0.0624688795392416,-0.0250410092989365,0.0155272757176018,0.00691116232078177,0.0372133831817514,0.00629166298746401,0.0466419528437283,0.0114093377991432,0.0567150292593076,0.0191351308503382,0.0598907700389441,-0.00471649283658736
0.0237246655997703,-0.00906126635459443,0.050629635581369,-0.0172579185000324,0.0498932520932539,-0.0239537768766362,0.0705363530569567,-0.00964874312388922,0.0942308647468321,-0.000963533518166015,0.0176386885429788,0.00770509835085573,0.0462198495475092,0.0146286815871744,0.0538740669875835,0.0122926078968209,0.0721769719896597,0.0306239153943225,0.0888285119815394,0.0191271186654071
0.0262649980010188,-0.0112300934334128,0.0479565051375414,-0.0175496900635342,0.0519104447426227,-0.0228976917589954,0.0576746503084865,-0.0230481804886762,0.0902675650357228,-0.00928598449645857,0.0281513962539616,0.0139967860903921,0.0421023677992478,0.0217729886140932,0.0542635917781752,0.0265310604526943,0.0804425268168194,0.0190600200045542,0.0942224803187839,0.00820458226037308
0.0275307679703455,-0.0115274573344437,0.0411625468659033,-0.0185591214222118,0.0512214081643579,-0.0259008275068477,0.0593880836290671,-0.0288309377977652,0.0831189909780813,-0.0160848628270303,0.0163420902576997,0.0149422303987509,0.0319922017985839,0.0112534962879405,0.043881423021112,0.011497978683974,0.0549548453680109,-0.0134827599140345,0.0791672136538229,-0.00223261146360917
0.0224604068645723,-0.00145977355891682,0.0449614076367041,-0.0142197946573591,0.0530972158890141,-0.0265642536474245,0.0553213683986012,-0.0286098561626538,0.0729639196065751,-0.0267050489786349,0.0283865001994219,0.0174168055436404,0.0449652756952141,0.0256508615271884,0.0600812956781848,0.0166079270219449,0.0698143126917528,-0.00849204336610913,0.08437605894561,-0.020347474040925
0.0232459791734993,-0.0150831077322738,0.0416278725561003,-0.0258390687982454,0.0632107876494041,-0.029937344845649,0.0858584265291028,-0.015994880104078,0.0952035113750112,-0.00786881048295575,0.0112155159296709,0.0200879370197612,0.0395231214810712,0.0586461762378511,0.0557904912527109,0.048085458494678,0.0540055578832987,0.027449673535117,0.0736615348644721,0.0166109622754604
0.029856763016372,-0.0101647808343733,0.0452221753727602,-0.0205532903782402,0.0470983385746647,-0.0264281332655375,0.056486841061622,-0.02016949566226,0.0847497003245761,-0.00465481140820309,0.0272282802330236,0.0410622413685584,0.0514119149893615,0.0452704889242279,0.0560795521513563,0.0274340319388938,0.0872629381352507,0.00991724911248498,0.0999611220833968,-0.00360219278685478
0.0309663332511367,-0.0100896076756521,0.0405472557760597,-0.018210624982777,0.045495957029607,-0.0249621821020527,0.0509608423641222,-0.0264495221609807,0.0736784321755143,-0.00748435584266582,0.027486886913548,0.0197223860510047,0.039297032968572,0.0131441768512972,0.043699991177076,-0.00560603767053191,0.0515669506350051,-0.0239820572473816,0.0717045208907322,-0.0101083468313043
0.0210003874347952,-0.00690481475371132,0.0373239630915546,-0.00755651890378261,0.0489712708405084,-0.0137757566894753,0.0539757341508903,-0.0288726014101327,0.086927658144241,-0.0147511891261002,0.0288443797420816,0.0172567358329802,0.0513072447690986,0.0287981613101079,0.0667791167488936,0.00267288617539623,0.0776502694413804,-0.00984936664067203,0.0980899732387219,-0.00206326120114892
0.0325234976924669,-0.0073282824095799,0.0366902307333454,-0.00898111523959733,0.0482932096341954,-0.0194538366920176,0.0569264033665529,-0.0271166687684965,0.0841375223870237,-0.0109052193367886,0.0221586127977264,0.0248897852715308,0.0397649402515418,0.0184207728163833,0.0536857611480396,0.00923244802098251,0.060249626376484,-0.0112021495039417,0.0903011052958034,-0.0107579792752174
0.0119334420852305,-0.00416618949200174,0.0283879226144216,-0.00376501880847696,0.04436655672763,-0.0169367776180757,0.0651146104595993,-0.0193044551315256,0.0914083833145337,-0.00856108963115055,0.0105482141030765,0.00304110550687164,0.022241555402104,0.0167591385933955,0.047921541959801,0.0238592641124487,0.0531757233423781,0.0238627404561289,0.0743278074428406,0.006424669466332
0.0138596535124883,-0.00506088186600764,0.0340949696419251,-0.00951367486389699,0.0472520056836769,-0.0215157662698243,0.0548319654595071,-0.0274857683250262,0.0855551706558237,-0.0118833762169271,0.0242513499595497,0.0160978214034222,0.0483158351538598,0.0263786641349438,0.0634547913319247,0.0183539994645582,0.0759103525760191,-0.00188101084681032,0.0876614320294489,0.00163763137608491
0.0193539361778459,-0.00482319108023044,0.0396310533060144,-0.0130006742141655,0.0451698321383074,-0.0148388098428038,0.0503290794233621,-0.0279744967123369,0.0737583849531713,-0.0147330245817863,0.0290409015522009,0.00622747464791738,0.0460911577672781,0.0203415812856996,0.0603238039626517,0.0135300227486623,0.0742169224804022,-0.00416416987267407,0.0896213197898345,-0.000602890180325573
0.0704013972052492,-0.0264750853439308,0.071017774451107,-0.0253456587752961,0.0818197262311722,-0.0336284288424537,0.0385005093881575,-0.00980230989872689,0.0513052587134053,-0.0267647101266608,0.0177680810445893,0.0139539573256625,0.0769935471331808,0.00614712659489679,0.0418578520569041,-0.00308516629324055,0.0682451558603032,-0.0209406569209531,0.0491136299052245,0.0247688855870243
0.0250728400741445,0.00489199054589871,0.0464876997003054,-0.0134356752427435,0.0498368574358032,-0.021768451495281,0.0512060037876201,-0.0270579627108671,0.0826862769292915,-0.0113959957950436,0.0327566827170302,0.0282579165988294,0.0653397726646019,0.02396415277991,0.0838407559607641,0.00315202702547611,0.0935951635792329,-0.00159687748703275,0.09760911562518,-0.0025204560089942
0.028976632592915,-0.0179503684433368,0.0458079585004296,-0.0229715815201329,0.0473149624642188,-0.0260750818342147,0.0695991062323386,-0.00656039202846231,0.0987774222530675,-0.00134271657443665,0.0359294162312921,-0.01006700028869,0.0550385312942529,-0.00467332166476819,0.0510152049580124,0.000376921401500895,0.0521579671728453,0.0192353549423904,0.0890079256944542,0.0238176650273692
0.0248013108764796,-0.0178831140615711,0.0349698177428091,-0.0237818506515375,0.0456255578709402,-0.0273701155554996,0.0651214547163767,-0.0225987872732799,0.0892171042592222,-0.0109951558983548,0.00731282694293467,0.00430181084374966,0.0190253193854216,0.00968246434120452,0.0309629516090265,-0.0112965145069042,0.0545409446091855,-0.0272718731481728,0.0817283427772486,-0.0159303610414944
0.0212165470733918,-0.0120888395330927,0.0378097218656742,-0.0185671462080719,0.0465932189286608,-0.0257417687417929,0.0528270948661974,-0.0226325743457924,0.0780869488977981,0.00375976994353124,0.0275956648502143,-0.00358217854112862,0.0389333277287943,0.00278167456932731,0.0449948721582045,-0.0202893399021214,0.0449039658527143,0.00992185730047362,0.0646037667338904,0.0285016454503849
0.0333139247117924,-0.0156808218949137,0.0414676682156193,-0.0167305242701718,0.0473685894257434,-0.0237481996523038,0.0561786644426992,-0.0202476943255636,0.0726132996859259,0.00334753976961133,0.0230804212689548,0.00116385565887131,0.0334274239213995,0.00599871398967287,0.0453650933815711,-0.00700973398815211,0.0497223158088729,0.0173937722050016,0.0741794884583985,0.026957850805003
0.0201440902466577,-0.00609447873724831,0.0499057404879497,-0.0286498713260929,0.0574449245496699,-0.0282450244416225,0.0551858032131905,-0.0196386426022816,0.0723567731970406,0.00537367338779236,0.00906747191955579,0.018233152262981,0.0364811531698262,0.0631814796752724,0.045244387340503,0.0553396461169039,0.051743092729297,0.0306730171787388,0.0665561488336831,0.0180010445158143
0.03321735932038,0.00431426652397593,0.045281166162632,-0.00606520143660143,0.0498992754252486,-0.0120472930646041,0.0508406689824902,-0.0252800979636107,0.0641463339804259,-0.0195065055145173,0.0178422162265143,0.0298978649921276,0.0489274663668292,0.033290071051898,0.0599687091053681,0.00686553260878777,0.071488958178204,-0.0177167781430572,0.0766469208740461,-0.00493395711787843
0.0214891929002206,-0.0132731369931089,0.0216169685099089,-0.0167429815960107,0.0413320635698256,-0.0291808572467792,0.0742269442530187,-0.00428877400615029,0.0802767217906423,-0.00182771380187057,0.0150568197241919,0.0160998677281254,0.0236491222068173,-0.0143117184627383,0.0437130878115036,-0.00139834429075961,0.0559836540236929,0.0290161931195661,0.0750513665198216,0.0298943102043991
0.0314833583604229,-0.00421388746901749,0.0416195768929652,-0.0194648694512535,0.0485715202940732,-0.0244723040563778,0.0522488629748541,-0.0230263615564795,0.0786502057885008,-0.00799999939977902,0.0199236929200557,0.0230593224178247,0.0334787255213161,0.00783223480535164,0.0393435354953552,-0.00601861543308309,0.0398370049544231,0.016635564038467,0.0723320355064298,0.0252835366878463
0.0240646044910769,-0.00646486907439065,0.0428275978944092,-0.0180866728010481,0.0484316298683373,-0.0280612218474306,0.0709326372261058,-0.0139558175415952,0.101352411161777,-0.0050416970206179,0.0246958984001305,0.0429888382519192,0.039672289291619,0.0587753719979474,0.0555563117169533,0.041418524186279,0.0510612544125247,0.0261324185826412,0.079852528040509,0.0154602193588343
0.024862903312983,-0.00662980045678966,0.046740533321295,-0.0144986027082351,0.0512611422428593,-0.0263414346130352,0.051223694089849,-0.0270672124344324,0.0738724171927989,-0.0255801059205659,0.0191105436419591,-0.00456876940754139,0.0525271209213879,0.0293901084621678,0.0909433734152431,0.00242039750701115,0.09611254324941,0.000854142666741473,0.0941778452460153,-0.0148080721780275
0.0256930311649889,0.0152999882189633,0.0660098281908463,-0.000993308112492148,0.056588265418129,-0.0248551931065042,0.0514142996262007,-0.0242490440718112,0.0633908458660391,-0.0203589028053682,0.00875483900805651,0.0195299824918964,0.0623586157572287,0.0181977938365436,0.0959179845535874,0.00299455670521198,0.0964175102174537,0.000206029153887483,0.0961935887662779,0.00093755977189087
0.022098324044951,-0.0098640037352685,0.0334666006722079,-0.0191100223837081,0.0504132812084373,-0.0236665549907855,0.0568423803081861,-0.0235388818509888,0.0840871576976771,-0.0136113640455191,0.0312175055404299,0.000150742019443402,0.0552507601858068,-0.00595333151279801,0.0902761812008658,-1.84148043152071e-06,0.0979530150934046,-0.00191236532255678,0.0987606733397491,-0.00191805976661515
0.0138841150974369,0.000138956181395485,0.0160632142080032,0.00687094423936544,0.0140168930254251,0.00698284188033681,0.0390094679512654,-0.0113504397793952,0.0633607120494197,-0.0201391764062342,0.0532722791235749,0.0289524674872918,0.0657992026925014,0.0166777559300201,0.062182204493637,0.000563091358589644,0.078052504527015,-0.0022634493027292,0.0981521585821871,0.000528677011620191
0.0365417416967101,-0.0112859622387123,0.0475302438476807,-0.0195948659705672,0.0501159813532551,-0.0245533762883328,0.0636839754068169,-0.0212930828863548,0.0843004393680855,-0.0120268490688695,0.00595072705832838,0.000541833294640146,0.0102107424880031,0.00386716342248466,0.0240010038002701,0.0104392255398502,0.0511885589416886,0.00537095017123522,0.0787836570092421,0.00241476563668106
0.00585170676000492,-0.00299152195054389,0.0135955518472986,-0.00521871036433713,0.0437908724728747,-0.0247082766858324,0.0540046807868964,-0.0254750747590111,0.0832660858208908,-0.00694283481520171,0.063106501639151,0.0508195809830073,0.0989056351309998,-8.88128442232842e-05,0.0984881568257987,-0.000973786597059034,0.0970232397385497,1.03023746657414e-06,0.0977075401291834,0.00027621758647261
0.020774945334027,0.00653667849483806,0.0287097294933509,0.00207365148246095,0.0455079592671156,-0.0193050864475669,0.0723619476201095,-0.0192070967231673,0.0886856041176066,-0.00600830473208675,0.0177991281127183,0.013266777837337,0.0366759374377199,0.0386074216517114,0.0561332112515707,0.0326451034202324,0.0742512210509859,0.0147924400148166,0.088687412953873,0.00199788439996675
0.0140967105933089,0.00386542827158707,0.015593233752145,9.56702105003883e-05,0.0246644844754524,-0.00776166921380586,0.0360699556722133,-0.00786069156143401,0.0585467771585436,-0.024683859537636,0.0274506073811287,0.0241052714204189,0.0535409024358669,0.0230832490862743,0.0891305438971457,-0.000292266011625528,0.0993270800845749,-0.00198463003651045,0.0974119944358056,-0.00473874148552624
0.00639075013318498,-0.000377994687082528,0.00923776744750193,-0.00130705201820294,0.0189224091061185,0.00101738991165545,0.0225585705151145,-0.00241206300946879,0.0575367935533563,-0.0274191234101117,0.0131913931198744,0.00909363584818128,0.0220153013954904,0.0183601382234063,0.0463093502362413,0.0357665043957601,0.062773140970661,0.0112564608751812,0.0968572197747484,0.000566665780074149
0.0055771536518795,0.000347309138898146,0.0290198097427841,-0.0122936319045423,0.0490352027288904,-0.0253075060007257,0.0621785804722332,-0.0117325578148908,0.0724646177540256,0.00882656196595417,0.00625308189503969,0.00784435984481453,0.0314595809364197,-0.00155509716971434,0.0497135516230067,0.00252891439248153,0.0589894367208084,0.0287445077624219,0.0869044371888813,0.0258341579160689
0.0305962223436184,-0.00157872250726449,0.0332285377283336,0.00494475833155358,0.0437940809370864,-0.00397831653935381,0.0531088138192512,-0.0213846726929238,0.0576096154310531,-0.0252282856890366,0.0246433790061551,0.0192090990015842,0.0328276256570721,0.0216534949588044,0.0482310035343219,0.0282173865983653,0.0616701200962338,0.00661932289219622,0.0706928309693103,-0.00559251424120518
0.0414352179750968,-0.0304396702108369,0.0605442151079145,-0.0289715887631663,0.096469488485253,-0.0158610406312798,0.0974797231156179,0.00126318545132811,0.0898812038263933,0.010089658592241,0.024298981078754,0.0436563427038852,0.0455921236317952,0.0582257277089657,0.0639354535678849,0.0467220630501189,0.0570547296780121,0.0276705962116786,0.0683739200690059,0.0242194285041078
0.0384449274130308,-0.0106815744669765,0.0442747717701325,-0.00905100277634089,0.0578427955184598,-0.0143865903473934,0.0561440203803613,-0.0183869076435784,0.0624688795392416,-0.0250410092989365,0.0155272757176018,0.00691116232078177,0.0372133831817514,0.00629166298746401,0.0466419528437283,0.0114093377991432,0.0567150292593076,0.0191351308503382,0.0598907700389441,-0.00471649283658736
0.042833565024106,-0.0114492610282771,0.0437217253593961,-0.0144534142338002,0.0484108988749566,-0.0283962311801995,0.0590592202178411,-0.00105831127589555,0.0893156309857923,0.00777988740126804,0.0333104211332418,0.00778869430257877,0.0326833049675568,0.005938945143176,0.0358768586216781,-0.0104417799859393,0.0469003898753679,0.0165982834563006,0.0745422586046846,0.0249626568413376
0.0176108402947396,-0.00143704921172478,0.046276033345021,-0.0112661375116134,0.0499918140452095,-0.0233377903873095,0.049472735210673,-0.0272381497629827,0.0683753755834296,-0.00946963180243091,0.0246286741272136,0.0459501434388517,0.0402030745607222,0.0573390319933554,0.0500649340544907,0.0406458762787246,0.050944439370342,0.0295179136411967,0.0754590940069242,0.0139551635606222
0.0469816410570096,-0.00138446476888373,0.0661393418649041,-0.0151599142771388,0.0692982942228171,-0.0292699600504562,0.0687456665423894,-0.0358075628375258,0.0499128234141542,-0.0262188471327828,0.0460205152824453,0.0270016181773662,0.0802761884659024,0.0101391872542289,0.0957971666948225,-0.00285548827729715,0.0894432818200535,-0.0138584999312556,0.0808259030130396,-0.00389741608526469
0.0333603439934677,-0.0209945799962791,0.0435414395946037,-0.0269459695121054,0.0469866340341548,-0.0102592099511784,0.0666332199182862,0.0348356706225573,0.0729863293395942,0.0134393880596156,0.036668138176877,-0.00245368676538912,0.0367797131826933,0.00915950910847717,0.0369479672796938,0.0226511339534473,0.0563496912884859,0.0384161896232636,0.0676485826670041,0.017918597486742
0.0353909734338696,0.00230009196192987,0.0633492557275166,-0.00973998875948824,0.0789831246988425,-0.0303339168655041,0.0765871240305081,-0.0375420085733823,0.0503461804699014,-0.0266792098485947,0.0196899921919744,0.0192632222199291,0.0398526139750049,0.0299578801872495,0.0955936087677483,0.00270891722877838,0.0972430963610366,-0.00103842563557351,0.0918395692788455,0.000833398626502035
0.0412398181373707,-0.017780848039262,0.0469558302820245,-0.0280354658606138,0.0525733252470879,-0.0282435202583432,0.0582267764530175,-0.0295419056691214,0.0926519368705235,-0.0232598536514862,0.0288894290217338,0.0492160928518184,0.0419146908564776,0.054063346345898,0.0531114998868678,0.035575056380248,0.0562383239233007,0.021709298909197,0.0891650634853079,0.0166053850241748
0.00657617275042204,0.0194932807562493,0.00930250909737304,0.0178671979640659,0.0437542057820259,0.00797778646231717,0.0638219808158572,-0.00909786711281164,0.0469341669391893,-0.0312732857173087,0.0254339766373072,0.0363333598811488,0.036909293127107,0.0410702712031735,0.0300373381765336,0.0159067634410486,0.075162841912108,0.0194559481744501,0.089147409412605,-0.00351045334333344
0.018237173302299,-0.0053051531695616,0.0383916610177467,0.00110538859926971,0.0564663711540509,-0.0187108135051412,0.0512648246948614,-0.0268411043293898,0.0849541947281932,-0.00360168467186624,0.0152505078642548,0.015043565811214,0.0277676470881998,0.0166143433395243,0.0539919660052442,0.0283325980886026,0.0677901356770551,0.00254877602679151,0.0942709796263933,0.00434055639232216
0.0266330854400355,0.0192666934086917,0.0513694542841659,-0.00482646583654888,0.070857464574456,-0.0356068753110839,0.0554909618284284,-0.0317900615193976,0.0784594054938202,-0.00694576146029857,0.0338356683424192,0.0377654331176417,0.0583191980913075,0.020973688107171,0.0979323715082714,-0.00725462347716256,0.0958295454133185,0.000316686084218797,0.0960837597492722,0.000846001683862574
0.0299090632622695,-0.00411308141071394,0.065148248487452,-0.0117645883397298,0.0863017015059743,-0.0287680159892629,0.0603121927399322,-0.0288988532910217,0.0509816921930108,-0.0227728795765349,0.0495150752527374,0.025806206272826,0.0925568726118445,0.0090486478200199,0.0993856182054517,-0.00613799236831514,0.0965530988610451,-0.000363785836172196,0.0851860944577472,-0.00186425907761317
0.0206367976932278,-0.0143305864714962,0.0294720946366166,-0.0167559141562047,0.0313978438183521,-0.0219171532949255,0.0457394460147473,-0.0283376414944584,0.0705210294852399,-0.006024011743832,0.0269986615129002,0.0092370027224883,0.0220750578553277,-0.0112383009539877,0.0294909437781612,0.00682112365831281,0.0400780925098901,-0.0173368070569025,0.0499030865837092,0.0295118303259593
0.0173298913755619,-0.0131742099404926,0.02995115880874,-0.00745012750037157,0.0518173729769911,-0.0130148092239939,0.0561075181529789,-0.0267587390575129,0.0525862534256293,-0.0287401231609154,0.0302454041237421,0.0229895514311516,0.0495607693462765,0.0267035268500518,0.0678820361516292,0.0134494225363277,0.0831744750070578,0.00178808771702942,0.0742044764366706,-0.0191142928800036
0.0443228768704943,-0.0060259266187097,0.0562833234957844,-0.0175379794625134,0.0811725811257217,-0.0263277508271079,0.0599220423173733,-0.0313655036834797,0.054252776182645,-0.0202209224480408,0.0246101162639713,0.0163875437187874,0.0511600200842362,0.028060647358265,0.094518154768992,0.00563189972915815,0.0974912360201143,-0.00241115858207541,0.0959885511199813,0.00225033888091515
0.00743554391573805,-0.00895731926902493,0.0346262833437626,-0.0257283362940614,0.0494935091975364,-0.0296708353594821,0.0846391090910054,-0.0108908675747527,0.0978889355085473,0.00543299143880253,0.0299981747990182,0.0339859963858909,0.0555049439051398,0.0479982514351951,0.053928822562886,0.0337359026158938,0.0539750256014655,0.0241085038487652,0.0809301913935437,0.0154355144792007
0.0393315451809814,0.00289506539949354,0.0641136845522829,-0.0178613770037117,0.0819654319705145,-0.0344468171616638,0.062033146299441,-0.0361743807343519,0.050743018709006,-0.0195468150443262,0.0511201153406996,0.0301137066502161,0.0963533861182054,-6.90015149505837e-05,0.0991277751161442,-0.00501240432516271,0.0968023190655641,-0.000244813043344343,0.0930315139229935,0.00427958145778933
0.0127319012359077,-0.00814211202366548,0.0347657701246183,-0.0210548866252483,0.0448525486794478,-0.029504877916589,0.0583167899686009,-0.0312523587100746,0.089563134140045,-0.0240508848199178,0.0417665726255136,0.0472758649060975,0.054131372985543,0.0377151615152861,0.053081965997065,0.0273005318491238,0.0764656553355439,0.0182492855916893,0.10056932421079,-0.00131394536867505
0.040305119402325,-0.00768549264851056,0.0664956545055739,-0.0314057358547837,0.078305588151757,-0.0377451115926331,0.0592010677772967,-0.0426578883697585,0.0608720306156708,-0.0184866051621719,0.0458875510781163,0.020284982205595,0.0903689585545926,-0.00228953053553562,0.0957945207139742,-0.00472588640866457,0.0850879105531201,-0.000415427820474632,0.0852788154141852,0.00464689137089523
0.0178296990949581,-0.000476308312605668,0.0322894992097909,-0.0047039550982786,0.0455556760613499,-0.0217916019925171,0.0576966677861022,-0.0236873302616828,0.0826000104520953,-0.00683998157220924,0.0262950249942744,0.0151348019301444,0.0315308817667461,0.0368441077563806,0.0516263246600869,0.0272768810303235,0.0820477106251494,-0.00470922838115272,0.0985670705549298,-0.00254403449703954
0.0338740426233636,0.000443019872005636,0.0462827084579417,-0.0052944635083772,0.0718005643636649,-0.0316318171267247,0.0519800633697885,-0.0323253559469053,0.0744146926795796,-0.0021858937384978,0.0397524325559447,0.0192264171575417,0.0612528686246282,0.0267287403622374,0.0959374483114619,-0.000250722232732522,0.0964693291207945,0.000160347627716968,0.0937957650734315,-0.000367270105106808
0.0151156387608278,0.0177342170802382,0.0536672950013309,-0.00998938962957437,0.070541637720417,-0.0321937236643321,0.0507678084546939,-0.0280585144400621,0.07081338563692,-0.0147666972281955,0.0370128832282848,0.0373989584385869,0.0555804479588738,0.00628633967677285,0.0983956489630527,-0.00257697680751822,0.097247859132878,-0.00182999416964271,0.0940377757110252,-0.00277700147287762
0.0366707609284088,-0.0390486035179644,0.0490074541148438,-0.0295733655939286,0.0436851373226599,-0.000492646329401494,0.0673639299752609,0.0387547907777349,0.0898313010331753,0.00711367385010693,0.0149700882401631,-0.007398326704658,0.0358517429972572,-0.0186439931030009,0.045259937581347,-0.00913475961368933,0.0474214243292455,0.0469099852426572,0.0525591538670677,0.0240125845977825
0.00779468782354002,0.0202043017741816,0.0271261387366132,0.0138764489212948,0.0473607120704863,-0.0130206866537195,0.0510674794201764,-0.0252411310575021,0.0552489608016068,-0.0246169775784115,0.0141797805217894,0.0299687492169043,0.019134665501017,0.0288306904592738,0.0450790479042408,0.0193086043794954,0.0502679012182734,0.0260243262918964,0.0684773083234331,0.00495526839236128
0.0360424825192551,-0.0126669745447131,0.0447657849715593,-0.0281896416252003,0.0480144197843908,-0.0244430970640429,0.0580160007224367,0.0199428521601876,0.0686679136451901,0.0174400187962749,0.0372486949846936,0.00783185244842632,0.0403584332422471,0.00294052123888214,0.0485592735142843,-0.0275506632186889,0.0451842598979463,0.0349158434032638,0.0659832872707668,0.0218856231855679
0.0272501337506348,0.00581413655210029,0.0366862109069845,0.00825182357384965,0.0518689565644115,-0.0105466248130407,0.0463582728415931,-0.0324677139831081,0.0568536085471792,-0.0247653252913842,0.0291576394659605,0.012974962237698,0.0423859250272113,0.0276613767354137,0.0544694332207555,0.012884984186001,0.0495557784971636,-0.0313611995765715,0.0685136455654696,-0.0255068151625575
0.0265459854445879,0.00532712266521284,0.0549634010566204,-0.00504607326566943,0.0546282621364372,-0.0256897613213164,0.0528901641494524,-0.0277830404391597,0.0717585018570422,-0.0167290470919395,0.0313519721641273,0.0233162708101868,0.0636586788782206,0.0226115599753308,0.0802130081592112,0.00143361139751394,0.0735230781090309,-0.0213731426174126,0.0662156670429642,-0.02214151859231
0.0444677909787281,-0.0106119490954732,0.0490309374289166,-0.0232322009534215,0.0502300262113004,-0.0281221441098799,0.0451418738680994,0.0148735829605212,0.0816910382640466,0.0306738198818796,0.0451115617919231,0.0131288737171849,0.0461474934022679,0.00246771896657009,0.0495077566960837,-0.0256140767325962,0.0446424970419745,0.0248733091468989,0.0605235976517641,0.0303692734122498
0.0375315620924139,0.0073359586924368,0.0439509442245852,0.00821392272825785,0.0530711325552909,-0.0138459097742259,0.0490718375128598,-0.0298550328619047,0.0570618169112348,-0.0115293152390982,0.0410576917387644,0.0217864316022616,0.050470358210221,0.0269434531581255,0.0496952411666752,-0.000828074833194408,0.0526217978641743,-0.0218554023252396,0.0562208710634692,-0.0255486412652748
0.0253949438540073,0.00431925818011647,0.0505035001966355,-0.0217467304292613,0.0503962680327939,-0.0237791909795979,0.0463052752779343,-0.00159204777620878,0.0743756461066846,0.030005145442709,0.0190930195076977,0.0187662990270995,0.0509947168442163,-0.0160332733685659,0.0485432966301223,-0.0178577130788274,0.0472847210241383,0.0141483906507328,0.0732232129405009,0.0289697876710062
0.0224006555517606,0.0138705890524095,0.0443528710326964,-0.00306445757824741,0.0485647700100514,-0.0293868777016659,0.0807287569752289,0.0118180866078293,0.0849843275031959,0.0308478015399331,0.0276375047385972,0.0281559949589733,0.0444724235152036,0.0120506756009895,0.0539144866363475,-0.0254755817696276,0.061595660230292,0.0196459360058293,0.0744359983080608,0.0290067883787876
0.0301149063318465,0.0095506971824864,0.0429082392266428,0.00531393073818577,0.0500836740857905,0.00367704197014234,0.0567217305221698,-0.0121261012855478,0.0531233698313676,-0.020460870506154,0.0277949893204208,0.0199766513956625,0.0398676301935931,0.0171026520837547,0.0498216766439472,0.0232534405190488,0.0597394681088006,0.00338747478561964,0.0576058033374228,-0.0128702260446374
0.0344732198594001,0.00151507720761634,0.0425147616018522,-0.0126215408698164,0.0466484021973357,-0.0251083335579317,0.0530658575919154,-0.0119663967282901,0.0739143798380832,0.0173606428277812,0.0294241142300565,0.010677608088381,0.0363512028308833,0.000276317886431496,0.0407583401050627,-0.0115242307339517,0.0440682266252142,0.00381072920871378,0.065620776297842,0.0265535400598037
0.0183295530996985,0.00992586101158068,0.0528099140230073,-0.00713070182999521,0.047556528241309,-0.0282897433670797,0.0523835458485176,-0.0119298198636721,0.0852783812764061,0.00903067566044908,0.0294917070757758,0.0440181825563148,0.0437468433320843,0.0503991133550088,0.0497598080134426,0.0341596888780147,0.0572144452785934,0.0234468322808234,0.0919013738215091,0.00490856374111342
0.0303578360992932,0.00359833774597133,0.0358998209225806,0.00109214810380293,0.053011534915678,-0.0179043849384621,0.0546919115397437,-0.0109630511848048,0.0686292092220344,0.023443814880572,0.031335771219962,0.00907019678867041,0.0392370256059214,0.00563969229500602,0.0473276132923116,-0.0173606717213358,0.0504257912011191,0.0140007434154245,0.0580765845030774,0.0307962042054773
0.0345218829352444,0.0156406131699399,0.0497103117546009,-0.0120518093327476,0.047434059979311,-0.0253533282086501,0.0660940584573213,0.00952240560956405,0.0867652857785399,0.0224918602269231,0.0260161067881018,0.0318681557643721,0.0437309111318113,0.0105832886062777,0.0406840907021211,-0.00553032237589035,0.0500950923560053,0.0252119463674716,0.0781206676869447,0.0264456984437743
0.0293359158621756,0.0136986974866528,0.0448373042424484,-0.0161061299456675,0.0480238590463456,-0.0281177488004826,0.0531908991674986,0.0280999994818775,0.0819220482090942,0.0317431691235669,0.015003448047243,0.0200479900345195,0.0316578053381478,0.0105409698348211,0.0440849240991788,-0.0234818285273036,0.0454980274608292,0.00688683819297166,0.0561273327942459,0.0319244638709942
0.0153185823835833,-0.00838871272342575,0.0421505858494069,-0.0165316513729384,0.0509254686272866,-0.0253315477324837,0.0514783415513407,-0.024343566500113,0.0824980841018483,-0.00163840945664642,0.0329034544217257,0.0468653682982339,0.0458915706618054,0.0487548967045375,0.050428951145235,0.0274154237471313,0.0590665066497947,0.0241847366422237,0.0823167660955316,0.0114058430932367
0.0342702691866474,0.0236184736696435,0.0569081919238633,0.00516164004679251,0.0594756334904271,-0.0271049877262122,0.0515865580874614,-0.0256734066542502,0.0669016879896757,-0.00886911394083735,0.0363233206625601,0.0408141412042898,0.057532774506338,0.0210104267682165,0.0770488522070748,-0.0100724416314322,0.0683326303615359,-0.0106878045407418,0.0782113796973633,-0.00529875339837066
0.0334978104069727,0.0011362586144632,0.0460967370805276,0.00781645920010247,0.0622532212795978,-0.00190902909192865,0.0625009588304835,-0.0279237259567148,0.0517643312195519,-0.0235077452129982,0.0306335700347715,0.00715981732988997,0.0452817034513714,0.0234564956546501,0.0604107557666064,0.022226052109568,0.0768875925993476,-0.00901079819083513,0.0676123411293044,-0.0152062184131761
0.0146290341332864,-0.00554175455451807,0.031407497812458,-0.0142473874239524,0.0481446619355368,-0.0257231649177612,0.0552951787549233,-0.0244742028738016,0.0771884937432713,-0.01354879612815,0.0276623256271949,0.0240149619572796,0.0507583418985619,0.0340167465130798,0.0540628225562177,0.0288179281060058,0.0604338437771284,0.0242928045649278,0.081702772258403,0.0127161786483092
0.0229993596181617,-0.00627078797183843,0.0465579211985872,-0.0149911796847372,0.0511565803547838,-0.0257461158918393,0.06124213819671,-0.00423824562132648,0.0941294788132764,0.0140572947373746,0.00689809299446456,0.00730088782113066,0.0346029974489841,0.0379510365879634,0.0469865930796469,0.0371953403379469,0.054810972550165,0.0290507726678342,0.0767336893683972,0.0175423748024408
0.0426885375829758,-0.000413295576039086,0.0511504033387759,-0.00917863994947832,0.0558770323297217,-0.00849269903614014,0.0562145389344859,-0.0235076101718777,0.0526524155457153,-0.0281606137504052,0.0458946145184884,0.0194791142659773,0.0493333903874179,0.0155290272186944,0.0511160057865095,0.0203693880960242,0.0704283384769651,0.00233278896365562,0.0659151365963168,-0.0279995655309272
0.0231727614943482,-9.00608210948146e-05,0.0461563289858798,-0.0160000418672,0.0503776739582927,-0.025963348743475,0.0857902161896039,0.0125543624548182,0.0866884708257248,0.0155378053314224,0.0244489518147738,0.00784801870196324,0.0395521189960038,8.32131929893404e-05,0.0458912636823724,-0.018580846923021,0.0561973902184595,0.0271789209979348,0.0731372232686672,0.0174876131496771
0.0328402270269909,0.00205090239075548,0.0434702155473863,-0.0216601133633159,0.0482506199026703,-0.0259442571882454,0.060755004439701,-3.60119785986622e-05,0.0882125224058958,0.0211224277694339,0.0276088196643315,0.0151531703575836,0.0398745035794783,-0.013552622285586,0.0433934060152734,-0.0173439716066648,0.0563124132019132,-0.00580318198595359,0.0745242989183184,0.0210704548646575
0.0279530492445487,0.00447148184043619,0.0494085832777958,0.00227186896750786,0.0573114021677538,-0.0105573297760071,0.0531153965637884,-0.0293520334057666,0.0678798850257705,-0.0168744393555339,0.0266187556065908,0.0142942174198641,0.0498185111797865,0.0283143573251385,0.062937620387904,0.0131574856674987,0.0679855767520252,-0.0301187950058936,0.090022094972875,-0.00405481839525215
0.0374680961207693,-0.00363464861441743,0.0395648338236226,-0.00205984518082102,0.0512301862510541,-0.00586407069952993,0.0510982791315819,-0.0264317907722466,0.0751684913501801,-0.0196508754043469,0.0298348584226782,0.00773199161400765,0.0372979230872256,0.0202760568399087,0.0506226472076896,0.0270757282742309,0.0582000536517855,0.00156189392724182,0.0768453371131577,-0.0251595049106394
0.0292048739872996,-0.003728947881534,0.0400137655602258,0.00940314909344307,0.060419897842838,-0.0028279866944764,0.0530375213497748,-0.0249664200557243,0.0548055605026289,-0.0280662191179715,0.0229605531911819,0.00938968466438281,0.0433522029148165,0.0328874964371783,0.0558883263591992,0.0218268514031568,0.0685587050403467,-0.00126523184047118,0.0723940486405166,-0.0150900597529161
0.0189820967963088,0.0130894494214774,0.0494362780170835,-0.00117347579304965,0.0554748240655133,-0.0184344863645915,0.0510420266543717,-0.028260395309564,0.0664502127742917,-0.0237881697181109,0.0272354474141326,0.0294779463317962,0.0505522831318778,0.0259004495774464,0.069213722047911,0.00295073002462787,0.0710474602530007,-0.0181341159352018,0.073368962297369,-0.0199553550369295
0.0320184455539321,0.0297441859614494,0.0527886316109944,0.00215092246426309,0.0682089900637559,-0.0256996784122575,0.051460614668111,-0.037009085719109,0.0757008099870125,-0.00882007331533555,0.0291732562894476,0.0378445359433165,0.0487403681018199,0.0292164715696086,0.0807431795037819,0.00585044506545949,0.0842786295481722,-0.013458817462413,0.092593862925223,-0.00114348845082326
0.0254365234100534,-0.00687798455510552,0.0413004194980498,-0.0232074182322148,0.0479611827839805,-0.025567231723102,0.0482864616742052,-0.0265997249822564,0.0719865315185921,-0.00291334288248723,0.0251519689847645,0.0332758926509015,0.0454959837443143,0.0446453154347469,0.0502953881423149,0.0313308280993264,0.0619198115500453,0.0254939342211306,0.0900577072806361,0.01189187808341
0.0496150143100672,0.0157072557077801,0.0782096309209008,-0.00997803884510228,0.0617630069220164,-0.0262387555164445,0.0523575637749057,-0.0250127267935043,0.0674392452600709,-0.0203748758600366,0.0503013458767989,0.032001674510162,0.0763746580276636,0.0149390480646607,0.0947813514986491,-0.00202636413642385,0.090410126780342,2.32963479823139e-05,0.0777230262571535,-0.0202707879826286
0.0267032609225278,0.0289707645945247,0.0412590237503959,0.0189663894744791,0.054404153599014,-0.00376630884717571,0.0436854128241702,-0.0268334593100567,0.0623587648832399,-0.0156333204266623,0.0215220684693283,0.0222352268494282,0.0474641573633963,0.0356613088980065,0.0683052695371224,0.0190801932331932,0.0627331483184538,-0.0140400987054972,0.0701508072006992,-0.0109654556630433
0.0348655348576525,-0.0372888777752566,0.049183050505692,-0.0336337809864283,0.039059099326861,0.0106679892464048,0.0899246345339742,0.0274432774235853,0.0918884181272702,0.0047856473682596,0.045067638288105,0.0401022747662826,0.0586966812078495,0.0222359151676569,0.101938151531687,-0.00484846307962169,0.0992250739100372,-0.00135282676161151,0.0991762742458719,-0.00140517701290795
0.0282956196766281,0.0389323392613842,0.0473157351965116,-0.00404557276875072,0.0576547048597193,-0.0289307934820272,0.0499898842073124,-0.0269493936532841,0.0606035314397805,-0.00624256900359659,0.0197849607894296,0.0114440750200819,0.0320207709526297,0.0426501373752191,0.0623848173185092,0.0166838935958278,0.0721388924172714,-0.0222276636330911,0.0613593120924779,-0.0155125139398809
0.0392200175468612,-0.0197426506031977,0.0451837212052169,-0.022882301792079,0.047476156174667,-0.0242503303808047,0.0460246532648941,-0.0210018402293606,0.0669244376178509,0.034546962520616,0.0349900600394868,-0.00760457926975692,0.0373801079664005,-0.00413052442630183,0.0329938445652957,-0.0051750302707646,0.0461697493484463,-0.0185250497019248,0.0498603153902964,0.0319276537997024
0.0396209909231595,0.00410717736202753,0.0431032744294068,8.527274142538e-05,0.0493348567377443,-0.0107082982560998,0.0513605250048486,-0.0227215622143553,0.0484310441279456,-0.0336099744402938,0.0414292774609852,0.0289267369853188,0.0449528359864897,0.0204167174306315,0.0581605147714262,-0.00396233733225153,0.0627964544132191,-0.00894901502428313,0.0613926098424678,-0.033576461404827
0.0259679545457175,0.0204638952009675,0.0502632557336363,0.013759496787479,0.0496798279361632,-0.0215721686743175,0.0513557606615272,-0.027034731852675,0.059182485294347,-0.00197483143347325,0.0232405896502545,0.0165972107088049,0.0382838938340569,0.036647872359022,0.0595136232995266,0.00751475051020542,0.0541794081128445,-0.0204999583257593,0.0625787888257836,-0.0121049944048084
0.0260130533748266,0.00912287809770397,0.0407544283928014,0.0112711828873091,0.0502993904023966,0.00458214853075888,0.0535983450430684,-0.0182528436822468,0.0551589064777387,-0.028445012146847,0.0337833788011247,0.0206610821276162,0.0431047302695021,0.0262656999365817,0.0507579183689979,0.020871971954577,0.0633715462626279,-0.00113176966080119,0.0674816153248925,-0.0220068287508833
0.0404463405431784,0.00400694654361911,0.0544583394433143,-0.00486223883049702,0.0583348137431856,-0.0211048163090202,0.0500874757669533,-0.0272918632900919,0.0710260045844088,-0.00362387258114907,0.0262075454759837,0.011464339386573,0.0462696618787172,0.019265618996779,0.0526608425372889,-0.00334515925088001,0.0480277916703057,-0.0128721756981098,0.0674002955106772,-0.0128548720944778
0.0449533839407452,0.000282526396933202,0.0477575117775455,-0.00715625622358898,0.03539793081245,-0.00303659097191305,0.0382073324864664,-0.0248042212920243,0.0761056171615657,-0.00295649390520518,0.0418223214792352,0.0143959241085347,0.0445095850773846,0.0119896626423484,0.0357739089117048,0.00961703597606263,0.0361119155294643,-0.0131984013076138,0.0623063758733576,0.00404313845300185
0.0358566389998359,0.0102753076716762,0.0567432900937806,0.013101452567018,0.0816041931843047,-0.0255780571685428,0.0616541697421766,-0.0260260962636297,0.0502979574395591,-0.0254510725923807,0.0182804850857964,0.0231557533700182,0.0551737283904096,0.0303647118192218,0.090978832149076,-0.00108723060812109,0.0875633489743432,-0.00700890344814254,0.0771961283763399,-0.00568618086576998
0.00807184046169301,-0.0186454197531481,0.032497467110508,-0.0326831734841515,0.0430349453917127,-0.0346945964453606,0.0481082092127742,-0.030384332391925,0.0712705060048173,-0.0112110871084569,0.0354291680863662,0.0437857653942613,0.0502639741633641,0.0399195944513254,0.0532320970807148,0.0304796993434686,0.0611495595948797,0.0215714000299707,0.0806870237503673,0.00790992323017287
0.0214983494914939,0.00224785876753483,0.0502917018999003,0.000347447463481174,0.0560858925091223,-0.0164041644694325,0.0494154263525687,-0.0304813657078498,0.0643589601168559,-0.0162475241244812,0.0210225001200615,0.0111254469254343,0.0476780649726481,0.0226982693777349,0.0552440924735631,0.0216478897365089,0.0597698859128785,-0.00747451101185195,0.0732273449849425,-0.021097557997674
0.0326678688517849,-0.0255400509634524,0.0444565520013332,-0.0290430968141418,0.0483087044552613,-0.0295242370112419,0.0600932798794189,-0.00842577564988234,0.081339740508962,0.0109067473216961,0.0289536641956225,0.0305284992627095,0.0498313486555125,0.0353792756384188,0.0566648958387053,0.0255595780604617,0.0779217391001304,0.0235347239956076,0.0966552172216621,0.00762102966781429
0.0283685950285315,0.0123873017972514,0.0608596205522055,-0.00904615047065209,0.0789261335291109,-0.019670034357776,0.0599177515215577,-0.0342750469269715,0.0536495842497508,-0.0248429714337402,0.0464787022398531,0.0237835587488665,0.068288769253386,0.00981621749058786,0.085597232603267,-0.00621276813640875,0.0825651480700384,-0.0164756935731342,0.0669161363577915,-0.0252283796184372
0.0374467439159922,-0.00460663512139166,0.0519213472658321,-0.0298754807929474,0.0686613096031876,-0.00297377987364246,0.0794897409149891,0.0233788685176063,0.0926429477493155,0.0153836704752147,0.0275035325703608,0.00857240852027024,0.0424113243331562,-0.00985696708915177,0.0524067783167499,-0.0102461177157917,0.0571074645550384,0.0327760050093441,0.089015309561386,0.0198914807373659
0.02065187164234,-0.00412732399632944,0.048764258700734,-0.0140152967122331,0.0483202269219597,-0.0258338059708541,0.0761135664372485,-0.0046606914323881,0.0861630842765825,0.00727340884583966,0.0199808110137493,0.00189250247192858,0.0492932125572805,-0.00455093743877554,0.0419372638935136,-0.0100930606422589,0.0631339638945871,0.000688507730978959,0.0653480243686253,0.0249126507397007
0.0343461611189855,-0.0141404761238529,0.0462917222351076,-0.0256388982558695,0.0529094047680946,-0.0205477680441986,0.0684135452481385,0.00332772285224311,0.0828069550866867,0.0299947203488423,0.0282789867784878,-0.00443346124354204,0.0402841316784239,-0.00627972621741556,0.047349573733531,-0.00545364222580591,0.0475066570004681,0.0286412857183353,0.0658892186782802,0.0296702452643874
0.0353014263466307,-0.0285645475610879,0.0491756239291181,-0.0317824165956115,0.0424891259059512,0.0156637174558732,0.0802418505840246,0.026352723560679,0.0869135219722096,0.00809165005348419,0.0320098330867924,-0.0238407906304457,0.0386482882353495,-0.021508757782527,0.0393735812554245,0.0412052218027088,0.0527819688917873,0.0255171371822787,0.0880471642487685,0.00864998077164181
0.0246508273397678,0.0178191731971964,0.0509965215265504,0.0253914899223806,0.0594673530029277,-0.00491657086911045,0.0515274964852313,-0.0318649355938019,0.0760801553926107,-0.0153177739626785,0.0113903095972449,0.00503419951262545,0.0378289354484793,0.034300650070099,0.0571090771936989,0.0203940083104418,0.0627735694641612,-0.0322875450268684,0.0690098882397144,-0.0261100397561092
0.0122890677222511,-0.0142245775196454,0.0353921707374776,-0.0353403842021275,0.0457116799148807,-0.031214458961939,0.0429658805863233,0.0264424267333105,0.0801116596948804,0.0171239424746195,0.0163048184953325,-0.0164639594025641,0.0310877530067954,-0.0286226081700268,0.0400728379615369,-0.0212914162783684,0.0405493908768102,0.0390886076680433,0.0576382862544406,0.0223597417949621
0.0481537898939659,-0.0218520123356426,0.0473711946632468,-0.0259807670485608,0.0544035561068539,0.047497615898105,0.0805587148704035,0.00911046917845726,0.0984662054071015,-0.00108846734547763,0.036955856635761,-0.00723359170035781,0.0395342720238334,-0.0240599963109597,0.048519225653576,0.0363850489933132,0.0673500448842477,0.00982958843835773,0.0974806914351379,-0.0024980761807636
0.0350528930362545,0.00829893222151017,0.0671460514057708,0.00458449157574949,0.0732257217101777,-0.0373702474451593,0.0608349034078174,-0.0465102117778732,0.0524903746440343,-0.0267918084068986,0.0317171421576524,0.0205787384346726,0.070198041422285,0.0149634718246853,0.0924186070401917,-0.00858586178151025,0.0856654613718957,-0.0271319756066911,0.0779224497118201,-0.018285449884109
0.03856121228291,0.027240875923983,0.0567850109433729,-0.00825844515819795,0.0768662117819602,-0.0226149142911803,0.0609636185446382,-0.0382694649383386,0.0545626880421546,-0.0265052012317392,0.0159570529587034,0.0305886355474855,0.04465293716229,0.0268543968006761,0.0725101433396213,0.013728359031057,0.0935750011763203,-0.00741248246447867,0.0695976151452405,-0.0214950208244297
0.0230467213625038,-0.0039741346789071,0.0607780254771555,-0.00223490321301653,0.0672219504930165,-0.0282178954054484,0.054333687655746,-0.0282426406127603,0.0502778394863526,-0.0268215298907505,0.0276296542666652,0.0198070938377371,0.0598306593901782,0.0224981841157862,0.0787403011853549,-0.00592544140959784,0.0767617457459946,-0.0206832212829544,0.0664342845592721,-0.0273235461082852
0.0461580432092706,-0.0126607343014168,0.0492159715426172,-0.0242683465241459,0.0478663701799808,-0.0310393579903415,0.077518973669036,0.0205639732676959,0.087226837949668,0.0252135317465189,0.0353974401556499,0.0153421884565998,0.0454144041006374,-0.0119590092899211,0.0465354998354263,-0.0279694848524713,0.0533049035230474,0.028944593161768,0.0887868163134314,0.0238172529189342
0.015362730830358,-0.00252362278494251,0.0408861254519636,-0.022567459622803,0.0489529081289846,-0.0297955852108707,0.0597748802125297,0.016374486774893,0.0817463767026401,0.0339591607113759,0.0241225016815607,-0.00294077294354233,0.0330730294394214,-0.000758202938508124,0.0444048741907162,-0.0264620586472407,0.0524567679065105,0.0322407598889066,0.0810470619972802,0.0268159078639535
0.0213586919771327,-0.000681158522922215,0.0639031469727208,-0.0207939159214556,0.0492335440494784,-0.0258203678545254,0.08853218426898,0.0246803712093384,0.103135834910971,-0.0034334124371707,0.0309661625464265,0.0331454961456303,0.0451947974415931,0.0391486263634281,0.0535371892901283,0.0301106366415704,0.0667265314344903,0.0229095084939111,0.0869869286514785,0.00845350302211011
0.0263963530538581,-0.00444139149475175,0.0648812477778332,-0.0146711566334166,0.0540618805036904,-0.030067145919284,0.0663962616243929,-0.00582711260086321,0.0935682715185621,0.00540205118985851,0.0231877472076822,0.0125529424536946,0.0605826477622484,-0.0163701525027154,0.0477333042183958,-0.00385821708011814,0.0603030819897779,0.0294799305742586,0.0801282176573453,0.0192039976127631
0.036866524464564,-0.0127989772020455,0.044914556819675,-0.00975536148722249,0.0499320058908027,-0.0265937144611475,0.092868991508222,-0.00223031320548255,0.0966070728566569,0.001546176179478,0.0271289926856422,0.00914965786423719,0.037923941386978,-0.00621984282761211,0.0492859714986859,-0.0133375710367697,0.0706417011387818,0.00616168096309405,0.0700784218935031,0.0161978239333764
0.0280294356583233,-0.0228938625418957,0.0350848313801312,-0.0321466789881494,0.0491296904243036,-0.0155211799922307,0.0486232160985023,-0.0271721493128614,0.0646431416114307,0.0429319273186404,0.0289044336107844,-0.0238836800403641,0.0380606342474818,-0.00999194083190485,0.0389614211926691,-0.00450018268649591,0.0440742256191203,-0.0213442003643145,0.0502600137735789,0.0352086385640895
0.0379069137079663,-0.0243146881863289,0.0516404150709449,-0.0312562909488035,0.0306179324925146,0.0392126877942417,0.074538108704241,0.0338493399287705,0.0815203485403791,-0.0154700827546229,0.0148286709261731,-0.000846731807902221,0.0286560949834817,-0.0141656066039762,0.0342381446661087,0.0185793395947356,0.0521665972475248,0.0406710851179375,0.0710295757575386,0.00579713702202814
0.0477747043635718,-0.0447770028781349,0.0532348510373221,-0.0314663333640306,0.0476545557996969,-0.0284955324091043,0.0461505620223122,0.0282307733868576,0.0835009306766641,0.0336186081564834,0.0290635992214249,0.0440529261570355,0.0408163427227068,0.0542385063868683,0.0476869056376281,0.0454340363616668,0.0506501728141691,0.0334485064971545,0.0560653382353078,0.0247662025625361
0.0310337973743435,0.0363900654760528,0.0474668962159239,-0.000504838189018366,0.0616925064980265,-0.0201835466519229,0.0573778119957366,-0.0472597271104162,0.0517673528610201,-0.0265587366596518,0.0331677149731052,0.0438995481392686,0.0512471015229215,0.0236470093805548,0.0751812679414016,-0.00193560878241995,0.0807447332172251,-0.0285183616798117,0.0755377096963539,-0.0262437537974983
0.034739172577665,0.00811424213625631,0.0598940565656763,-0.0235272998209818,0.0607022219354235,-0.0309364367284156,0.0524295901968175,-0.0340413806514774,0.0511715372377866,-0.0262021879631998,0.044281851367375,0.0256958294013264,0.0833707612730925,0.00329794496801295,0.082246031882254,-0.0158210975258782,0.0772773006577913,-0.0186584480230147,0.0704759774326672,-0.0293187545222029
0.0254365234100534,-0.00687798455510552,0.0413004194980498,-0.0232074182322148,0.0479611827839805,-0.025567231723102,0.0482864616742052,-0.0265997249822564,0.0719865315185921,-0.00291334288248723,0.0251519689847645,0.0332758926509015,0.0454959837443143,0.0446453154347469,0.0502953881423149,0.0313308280993264,0.0619198115500453,0.0254939342211306,0.0900577072806361,0.01189187808341
0.0496150143100672,0.0157072557077801,0.0782096309209008,-0.00997803884510228,0.0617630069220164,-0.0262387555164445,0.0523575637749057,-0.0250127267935043,0.0674392452600709,-0.0203748758600366,0.0503013458767989,0.032001674510162,0.0763746580276636,0.0149390480646607,0.0947813514986491,-0.00202636413642385,0.090410126780342,2.32963479823139e-05,0.0777230262571535,-0.0202707879826286
0.0267032609225278,0.0289707645945247,0.0412590237503959,0.0189663894744791,0.054404153599014,-0.00376630884717571,0.0436854128241702,-0.0268334593100567,0.0623587648832399,-0.0156333204266623,0.0215220684693283,0.0222352268494282,0.0474641573633963,0.0356613088980065,0.0683052695371224,0.0190801932331932,0.0627331483184538,-0.0140400987054972,0.0701508072006992,-0.0109654556630433
0.0348655348576525,-0.0372888777752566,0.049183050505692,-0.0336337809864283,0.039059099326861,0.0106679892464048,0.0899246345339742,0.0274432774235853,0.0918884181272702,0.0047856473682596,0.045067638288105,0.0401022747662826,0.0586966812078495,0.0222359151676569,0.101938151531687,-0.00484846307962169,0.0992250739100372,-0.00135282676161151,0.0991762742458719,-0.00140517701290795
0.0282956196766281,0.0389323392613842,0.0473157351965116,-0.00404557276875072,0.0576547048597193,-0.0289307934820272,0.0499898842073124,-0.0269493936532841,0.0606035314397805,-0.00624256900359659,0.0197849607894296,0.0114440750200819,0.0320207709526297,0.0426501373752191,0.0623848173185092,0.0166838935958278,0.0721388924172714,-0.0222276636330911,0.0613593120924779,-0.0155125139398809
0.0392200175468612,-0.0197426506031977,0.0451837212052169,-0.022882301792079,0.047476156174667,-0.0242503303808047,0.0460246532648941,-0.0210018402293606,0.0669244376178509,0.034546962520616,0.0349900600394868,-0.00760457926975692,0.0373801079664005,-0.00413052442630183,0.0329938445652957,-0.0051750302707646,0.0461697493484463,-0.0185250497019248,0.0498603153902964,0.0319276537997024
0.0396209909231595,0.00410717736202753,0.0431032744294068,8.527274142538e-05,0.0493348567377443,-0.0107082982560998,0.0513605250048486,-0.0227215622143553,0.0484310441279456,-0.0336099744402938,0.0414292774609852,0.0289267369853188,0.0449528359864897,0.0204167174306315,0.0581605147714262,-0.00396233733225153,0.0627964544132191,-0.00894901502428313,0.0613926098424678,-0.033576461404827
0.0259679545457175,0.0204638952009675,0.0502632557336363,0.013759496787479,0.0496798279361632,-0.0215721686743175,0.0513557606615272,-0.027034731852675,0.059182485294347,-0.00197483143347325,0.0232405896502545,0.0165972107088049,0.0382838938340569,0.036647872359022,0.0595136232995266,0.00751475051020542,0.0541794081128445,-0.0204999583257593,0.0625787888257836,-0.0121049944048084
0.0260130533748266,0.00912287809770397,0.0407544283928014,0.0112711828873091,0.0502993904023966,0.00458214853075888,0.0535983450430684,-0.0182528436822468,0.0551589064777387,-0.028445012146847,0.0337833788011247,0.0206610821276162,0.0431047302695021,0.0262656999365817,0.0507579183689979,0.020871971954577,0.0633715462626279,-0.00113176966080119,0.0674816153248925,-0.0220068287508833
0.0404463405431784,0.00400694654361911,0.0544583394433143,-0.00486223883049702,0.0583348137431856,-0.0211048163090202,0.0500874757669533,-0.0272918632900919,0.0710260045844088,-0.00362387258114907,0.0262075454759837,0.011464339386573,0.0462696618787172,0.019265618996779,0.0526608425372889,-0.00334515925088001,0.0480277916703057,-0.0128721756981098,0.0674002955106772,-0.0128548720944778
0.0449533839407452,0.000282526396933202,0.0477575117775455,-0.00715625622358898,0.03539793081245,-0.00303659097191305,0.0382073324864664,-0.0248042212920243,0.0761056171615657,-0.00295649390520518,0.0418223214792352,0.0143959241085347,0.0445095850773846,0.0119896626423484,0.0357739089117048,0.00961703597606263,0.0361119155294643,-0.0131984013076138,0.0623063758733576,0.00404313845300185
0.0358566389998359,0.0102753076716762,0.0567432900937806,0.013101452567018,0.0816041931843047,-0.0255780571685428,0.0616541697421766,-0.0260260962636297,0.0502979574395591,-0.0254510725923807,0.0182804850857964,0.0231557533700182,0.0551737283904096,0.0303647118192218,0.090978832149076,-0.00108723060812109,0.0875633489743432,-0.00700890344814254,0.0771961283763399,-0.00568618086576998
0.0404341683138221,-0.0107199912039582,0.0500402304632798,-0.0261934988483803,0.0590352562042142,-0.0185641049392557,0.083246305790811,0.00074949206006985,0.0952933278355327,0.0036271887626372,0.0399077231032845,0.0117040120824934,0.0424966904447025,-0.00427679567495395,0.0568618032225743,-0.0189721672478587,0.0595605967298482,0.0170113613172997,0.0877982008183514,0.02323655187512
0.0620327884586443,-0.00586711679204151,0.0782113742594318,-0.0298949815349025,0.0766318928269695,-0.0274646669137343,0.0773722581142298,-0.0380611545879806,0.0501287437174907,-0.0288089527610853,0.0535752383984607,0.024375815198356,0.0992230418874989,-0.00632585169472958,0.096977521531483,-0.000726295839087538,0.0963206745144733,-0.00554115069463421,0.0880984379435186,-0.00164225226671991
0.0238519780072977,-0.0209896564365532,0.0476284122983514,-0.0307261870875949,0.0487743044713656,0.0150762350910683,0.0545179041652227,0.0477177971354538,0.0926109358476876,0.0137597950892766,0.0186806099655332,0.0071969306309149,0.0453133296678623,0.0464720862019365,0.0488687797362741,0.0371381900079565,0.0544562057700177,0.0294998088887434,0.0821997164108241,0.0181968766385609
0.0486245779895921,0.00746507313718815,0.0826435484079817,-0.0342139904475441,0.0659761952195875,-0.0275009005818162,0.064685355038293,-0.0246049047737079,0.0473591639869625,-0.0280468735792382,0.0550217069135247,0.029846368517727,0.100294962009392,-0.00698609147297242,0.0965915590563312,-0.00165573537469207,0.095877706709463,0.000779101679007688,0.0908674501146686,-0.00313745518417209
0.0423771400904106,-0.0196738571628265,0.0479668086486177,-0.0296225944941606,0.0341483988903018,0.0430198695571739,0.068861358987294,0.0390351894399227,0.0756897158906693,0.0101724259214404,0.0370865303357196,-0.0127189183153283,0.0413750038492227,-0.0175253961854045,0.043439403125441,0.0342098170573226,0.0580081349231063,0.0312971657751727,0.0731805950409292,0.0123314256303678
0.0258177251619767,0.0160636773429497,0.038801177617049,0.0284571616149989,0.0450607391844433,-0.0166120788090592,0.050422561788507,-0.0272047955086827,0.08660543722306,0.0230544036784076,0.0271112483849127,0.0229504374162224,0.0414449615077897,0.0376324228982782,0.0532961234917223,-0.00288729952241287,0.0594755264054733,-0.0190989582448957,0.0887227353631372,0.0197890350385755
0.0178436156865216,-0.00192427055531074,0.0360578604413291,-0.0327818504516183,0.0491777817022606,-0.0261226338478194,0.0573712549103644,0.0316092658425468,0.0825285564702345,0.0240029214979509,0.0161492574421143,0.00680240645475964,0.0313014152916468,-0.0242802522893194,0.0417885799215955,-0.0128171928698191,0.049238721615829,0.0336793593190431,0.0714393479603961,0.0259465825409371
0.0192980194948921,-0.000234914767649775,0.0387977219998932,-0.0059736029778705,0.0501018505150897,-0.0287046663672312,0.0508083364917994,-0.0010257798542753,0.0684891142325914,0.0398964805032217,0.0251462070712651,0.002839263483852,0.0396028442908858,-0.00749865306864313,0.0489355582100689,-0.0284725878319181,0.0493701144994352,0.0191765101987542,0.0586659689505605,0.0366801938475315
0.0512975623493769,-0.0125299175243545,0.0530133786958408,-0.0241828045855697,0.0485801383092789,-0.0276491642150473,0.0565367303954566,-0.00862583354135197,0.0874304344675722,0.0278776830271121,0.0317037656563423,0.031204856582457,0.0415815970116296,0.0420030514707161,0.0521330955028146,0.035496695960052,0.0513297794002305,0.0253401108144981,0.0717293702914107,0.00933025035103534
0.0397575559896256,0.0177000448820693,0.0620506121972085,-0.00912603106247909,0.0587409385174895,-0.0349366368632201,0.0545539288064422,-0.0336200285516106,0.0516818715334059,-0.0275378515617897,0.0277633759909565,0.030008787382086,0.0613370027857677,0.0188821345448753,0.0748404541728766,-0.0190684513827928,0.0692614378494059,-0.0304848827011245,0.0659745676686078,-0.0303950244559911
0.038851986337296,-0.000668953615524273,0.0470036175733915,0.00304770527702954,0.0579167542444295,-0.0156420627675014,0.0492635327065609,-0.0284881972546879,0.0814845504867399,0.0222004095244864,0.0400640255912733,0.015336460648981,0.0447066756371971,0.0154609460051088,0.0516317234716521,-0.00588822031192344,0.0466437906658242,-0.0154148368094877,0.0678512493058822,0.0264535233920642
0.0351568467029736,0.0259762379624574,0.0516496890938074,0.0170269109646419,0.0541655227628747,-0.00922484530467771,0.0481140826566651,-0.0283226115638437,0.0651524641957827,0.00321300217049505,0.0357033013174433,0.023564013039613,0.0426269727091266,0.0322884933371711,0.0512186365905849,0.0128857781036598,0.0489575956772206,-0.0197846303260981,0.0629562463691967,-0.0119200647392681
0.0277170307063811,0.0132520350114563,0.0562724112371723,0.00520214727292736,0.0577888420854998,-0.0210204486769869,0.0483176707265549,-0.0316594871553448,0.0646115388320603,-0.016505451724329,0.0274179462689119,0.0287417793415749,0.0543845487474979,0.0274692905925499,0.0663082224397687,-0.000912363083573131,0.0611159769785405,-0.0267738631415286,0.0693133199033661,-0.0181081118463183
0.0306585074315778,-0.00487965280067503,0.0513005679475137,-0.0244228969432345,0.0501164449463208,-0.0250176302814322,0.0800039936656713,-0.0079207171234935,0.0958116672924101,0.00221389995848658,0.0307870991115223,-0.000365786326312093,0.0463431266395632,-0.0141607725024058,0.0468156570910868,-0.0103247750596097,0.0787192731731125,0.00622371925608227,0.0826565996757253,0.0189154792320125
0.0450167025241328,0.00313967663926443,0.0518869459008466,-0.0165541432985222,0.0503420792217535,-0.0284504215468874,0.0611612406067165,0.011570329187191,0.0776421110931476,0.0388500641753225,0.0392636142210632,0.0229103632500937,0.0427881741667337,0.00484057791992049,0.0455231760760804,-0.0202868088000366,0.0513365247578703,0.0248123705563495,0.0694500912267825,0.0410146738647919
0.0387990385610979,5.63797522731366e-05,0.0545174173581576,-0.0161173520871189,0.047190972698973,-0.0328587924059777,0.0842522614167463,0.0139546971184102,0.0937518160960573,0.015379712514266,0.046176803062889,0.00471299537238684,0.0420532831296766,-0.0190557033468777,0.0422791731437117,-0.0188061329686502,0.0579337132185754,0.0257815259089595,0.0908615359266133,0.0164503148150632
0.0338499186519218,0.0468869707553588,0.0560318462560338,0.00369780453845727,0.0826800186334069,-0.0371621321365511,0.0616077981307027,-0.0317799371934154,0.0566824885188653,-0.0210872675507615,0.0348491689681327,0.0500343163856433,0.0614426511234695,0.0211349936680981,0.0997924679758602,-0.0176934335118336,0.087307587891707,-0.00851092345372797,0.0664635800580534,-0.0266500172080116
0.0415022512215615,0.0178627840537691,0.0426021561230294,0.0480745430357505,0.0623429588964023,-0.0117109968725359,0.0493093657972728,-0.0252625515977295,0.0955199534630622,0.00813177412240755,0.033721578929715,0.0277407663854621,0.0418032653511113,0.0417289512521596,0.0544289669857106,0.0152313458023509,0.0607623919035795,-0.030597269951981,0.0943508767953147,0.0146318406472942
0.0583022642096391,-0.0178354304765176,0.0507542271805936,-0.0254939794197633,0.0485469336771473,-0.0289191916670472,0.0361624604540829,0.0329511953519548,0.0648189000674277,0.0425925041798908,0.0297533982242354,0.0303480663496046,0.0448947427116935,0.0372800961987583,0.0529175305876973,0.0296933347702948,0.0557905971805944,0.0285699077833,0.0740702050896509,0.0235577402078147
0.0251931531741856,0.0108297310622448,0.0541072023260801,0.024389025851429,0.0909053427151961,-0.0122536101682575,0.0724201165752648,-0.041943820586065,0.0503173138454852,-0.0301079916050525,0.0288342063066519,0.0197817784389726,0.0519255824250655,0.0293127747734663,0.0986690000041077,-0.00232885339991702,0.097806604927909,-0.00775289167707943,0.0772048554840548,-0.0208079290483626
0.0574209275191939,0.010615510128621,0.0641829003269461,0.00249800680103336,0.0805239402161695,-0.0375907243841292,0.0523450266949791,-0.034034320090848,0.0619270584557318,-0.0064259386526752,0.0398400336014863,0.0326619816058749,0.070368386142794,0.0214186390890019,0.0927723257265024,-0.0107298606348961,0.088362804247663,-0.0183947009650668,0.0800014723814168,-0.00902813385873124
0.0271724833783229,0.0233159102346974,0.0549746982719232,-0.00946695938220118,0.0554434017999999,-0.0359495580965739,0.0531018823957508,-0.02799437176314,0.055904969313225,-0.0107303416496175,0.0434369002922323,0.033575467445081,0.078544933331575,0.0106310800595864,0.0842436661020078,-0.0186715874441506,0.0853073999116842,-0.00659876158688804,0.0772079107100375,-0.00339610667659336
0.0493786200623386,0.00772013911586557,0.0803953172913137,-0.0357396059001573,0.0821027393806242,-0.0346798105271858,0.0797794876005604,-0.0350364085418294,0.0488619291459626,-0.0300079915447912,0.0487532120943593,0.0315839666751912,0.098343250289427,-0.0105093776608379,0.0969113585843952,4.16760985102601e-05,0.0974696853547984,-0.00158679350924458,0.0606098447367449,-0.0230824009280653
0.00871240936781328,-0.0423330622910435,0.0512358500841899,-0.0399352039932239,0.05009251046136,-0.0294802906699786,0.0671095565266748,0.0155360374581407,0.0918104729993291,0.00247631206784934,0.0449925603676337,0.0407443062533103,0.0511890012133871,0.038845941564767,0.0511328409726683,0.0324983867132961,0.0518749926944113,0.0301095858274787,0.066330442817605,0.0204022242126094
0.040686717895461,-0.00720466948667055,0.0445048119241758,-0.0267970457421915,0.0488655640457646,-0.0259106759555111,0.0507867566219552,-0.00174104761133516,0.0800127137952761,0.0345444779681443,0.0317402676974594,0.00351953982689405,0.0430436253944644,-0.0103683806054567,0.0402600228561354,-0.012205839252444,0.0498214364018063,0.0209554411484155,0.0659854725050713,0.0314591278193173
0.0443374448436079,-0.0252128490631045,0.0504880378188382,-0.0248217152061214,0.0471836048433441,0.00744118392741162,0.0650682575587592,0.0369549473206164,0.0778186039908437,0.0135020921482155,0.0149457395267612,0.00972281928046101,0.0445738886415446,-0.0168789017536972,0.0458373284137522,-0.0243741700237595,0.0499586845055503,0.0385063231734403,0.0560603809265929,0.0278049694370939
0.0219609042410626,-0.00292755862461278,0.0468629556377299,-0.0261123392885718,0.0506309315524841,-0.00764071485415234,0.0642815101779831,0.0392995838150164,0.078617187911741,0.0315511338971495,0.0256191977105412,0.00467455566723902,0.0409000185895016,-0.00773780016620805,0.04533760850491,0.00640782276865852,0.0541929009636692,0.041191419264033,0.0751455182438897,0.0267650076276657
0.0351312283720138,0.00668010743021158,0.0591039029948343,-0.00254952813812927,0.06410896471967,-0.0215844610200094,0.0524495609429145,-0.0295538790391015,0.0512262557218331,-0.0209952041646029,0.0256993302602841,0.020087926869172,0.0565732198037106,0.026050530051222,0.0834693803083143,0.00191275933632867,0.0800865304351738,-0.0057241054058387,0.0683634403608601,-0.00924204681359726
0.0249721636032563,0.0146457654816581,0.0678360474674193,-0.010556592129892,0.066197468298766,-0.0456866824171388,0.053530578557021,-0.0334805159275748,0.0517978462355792,-0.0258521044631696,0.0383498196634086,0.0294354790026832,0.07607223166211,0.00438675348018492,0.079342506775379,-0.0265830455170929,0.0750644408984728,-0.0181183586558256,0.0768352618600255,-0.00498064873922994
0.0181273685549754,0.0125409219358437,0.0468954490898399,0.0174495632024422,0.0590718580106375,-0.00457548734048084,0.0507592453693923,-0.0296419428850893,0.0600088530187715,-0.0266879644482315,0.0191958847202339,0.0191156995105505,0.0447982171556752,0.0303500892262658,0.0608836764752498,0.0166018123200342,0.0614571452776606,-0.0226405560371422,0.0663797457453029,-0.0217537425925557
0.00202711098780101,-0.0368841994492861,0.035479807875687,-0.0460150165851415,0.0469507463675066,-0.0392652802685937,0.0402461372734217,0.00639031709011188,0.0716969194615042,0.0406857927825712,0.035251160560906,0.0344414309428338,0.0478785340591221,0.0353547097352208,0.0485291075495597,0.0344335520432252,0.064410459622859,0.0218221658731406,0.10008285003251,0.00098342931324862
0.0214450378063153,0.0369694257414508,0.0413987334955411,0.00609754393309427,0.0616038897771575,-0.0228434627983312,0.0523806452644521,-0.039270113649945,0.0585169144861196,-0.0013756850365717,0.0394572757653037,0.0407243021581589,0.0457748388371452,0.0289515848839898,0.0737324519265832,-0.000779570805592126,0.0773386679415391,-0.0238705972821888,0.0787997568089267,-0.000712326977277737
0.0341581044358035,-0.0234704779122897,0.0492948773479944,-0.0276884979975738,0.0341633962559869,0.0315962572960901,0.0452901922593252,0.0516515041984907,0.0830289449164061,0.025732745480952,0.0186934470842815,-0.000659155332894353,0.0313024698678322,-0.007215547735897,0.0422182632183188,-0.00312471269090203,0.0434692348019499,0.04149607249246,0.0539838907577534,0.0305590441896491
0.0310205671558799,-0.0386305465015538,0.0481971170186899,0.00298920075810963,0.0455858006203476,-0.0243981611808227,0.0533435497264968,-0.0284102060792378,0.0671198945059669,-0.0180464566453135,0.0298628028725684,-0.0293623316766142,0.0458563537691683,0.0143209306091599,0.0476748088990204,-0.00729962340872741,0.0530832505248454,-0.0216177901420133,0.0715828528157691,-0.00904605773780569
0.0222761156171849,0.0177611615236057,0.0456673388215071,0.0224854319616702,0.0507815482461137,-0.0158494212755629,0.0516328338010947,-0.0174708316586116,0.0876353587413022,0.0237486340013311,0.0185979349424773,0.0213391562234757,0.0369623012229653,0.0332923067851573,0.0546886501774528,0.0222024793356231,0.0622950024145058,-0.0242818554189102,0.0831678201940119,0.0132763523483667
0.0330276240831326,-0.0390607781752917,0.0512263624796167,-0.0242499144412825,0.0571496815447328,0.0444215371561558,0.0972816242260404,0.00338230208009506,0.100535823513765,-0.00397007416478496,0.0367422740523692,0.0431922662201897,0.0407888577309996,0.0573949887002064,0.0406377315833035,0.0623655801734716,0.0487972218476256,0.0472366860699028,0.0683094703615433,0.0212363872522031
0.0434479718498889,0.0206060167218034,0.0633912096787816,-0.00247892517213503,0.051799664241057,-0.0279541258249214,0.055597941547656,-0.00440384750377473,0.0788108245766389,0.0364508304945812,0.00857771105961819,-0.0181865217016328,0.00832197639079692,-0.0149123316852682,0.055068499978492,0.0368249954987187,0.064621250189669,-0.0163708369459885,0.0768485177973172,0.0268164027589749
0.0402231662609146,-0.0146419728507319,0.0518038243869304,-0.0201211495790216,0.0508673244458261,-0.025866715304194,0.0447109679425864,0.0247928207979212,0.0701101847498297,0.0372219718566111,0.039817517057228,-0.00994818108171327,0.0477393349485123,-0.0154509966777937,0.0492741708903198,-0.0207621406434682,0.0485501821192815,0.0137973719559663,0.0536647085770763,0.0403206628267841
0.0350573147048866,-0.0291530594870126,0.0465632461055025,-0.0323700226781376,0.0505097570813312,-0.013814421195374,0.0680397095781358,0.0192785941700936,0.0733386247134116,0.0383772354385218,0.022609945012874,-0.0110179895627299,0.0412907631531882,-0.0315111520928143,0.0421981660283455,-0.0113548446846644,0.0541708641650838,0.0144710140241142,0.0648779097542561,0.0424408156874327
0.0433190198854813,0.0214853974281986,0.0574057496911436,-0.0108272442407095,0.0576316703971968,-0.0386332023685915,0.0513145702663606,-0.0257179817817885,0.0633797020840212,0.020784800770263,0.046297950061487,0.0364910145943723,0.0717828760920688,0.0125578506138098,0.0702751656281861,-0.0277819870429193,0.0645257256111891,-0.00262391791732239,0.0743873329492044,0.0185943714232239
0.0150400639546736,-0.0100909024517908,0.0333792890215369,-0.0277917456233157,0.0472547960642496,-0.0313862545805258,0.0490482552696054,-0.00646149474965383,0.0891680273261053,0.0139745870187241,0.0424158469334888,0.0456436847751753,0.0460048520426271,0.0432672559146425,0.0507194518935605,0.0350654179945296,0.0555803684466677,0.0267511188010226,0.0797953727977468,0.0162410960070264
0.029217449879863,-0.0047060348480239,0.0443478765692795,-0.0176013633895335,0.0424112016218329,-0.0046218452659722,0.0558278244591895,0.0461356238936367,0.0764163387934023,0.00696075242905243,0.0329394861657172,0.00294115885523521,0.0477526503805357,-0.0317685214069962,0.0440572661216505,0.0389716045026761,0.0552916775653693,0.0360903208403436,0.0756802544396652,0.00697744944892706
0.0399926343180813,0.00869897865937928,0.0570793805602867,-0.00814422618878257,0.0522664738977955,-0.0314572618075836,0.0480287951604123,-0.0298782647575396,0.0635793574595503,0.011249332339193,0.0233413865733215,0.0151892727393259,0.051126261418454,0.0253552449545058,0.0650725531648649,-0.0215392073566495,0.0605966930142211,-0.0344003322801389,0.069638355514585,0.00141647148648317
0.0310644641962397,0.0236739319684064,0.0569957302684008,0.00241342328149022,0.049750748366542,-0.0252000575640808,0.0518840372586429,-0.00851593299561351,0.0865157666738,0.0265469291294987,0.0373477046716747,0.0336591115206623,0.0626968318749768,0.0181417254679795,0.0602899933809907,-0.0274665673683834,0.06095771015585,-0.0221734453127538,0.0874839535121398,0.01347036577518
0.0195064059818622,0.0307046307124231,0.0494600801917879,0.00280995202558789,0.0456300269869095,-0.0261369671389036,0.0555709840840806,-0.0055661574268996,0.0587097296179347,0.0458249655957328,0.0370126682174853,0.0389962575532204,0.0520792153075458,-0.00315969346875305,0.0517292907405116,-0.0215173950647205,0.0644355935480845,-0.0025966510156297,0.0662341125779143,0.0415859699303117
0.0238802118501317,0.00941989766959589,0.054075853107664,-0.011963416107182,0.049056054236805,-0.0261548328415695,0.0460813238842188,0.0274787186890244,0.0876968288207593,0.0270659176727185,0.0331192072204802,0.0409236627769206,0.0409224185106703,0.0619266937722957,0.044647864389638,0.0564426179833456,0.0504943658305957,0.0345214575018573,0.0683967670474544,0.0183681937030952
0.022365997390403,0.0274329611043276,0.0463010914870998,0.00313254649585674,0.0539169335060011,-0.0323082105253594,0.0509237433899071,-0.0303605032191571,0.0638118037298147,-0.00505472703438492,0.0210915704911539,0.0226278307243943,0.0459954746142298,0.0298217388519183,0.0637878857394277,-0.00810664848409508,0.0650871585845853,-0.0303013811535222,0.0684309023751626,-0.018115954010417
0.0347018387155456,0.0124605683326274,0.0371849080962599,0.0288155769937358,0.0608450508339311,0.0118012510693951,0.0500330648143919,-0.0288903562559386,0.0636818788071386,-0.0325295932298435,0.030657347053399,0.0282523030648161,0.0371191738919727,0.0231451489262413,0.0528371188686078,0.0370820038110029,0.058729371677514,-0.00235290468311979,0.0705498118812552,-0.0144621078239678
0.0447429598514625,0.0120064758965043,0.0493866984528022,-0.0211867713911475,0.047208752307393,-0.0281996700249061,0.0618399355393444,0.0067590917440798,0.0842424004237292,0.0349390113349402,0.0237035911988079,0.0369973806012912,0.0454779958778588,0.0440935811441493,0.0525413425799902,0.0349628229029585,0.0514138857096745,0.0252285908123652,0.0819481618989831,0.0187388185796709
0.051361429389835,-0.00856661242277549,0.0484987251595676,-0.0275467396292009,0.0521679191053127,-0.0071167259226492,0.0664965071903793,0.0427729145375068,0.0919921840762726,0.00890508318542855,0.027866456359118,0.03071340544494,0.0477544637054543,0.0365600651661985,0.0524460643517254,0.0301470170932644,0.0601601346574363,0.0241746625583329,0.0848797058943901,0.0125739599529633
0.0480549688871225,-0.00448277385060117,0.0508875430166553,-0.0231131273242182,0.0484285302552242,-0.0263467559890027,0.0680287539760249,0.0294683942316467,0.0902531810414196,0.0215017128300165,0.0290657517547486,0.0314101750906757,0.0489301374113301,0.0375511022007753,0.0516100276700678,0.0290558772192113,0.0896884487820047,0.00919214362941768,0.101392154362784,-0.00246658405793614
0.040491492555075,-0.0177783058078724,0.0465369572453197,-0.0279800767082466,0.0485880592934894,-0.0285893607218369,0.0605361098390111,0.0054748185025299,0.0878239047576096,0.0256010075453702,0.0293569074117078,0.0308140490706116,0.0407377279035835,0.0408640418396446,0.0524556261587171,0.0327166215545035,0.0514284281212466,0.0258931049668895,0.0819663893165741,0.0140938048994634
0.0430745942888508,-0.0200964705064084,0.0473473063864221,-0.0285521159587325,0.0497941801026093,-0.0153887409762773,0.0560405994633509,0.0357002189890472,0.0933404897176587,0.0188198765812833,0.0281141849060503,0.0340954391763603,0.0417739048609714,0.0422596321067128,0.0503527365944017,0.0338134743004823,0.0598517710429176,0.0251976158063671,0.0826957393981033,0.0120913663965488
0.0443367542036037,-0.0248718614566208,0.047524171273106,-0.0290487753638698,0.051999663686131,-0.00889342701513729,0.0473643486974659,0.0432539175928739,0.0900047279562633,0.0283166026869307,0.0160557804547112,0.017701779455767,0.0409349291859576,0.0363685833578843,0.0488705853710409,0.0316045670762953,0.0630320805235242,0.028106842952542,0.0856778455610167,0.0120570330514337
0.045864356610274,-0.0227272737494371,0.0479740013994146,-0.0283499629701625,0.0486495818712435,-0.00534972113580849,0.0573458365300716,0.0458258067787932,0.0894697945208175,0.0225932917022872,0.0277859222001242,0.0300379442193431,0.0474656119971748,0.0393774078695693,0.0472701597809224,0.0389719626520498,0.0541409021449565,0.0247725163965983,0.0848752286102654,0.012177271696846
0.0438701038998199,-0.0220365659033214,0.0517382163061126,-0.0269028839513881,0.0488327276769667,-0.0244392801825229,0.0424825890880344,0.0337693347349503,0.0844659190862196,0.0324153270729105,0.0238661175442361,0.0299794000437088,0.0457856245488804,0.0386065390646727,0.0521485454513522,0.0307951833961466,0.0671933108821427,0.0182985575612773,0.0968317956649164,0.000895189798237249
0.0397564682687374,-0.0222256229295878,0.0488892824284004,-0.0290387473641197,0.0457654787196826,-0.0127771533715201,0.0601528371251111,0.037732803138428,0.0889941177904174,0.0217570661422612,0.0383327351562759,0.0381643686990365,0.0486748444546945,0.0359409510366645,0.0515794378248597,0.027486585248928,0.0632964059932265,0.02287307517316,0.0863953136205953,0.0100728988596433
0.0396433763896856,-0.0205604173261056,0.0478396845075501,-0.0256357507701095,0.048955601544769,-0.0294340079030353,0.0506142126129836,-0.000676506091475662,0.0826190258513234,0.00929143611175908,0.0247170833787304,0.0237374953437387,0.0475957350003027,0.0360227654501603,0.0492946455807901,0.0322582179571745,0.0547190293161925,0.0254079375608302,0.078016956539332,0.011903760588817
0.0442778456804995,-0.0243896073398363,0.0484438701801847,-0.0295583762923963,0.0515541102350237,-0.00762449974957631,0.0605443802430166,0.0244317442438096,0.0880918956742557,0.0274131255226086,0.0241956363037418,0.0205546313264782,0.0459563866859816,0.0277058961439941,0.0566741618022621,0.0280901265229387,0.0845345000216331,0.0154263572871886,0.096123037831763,0.000554032638286001
0.0370893950447033,-0.0106843484072001,0.0480142450000942,-0.0245146053146897,0.0489346699408189,-0.0257957537586683,0.0602310954549095,0.0123335099789151,0.087313756731124,0.00921813187866728,0.0118402747447388,0.00660610677646494,0.0305413915823043,0.023044152362079,0.0506201098649523,0.03063700327948,0.0597593313704791,0.0247457115752799,0.078768000957834,0.0144352935155528
0.0468324492675819,-0.0179340009890428,0.0509340906266338,-0.0233785842461582,0.050626600057984,-0.0257204164666805,0.0478649771150143,-0.025611004705429,0.0791043185882195,0.0196982864609133,0.0286723855383149,0.0301569622240672,0.046151159677933,0.0384969622470801,0.0514203137945089,0.0321577950196767,0.0598074388928984,0.0239463233712131,0.0856350539465421,0.0143148368367969
0.0511776321214804,-0.0135831747332678,0.050141282214541,-0.0265304259190117,0.0498608980885876,-0.0218678806523621,0.0725357771232442,0.0344258194899345,0.0926588471850943,0.0150994618012695,0.0198873394488325,0.0174481608196107,0.0452015687044488,0.032473470789503,0.0523714448368301,0.03004266361168,0.0771602252744139,0.0185477123314599,0.0972060695437122,0.00092278472320206
0.0185150325161314,0.00899496816412752,0.0469815470476019,-0.00615643430641923,0.0508414891361943,-0.0203019964230581,0.049905032413662,-0.0276508757590658,0.0717090266742493,-0.00520094752331688,0.0149813400800661,0.00971801241602668,0.0328143107366311,0.0229856948733649,0.0493837091781325,0.0299033389605563,0.0635203826645991,0.0240407812686093,0.0874468592750618,0.00838210039903354
0.0555696690237451,-0.0141140162306468,0.0511833402384077,-0.0258718959869958,0.0490501211590335,-0.0264186986914589,0.0543354175561281,0.0233376407022894,0.0788877917376752,0.0362728407172836,0.024637211879189,0.0201222741270234,0.0431182531941197,0.0281915630299015,0.0527319648067325,0.0268877498514482,0.0712425486530229,0.0187609554335631,0.0922421789760913,0.00569089651261846
0.0410167151773638,-0.0169893352827259,0.047663157006827,-0.0278263984166756,0.0514390996790417,-0.0202962962309411,0.0671430319079146,0.0257524950446507,0.0898431921240178,0.0221644630144222,0.0188762949648583,0.0166392316520908,0.0392826535211436,0.0293670834583141,0.0498593609265402,0.0302633062948029,0.0664599757457014,0.0218008111489749,0.0864808877452895,0.0102110930817293
0.0505813344141899,-0.00744051970988756,0.0528432871826466,-0.0220673522233246,0.0492072923380259,-0.0279069380963013,0.0532466940169913,0.0292585825675673,0.0708541306407832,0.0390085118100754,0.0184524122204214,0.0179423021994847,0.0408473677825759,0.0306138853888436,0.0545244934610598,0.0264966610106546,0.070935713213563,0.0183947620846672,0.0950814971941137,0.0024715698934379
0.0452376503179853,-0.0181047341354611,0.0472078101292364,-0.0252836324530686,0.0480718579725375,-0.0288388112734951,0.062484677237888,0.0252595566321328,0.0843571832237621,0.0330956912907344,0.0150966513658218,0.00332757669557626,0.046864917274466,0.0243571463452066,0.0522602039953216,0.0259437998780047,0.0668819767641455,0.025907084857147,0.0933437597068852,0.00614405302708993
0.0445682681209947,-0.01971375841583,0.0467284194732174,-0.0262645056933588,0.0487798878197629,-0.026766320662101,0.0560621700387332,0.0314762121061377,0.0833164217205204,0.032347198044512,0.021494332471107,0.0202480135897387,0.039560267142671,0.0326424031361372,0.0511117114994364,0.0314190228099695,0.0639411425106995,0.0228983461894793,0.0847456832013444,0.009356733960569
0.0545631576840232,-0.016306948172023,0.050124734529731,-0.0295510277777231,0.0511208964554944,-0.0186540929840147,0.044296427001625,0.0527518619848513,0.0742411748215943,0.0386280159067852,0.0137297603036063,0.0101240103115652,0.0337861572174279,0.0252092109696468,0.0489600259345713,0.0293918816459899,0.0644901246877241,0.0226089393075375,0.0853725686038324,0.0086090539684089
0.0366862073603086,0.0103938751121506,0.0499416275539663,-0.0232908149720205,0.0402484921310377,0.010225215662675,0.0502255745598505,0.049852452328035,0.085497813761587,0.0328325961409885,0.0112760141405643,0.00843602964529709,0.0303651413833492,0.0247339505995855,0.0450227928580508,0.0292978161440415,0.0579263253628596,0.025231157721776,0.0810641510137087,0.0123305583316204
0.049403926784251,-0.0213507130866292,0.0489286921925305,-0.028294137681149,0.0317273444016466,0.040094354735907,0.0448672517750375,0.0527383502399575,0.0914475152941261,0.0273931336908913,0.0489600191260536,0.0372874201410117,0.0741740153850356,0.0197802809541746,0.0974149582505195,0.000474714766444875,0.0992706369346853,-0.000801672076362762,0.0988783232892069,-0.000860270215868455
0.0430753404832464,0.00680437030135266,0.0492837252499573,-0.01898291996593,0.0501641999870645,-0.0264363058222452,0.0411417544392013,0.0297390665445635,0.0755661601554523,0.0377216676446113,0.02400447132292,0.0220537298323856,0.0452097262222344,0.030538379629831,0.0562320419461762,0.0264590563663813,0.0794833680600654,0.0141115295284673,0.0959286494250728,0.00207825923580378
