u1_1,u1_2,u1_3,u1_4,u1_5,u1_6,u1_7,u1_8,u1_9,u1_10,u2_1,u2_2,u2_3,u2_4,u2_5,u2_6,u2_7,u2_8,u2_9,u2_10
0.0333249817118981,-0.0223359511828018,0.0484135659345714,-0.0296502036966793,0.0500087620711871,-0.0321136069242784,0.0823483644175765,-0.0153642435048684,0.0956968839700616,0.00447627450669758,0.0286154700171345,0.00628202661032666,0.0272598213985759,0.00771839185439077,0.0282819851522223,0.00976783559919844,0.0394358063940876,0.0433375278767382,0.0670785280158501,0.0297567503910741
0.0364864170438688,-0.0208867028883725,0.0487235902431029,-0.0262110484638896,0.0503333946303606,-0.0288541797306649,0.0630789625697339,-0.0231582843628411,0.0941921319184979,-0.0113754098027865,0.0358364274560773,0.022004029878027,0.0443861674367572,0.0252634821604351,0.0474523763720295,0.0312789206266202,0.0771837999051773,0.0178610721109349,0.0959310265037421,0.00493914173166061
0.0380549410770563,-0.0197698323661892,0.0480303062175363,-0.0266141349559966,0.0498996462788175,-0.029594856439043,0.0627495080797625,-0.0265164651761926,0.0866853794189016,-0.0159436048777006,0.0427143292961004,0.0243050592264103,0.0466080923408848,0.0260513629707058,0.0529159177120425,0.0295979147467526,0.0494046313462305,0.0339370109855553,0.0561671321870213,0.0322318226812435
0.0215875137283242,-0.0124414425078889,0.0440557643953995,-0.0258915574297732,0.0495165798529177,-0.0291071753832215,0.0719260612500194,-0.0141217301571891,0.0954465883139209,-0.0087878084482144,0.0232396623528052,0.0197250113541559,0.0461295220190588,0.0306437347424372,0.0515876522772123,0.0289538533940618,0.0704751899981752,0.0213313952578234,0.0870541465524025,0.00887586583463087
0.029904992064002,-0.0209956713150422,0.0493236829671943,-0.0288246820904363,0.0610139033523897,-0.0252591482300447,0.0926176170927849,-0.00910140193918484,0.0969625956067113,0.00694292528467603,0.042022176943822,0.0204434178234266,0.0498176645761867,0.0217064178012967,0.0489340865318465,0.0315280107211785,0.080088954939275,0.0196842153556435,0.0929230939352222,0.00176016064117979
0.0348982640939871,-0.0141863769137412,0.0496532641409566,-0.0278358196094035,0.0510215003378379,-0.028270649879199,0.0656747436720881,-0.0202215745337852,0.092996709261336,-0.00824211511487444,0.035364923748763,0.0199323731647648,0.0439559523193653,0.0257689996538739,0.0520721975946026,0.0282995200675961,0.0533866971875232,0.0277697631464586,0.0960475556988258,0.00234771332217265
0.0235412501755893,-0.0150742402493775,0.0465970229453858,-0.0249802671366482,0.0501642336377595,-0.0291960778245268,0.0797978661107588,-0.0185550935247297,0.0924141320430476,-0.00785642859912301,0.0266217527872996,0.0300456566753061,0.0493658771494567,0.0309365173365478,0.0540724945828776,0.0267667896637219,0.091857176844524,0.00784490334018009,0.0952374125911056,0.00482639143118412
0.0294296877224421,-0.0219921928371677,0.0513328451455838,-0.0292007244272588,0.0529639467181601,-0.0284969294620279,0.0836954048691458,-0.0130494662192701,0.0997601866183104,-0.00339521863794238,0.0414110669509174,0.02523821868752,0.0464048372874064,0.029511773656471,0.0540082216157623,0.0284119718649388,0.085346064192217,0.0155451954145231,0.0933129717281596,0.000550983309409653
0.022014047149031,-0.00866924439635768,0.0434480638378116,-0.0251676240293381,0.0504115917676375,-0.0283027829708655,0.0683933494733335,-0.0209037670104986,0.0852714158086755,-0.00626634723686119,0.0271650888418168,0.0197911772882026,0.0472134653253318,0.030298199191235,0.0501406673081559,0.0296217365653326,0.0804906017748632,0.0222822631589736,0.0892014641401336,0.00423161867474138
0.0275908059338344,-0.0185151034967401,0.0502702672466427,-0.0255675033956083,0.0569918228770721,-0.0286585454837029,0.0826266102831523,-0.0139545664530194,0.0985818952042023,-0.00870420543112938,0.0269084630391687,0.0148647302583699,0.0467286089530839,0.0251927484549674,0.0486092977277847,0.0284221090929828,0.0645700057909761,0.0244138744914711,0.0902828306253196,0.0140158108466881
0.0193834480766935,-0.0156180306488262,0.0462860675381588,-0.0251704412585277,0.0493026104292661,-0.0292429926468072,0.0710097151932704,-0.0187572189714268,0.0949683628946295,-0.0125398573340399,0.0252261991804862,0.0151935398103426,0.0457679624524292,0.0267765664357963,0.0490624760442172,0.0287627818213268,0.0502404728876118,0.0291991339073675,0.0718183533469195,0.0164041942019574
0.0170074150474122,-0.018594505528206,0.0417122208831906,-0.0271460409494771,0.0524662498803945,-0.0302604262478172,0.0696371742858647,-0.0250684895709335,0.0831073216708021,-0.0135034676554207,0.0370719513781426,0.0227364593478514,0.0508329559731106,0.0244157780010856,0.0472673720821855,0.0306111732177783,0.0547837980744698,0.0263037383786391,0.0912783987949878,0.0124310799869328
0.0407871889721368,-0.0256985486481933,0.0511706711098867,-0.0297764620119935,0.0862832810396169,-0.00112556247206842,0.0875637437669278,-0.00111527768264551,0.0895478620618012,-0.0102072528839901,0.0410549637479673,0.00326801107959985,0.0460107535398191,0.0136593437937791,0.0573688803627435,0.0302553325634455,0.05152823679361,0.0303214093439169,0.0707012859705002,0.019900752876173
0.0121966529035842,-0.0103459452624644,0.0374715487059162,-0.0182821785569683,0.0517816570885369,-0.0264326214695549,0.0535064318274319,-0.0292007986726074,0.0814759654641065,-0.0114479212657184,0.0259600824184413,0.0160266440470737,0.0509442313682303,0.021719415944278,0.0484215740400856,0.0278608929394034,0.0531256309960487,0.0319278321434872,0.0920742797632112,0.0161529510799222
0.0261912464033622,-0.00419091536473561,0.0476951733111174,-0.0144974025719624,0.0501447827617874,-0.0213835060799166,0.0553590308777595,-0.0301762915538034,0.0963109036352837,-0.0161359642733977,0.0277880983244615,0.0210584723583813,0.0447756384466137,0.023950402517044,0.0501636898915813,0.0295944381521522,0.0538057144737924,0.0246967161290798,0.0923713252130916,0.00957199386439841
0.0359162240340365,-0.00346427328528881,0.0519917198790649,-0.011641880637979,0.0544306035984155,-0.024350413727146,0.0516959060342285,-0.0290975316611514,0.0845346875921835,-0.0223412604445846,0.0205902134899751,0.0240138061645445,0.0470154237542464,0.0288270628364037,0.0645769868970013,0.0189804894884594,0.0806997856398169,0.00171612482813594,0.0944555753525782,-0.00417800379672752
0.0489067963204834,-0.005685158815012,0.0542045139632309,-0.0120568861153528,0.0532606413272601,-0.0318093774288954,0.0502857176785844,-0.0278961895693315,0.0873050818237174,-0.0189636629007996,0.020298170542793,0.0124671624793671,0.0439475034463442,0.0173760268448252,0.0478129362519295,0.0254515736298746,0.0570800080067065,0.0220493877254986,0.0861372224476431,0.00254209232752489
0.0151803156763133,-0.0392304889672212,0.0435370518246012,-0.0374821211021159,0.0579765280742298,-0.0317913210240412,0.0678374497609075,-0.0167826634307412,0.0895888883445572,0.00189309503673986,0.0143785298932535,0.022446314435871,0.0343329824333036,0.0338123179400738,0.0531444599306121,0.0245680331193326,0.0859335628333076,-0.000371544473888711,0.101833370372498,-0.00724542316851
0.0296799879333532,-0.0170068180313707,0.0498928176578246,-0.0272917460163972,0.0807384803159534,-0.0119236854373433,0.0842304741775512,0.00405882003944014,0.0947979262893197,-0.0142775781313849,0.028143603714423,0.0167768811171447,0.0435995177400917,0.0209889073492807,0.054742243369327,0.0286355423693258,0.0537251245100604,0.0293937501348914,0.091869687778218,0.00779760748695443
0.0134041012846237,-0.00237670144238615,0.028399678258886,-0.0222843170978561,0.0469803513638916,-0.0294558950503034,0.0619558611131868,-0.0229436670243649,0.0820878455979997,-0.0117668417949055,0.0111520198173881,0.0163733956285583,0.0307618283665155,0.021539888983175,0.0441952085023029,0.0224027405932536,0.048550854966745,0.0278331891299354,0.0683087643024364,0.0207451885177248
0.0185096681514042,-0.00115217101118508,0.0459172309919667,-0.0065866410750478,0.0492019956273849,-0.0157758280422715,0.0546803546892579,-0.0283347524670226,0.0908756599672646,-0.0196601246192053,0.0237759289673588,0.0210026914206062,0.045807040526442,0.0257891026148504,0.0486324575179834,0.0304376734587648,0.0772790610532319,0.00753585918444006,0.0993235340731765,-0.00164713018010065
0.0193569531851158,-0.0203737350183706,0.0411243487732351,-0.0257689296162035,0.0552460802981358,-0.0264163788492125,0.0749548239014773,-0.0195034805539662,0.099422096487353,-0.0144111197479211,0.0297712596476206,0.00599426488946285,0.035801815261078,0.0245883780066291,0.0503910069853392,0.0283043514746917,0.0747435086179114,0.0152504465725217,0.0965077441364038,0.00843602157695653
0.0097688955427314,-0.0186035140032779,0.0310812723280226,-0.0257062178369438,0.051643462186429,-0.0298745028587308,0.0790788195132533,-0.00809032744999933,0.0991293642921396,0.00303419413529851,0.0132797290980646,0.0115434604930099,0.0315947867744178,0.0246664266078878,0.0463632288455641,0.0265845802466618,0.063545328408521,0.0293795341166073,0.0908611831170737,0.0186350109034217
0.0178631793920293,-0.0310631140639635,0.043936056411637,-0.0298324739167346,0.0676853896177304,-0.025718026023036,0.088160326817465,-0.00710624637639372,0.101347967203563,-0.00245688611274561,0.0135585550386733,0.026642351721054,0.0291604116578624,0.0439464840726834,0.043922015968642,0.0345483273288962,0.0618369707561852,0.0209235832900308,0.0954932498604062,-0.00922103445696367
0.0240089324690659,-0.0153225698139333,0.0496720792914472,-0.0296506013616685,0.085911450058122,-0.0161092995770559,0.097677578018712,0.00152317911349858,0.0991950437192671,0.00235594486565643,0.0251908655318619,0.0142820070000713,0.0461987784624227,0.0237188001388016,0.0625607053377661,0.034150201440403,0.0531931749142592,0.0316697256425677,0.0853938985788757,0.00882891023640306
0.0196989895661255,-0.0174014986390846,0.0387803919978797,-0.0260638331142563,0.0616816260430924,-0.0309185478134758,0.085126101101086,-0.00394934393690446,0.102348843131394,-0.00531777828997746,0.0112447407003455,0.00898386284768871,0.0254232107482728,0.0244457098948214,0.0385447677887848,0.0255635708037996,0.0512710158923173,0.0356207845073463,0.0848825599007353,0.0087364102742856
0.0297587300268127,-0.0167826101723436,0.0477273558770094,-0.0328762647445309,0.0892916765833712,-0.0127438500621836,0.0972616523055881,0.00290474049614901,0.103241526302317,-0.00765600907093849,0.0163694721463305,0.0213799002462934,0.0306132921268623,0.0275688260357521,0.0631042145840228,0.0306445169989571,0.0639916201314945,0.0240759088843388,0.100437333547796,-0.00381440703345755
0.0267496159649408,-0.0112841697263842,0.047393755529289,-0.0168945707566056,0.0505296068846533,-0.0279643390910232,0.0756723175742641,-0.0304475655260127,0.0999589242717621,-0.0105304465485289,0.017873654428745,0.0130105943414068,0.0326926527474103,0.0237433754893002,0.0428435797918655,0.0231317527740573,0.0615427401176824,0.0284750492240734,0.0958728086848271,0.0031373828508987
0.0325721240753608,-0.0371772201917919,0.0547758917847845,-0.0323071204509884,0.0805629741653631,-0.0230377752606122,0.0991474436752758,4.91828642581065e-05,0.0941229093796176,0.00916780391335191,0.0180891020346513,0.0366663227391223,0.0371304412065295,0.0442896902604109,0.057842713058379,0.0207770418242535,0.104097735773989,-0.0142856526131887,0.0952600459359199,0.00355359712300157
0.0114800817517113,-0.0175755399313797,0.036967983134755,-0.0270817843064566,0.0569596038415579,-0.0288205313460409,0.0817451486127558,-0.00706745996115104,0.10236327071306,-0.0106169362886375,0.012676641073593,0.0111749111550674,0.0279574856491602,0.0246813744362174,0.0412850751520952,0.023706875572198,0.0600925520439362,0.0267069359604118,0.100746201441799,-0.00584616577466174
0.0100686084035931,-0.0162669950524009,0.0319348874702504,-0.0269688977978711,0.0504779302067416,-0.0280586414057606,0.0788488065541597,-0.0102746195603038,0.0987980415530247,-0.00615123658464985,0.00973110707512004,0.0110488138604283,0.025446008707971,0.0237273064015041,0.0386044179886771,0.0265495835501371,0.0568506319984422,0.0295428151937957,0.0926776536967547,0.00388431844216928
0.014107733905646,-0.0126062019896619,0.0356272738603275,-0.0294278607304735,0.0506628302527191,-0.0228454685375208,0.0866660706693334,0.00966284810083968,0.0998830205242882,-0.00108662055747631,0.00825962726355099,0.0132945483334208,0.0136062751170392,0.0111760469376653,0.01625321850053,0.0148844124378699,0.0520892426907405,0.0256710405532641,0.0646173546722288,0.0310717015619139
0.023118336912707,0.00253495579499731,0.0390594604019482,-0.00448996528091757,0.0469802629700225,-0.0227254872422444,0.0509608964540769,-0.0295698492558387,0.0947798517715244,-0.00361357736251121,0.0155425774976526,0.0241069513485475,0.0280413898236739,0.0304372897381218,0.0376320485585982,0.0237377719845093,0.043539615457623,0.0258155456449701,0.0798214626019805,0.0194043622219296
0.0225293123021742,0.00780099857871245,0.0402634803895657,-0.01071414423214,0.0457866042967835,-0.0230746506793963,0.0681633558199042,-0.0337425050707115,0.091308993485667,-0.00692669010864313,0.0197002121767332,0.0255732844088873,0.0330206993136139,0.0305985776720697,0.0376167362312939,0.0311809729072286,0.0528477616778587,0.0286990491740625,0.0876846852952384,0.0219847961530713
0.0272380483603848,-0.0220872965020228,0.0441280719844448,-0.0335905961996979,0.0637707197452164,-0.0252688912561306,0.0983599613551738,-0.00487678234540192,0.0953016002743209,0.00793970197688309,0.0145540058587752,0.029176260390873,0.0312123495804275,0.0443717923875402,0.0504953440349875,0.0306910354223806,0.0808352448150958,0.0088708225594623,0.10108029132214,-0.00690580093558233
0.031090816645142,0.000359255815448881,0.0339820013771921,-0.0199852844650501,0.0520513840535443,-0.03118200751298,0.0849138750537564,0.0258251244958663,0.0978666734063493,-0.00285997761328211,0.0203664544941776,0.0259293976182424,0.0173236430690942,0.0138883962623544,0.0246829374551462,0.02082985890285,0.0554539272184177,0.0397912398526184,0.0607403646249128,0.0233228284174948
0.0249183773806078,-0.0291522327916206,0.0484451739486209,-0.0236029749360465,0.0533187897657346,-0.0202207795957058,0.0940650431597681,0.00456625300805527,0.0998318818214006,-0.000995567447555096,0.00858421927244736,-0.0158175567089814,0.0223768486631375,0.000669454738761511,0.0279089208529688,0.0114619271534403,0.0542074685479376,0.0294809975901085,0.0842353788377158,0.0139083861031229
0.0378879139512697,-0.0259485405608131,0.0883339790221292,-0.0183071207033586,0.0970592843204996,0.00222164602632008,0.0983190321600518,-0.00187548262383464,0.0993180105411041,-0.00074070759790793,0.0182875866696532,-0.00671007404312555,0.0722008157939908,-0.0130844710918063,0.0614433880247655,0.0126601854310993,0.0528804060220352,0.02202345084391,0.0796296316955669,0.00814714777273742
0.0283062448971684,-0.0145021384227055,0.0445982099064289,-0.0313512958513305,0.0728116006237558,-0.0233032437342971,0.101546630526695,-0.00892292193191049,0.100590436096973,-0.00311511922615656,0.0121533337309657,0.00260010892649816,0.0211498128879705,-0.00628585107815176,0.0671647351395548,-0.016579824592161,0.0963637988789267,-0.0168746977425967,0.0938166487558597,-0.00688706402587421
0.0306478799262823,-0.0188157758606216,0.0419264992317883,-0.0312641838081338,0.0620036576863314,-0.0195654511786887,0.0952450715530937,0.00742497582567105,0.103482454616435,-0.00781583396508369,0.00727103294977516,0.0070226705109424,0.0206032751970864,0.0251639148585115,0.0483918378717087,0.0339589865247478,0.0850184058137881,0.0216483714534457,0.0999488761332833,-0.00294128532119892
0.0111853757504328,-0.0164991849195936,0.052953869502512,-0.0273476460954237,0.0797898697141085,-0.0259974722703884,0.0946251671359394,0.000581194131157564,0.100874764540507,-0.00163513616786907,0.00381047117057823,0.0157625210346206,0.0172192258793718,0.0284737385749127,0.036379349828637,0.0334976257261075,0.0513951183655842,0.0285342953843927,0.0709873370177524,0.0170694881592225
0.0101837938334911,-0.0138918416704032,0.0462567670950208,-0.0281787547455404,0.0645832696182368,-0.0280949212636879,0.0995919811840559,-0.0119960715917001,0.0961079018956641,0.00984494276748181,0.00543982250953676,0.018184478454897,0.0232884343574393,0.0412469342846846,0.0353616949916005,0.0397455287674596,0.053601536693864,0.0291229005818114,0.0788561964076614,0.0138547628723802
0.0196930990025907,-0.0130623552828891,0.0440110625150346,-0.0311839992976129,0.076267023613171,-0.0150046378572259,0.0920253388900736,0.00674263428401914,0.0994818450941827,-0.001051911194052,0.00779879812719509,0.0140459475201203,0.0264754705564658,0.0201714828030908,0.0462479749621016,0.00901463132454024,0.0687977948044493,0.0174497641882199,0.0521286849030716,0.0270830030614356
0.0189134690074575,-0.00977406895114717,0.038573537806627,-0.0223624246305177,0.0541670378344645,-0.0282799812390064,0.0713629983891822,0.00430066001979952,0.0914885559612675,0.0176842133279763,0.00722686154674038,0.00470842726927681,0.012701276170121,0.0111730740996021,0.0410944544115907,0.0181196997494397,0.046756002394196,0.0318030004430223,0.0653133313061581,0.0200809093348807
0.0305365363513496,-0.020959625223628,0.0526099535778334,-0.0306356228256181,0.0945583855402796,-0.00198044489738433,0.0969323745182576,0.00433957973977914,0.10093740429541,-0.00230093363901891,0.0177334079145521,0.0072097492842508,0.0434631163724845,0.0170526074781444,0.0508230676210135,0.0254409684094459,0.0481466088403911,0.0273243768519484,0.0943145604129455,-0.00420275437945958
0.066235919024184,-0.0262334071372954,0.0985902062201806,-0.000346336351442557,0.100877334588614,-0.0030330715962636,0.0467277737868905,0.0497365059480319,0.0586514875226078,0.00670355354867741,0.0468332991708136,0.000643081952518365,0.0802144645650127,0.00912133671126789,0.0816772932853328,0.025928572971517,0.0304974740096355,0.0413549511885289,0.0564131810581272,0.0221010539432386
0.0343301788800582,-0.0195264084609366,0.0516803279313223,-0.0304830327296254,0.0930062985606061,-0.00371592751881305,0.0961645895126837,0.00474598147535785,0.103200507123294,-0.00755461181977365,0.00915486001114324,-0.00259216374813096,0.00956893063158323,0.000838280975566589,0.0410133983402469,0.0144711086653033,0.0472189450981727,0.026858318677151,0.0917919983304898,0.00196465196877191
0.0308740330005471,0.000187385703036081,0.0409433736399702,-0.0196509769688205,0.0626456178436989,-0.0309310072381626,0.0683849511806881,0.0295509256588503,0.0899129517559438,0.017369284793684,0.0124124823404843,0.0138720908011584,0.0189467463776224,0.0105974778421665,0.0297453228615794,0.0386290271155476,0.0507014469080369,0.0345671754614136,0.0711512800698028,0.0177097044377133
0.0234223877841722,-0.0136119379431886,0.0464649110522469,-0.0249038337035151,0.0729187358354947,-0.0211395946533251,0.0848080403698984,0.0120964770611092,0.0958464784566766,0.0107551182570027,0.0196279484360919,0.0037834201975091,0.0240957081126928,0.0143064682775889,0.043894834344409,0.0202393175448541,0.0502448317367616,0.0452197527779969,0.0819783827708387,0.0238660986203308
0.0227507170738226,-0.0202743034555507,0.0504970881826985,-0.0278332042871272,0.0804609789286287,0.0246983496904367,0.0983064364412151,0.00444179325017853,0.0947370477086977,0.00373419600824751,0.0226774295020866,-0.00353920413266312,0.0419353311677341,0.0223881499228728,0.0598672832921262,0.0222473337409758,0.048324060890875,0.0298665167008395,0.0813442091831788,0.0113633703131927
0.032871056783875,-0.0266029921139278,0.0655157544972693,-0.0213025652829356,0.0660472907460702,0.0396606385706375,0.0821476862578716,0.02154736663147,0.100331641153618,-0.0123682085757911,0.0102228613953127,-0.0085556830386318,0.0347843398853485,0.015457158135137,0.0467073035008607,0.0448955647535183,0.0587887162191624,0.0249765231401156,0.0938249562755645,-0.000852115351633642
0.0302479871256333,-0.0033059162628341,0.0472555186164991,-0.00274339051871311,0.0533609192379483,-0.0116460220420044,0.054852298812807,-0.0305255198996069,0.086001023268885,-0.0163332531850251,0.0245522205604994,0.0190469094872115,0.0421633426723486,0.0237489387339951,0.0489229751729853,0.0248982439111104,0.0563383127251201,0.00609981024074554,0.087816933347924,-0.00895116100066718
0.0189604752041121,-0.010840836472351,0.0448324709013037,-0.0269258026381197,0.0573605584194232,0.0144728276762861,0.0732039313545647,0.0368699998296331,0.0928967639136864,-0.00898762876923447,0.00892269644286556,0.00361328552669974,0.0290325910784529,0.00770687076747574,0.036052341317664,0.0366929894086181,0.048449272393979,0.035206903636092,0.0885798120077701,0.000849520665909207
0.0226521441529781,-0.00511943741233592,0.0481126089741496,0.0110639022549843,0.0534753968567369,-0.00703059264461111,0.0481113828674854,-0.0244194128679737,0.0804106327199051,-0.0258477840206091,0.0221418547924861,0.011674823864597,0.0390571337146898,0.0273243982944426,0.048449268990937,0.021885242840488,0.0468066643816359,0.023500371644328,0.0607030739468478,0.00441967990486319
0.026788530728572,-0.0104870768808596,0.047520815660293,-0.0406565995490643,0.0480266066055044,-0.023803491441709,0.0568343167496127,0.00850085966375672,0.0862413148088515,0.0289688007416712,0.0282218027267263,0.0395242569027956,0.0401163064769718,0.0375816352370728,0.0673391657701804,0.017621978364803,0.10106556718036,-0.00768444994452207,0.100894028973019,-0.00668526105041189
0.020628855421685,0.0163954618051057,0.0410005475966455,0.0129192621651931,0.045005878521856,0.000894765127188857,0.0566489814302063,-0.0301384296522769,0.0951310819303548,-0.0166411699578339,0.0185158877861986,0.0252934649638136,0.0424987277456374,0.0280557549761274,0.0509950744348326,0.0256721357563225,0.0721449876356732,0.00776506194072512,0.0984346439838976,-0.00246772839506884
0.0312004319154353,-0.00273864301331707,0.0474818194919233,0.0119024715733041,0.0552855483753187,-0.0286327353259531,0.0769959435516225,-0.0108177393567789,0.097080604291103,0.00191416058924458,0.0284590361459578,0.0192849978502351,0.0500671571248953,0.0284614906717932,0.0802085463199487,-0.00683678729168169,0.0899535029148551,0.00400503739897257,0.0920898795184648,-0.000713623540454251
0.014723616293307,0.006040950326422,0.0472522393037006,0.0126828370382589,0.0680650245094305,-0.0215770399197808,0.054844749284327,-0.0380912335002818,0.0710667002062034,-0.00249098782772053,0.0250363524458415,0.0259212600227381,0.055417728320365,0.0268256656466342,0.0868572206334171,-0.00229039512934369,0.0837470309209014,-0.0134074775262955,0.0837317990672934,0.00498193410490406
0.0145300176178537,-0.0211956402625141,0.0401620726527352,-0.0377010969010856,0.0615020133056762,-0.0258957918061445,0.0581709029068241,0.0081863938131755,0.0909949093866079,0.0193405732120557,0.0195491182396152,0.0304694355427962,0.0400450944746841,0.0412016120515732,0.0441983051299112,0.0314586815106863,0.065602163548978,0.0221872154231304,0.0859299690293379,0.00899436673184215
0.034397879588395,0.00451126445091905,0.0665887341986035,-0.010852510212957,0.0651252425481578,-0.0427481263069393,0.0460144296760858,-0.0128245243649021,0.0925192231323687,0.006904906897514,0.036913426031569,0.0260448744970857,0.0750620151449663,0.0130929590067881,0.095918528032981,-0.0121865314432389,0.0481915354047373,-0.019573406834781,0.0657589624325545,0.000284936500222917
0.0200263576163077,-0.0151229735609769,0.0460540964766119,-0.0271062706848308,0.0560056984266211,-0.00898235029753182,0.0736924077319156,0.0206014422930901,0.08090464898989,0.0325101652492628,0.0325983578951434,0.00786511175586926,0.0344479123712927,0.00875601199417437,0.0577506016061563,0.016868169642646,0.0468082012776641,0.0334274053940609,0.0792638759584185,0.0190243380174362
0.0265421894277775,-0.00538570232054514,0.0604190727320367,0.000934525596288716,0.0773175147090802,-0.0327511157240285,0.065485068621432,-0.0430064348810988,0.0549379712573115,-0.0265710890494163,0.0284091411104784,0.0231240469373449,0.062131790832543,0.0237489041538851,0.0954224843306133,0.000251187659905291,0.0962340163399615,-0.00320163695406519,0.0816125802544622,-0.000462625630090094
0.0303755789211752,-0.0130957423945065,0.0480487454700801,-0.017987467088895,0.053546483404591,-0.0270793262723299,0.0789207941976733,-0.00015207592047794,0.0883212599259756,0.0245264043289648,0.0261445330059382,0.0122266924980849,0.0412694354083654,0.0234222240778082,0.0435560689450932,0.0134791022067869,0.0682568343827046,0.0141380888289661,0.0589468295176324,0.0281477753937235
0.0341932314304028,-0.0283247341891184,0.0947164021356665,0.00449255765532073,0.0992199627284728,3.30523000078744e-05,0.0987754565657652,0.0011784723833122,0.0977819807327675,0.000196201457349704,0.065037463905803,-0.00150968169258887,0.0756724047154246,0.0222773384205216,0.0839606496799823,0.0190705995664897,0.0881584485797761,0.0192354144703812,0.0485130348245644,0.0267799872410301
0.0480574599060287,-0.0314137337342525,0.096768087837167,-0.00982886871119619,0.099682588997183,-0.00172979940405341,0.0957592661640576,0.00601279987752454,0.0995879827484807,0.00188898758870177,0.0694591352095302,-0.0200444824862594,0.105533943169303,-0.0156322274290059,0.0883729034278732,-0.0154576242625063,0.0837631656386569,0.012670933546492,0.0407499443371166,0.031819061879516
0.0544279700178679,-0.0345504152403854,0.090206979875592,0.0151085186034662,0.0987053143702478,0.000232133923604719,0.0995184552261429,-0.00112844133581643,0.0983612272879072,0.000405321409315348,0.00426803000154139,0.00693735361611475,0.00795430721800186,0.0228775645165229,0.0260927927866569,0.0414290927668705,0.0393776632687614,0.039778023025033,0.0612590498305672,0.0265279609321944
0.0328675660452967,0.00704471603943923,0.0143141255851372,0.030204874834443,0.0596221019627611,0.00353062760833178,0.0537364494033006,-0.0278292707901196,0.0714829018222479,0.0019294546941278,0.00741361122978725,0.015380841914686,0.0143552014880002,0.0273184192287213,0.0498594744318845,0.0289666468752601,0.0816084395252343,-0.00118453153865417,0.0737572308479403,0.00973859302249013
0.0256869615915586,0.0241232211642673,0.0500131598948484,0.0216788930012393,0.0569961493424653,-0.0236645969871972,0.0484987180304714,-0.0244133009048677,0.070681588717887,0.0143955883337764,0.0205067637994303,0.0346407562963258,0.0467904141241402,0.0339296504756494,0.0735121197804711,-0.00391954203587528,0.0462844713261357,-0.00882108234074204,0.0790700763809237,0.0150436101794227
0.0181661415896346,-0.0155631044747202,0.034498899726818,-0.0306000925959113,0.0507130239039491,-0.0326729098235431,0.0759881214795212,-0.0210665887079826,0.0985145794552177,-0.00866843353554677,0.00662329778031919,0.0149303962840478,0.0315407024711989,0.0436961743789084,0.0409497568930971,0.0341773606022547,0.0566097396557252,0.0260375392307036,0.0895004945663302,0.00791439985105325
0.0217174376619816,-0.0106018762071228,0.0530791321203477,-0.00306973984369817,0.0639870067491271,-0.0234732826498354,0.0484298121134251,-0.027843313862707,0.0740888948303302,-0.000846365484545317,0.0234568036742835,0.0254749313855524,0.0551621667208049,0.021541589995502,0.0883043682967633,0.00363587817603354,0.0906193543294183,-0.00246616337860318,0.095601357049378,0.0029812441990084
0.0356284449572875,0.0372556211039232,0.0592984730993615,0.00523908801796379,0.0660784068561749,-0.0404450207107602,0.0465352635563981,-0.0314246345008297,0.0756350003608591,-0.0010896340848473,0.0281922807353832,0.0409137842097094,0.0614730341226508,0.0213496025774423,0.0851585748189116,-0.0112767269627346,0.0421772941082907,-0.0180652513491334,0.0679470355239707,-0.00168818229143775
0.0398352007966389,0.0089290659786652,0.0512277148057348,-0.00350328381685441,0.0387764696708411,-0.0185733307388731,0.0589461412836018,-0.0288701380077935,0.0518008202810082,-0.00751819754764301,0.0396345696930969,0.0292204380960843,0.0648819932128584,0.0177113958970081,0.0339008491153881,-0.00120320762089287,0.0735463686865503,-0.0131926520707169,0.0458359948853266,-0.000317013101355164
0.045470821573399,0.00143695983928365,0.0597649822776784,-0.017623504949869,0.053984610715017,-0.0282156865531961,0.0723881980730299,-0.00866226734991986,0.0966536337615727,-0.00529424173018032,0.0363663533161701,0.0172499596367551,0.0632505192024203,0.020176787527488,0.0914819398288811,-0.00181640338684169,0.0896152078384575,-0.00119290501863833,0.0849673099811008,-0.00574615005473896
0.012061888348165,-0.00217297254343322,0.0445451846107913,-0.0174635525534579,0.0473864231632757,-0.0295310433798816,0.0671364331157067,-0.0303147466698231,0.0822928671252885,-0.0198521788144016,0.00357918623344325,-0.00113756825028827,0.0109458305335381,0.0152207840411737,0.0375637783902607,0.0396480128311063,0.046128377861394,0.030468203328291,0.0780963112031696,0.0153122939974059
0.0355404253895398,0.021355037766516,0.0514819274433111,0.00708866598543733,0.0605490398575677,-0.0330608200449312,0.047858169098265,-0.0273791865101355,0.0790894486778039,-0.00142052687626683,0.0392293163855711,0.0367833754014278,0.0647776696169629,0.0166025246463738,0.065658673427469,-0.0163967174235997,0.0452493965299748,-0.00806235875219573,0.0826336357154671,0.000388390605831639
0.0339953316217798,0.0356468101801462,0.0542193060194209,0.00122484991757264,0.0723889080448779,-0.0319043947419356,0.0450244398383102,-0.0254023518919295,0.0686620035407346,-0.0151330994319994,0.0238095567526958,0.0326762995948257,0.0515227815847781,0.024906582976771,0.0765878016923884,-0.00436013922398784,0.0472348195091926,-0.0170586388671665,0.0588156835218303,-0.00816076367139633
0.0391976258843306,-0.0047469690834908,0.039966054721122,0.00450754396355585,0.0582735632394718,-0.0173520781574728,0.0449518624543574,0.00124773153677254,0.072932795384224,0.0334281890151544,0.0293290862460562,0.0155180355690035,0.0286835128216179,0.0120214769897797,0.0500402656746359,0.0151204511140282,0.038825139434314,0.00300112196368869,0.0554655127235725,0.0306659257022019
0.0387720398531837,-0.0248303432181243,0.0550826293782105,-0.0308342065200989,0.0793343803177373,-0.0204912002830587,0.0989637242591775,0.000988263551011487,0.0994259206659111,0.000831471718307698,0.0344093335823144,0.0335096146227762,0.0498574075170587,0.0279072417730017,0.0495347689270232,0.0264971352408786,0.0566228822596451,0.0182073365686029,0.0565470753466186,0.0149520063054039
0.0435182387775851,0.0178468760964015,0.0714630544510782,-0.00734320629412379,0.0746203178654657,-0.0388562683493629,0.0513423824843678,-0.0258868491915654,0.0484064933118428,-0.0269783806137323,0.0382741234108739,0.0267578680961507,0.0709853078928431,0.0123597277624766,0.0950614492102309,-0.0121101587094228,0.0654743489244994,0.00200801071449693,0.0383716217545389,-0.0258838836399419
0.0353560537811976,0.0162593119506756,0.0543739474610082,-0.0140194088571612,0.0472549499644681,-0.0279715279472694,0.0715144762116595,-0.0136595983196208,0.0822078884257144,0.0277907021486546,0.0447932715841414,0.0120361459971498,0.0384698016078449,-0.00606245862584488,0.0521215280926363,-0.0345024834191619,0.0515105875566389,0.0180178155840313,0.0804301167358051,0.0178604830015178
0.0457621411331083,0.00787270283301666,0.0475153400142022,-0.0213597102217919,0.0673868585144304,-0.0365214053570371,0.064569412787834,0.0197210434643237,0.0929102389354953,0.0155480735312069,0.0381450472855841,0.0199600079241788,0.0373122349555511,0.000478027805739094,0.0529053654108286,-0.0380907897228452,0.0519682236643824,0.017031075774741,0.0827561485381189,0.0190454769093174
0.0495035080694785,-0.0113260184555899,0.0480928171027278,-0.0343682872530583,0.0403869628506539,-0.000562156720012139,0.0601584210452812,0.0395653024422825,0.0691790632205926,0.0262182636813612,0.039182489102566,0.00968601301396422,0.0433395592911655,-0.0334696044320961,0.0362164448030549,-0.0020366643098783,0.0468630808508138,0.037697546274158,0.0553190064897862,0.0274275712574927
0.0318383718414231,-0.00210100879639413,0.0727531909329092,0.00909527247484621,0.0702376724710559,-0.0289388682434325,0.0507478048337534,-0.0288477917646009,0.0838240977539894,0.0144258591192679,0.042811065183472,0.0261125146315076,0.0929258362052161,0.00366613673784102,0.0922924880608862,-0.0101517072194544,0.0606963379543402,-0.00667003284623794,0.0865816999241626,0.0114430240979204
0.0475144475025887,0.0227858269792028,0.0689697568244754,-0.0147475644951563,0.0610528217243246,-0.046266673878174,0.0509491479487102,-0.0276189804908205,0.0793907934896569,0.00411713558978013,0.0420250711267207,0.0385339061436286,0.0788687923737453,0.00976572886327429,0.0702854732614582,-0.0247065213273711,0.0404163313270388,-0.0128582744660454,0.0707053446539482,-0.00518665874835761
0.0371624956778724,0.0167407326782305,0.0622967428087996,-1.65429314845483e-05,0.0627968439485659,-0.0323075579802669,0.0512589001727645,-0.0149289040014439,0.0889535497533948,0.0197687739580439,0.025598373676952,0.0205900182116174,0.0554753156490042,0.0227651500046442,0.0754421754603474,-0.0116000772514088,0.0470407163465921,-0.0116410001828764,0.075415514926934,0.0179522450133091
0.0531957999415968,-0.020070599816226,0.0635681322936359,-0.0286636984778789,0.0993073950746281,-0.000887845602890233,0.0985909577584121,-0.00153552130753871,0.0991589612170514,0.00131181691046462,0.0258231038475839,0.0382365227869357,0.0406285332174163,0.0380986591200517,0.0405066782795757,0.0380864116678192,0.052811037790516,0.0303360494175134,0.055640602279421,0.0266264357113224
0.0408089366118518,0.0207919646445315,0.0645944641128972,-0.0115399303602106,0.046397483765591,-0.0279523434300106,0.0397172539957697,0.0189442628016174,0.0781055145335658,0.0231249372642929,0.038689012037193,0.0295198243401071,0.0583151007544708,0.0145199180506194,0.0365314510854288,-0.0026009013480308,0.035395356935052,0.0179518559419056,0.0615897331052878,0.025947826683185
0.0362217179309659,-0.01324343788325,0.0607725322146927,-0.0321193954585791,0.100945565889067,-0.00637460935684733,0.098103200238541,0.00255897703447244,0.100235145687082,-0.000592953183238655,0.0183594269592195,0.0307773748620944,0.0425434022937111,0.030858522623058,0.0467358667161918,0.0270798927700441,0.0464122462959282,0.0287355253587171,0.0759828514689144,0.0242311391603682
0.0596147666151457,-0.00639486098395144,0.0467337387970322,-0.025852461898856,0.0843420614752846,0.0123702093216608,0.0944394796338793,0.00698708888083462,0.0500856248276597,0.023503455879908,0.0466949865747967,0.0184136969333515,0.0348248095552278,-0.00982595369823141,0.0687558430479645,0.0143940120477943,0.0579978819882257,0.0274092296155782,0.056451750016618,0.0230128178775088
0.0541730830642327,-0.0110917964463151,0.0652062000320593,0.0105833399769937,0.078635296050127,-0.0348290622637585,0.0535244936108194,-0.0293248471454792,0.0603542856236852,0.0111757811446984,0.048389919826101,0.0238660825265728,0.0613022538218638,0.0259876016437589,0.0976829192192654,-0.00749609284804212,0.0908125630677661,9.15657123471191e-05,0.0560286183022837,0.00167144754803455
0.0684928522275597,-0.00477636915083176,0.0752078392107788,-0.0335150944621031,0.0380023652489581,-0.0335987024037579,0.0492200426720389,-0.015447425783509,0.0689758680187604,0.0295576555575254,0.0736908933279228,0.0132561447967396,0.0965239798318307,-0.00983947957675795,0.0390554017947946,-0.0335011368258433,0.0548906397460135,-0.0243745419219487,0.0706492736383402,0.0270196410865982
0.0344806321192405,0.0140706623769016,0.0631497161623334,-0.0023308795998356,0.0556361662782526,-0.0427798953708765,0.0502961059288613,-0.0216789936016536,0.080337902221903,0.0202114893201604,0.038357558622728,0.0267214652085952,0.0648539332332153,0.0186132729977692,0.0491631272350681,-0.0363434088285467,0.0460822573106325,-0.0139427466836641,0.0757099713447669,0.0199262551144787
0.0316264622428042,-0.0151335017366759,0.0511174723568299,-0.0259948481990102,0.0606608567370579,-0.0304749480640128,0.0749482971582199,-0.00135659909162152,0.0969615498070718,0.00367278252404399,0.0328637074482798,-0.0138429023001415,0.048213798904126,-0.0241501703810132,0.0544621514414613,-0.0296860397151065,0.0626525149818427,-0.00636177628058262,0.0889698383585149,0.00191847076372358
0.0395937782125597,-0.00925040049914879,0.0461161360240832,-0.0294675630639392,0.0529000406292347,0.0359909744953729,0.0757851319947888,0.0235084521611627,0.0864658087650629,-0.0193703211202825,0.0483260660354674,-0.00925397535513609,0.036364010110358,-0.0160065387787169,0.047900103185596,0.0352627812534723,0.0517392606289541,0.0263822279812207,0.088749862642055,-0.0130405534946216
0.0382210787965437,0.0137353136570316,0.049724154880336,-0.0316046967861135,0.0525609778262214,0.0358172711109117,0.0787131102310358,0.00664445734189565,0.0985589073712956,-0.00355567017574273,0.0348268121857093,0.0162505366793469,0.0436292527124566,-0.0321728216182822,0.0436803052045633,0.0359258164358957,0.0742457996115262,0.0100732943142274,0.0955020867823375,-0.0130909199694245
0.039553766576549,0.0358211036622058,0.0648984233592422,0.00548066078486355,0.0587327698855248,-0.0431557670565669,0.0439406488047076,-0.00806876903254899,0.0800229488384897,0.0191278497529127,0.0382407615058765,0.0431888865640476,0.0658393213503307,0.0138007126541522,0.0583923692079188,-0.0377095465640742,0.0473026616103982,-0.00421531449219675,0.0786897437280572,0.0162241110138965
0.0415570223715671,0.0130048326647575,0.0601325963511183,-0.0064483142527827,0.0495592916337874,-0.0231053688529881,0.0623235314952237,-0.0231420853098947,0.0662404142168091,0.0305218192273428,0.03317885340045,0.0276272463737032,0.0510209017542255,0.0220557786360213,0.0403516529231002,0.0152422123624075,0.0568171460509121,-0.0144561881844092,0.0496690568900078,0.0326682229872981
0.0334568324801943,0.009901039147158,0.0593799857675325,-0.0139343197078116,0.0501993903074798,-0.0289953689472446,0.0374076793690983,0.0143608777344889,0.0692307669478178,0.0311177891619178,0.0316009578306761,0.0155472768817797,0.0560088638621871,-0.0127971906841261,0.0445081082119402,-0.0228879421695106,0.0369714426896679,0.01435532254157,0.0602236037721539,0.0295380979595915
0.045247422062379,0.0241535024202038,0.0492570079652589,0.00286995038533829,0.0788851640990272,-0.0188623381679402,0.0503281546930066,-0.026425751984212,0.0637935609213384,0.0181102152892129,0.0409906637350724,0.0329084471435852,0.0437919862913948,0.00851443129218353,0.0796894404766165,-0.0110363971589822,0.0531150457119123,-0.0191201068587739,0.0648411094703477,0.0132358391793525
0.0215444244043608,-0.0232162293407243,0.0371502665479415,0.0140910601264294,0.061820797709298,-0.0227741983870845,0.0437941492722196,-0.004644319393088,0.0756853871140993,0.018800347721241,0.0310732149275353,0.00494479299112596,0.0500325001956392,0.0121787353788375,0.0526533685619172,-0.0276321415150197,0.04181231643558,0.0017717120147886,0.0619835480309908,0.0245201711553734
0.0413710325631628,0.02902415566206,0.054652603175701,0.00582989646589967,0.0465056659623269,-0.0376038990516313,0.049410413951061,0.0176148751109965,0.0855643753008689,0.0270578712204327,0.0305054054713911,0.0411022853698078,0.0516605078659828,0.0241567426792291,0.0415122294451393,-0.032684896821663,0.0502201555884436,0.0160649522524646,0.0836514885450275,0.0232365126182783
0.036414517270157,0.0239529898905015,0.0663783218250845,-0.00402929553847826,0.0542368884458236,-0.0350455663054568,0.0406473681470725,0.00848794582121075,0.0764183719685204,0.0202486301196061,0.0337381580265555,0.0326612581199759,0.0737876434125081,0.0120378864837849,0.0497924950091862,-0.0310288491050926,0.047419827348159,0.00149471592804152,0.0711399507032657,0.0199824787975479
0.0386268951527526,0.0307531076988913,0.0619831025104383,0.0151998364569707,0.0515809785561711,-0.0317498266642895,0.0405887610043167,0.0156807478750621,0.0795703167142657,0.0245756952649816,0.0417548062061983,0.0365386971625032,0.0573941718116161,0.0180604634918861,0.0484879781684796,-0.0279335107143506,0.0470736612471555,0.0179620797275276,0.078937354493782,0.0220114988089649
0.0340643424926941,0.0148653739200551,0.0994549451468344,-0.00251093617114676,0.0993174726947045,-0.00118697667614546,0.0996074162682946,-0.00169175091264825,0.0985074294699799,7.08185228790865e-05,0.0437568229356772,0.0358184662399205,0.0469493228410972,0.0349963771976636,0.0476175159388988,0.0428188258680929,0.0658947532481298,0.038432494305993,0.0373913777376216,0.0548987693498621
0.0463806796425817,0.0280588837988002,0.0666842413640816,-0.00975259472319855,0.0414269334060414,-0.0130466103939584,0.0522948734064717,0.0388275527343433,0.0857780869988679,0.0238991599775242,0.0474064132240376,0.0351107254403503,0.0519838632950442,-0.00204580113402787,0.0428310018038024,-0.00215648085054552,0.0511642685612946,0.0351306859755764,0.0838867816533809,0.0178439849367515
0.0384613623108632,0.0382777085527689,0.0581388666959219,0.00783054016548225,0.0519084563400993,-0.0325438031584407,0.0426401803560171,0.00184332193059586,0.0745773933201489,0.0226062423346012,0.0319401010743411,0.0351420850923796,0.0552247920417462,0.0254842283557025,0.0624381354906937,-0.018060320544971,0.0460610360359866,-0.00449021435356159,0.0694638061448852,0.0263515870200826
0.0255656978313289,0.0381046582702499,0.0522136653387683,0.0166763488098542,0.0495581530685517,-0.0345869857923994,0.040775056950044,-0.000444082691521375,0.0534541476967851,0.0353518057100473,0.0360728205233006,0.0401965561423943,0.0538861279355703,0.0089290668095889,0.0483982279389789,-0.0392643880566597,0.044699583067807,0.000946759899324732,0.0550568142527686,0.0338068110133345
0.0389341800294311,-0.0066955469078836,0.0988073183230621,-0.00179628545768045,0.0979806231733142,0.0010190029447486,0.0987446993605901,0.000668434039506021,0.0999960509589407,-0.00253243949134418,0.046526662469616,0.0481564483040962,0.0260860623532742,0.0430675760956253,0.0545673277562055,0.0539516236852273,0.0377464281850123,0.0581076493048257,0.0509291594648267,0.0290241565179712
0.047302223486653,0.020576326865486,0.0693968146672529,-0.0130957008532635,0.0479816973655167,-0.0304021383141933,0.0460668328762079,0.0375519782292138,0.0678799750494076,0.0324842851369339,0.0464923061110013,0.0356342666145973,0.0733850911888956,0.00555463578403739,0.0410124759856203,-0.0215630380475298,0.0380300539093461,0.0337070363508886,0.0493936276968125,0.0328015136056224
0.0356917203656373,0.0411773053669697,0.0541089973746111,0.00826987795270187,0.0460171691718396,-0.0286622311275082,0.0302730527314461,0.0240012964952424,0.0658305396653299,0.0342482090076298,0.0245413331875523,0.032778238337752,0.0494350689562347,0.0279631696207535,0.0440444537400228,-0.0183556332802193,0.0341810598992047,0.016730177923313,0.0590878076487483,0.0332977532473763
0.0359378989847723,0.0436559924010678,0.0584091922435633,0.00468659814175312,0.0453832806661417,-0.0311388592312296,0.0390711156005824,0.0358234359322807,0.0931675104156635,0.0132479009341706,0.0352696585235797,0.0355936322922907,0.0530866964631938,0.0307358886645669,0.0414474931716105,0.0297268001201272,0.0481119936266259,0.0231391924469843,0.102827860977897,-0.00932739858995076
0.0381642034836682,0.0473603316443572,0.0663366315498858,-0.00636727042896192,0.0531260862629298,-0.0278232161159144,0.0469847382110578,0.033732893031837,0.0929144106497057,0.0128585289414085,0.0410334236205964,0.0363554997578513,0.0504842298141544,0.0275382891703601,0.0502520185429059,0.0266803869589012,0.0369773883952468,0.0250892033525703,0.0526663315795545,0.0392538921861712
0.0543290438954028,0.0224742866872002,0.0609916197014798,0.0047229576833714,0.0582613414868463,-0.0135436423818161,0.0399034331069277,-0.00399501628172835,0.0445436369853335,0.030310095839363,0.0492070756392618,0.029139602394321,0.0605638434462127,0.0150354421953407,0.0537360952199502,0.00235524200136931,0.0403612911938595,-0.0127583000378425,0.0384099282906135,0.0333375873661699
0.040197288720071,0.0215169475251865,0.0567050331528557,-0.0049231745315283,0.0507262960182105,-0.027897469885206,0.0358484153977156,0.00422849109908343,0.0612594271027301,0.0273407880899727,0.0297463572016324,0.0318395021466634,0.0460163252250296,0.00191745440599074,0.0485106733387546,-0.0152833168641129,0.0360341867591283,-0.00231907965892256,0.053767376131648,0.0267528618520054
0.0291402227073557,-0.0213936022408813,0.0806388621220046,-0.0320442202916031,0.100032177737558,-0.00411471962750544,0.0770217968518096,0.0171263373425903,0.0481386768286758,0.00359034878496805,0.0299232771095098,-0.0143487991613533,0.0725023481740002,-0.0388640701868293,0.0882000831463083,-0.00693432153387836,0.0732729751165086,0.0295570803589274,0.0705660267866958,0.00242010197861111
0.0185964561285854,-0.0151690538680614,0.0605649166253001,-0.0335256486443589,0.0849631847224674,-0.0262772355096608,0.0838314519654835,0.0159830178506589,0.0820153611682772,0.0221556209854543,0.0227125023579709,-0.00257617956781344,0.0607756328945979,-0.0455490629108792,0.0745258448102399,-0.032465759835272,0.0572857276876573,0.0262176375122887,0.0895388454444971,0.00460158415796032
0.0235321222485798,0.0337916092497802,0.0650140450716142,0.0119818323187528,0.0780058324047999,-0.0326109759147274,0.0483762499653455,-0.0281589478147863,0.0751321947152171,0.0230968089264779,0.0214331080621332,0.0334687830246292,0.0582162315182973,0.0226349490515967,0.0860807409598655,-0.0228152464204812,0.0470489738889386,-0.0160115301269673,0.0792199494121768,0.0188497059685481
0.0516979539659579,0.0142016474960672,0.0563048609215829,-0.0218135705723193,0.081077664696806,-0.0321450402444117,0.0509433460672193,-0.0153723611997044,0.0614772130697155,0.00381623315651365,0.0555937965294766,0.0198013883697477,0.0777062043230039,-0.00276901417313359,0.100443256966804,-0.00901160260910043,0.0840516873623969,-0.00315802947617812,0.0483571050347584,-0.000129236503101513
0.0728888041399307,0.0159275865987185,0.0431644514833657,-0.00300108899761111,0.0629679465519234,0.0331486399601583,0.063429735402483,-0.0347117312984835,0.0633640639222829,-0.0113232389252612,0.0594456537853814,0.0340882883593217,0.0537331426225325,0.0215675275035223,0.0593282413619494,0.0326474889523627,0.0621336905376312,-0.0271628529375857,0.0726547660970158,0.00842950959616523
0.0442283181236935,0.036344111224602,0.0554455225507303,-0.000195142611012713,0.0608542015638174,-0.0405032866143053,0.0404753270364578,0.00375022900074283,0.0566375566799516,0.0231215968607596,0.0397191137469041,0.0381330671850084,0.0571527266723484,0.0171462822567893,0.0640032671349698,-0.0290345630658166,0.0447187935717432,-0.0113427996567748,0.0465290589939456,0.018354775620626
0.0742559263052754,0.00600877508763702,0.0634336410831442,-0.0295745712180778,0.0494660978801805,-0.0286552107035126,0.076070688728485,0.0203374732138162,0.100096647267422,0.00394665789526633,0.0446061006023375,0.0319415984858781,0.0542085208396365,0.0271117963127993,0.0542306211865287,0.0253958436340318,0.0531097294374472,0.0253246840804407,0.0540119556391442,0.0293860315706753
0.0464249572441909,-0.00893461505400759,0.0460425114272471,-0.0309071914515598,0.0632438640801606,0.0157282006123913,0.0746950636568443,0.0175475185659833,0.0660384452921887,0.00342595665046979,0.0391364834538631,0.00643171450919882,0.0497305783200898,-0.0292785662385471,0.0470742944005402,0.00678855485003233,0.0572562682859081,0.0288887006534069,0.0698728406149502,0.0160759406301211
0.0543542123959095,-0.0288368012200175,0.085542904499247,-0.0252417017988645,0.0965437155611931,0.00319331792449045,0.0778892583138883,0.0104429155684563,0.101807719755832,-0.00613897637633774,0.0570616360064001,-0.0401060979448832,0.0805989476824623,-0.0295718298368886,0.0599465596801723,0.0282949290978216,0.0887675031196865,-0.00344973625107287,0.0950665143932781,-0.0131011870069542
0.0569723089418031,-0.0299209616567211,0.0992469964597857,-0.000996479716651571,0.0995946252197834,0.000452154592393074,0.100882090682286,-0.00285055141811821,0.100480866465221,-0.00148577426888661,0.0377103239806963,0.036627172418611,0.0383515945442476,0.0369118473370736,0.0503867124462466,0.0386144116307294,0.0312014077524871,0.0359881335996588,0.0451040969933773,0.0303129161706444
0.0389997782915361,0.0116838919214217,0.0718660738108236,-0.00842214337626798,0.0489473513768967,-0.0382015355096334,0.0481675528754929,-0.00344747082053379,0.0804784683377357,0.0270690265547833,0.0488956259284356,0.0228270220535343,0.0849184725582401,-0.00258607450957642,0.0397802859104418,-0.0184122619107899,0.0500723360976693,-0.0145875627661617,0.0723247190965474,0.0275248248491974
0.0509138980119615,0.0220818068721373,0.0534973232758989,-0.0198581280921011,0.0499326372862123,-0.0199959063964821,0.0538535540112597,0.0367834691855286,0.0799338637489214,0.0038527525263154,0.0598403870853648,0.0228784626851967,0.0373832347949699,-0.000624664178163906,0.0524779883951019,-0.00590025997236646,0.0481711003550638,0.036789128576535,0.0829927451023219,0.00342338385869126
0.0372868966103324,-0.0184135530148599,0.0674246009879068,-0.0408085437689729,0.0838422557253536,-0.00500662289128551,0.0984515492668291,-0.00126749696791659,0.0993305030910168,-0.0038438293949148,0.0345992136572376,-0.0110272796794556,0.0525650061994487,-0.0418953500339796,0.0786544850336217,0.0014842685829752,0.0903316809937809,-0.0112954958023811,0.0921717618790631,-0.0139454525917468
0.0401580631555059,0.032585572545067,0.0602529451850594,-0.00123815694007458,0.0548891244543264,-0.0282128575418452,0.0427164049775111,-0.00601894794958126,0.0840793294760201,0.026065746222384,0.0443225667365062,0.0374800518848626,0.0645319484531672,0.00106453267822974,0.0519326823500589,-0.0223325045014206,0.0433067210466629,-0.0197826161749491,0.0794396180941572,0.0241560069047414
0.0478454082817371,0.0136564028093686,0.0655381870956007,-0.0248441052256248,0.0483668177923312,-0.0105225895256761,0.0679427617457789,0.0283737194660303,0.0957917160251047,-0.0133016374420111,0.0496023984225164,0.0167397291593028,0.0535003961442784,-0.0289513529900377,0.0433431430578857,0.0132820219197905,0.0669682381552785,0.0216201264085907,0.0964897523866748,-0.0193166749082104
0.049150046210109,0.0141151896698085,0.0668385187083187,0.0138634740589388,0.0779872322900138,-0.0367717413985701,0.0469261098074187,-0.027808345989151,0.0742947180231913,0.0248284607322128,0.0468706835180079,0.0254971853758311,0.066964572442806,0.0201168215148989,0.082297335384027,-0.020227362207771,0.0429381374412098,-0.0123585129205184,0.0743697204738014,0.0244685885502378
0.0243073101101072,0.0351963046885096,0.0581832451417623,0.0104699218828243,0.054729437956353,-0.0268403727615642,0.041056707451915,-0.00163897864002519,0.0669233181633616,0.0392454835390101,0.0371976481324286,0.0362660256895099,0.0546802825726753,0.0194521122947761,0.0505827382770601,-0.0221727870744537,0.0464528716347624,-0.0041526059999939,0.0659958696639004,0.0396399755004084
0.0571370451971199,-0.0151709102052284,0.0497003811973992,0.00482011804847597,0.098640892147106,-0.00331089763584801,0.090717357610027,0.00919986011635398,0.0673872003356093,0.0194562105477922,0.0615483071457613,-0.0236923227237311,0.047405582969598,0.0128914437834398,0.0925990694396951,-0.0125608173128799,0.04683171595137,0.0205722699420986,0.0516975120431767,0.0298245947974735
0.040210214621163,0.0200140509263111,0.0540777643648843,-0.0241074034654588,0.0603402462228094,-0.019846467936151,0.100873035304082,-0.00206428012476977,0.100227892332625,-0.00113737809389513,0.0451650526479726,0.0335111894356282,0.0476452472941728,0.0319778828704969,0.0483022290452607,0.0293558909209379,0.0512071733304545,0.0275573048267079,0.0808232076243698,0.0306053764181921
0.0550818512075051,-0.0346711856152743,0.0838638921719308,-0.00959724307158375,0.0951766331530369,0.0048692769820162,0.0500108743210871,0.0182767386520197,0.0943145014500668,-0.017845830973026,0.0515803195601756,-0.0156197108886144,0.0679210113792953,-0.0263893885197907,0.0672717342339822,0.00954991760351032,0.0467073484201984,0.0292406358122263,0.0807596517067942,-0.0161014904413271
0.0523249898253632,-0.0310985640345027,0.0992899820727223,-0.00371316926859271,0.0986272729797959,0.000757904284562907,0.0986812421227919,0.000532035502241785,0.0989074079580271,0.000581127990107439,0.0447110090769273,0.0336107069359366,0.0466066332023994,0.0323881932123234,0.0496244068641621,0.029436037924134,0.0250375037522259,0.033850927958607,0.0249206273397481,0.0335954304944662
0.0473785739610178,0.0302087347619492,0.0673866270900544,0.00044340458296995,0.0606677475201197,-0.0334865031445317,0.0522453453936084,-0.0268781655767901,0.074249712010985,0.025625170881481,0.0461199553168693,0.0326362316903252,0.0682267681254114,0.00920691397277581,0.0606906839239775,-0.026847230356661,0.0519457800299225,-0.0149800464775215,0.0737010655372409,0.0214275982850529
0.0553197998197043,-0.0114405447710545,0.0601672172349632,-0.00597025716521001,0.0512657711355724,-0.00185342082736665,0.0502873991686439,-0.0300911606023054,0.0512093342884637,0.0326379785886391,0.0415210455397798,0.0178376222131543,0.0465017872078185,0.0224567863791578,0.0543878000973932,0.0214796436291682,0.0662810283323558,-0.0277478799521972,0.0482937416830495,0.0168328341297422
0.0478367782513973,0.0168381051790586,0.0399333446367539,0.0182657958590764,0.0767674128391942,-0.0150300463473182,0.049630189974712,-0.0269941245620273,0.0588461778319669,0.0215851050940116,0.0508010910457619,0.0251031286291046,0.0409016972720051,0.0229460602889538,0.0668919266836264,-0.0215286958012206,0.0478685502338011,-0.0181636861838864,0.0617173903298363,0.0274739979457256
0.0498572223177361,-0.0264717474911721,0.0682411637897035,-0.00594786717354728,0.0977992176753721,0.000782751155201895,0.0901506533232746,0.0120731973707459,0.0371489477731482,0.0129955804962663,0.0421870580060661,-0.00776038236954258,0.0487335667510604,-0.0183344567675058,0.0878308036762428,-0.000481044913491409,0.0576799104588321,0.0215689751077896,0.0408954375031764,0.0112590487517838
0.054204945197937,0.0357930641784399,0.0586950723375079,-0.0100629018199962,0.0568337176299294,0.00414775651945781,0.0432401538528324,-0.038236850760613,0.0936978207690846,-0.0137125360658894,0.0547859281162024,0.0241957472952705,0.0494806980676587,0.0205430645969993,0.0825644411632006,-0.0194808647155134,0.0458172455872573,-0.00853275886390528,0.0839301639952627,-0.030368687707957
0.0478630955402373,-0.0309061345426209,0.0898518905257508,-0.0210975456914499,0.0965033602796435,0.00223356001758872,0.080067756788315,0.00913735803506238,0.0681958041978358,-0.0121170734686036,0.0309623074351509,-0.0179731092016929,0.0729498699924142,-0.0381925730868272,0.0760292142089429,0.0177917932029468,0.0536762757040613,0.0257812131202027,0.0546811500358181,-0.0104012208031398
0.0369388679101082,0.0388264987776479,0.0570172034302929,-0.0164996772238557,0.0480542091961956,-0.0153984074424725,0.0677931605801917,0.0399901128841304,0.10610983538255,-0.0137366361994925,0.0208527395064037,0.0349678694686574,0.056133884563052,0.00978685516975391,0.0398780521079992,-0.0212180975064933,0.056127593293004,0.0387728682577885,0.102243869106441,-0.0208739794506515
0.0302557720052562,0.0405444352379467,0.0615303636885093,0.00147962027949228,0.0491757703107043,-0.0305725059286736,0.0456887913023666,0.0298814861524141,0.08755877885391,0.0270771665256273,0.0352543655498495,0.0417244672454058,0.0572467928973427,0.00536511578489843,0.0525938278160508,-0.0385511763355945,0.0500949338940378,0.0233541375166259,0.07920818661301,0.0286178093310198
0.0458336059882687,0.0130276039165306,0.0625689546080521,0.0165175035443179,0.0424483646991899,0.0146379827094584,0.0322192584051806,-0.0294363746209263,0.0453016853477901,0.0337154839949437,0.0457212565059548,0.0238315386016242,0.0600550842326565,0.01373830711268,0.0360969647876757,0.0105828538146104,0.0536227051453849,-0.0371491539682733,0.066182087151182,0.0294447742691191
0.0421413366911454,-0.0195851545814323,0.0442416415103909,-0.0340427037755254,0.050036706404545,0.0360473091741258,0.0682417067022849,0.00636696411591395,0.100253988312294,-0.00941882648824736,0.0510316520355061,-0.0066867792557068,0.0395594275958159,-0.0122785094898651,0.0511446187153008,0.0313914979957593,0.086381303146408,-0.022458444199427,0.0923259285778081,-0.00264728914017756
0.0992892617189065,-0.00379022218027912,0.0859964833484446,-0.00385025666952506,0.0870967387627265,-0.00212354790657092,0.098621118864813,-0.00347114093353056,0.0997353062259553,-0.0033228702304952,0.0795517559707722,0.000522626850452032,0.0752624898766825,0.00939939985772947,0.0780649057478486,-0.000707137519764821,0.0916374799734664,-0.0176418441553304,0.0839456116779973,-0.00856588494476671
0.0437587406387646,0.0300310092664775,0.0539463228280937,-0.00163916769710858,0.0536853143939986,-0.0131070555385305,0.0532064812734206,-0.0296929867703177,0.0517736467487466,0.0267993073335258,0.0402605028476257,0.0396604868415332,0.0531507223444935,0.0158961743919533,0.0516177194510249,0.000355879654423634,0.0543520653381198,-0.0267596275483964,0.0457545356840377,0.0273491231543584
0.0455268317163412,0.0348791762928394,0.0474211807527461,0.00911101078249178,0.0315833701893823,-0.0314285233985145,0.0463512801002853,-0.0297726377240166,0.0444021882768495,0.0380475042721234,0.0495195481122067,0.0326338368376478,0.0470912866855183,0.0125279351391132,0.0318298528292638,-0.0253397674726354,0.0542351503563244,-0.0310958044065133,0.0475828815848685,0.0349681992114279
0.0363855091189584,0.0358979762977517,0.0487939070804766,-0.0223328231565415,0.0457859568752268,-0.0126005747275046,0.0517495494365061,0.0477723499731778,0.0970758730250488,0.00255240814064532,0.0457535344130185,0.031853885272114,0.0483168279358773,0.0292163023532827,0.0482126490915996,0.0287277144985387,0.0478828532853517,0.0227490533722432,0.0629941511817645,-0.0430361686854725
0.038430425557994,0.00787817853461486,0.0410505893266144,0.00951275059862914,0.07045410756075,0.0202576066742609,0.0656536403768791,-0.0301688940988487,0.0500585420823245,0.0319891974750863,0.0548411468224536,0.0205703771645558,0.0302253657937718,0.0166249391188848,0.0429835410513383,0.015395111812964,0.0881974901864604,-0.0139192722859658,0.0445798867000936,0.0151688333937762
0.023239676632408,0.00612458450874503,0.0500830289811334,-0.0320238348579426,0.0361091672339577,-0.00128340856982192,0.061409987583897,0.0374337844852284,0.0921658529393589,-0.00934822174644645,0.0302405560364764,0.0147172207298009,0.0503595552690311,-0.0346532889213522,0.0379317424485744,0.00468773527795083,0.0567969194481177,0.0300661685450615,0.0988194592257428,-0.0155815786452255
0.0251330884541031,0.0334662535477876,0.0504293105338902,0.00815759156837371,0.051467475028765,-0.0178720086136085,0.0503211100749196,-0.034875897060883,0.0491692778528528,0.0303121139431006,0.0297839399038752,0.0372770308996202,0.0521202844961677,0.0133170147971723,0.049337904896115,-0.00715346519647547,0.0596846602554285,-0.0434228304952341,0.0466955056348855,0.0243167845751068
0.0497395017149325,0.00570002631228486,0.0511440087433652,0.0102802208894127,0.0430230439685376,-0.0170878881824397,0.0851318039482758,-0.0115310507484772,0.0925913767543206,-0.00642206847053943,0.0452878872095262,0.00926773101243407,0.0682450680623071,-0.00320240921121579,0.0495607357083768,-0.00996456931107009,0.0898077535438398,-0.0249885125957182,0.0976807287656681,-0.0104111081893471
0.0510773078965541,0.0157537755977136,0.050033642548259,-0.0251563927931603,0.0539641322705836,-0.0283549164994161,0.0389235756324431,0.0339262317165276,0.0754672516104582,0.0314251414890956,0.06294473202053,0.0288022196318493,0.061494717359067,0.0257734987125803,0.105961419120632,-0.0159591048551819,0.105518127522702,-0.0164565334807392,0.104104079933303,-0.0173293485457268
0.0602842637070472,0.0117236044534582,0.0535650321268893,-0.0303641588525155,0.0418472148494218,0.0472462108501266,0.0497326291542487,-0.00271437706152328,0.0520011949758768,0.0327289738332368,0.0575293240456222,0.00706060025921034,0.0365828202612829,-0.0022539520749501,0.0557734357079746,0.0284319076752945,0.0420230450619711,0.0287244833036043,0.101691923052462,-0.00951328783167326
0.0480359799955667,0.0338347182929863,0.0580104118714894,-0.0111743178306539,0.0505333860113815,-0.0253479970417623,0.0417074328338225,-0.0123638792025318,0.0489850043909829,0.0518602384487213,0.0464020564976626,0.0268698522015842,0.0580789153593929,-0.0175304684872388,0.0531999282684116,-0.0150807895332409,0.0562417764882413,-0.0180332548659671,0.046321373927006,0.0535536675500037
0.0496485665142294,0.0139822035946821,0.0275685598712093,-0.0268113555227638,0.0548324464631354,-0.0228289191152044,0.0947117952444558,0.00384150747824556,0.0980568257401953,-0.00191356100212602,0.0420646917701388,0.0328830010592343,0.0254854454275745,-0.0157223109216411,0.0607978994267992,-0.0289762176426128,0.0937003094867391,-0.00191636968553949,0.0965194566828618,-0.00513086246934907
0.0431929123861036,0.0136538214717445,0.0371871824253543,0.00378226342873728,0.0561126482756963,-0.0367231042545486,0.0425765267392854,0.0079952160814803,0.10014142961041,-0.00636907617381181,0.0428617425752941,0.019265375467453,0.0335303554453507,0.00589338519907417,0.0582208373348093,-0.0312435018859297,0.0461341795615403,-0.00614754663357157,0.0960884997382116,-0.015355096554031
0.0353066766414075,0.0205135692054325,0.0548790128648896,0.0154763832475635,0.089957857758436,-0.0295034107261901,0.0505145903382783,-0.0334978891718947,0.0942683824804866,0.000461200955831152,0.0409991250619373,0.0286147620219524,0.0577070229711719,0.0259325188040919,0.0932812418917403,-0.0225614328090672,0.0491099968405997,-0.0330145181652747,0.0868826191848233,-0.00525300485390597
0.0238122529988203,-0.0222833911891725,0.0504957633520601,-0.0300972930241536,0.0371891660617692,0.00745311992777006,0.0593751292892494,0.0245919517115245,0.0861994864454764,-0.00787606786699689,0.0290723911224949,-0.0265026568238122,0.0407535909385382,-0.0286706195114056,0.036593457146978,0.0141667423583928,0.0651263154664422,0.0189186981039208,0.0901771138701784,-0.0109515821021765
0.0427499015021846,-0.0114515243084965,0.048830800178458,-0.0247130678581776,0.049638188011858,-0.0262614031985451,0.0373177171029764,0.0200987511810766,0.0660909151550373,0.0260016403630966,0.0395261170831334,2.99972135043187e-05,0.0449201052369125,-0.0260964909976822,0.050153787859788,-0.039022032161047,0.0330356479531461,0.016890061174324,0.0566456486499031,0.0269821373430565
0.0483235746722506,0.00903784587050489,0.0798165489856518,-0.0380229995671714,0.0441909167288938,-0.0264027106150219,0.0452627074605643,0.00518488426216341,0.0698462987695899,0.0332520613161078,0.048966087672623,0.0236684567235244,0.0819085966607882,-0.0341887664793349,0.0404670460019849,-0.0185033776677863,0.0514193458864088,-0.0143390615883805,0.0544684934023199,0.0395035407919846
0.0394493685122197,-0.00829790419931721,0.0517122724409084,-0.026120388364619,0.0425938231022281,-0.0232089684244554,0.0479566509280007,0.0133717810388641,0.0751321732859473,0.0207687140527315,0.0435863965456099,-0.0102449207013102,0.0524494588827901,-0.0198474727146735,0.0471725190518924,-0.023788119298022,0.047485850481405,0.0181464126632236,0.0576693545213113,0.0260810542841631
0.0421605640070899,0.0167804815713264,0.0903933468795826,-0.0276700372994988,0.0577546451563769,-0.0330864065258849,0.0464951793460003,-0.0310898980381821,0.0404587648960839,0.0231427514401063,0.0373261290367148,0.0284668190293445,0.0850430965105011,-0.000836932019710911,0.0592334178180109,-0.0245930742177229,0.0540897786554171,-0.0165786622691953,0.0408987891602368,0.0150632834188827
0.0340814597607026,0.034207704825451,0.0729519721773549,-0.00825852626748871,0.0589619370748042,-0.0378880713218188,0.0407463238878299,0.000535870958451284,0.078983227894897,0.0230515148775217,0.0412542077218693,0.0331973750970924,0.0810417810756472,0.00129826263436134,0.0492126552645447,-0.0275899940317216,0.053032890466681,0.00764872280064671,0.0777250973863118,0.0256575831597619
0.0175030259140021,0.0291885038142051,0.0506065051386479,0.00637620051871275,0.0480723265776471,-0.0284498106585368,0.0417179752574926,0.0194214793106628,0.0911194719836287,0.0181787200716437,0.00242342131332546,-0.00020807636365035,0.0482400012739903,0.0289986017953648,0.093093360828447,0.00113916519521724,0.0942168789026953,-0.00242659503265766,0.0937492551834708,-0.0041233174151075
0.0116214692767144,-0.0243748363858458,0.0416443106626557,-0.0332027856037144,0.0575118220063758,-0.0259131883002273,0.0854358794530597,-0.0107611610629423,0.0998423345079545,-0.00451006666306407,0.0171970274088997,0.0188928614083669,0.0407650133585682,0.0309443552151465,0.0503055288660949,0.0291519516798767,0.0678578478029905,0.0221694024983575,0.0920338233639025,0.00521201488842199
0.0543299899271522,0.0296568313112999,0.0528211014432488,0.0171613630931964,0.0419483443164863,0.0156851605227293,0.0494641121446844,-0.0252802624667352,0.0878330463285812,0.00777373861801437,0.0519275060942755,0.0318404041780259,0.0399273766524335,0.0239725551040151,0.02714024058662,0.0142256722265977,0.0498650975816673,-0.0242198831310908,0.0743326524347327,0.0050523949229863
0.0501472892816512,-0.00745438811270458,0.0451195502066787,-0.0411290723231259,0.0550461552821125,0.00720582186271866,0.0795832982532091,0.025913518283085,0.0996079860116444,-0.0100876285630683,0.0536380523185665,0.0150003757943053,0.0391243309505766,-0.0338316929853017,0.0479065520361066,0.0150529650890813,0.0795190600009405,0.0160448369335545,0.0941826196082127,-0.0210919599524532
0.0228268537589277,-0.0213585827093792,0.0712238020779523,-0.0324138100715517,0.101729207593938,-0.0107862338618082,0.0953920810761714,0.00298994795128688,0.0778077615666699,0.00677241548738833,0.0344861379602363,-0.0152754819750855,0.0713533061821114,-0.0356975523997659,0.0947889890023993,-0.0156304781073938,0.058253787970198,0.02242281658962,0.0848302218112598,0.00464153224526341
0.0850549857935069,-0.0173870440754532,0.0993391278027494,0.000402331103912503,0.100238888127892,-0.00148748953805141,0.100775446743234,-0.00204696873726385,0.0985583960635713,0.00329350375975164,0.0358466008826151,0.0388978411259157,0.0526821812011338,0.0311865523026688,0.0452469001857951,0.0396597975038962,0.0398894631676344,0.0472329627684065,0.027893989630279,0.03730615407355
0.0400146264479708,0.0220130105140457,0.0660482556477585,0.0233265365329314,0.0658232221168854,-0.0393331444732542,0.0499820927448795,-0.0298953337159111,0.0656524936377883,0.0272617528826161,0.0473417136030669,0.0281501483144487,0.0917087103352085,-0.00211144748249842,0.0485576877861775,-0.012640033976049,0.0546454082946799,-0.0262968725454068,0.080930784797462,0.0343358744388279
0.02320230443902,0.0355845856459378,0.0571856548614506,0.00836500017585951,0.0523440769261614,-0.0259255561392433,0.0368194158066892,0.00579938515572749,0.0634238536562419,0.0363652588360585,0.0376317867663585,0.0390422165393421,0.0575250640088891,0.00980677389668154,0.0462917143733594,-0.0172550717231219,0.0478486872362468,-0.000920773444332153,0.0640143680554964,0.0347688976142601
0.0456918574313748,-0.0260500383798202,0.0761388908657971,0.0100881795743576,0.0687417835546471,0.00346715226601955,0.0985122822628786,-0.00716781421454811,0.0421287157301587,-0.00158014127529634,0.0370491929842339,-0.0224472277745544,0.0655033778152504,0.0108603067247975,0.0589374264466412,0.0202086114351186,0.0866316691015874,-0.0158372858484413,0.0455277070150653,0.00978210179645099
0.0343743654327152,0.0419222431036754,0.0410599185091634,-0.00283604829615413,0.0404699336224748,-0.0287384689172329,0.0510748496859671,-0.0101821419680421,0.0495005134789946,0.0487542653096264,0.0557442964660204,0.0202968875548364,0.0246614195785505,-0.0191937917085957,0.0424769139779059,-0.0214844058656276,0.0522961686176777,-0.0206412431855811,0.0374750089217333,0.0475948429227412
0.0223759087970277,0.0101157265389054,0.0534576665500912,-0.0368068482658885,0.0388439743018997,0.0238200974958271,0.0662648744136449,0.0296735419667837,0.0959693994056286,-0.00558846207098695,0.0277347048992127,0.0242935461229484,0.0517001137028119,-0.03855738658801,0.041640171942762,0.0347041523783087,0.055665992082678,0.0307865584717036,0.09733077753587,-0.0153026934963653
0.0982064472132691,-0.000452831262735092,0.100423840684807,-0.00380638584983445,0.0994988631092934,-0.00164220567949625,0.0982969237830429,0.000462897290549222,0.0976731433771652,0.00205708355447343,0.0467704682054883,0.0311397858291934,0.0436419336493405,0.0323125535681767,0.0455595026658083,0.0305393108482429,0.041086059435214,0.0317831283753925,0.0439721557032299,0.0413172308543846
0.0480622169126672,0.0117868368569438,0.0319500010789949,0.0128352272617183,0.0727246090792581,-0.0352756955195219,0.0506174791739837,-0.0291287979379313,0.0792641357099105,0.0193196943570015,0.0521337886086391,0.0143439609868415,0.0358168199087141,0.00245091650541623,0.0746501185918081,-0.0360607525555757,0.0429337051926664,-0.013783900056534,0.064011465940512,0.0235653406341679
0.0283364892449214,0.0238601256826786,0.0708660391401411,-0.0119368869658518,0.0492354340547918,-0.0238836402102839,0.0511178238770537,-0.00621205525247719,0.0676980502830339,0.033311519414397,0.0424827612267926,0.0363698615892946,0.0640046435042601,-0.0271702122220494,0.0521527420539338,-0.000569150698154906,0.0512009577885117,-0.017054080432687,0.0709719113478733,0.0298963591816772
0.036536590461033,-0.0266106630748029,0.0695520175124666,0.00526634136904776,0.0753563725654406,0.0326367082354814,0.0971113006966513,0.00289844552271944,0.0996356168124213,-0.00312156881632694,0.0195618245492645,-0.016719381556567,0.0622212350813086,9.57603229409595e-05,0.052720912705093,0.0285808044707901,0.092886615091841,0.000399613254782313,0.0955115829299739,-0.00592239612389042
0.0533974017568973,-0.0298084375820681,0.0866844548062482,0.00701824778090711,0.0943550060757203,-0.0024549074654551,0.0870954844060494,0.0164538489546579,0.0684127911121146,-0.00696490466240241,0.045246950535932,-0.0266424776780385,0.0631754596475264,0.0078536209657075,0.0726072585873365,-0.00524929632522826,0.0645153666480878,0.018705017940961,0.0575796660183968,0.000501929019127317
0.0500529724547234,0.0271795081556377,0.0301040232561345,0.0361832363497561,0.023640161964417,0.0229258238322963,0.0493293900374503,-0.0273049887588575,0.0784314836501944,0.0141255301797016,0.0363289038669204,0.0503900564993975,0.0365424155120589,0.031607274993345,0.0311297629876958,0.0298983024993241,0.0505990722603786,0.0022753247856304,0.0576673032432763,0.0279629975992614
0.0664115898209123,-0.024961541647138,0.0958804434454905,0.00251390557181874,0.0834108757841729,0.00917378012741212,0.03057585367908,0.0109273074623874,0.0959649982632846,0.00133015998061183,0.0497034209150415,-0.0323022218599158,0.0839294286991298,-0.00456942666310592,0.0775394664183536,0.0158249173008344,0.0361080523225898,0.0296303337167416,0.074913536833354,0.00801575251709208
0.0319387283664354,-0.0254145967220782,0.0488929389699053,-0.0246192389063465,0.0384295320923518,0.0305141379871512,0.0662963276170517,0.0264134853595618,0.0940461874500448,-0.012207708388482,0.0222121637858341,-0.00652294660385812,0.0445530391824986,-0.0251889720801572,0.036424657384707,0.0267974495678895,0.0528789619895832,0.0324621209477198,0.089914959227929,-0.0181131281604845
0.0622235055625916,-0.0240377551651474,0.0972804426420738,-0.00281951850221197,0.0960453475621582,0.00151759416248333,0.0911671836076791,0.00164015105456602,0.0514641440217973,-0.00764070654116051,0.0550196117357392,-0.0104723434186453,0.0832759279153581,-0.00840638369040087,0.0843677895145147,0.00418677122092731,0.0657637219569612,0.015913677471208,0.0425672709051466,-0.00226070367559549
0.0341658290610364,-0.0225932092393675,0.0478066421235289,-0.0262732911115474,0.0476441604135247,0.0380830069335647,0.067556199158705,0.00986191805852721,0.0956765787432181,-0.0252124966905411,0.0379717633913987,-0.0134381778221313,0.0453149255837034,-0.00730836871756662,0.0445688577016552,0.0332355200205066,0.0551057941962712,0.0212531151393043,0.0883153546082406,-0.029992351609563
0.0113343316098166,-0.0184470650533602,0.0453694337254314,-0.0297154559061316,0.0679719892044517,-0.0265398300783393,0.093243599299483,-0.0122582708383664,0.0999974808086431,-0.00435442567299819,0.0396738020420685,0.0386563846647225,0.0457082379821949,0.0277214095294785,0.0528127580113953,0.0266826721488763,0.0536359756724345,0.00835497345592914,0.0980760401881019,-0.0219235454026153
0.0591799176599362,-0.00511247246370099,0.04463602764577,-0.0243471186369685,0.0530339429489013,-0.0268662339484524,0.0422155165162863,-0.00432130109523506,0.0554699852846431,0.0337336813091483,0.0560199789780327,0.0205638888498584,0.0475056674837059,-0.0191053868792878,0.0485516992780645,-0.0128130880134469,0.0491844629467053,-0.0136251059058435,0.04709569791908,0.0353608568395076
0.0492561315457226,0.011690412815981,0.0525671734829939,-0.0278240519941336,0.0338001726483163,0.0417011635208555,0.0600627911963579,0.0170603486301333,0.0542788965783913,0.00917446288868764,0.0422141638856485,0.0203953242998714,0.0538189451135209,-0.020277276765059,0.0345805157499211,0.0388581611675572,0.0539828965783208,0.0269879314390186,0.0544153311855197,0.00496992282260533
0.0348468225899836,-0.0237615677274078,0.070563671803858,-0.0231167775306236,0.0985028125576894,-0.00224425576592254,0.0633133594000779,0.0207454187730502,0.0580632741286288,-0.0188671891975442,0.0279835914062723,-0.00682784245435122,0.0603227259537122,-0.026064072228486,0.08650074850481,-0.00398855570917694,0.0437547616213449,0.0299749054167883,0.0616259544219014,-0.0216771729476648
0.0429654573407917,-0.0130060199431711,0.0456432989593995,-0.0316110653036684,0.0411825014158204,0.00737965884419964,0.0690922563680168,0.0313573854764264,0.0945306937176788,-0.0129056684137279,0.0449654334322114,-0.0115425303715323,0.045005865485466,-0.0244563993756992,0.0438692689561159,-0.00433642541628782,0.0580440378759094,0.0299739466953327,0.0866654129175511,-0.0141816371339265
0.0957599230622202,0.000988434420543498,0.0995622088087066,-0.00124361455566673,0.0983871213108685,-0.00690010291585165,0.0983000852958537,-0.000923161612347984,0.0996001137729338,-0.00144571846212755,0.032294587325338,0.0373185765432484,0.0348548145422493,0.0362398085528402,0.0517512657927796,0.0301481376580338,0.0352472421909692,0.0374300208273713,0.0764830729223962,0.0321215408104457
0.0482289354852739,-0.0324062487482129,0.0790681904116105,0.0253889493061397,0.0377872629633766,0.00685752237337842,0.0432804529460417,0.0355115995831659,0.0671615680640067,-0.0113061512960934,0.0467030732797749,-0.0272259107049619,0.0703093269130735,0.0322300661215245,0.0374828626911153,0.0190043638865235,0.0478000182134077,0.0463075749977735,0.0601216034475685,-0.0008775886013571
0.0503629783739227,-0.0241538668402834,0.0392508855052042,0.00278544033208917,0.0710584012041214,0.0202607953963392,0.0393310149941884,0.0214830695382429,0.04495353308531,-0.00356002754498926,0.0530766847764354,-0.0003219714299199,0.0418198197378793,-0.0352416809968816,0.054785999334369,0.0394010292377724,0.0368388575476387,0.0114514210876721,0.0504421350203654,0.00245555720736858
0.0425745401833769,-0.00109884600252543,0.0523862115260854,-0.0276161979947183,0.0426487810018534,-0.0297716842296906,0.046202097617426,0.0380230518219313,0.0923969156915583,0.0212214014891824,0.0349116515304986,0.0218377153925847,0.0558034404534426,0.0155579729296643,0.0518089864350046,-0.0304632861144721,0.0419870138997539,0.0365947450742397,0.0902982576840846,0.0268678157265888
0.0590682207215422,-0.0166568911846459,0.0530311417110264,-0.000484474467684509,0.0862977265934075,0.0175827243692564,0.0983232465066966,-0.000574349396440419,0.0434066452088132,0.0115340207369341,0.0457922849120134,0.00322047593522432,0.0470503495526105,0.00788740903463206,0.0697229331005821,0.0274210506191615,0.0843281791247679,-0.000860984644462592,0.0413766418423544,0.0187625802468051
0.0285158969552995,0.0346218827742258,0.0581543687724236,-0.0010040488694538,0.0510310770396238,-0.0277598619809783,0.0420377500176562,0.0290319774686777,0.0912610250412667,0.0240272194760663,0.033507367267489,0.0380112663318491,0.0614850545612065,0.00357799916749667,0.0486990125095408,-0.0217331095649011,0.0448011263139965,0.0312236659329245,0.0905067691492857,0.024141563456079
0.0625898829243138,-0.0320018014875683,0.0914383082879826,0.00756465464704123,0.0980402779861915,-0.00026466278486733,0.0958053374211295,0.00638808718237909,0.0278316892699299,-0.00816469345320148,0.0581813761117229,-0.0269162838650606,0.0809897584033313,0.0021601335770132,0.0861230157061783,0.00263801558156652,0.0666357134366387,0.0285632709208522,0.0239783029826433,-0.00545140275968862
0.0323739961898531,0.0423102787913898,0.0538828696144847,-0.0268297605698751,0.0484255658184159,-0.0206401151591176,0.0664545391020451,0.0447995760035997,0.100115039444463,0.00225102146566036,0.0492289959192629,0.0309206681921528,0.0486492044134542,0.0205214331351461,0.0477777663915261,0.0262200586080376,0.0255506765247964,0.0326223087357539,0.0721193690261825,0.0427224126300734
0.0399484489496896,0.012590859065886,0.043471704806858,0.0217845469027462,0.0333523993069883,0.0076854852046448,0.0487198453629557,-0.0236244007010209,0.0481976521762347,0.0119142489382069,0.049965504148162,0.0384964909504052,0.042027569398855,0.0260114270214934,0.0319737202011985,0.0110046796675454,0.0544492502670945,-0.0175104803261565,0.052807942132527,-0.00128122870058267
0.0135681882167698,-0.0073775498320807,0.0480125732391186,-0.0268605357553339,0.0934812394096496,-0.0176729839240748,0.0553461464022942,0.014183614793499,0.0879261197715596,-0.0206364536588068,0.0508755014157633,-0.0226411452669125,0.0789001741229482,-0.0328065085830743,0.0675009786759946,0.0251150625765957,0.0209745861243259,-0.0265694376557488,0.0943476699556928,0.00806869944419363
0.0254410124067252,-0.0277857940161387,0.058069010411465,-0.0283612178251522,0.0458316002761091,-0.0167947865072359,0.039773617294035,0.0242383528879403,0.059214909018503,0.0234195946550551,0.0168068939545525,-0.0224863383302162,0.060440290505179,-0.0317699910682469,0.0462864812952943,-0.00406612437917864,0.0360155160473369,0.00644050448913867,0.0534410565772272,0.0275025319834812
0.0527711601496269,0.0069293635668381,0.0315834824914022,0.0240353469039576,0.0595371963350429,0.0033403052249133,0.0509907536424458,-0.0310355068994445,0.0450123006175121,0.00886763191709317,0.0492614340559607,0.0272044410874926,0.0417957149199335,0.0326078222617691,0.062381454678984,0.0137661007203099,0.0586297470171108,-0.0363387992935897,0.047604733616314,0.0106138653976439
0.014016997745577,-0.0214697001982494,0.0469353472703651,-0.0287971126720833,0.0629779824992812,-0.0237023115132949,0.0948365399098943,-0.0106391192155408,0.0995201418403131,-0.0019363679693178,0.0581729079603016,0.0343820675203565,0.044606814117691,0.0277884057548571,0.0715290524990445,0.0216711466502911,0.104914430500174,-0.0107364274788848,0.105214340245708,-0.0132498878653433
0.0562100908035494,-0.0200704369294513,0.0253924828087042,0.0375179107795768,0.0665837249015719,-0.0149520004411583,0.0493540880112707,-0.0271064853340807,0.0841032004997428,0.032919657058671,0.0521880844186172,0.017676984793249,0.048864977435396,0.026615450059183,0.044048085277805,0.0367136858245614,0.048504461955298,-0.0346359248768768,0.0671642029226478,0.028942141056974
0.0198806275205679,-0.0103926931740122,0.0524144761275676,-0.0253393574715121,0.0393929293479105,-0.00137746815081946,0.0607598664375334,0.0440523164002934,0.101009713941697,-0.00320523878983808,0.0181959769411627,0.00736584158687856,0.0516123919857551,-0.0201392025678815,0.0432562409291994,-0.00105115599018903,0.0527190504747681,0.0453492196700752,0.102894828084737,-0.00665524453349337
0.026043857386205,0.0037020435722071,0.0567061056369696,-0.0129514327698138,0.0503529883893821,-0.030002252394667,0.0399634623419037,0.0148366951967443,0.0721188379728622,0.0303035030443606,0.0506711158975771,0.00228552354939674,0.0470365258121964,-0.0221508579320074,0.0471787885197634,-0.0203881114634986,0.0456644619956703,0.0272033967997884,0.0724377491673273,0.0255252280684273
0.0346008945883522,0.0071307651295275,0.0631212901539047,-0.0211442816748341,0.0504322945921744,-0.0282441742657931,0.0377438328234691,0.0189566819694667,0.0740085559171209,0.0277214395098047,0.0328440402064031,0.0111769710070062,0.0618442793523367,-0.0132437791351229,0.0549213103540155,-0.0251056012447782,0.0420916624497768,0.0105112346288759,0.0658181964430083,0.0298446679256897
0.0460738082056826,0.00282232389980727,0.0471962819171207,-0.0160711401517088,0.0925346162063884,0.0185967709580292,0.0959546369715372,0.00195033853306069,0.100126158810561,-0.00471809688331142,0.0460115295524501,0.0338289595010582,0.0463621341968608,0.0370153109545397,0.0567743567687599,-0.00394007826639757,0.059618969462163,0.0452058100992322,0.106633632182748,-0.0184770217529126
0.0350072868920104,0.019322075753693,0.056847605420112,0.0201254400809223,0.0513850210419127,-0.017232007637156,0.0532184511813108,-0.028962525563468,0.0453153418270514,0.0260470401023534,0.0368670653183007,0.0385685812510482,0.0560345878420482,0.0150875382459697,0.0519364053269274,-0.0117315294830989,0.0530182578161545,-0.0229935161155117,0.045590850077964,0.0285063314268283
0.0258854898006532,0.0286986549078252,0.0558926127088868,0.00195047096311809,0.0478421188454823,-0.0306891009743718,0.0407376116895667,0.0120098847390211,0.076790250441683,0.0352208606188081,0.0271228587781389,0.0222634874524125,0.0515113494408704,0.0170379446410102,0.0470568711698117,-0.0238901729303603,0.052032957726015,0.0159983626093165,0.0764646941721603,0.0383951629182168
0.0183723279443779,0.0246361653504529,0.0597904593900534,-0.00238021354920573,0.0525086356873885,-0.0271661692174673,0.0350468036666273,0.0283196192515153,0.0762333718379301,0.0372361426056038,0.0427342542379679,0.0325951161075825,0.0565130458018432,-0.0135858648935453,0.0464030388250068,0.000707610319162482,0.0533165566809842,0.0282204633583651,0.0786695039401928,0.0355477741817007
0.0539026376140286,0.00557656931892897,0.0445837842896426,0.0225448980830864,0.0443657223119375,-0.00269234608601229,0.0501321150759538,-0.0307004041071591,0.0489978135329141,0.0404936248787512,0.049641948946593,0.0171821406859293,0.0461304810366278,0.0188703390727685,0.0454614666543271,0.00344848747527238,0.0624319058740838,-0.0292471440621708,0.0571406052145726,0.0349992082946886
0.00779939536043626,-0.017041794604354,0.0385162476492273,-0.0296109613840078,0.0598132741774258,-0.0280363649111452,0.0901607639814604,-0.0144624232279125,0.099294305610694,-0.00386402027075032,0.0384766198256618,0.0422850975838142,0.045081130393308,0.0187630009177156,0.0487619717805053,0.0130784039389237,0.0584844371205347,0.0357337640561236,0.0940598059113006,0.0132265471622554
0.0558035529941306,0.0188963176107856,0.0633558208410319,-0.0295335018893819,0.0463089856639916,0.00831026450106171,0.0411335912855628,-0.0313335447589752,0.0514447700791875,0.0189957771831666,0.0533625987914193,0.0266184790798829,0.0714108005913596,-0.0209084438973793,0.061672709343833,-0.000459583195884679,0.0348584785834291,-0.0334398214891305,0.0761086016427274,0.00315851597019206
0.0363864298512323,0.0243930979506951,0.0772862235606703,-0.0104768306678551,0.0696474882420852,-0.0363033428749758,0.0829254467703466,0.00890228805572523,0.0395365487352511,-0.0308180456018003,0.0469283410543454,0.0197411848431719,0.0913936049441407,0.00814674789690258,0.0904103767577821,-0.0158365729585028,0.0983129835552174,0.00164860233349251,0.0426836057628592,-0.0186754659977467
0.00907628269264217,-0.0173468377370856,0.0383901093961337,-0.0303283784481745,0.0504899337292349,-0.0305507893309779,0.0609912559293585,-0.0252389466340739,0.0942326926967345,-0.0110941832636973,0.0305467922875888,0.0412340031352906,0.0445828797976163,0.0364909170360124,0.0506569652448103,0.0268307745830083,0.0799720396544577,0.0117592394702555,0.0987712047687499,-0.00454605854214385
0.00730837914027253,-0.0142097420689838,0.0348826710509187,-0.0261601396442106,0.0460968878148277,-0.0291831045029354,0.055988452116834,-0.0291968626013757,0.0853307188287351,-0.0158507895180591,0.0151985299997628,0.0190497743325449,0.0357537280355418,0.0343316230823449,0.0471129382075803,0.0289631773282444,0.0710129095381538,0.0232419191137671,0.0937031015264272,0.00647196944530703
0.0117417191585921,-0.0197848861000635,0.0414667917828868,-0.0289606245199236,0.0524579608487394,-0.0308006909631962,0.0780894948147763,-0.0223309322470245,0.0986870458237176,-0.00779383091454446,0.018275609469223,0.0192921279247361,0.0387995887510997,0.0314759914200124,0.0496697693836342,0.0284768801985133,0.0799769176021043,0.0148129585159153,0.0909543783330405,0.00583180841348637
0.00831268482877363,-0.0209582788440976,0.0326912082150981,-0.0324405165847052,0.0526790459641167,-0.0331305952523761,0.0739202817703725,-0.0212466595573511,0.0935545722416039,-0.00887678489725367,0.0471937498200072,0.0326749167588068,0.0594494890376829,0.0229224009569426,0.0945079602872186,0.00268619192959798,0.098477047948757,-0.00431666337393183,0.0984217613496451,-0.00416827243454405
0.00905388643240102,-0.0127810038800054,0.0381265400525176,-0.0260097524349193,0.0553640768861799,-0.0301813786958267,0.0772394374143597,-0.020369907594279,0.0968533079803096,-0.0107736646888013,0.034153346349086,0.0333952124745379,0.056573356983497,0.026828745708185,0.091437461578359,0.00634691094587212,0.0973989134257927,-0.0074089874804276,0.0974130751306839,-0.00768014603864838
0.0054475490363314,-0.013056179165175,0.00649846411342295,-0.0140383890517248,0.0344965153362723,-0.028079569995017,0.052565069685673,-0.029020320395679,0.0827877083026519,-0.0149495548545132,0.0402956615551979,0.0326211660822443,0.0542874962967425,0.0259790332288705,0.0869072575609271,0.0121323989642636,0.10018520173654,-0.00882219079492376,0.10006500501199,-0.00837666067579232
0.00876558955926874,-0.00903764304577929,0.0382412851623824,-0.0242316828341046,0.0524992375903759,-0.0279651395886377,0.0704508298887689,-0.0241067643189233,0.0941336118983522,-0.0104715902614008,0.0465485204420462,0.0323743260919076,0.0690470117576682,0.0201103684748541,0.0957496879345748,-0.00280076233442068,0.0968310934409736,-0.00585029861683704,0.0988129869646863,-0.00340856623428635
0.0109358672067792,-0.0186502251308361,0.0395502066596666,-0.0305103219560085,0.0481051111999416,-0.0325781102089662,0.0587305444507326,-0.0272713738839983,0.0863963417637362,-0.0112877884768228,0.0441634232062093,0.0330771296378712,0.0562625117374037,0.0232207324164312,0.0889345463909803,0.00886240714466712,0.0954602080688196,-0.0053619038986319,0.0963000604728487,-0.00678833407602481
0.0117897176848084,-0.0125010178913177,0.0431196283516257,-0.0223275367593138,0.0465319030418127,-0.0296751378164425,0.0535019537135366,-0.0290890442299172,0.0811042243901283,-0.0124722868003658,0.0411025617577822,0.0419901464140961,0.0521603206662473,0.027707842864168,0.0891323368345703,0.00559807508085411,0.0964524609492095,-0.00529329161906025,0.0995785145999496,-0.00376581630404925
0.00963141478211144,-0.0138449800534176,0.0415220047627366,-0.0275091867076955,0.0547118657981862,-0.0311494426854858,0.0714244233126727,-0.0265836717393921,0.0898419484616493,-0.00770959491676614,0.0111389351570668,0.0106436162815859,0.0451945485956231,0.0376243682929667,0.046753379322494,0.0306895236811121,0.0634845588169592,0.0235835054654303,0.0918045242403882,0.00602239695699467
0.00828779089402199,-0.0157754249815046,0.0359334143226291,-0.0257980764327641,0.0492174230212429,-0.0295350145268916,0.061299413034769,-0.0283163712775918,0.0881142532704864,-0.0141268291662776,0.0299692668257414,0.0305114275099647,0.0519770169698452,0.0290317088392856,0.0850624504950119,0.0143747569284927,0.0952721129685131,-0.00297062953283976,0.0958358640761515,-0.00369871047134131
0.00717398765225428,-0.0141766934380624,0.0374764537686853,-0.0317599649727634,0.0516635826045824,-0.0348478672459273,0.0714769557717151,-0.0315781588776526,0.0869169742418874,-0.00563164197309687,0.0811916602056864,0.0129390564769364,0.0974920502433442,-0.00374349512500205,0.0979658850938545,-0.00574208375869164,0.0982597388469861,-0.00552061987805737,0.0987726194426336,-0.0011988788508264
0.0132438344109129,-0.00903375195023314,0.036797998452217,-0.0288727351512248,0.0512841157295096,-0.0329579810750935,0.0629405810113567,-0.029952579145856,0.0924200211032108,-0.0133134948905524,0.0095591333199505,0.00709490085625447,0.0438408245804403,0.0306805065927656,0.0642172182137106,0.0244321121074133,0.0958813500531825,0.00373671721828825,0.0983312209529617,-0.00313366193797874
0.00741802613747474,-0.0110405844716982,0.0396361023735782,-0.0227425973160501,0.0491023465735178,-0.0292861319415986,0.0556420977933499,-0.0325223244146857,0.0887087678440416,-0.0146257815825426,0.0333123214412131,0.0347193127001877,0.0488617562474049,0.0304537108837456,0.07904442716313,0.0160130233929074,0.0962909057657258,0.0018853891902057,0.099153861360463,-0.00475364489026974
0.00795909667876395,-0.0146160251895399,0.0321498198668237,-0.0232189479335902,0.0518554307932688,-0.0295404834493051,0.0764316740503485,-0.0274829030917325,0.0973660372955713,-0.0128304418679247,0.0596644177851978,0.0240884565787083,0.0911109804373366,0.00651758317309036,0.101067286238881,-0.00827901081995267,0.099672095081566,-0.00444487838614817,0.0969472621134727,0.00129564834845344
0.0122191554564156,-0.0169497019978552,0.0378844815554773,-0.0263219615412845,0.0471911984513274,-0.0288696615466633,0.0681574458702851,-0.0261389973671115,0.0984634834762984,-0.0137709371236811,0.00863477087099739,0.00680917133510279,0.0368338961627352,0.035221073820603,0.0501002433363569,0.0315068398139397,0.0726698746563034,0.0213089323675403,0.0935077213427553,0.00690463795221997
0.0101070813344406,-0.0106586964674339,0.0460996938829873,-0.0256138055802425,0.0548110497142656,-0.0278880489033052,0.0709604892481444,-0.0280133969769789,0.0962468877876269,-0.0120504916073971,0.0439170166679734,0.0351509879929188,0.0443869117504617,0.0346542884831444,0.0405752284397304,0.0340784866823294,0.0421864635322566,0.0341212825178933,0.0666694925485901,0.0169078739688055
0.00710315992607753,-0.0154967790753749,0.0289785221229463,-0.028477711181824,0.0472108165184123,-0.0299740209721257,0.0723073679835035,-0.0237021585033114,0.0996129890374827,-0.0111866254570239,0.00956538520043004,0.00959127721160911,0.035148674492674,0.0324605521389018,0.0515062387708392,0.0298356600133363,0.0757081570107632,0.0214020455471271,0.0977429480061316,0.0028402471036434
0.00959358493973198,-0.0185448482905751,0.0391232649260846,-0.0290187447793121,0.0511867197263613,-0.0309204943272492,0.0703017583017935,-0.0235661174557107,0.0977384660036168,-0.0118142843717123,0.0657777612018353,0.0259849756661214,0.0828583209076648,0.0150601462130186,0.0950734568877352,0.00241455044936247,0.0994586567751932,-0.0067734208200991,0.0991381044326976,-0.00592283071254956
0.00916005223873836,-0.0179130582826,0.0325834481984988,-0.0268117078393087,0.04777053098347,-0.0308548279697217,0.0661863001413004,-0.0269842603593166,0.093350708759249,-0.0132602205057391,0.0602625547344478,0.024573860363463,0.0863995293670851,0.00806037391698293,0.0953507184164157,-0.00106809681645953,0.096760241582353,-0.00339344751247382,0.0963048162412808,-0.00389056405619889
0.0121386326278086,-0.0143789288931364,0.0407994606550294,-0.0247723848851435,0.0512933545141041,-0.0312093934515534,0.0692689661134811,-0.029190995735655,0.101851673473095,-0.0155431312372993,0.02489872680729,0.0311734144047908,0.0404257460127314,0.0341811104380965,0.0537154364000491,0.0266494533060083,0.0742459794967865,0.0181625062162789,0.0906081546452152,0.0051392323640122
0.00752234682096629,-0.0128488304899499,0.0346410957125384,-0.025745200930116,0.0503531589110755,-0.0297975663183653,0.0690378738497445,-0.0276891286623633,0.0896168660296472,-0.0193852624094077,0.0134631733941166,0.0120431763341377,0.0397075382155497,0.0299394187765972,0.0591681966877187,0.0296811859765595,0.0800161218219562,0.014515149534638,0.0953541078969901,0.00279148738649532
0.0105234580722704,-0.0121976527021203,0.0409485291071422,-0.0245507237121842,0.0498885514916526,-0.0323867652639007,0.064969640488264,-0.0319092868983587,0.0909490166975549,-0.0188071990171377,0.00903414888276385,0.00576904649424166,0.0272319134182567,0.0206031147268692,0.0487978047356481,0.0269914742467699,0.0655746488763287,0.023287214083848,0.0921488617663739,0.00707410575211257
0.00960872994471854,-0.0212749529397176,0.0385414810162624,-0.029771819168539,0.0530298573955199,-0.0324622152924221,0.0750195412891452,-0.0231096973367366,0.0995562024414509,-0.00962932385869349,0.0141260013601397,0.0143711421857835,0.0388956024534667,0.0325314558793604,0.0544604935779098,0.0274603073948222,0.0793571425500094,0.0166950419083236,0.09295747492982,0.00430627305519482
