u1_1,u1_2,u1_3,u1_4,u1_5,u1_6,u1_7,u1_8,u1_9,u1_10,u2_1,u2_2,u2_3,u2_4,u2_5,u2_6,u2_7,u2_8,u2_9,u2_10
0.0845170086125884,-0.00707283374199811,0.0994615513832183,0.000211151397416255,0.0994687004507675,-0.00131577897075184,0.011404763176851,-0.00242396742017648,0.0492571271907018,-0.0278974012229579,0.0310086181872935,0.00260237083060207,0.0310086181872935,0.00260237083060207,0.0303029628009983,0.00399958725442042,0.0085665101036801,-0.00114384172376283,0.0376516738935454,0.0157900607346976
0.0204070341430811,-0.0121130855749262,0.0420284957390117,-0.0250997119211823,0.0485563465044166,-0.0273524778009081,0.0574995173326961,-0.0221755927925161,0.0811445662158906,-0.00894353874541266,0.0201525233836103,0.011685140441,0.0405995333924738,0.0269847670958672,0.050172672078671,0.0265781251637341,0.0613443645992107,0.0206015819435361,0.083894850164534,0.00267907124920423
0.0335792666992973,-0.0193116280093916,0.0460590243437362,-0.0268377920865128,0.0493036038210021,-0.0258360811315331,0.0532519580045954,-0.0228423058768589,0.0804312072054042,-0.00777597100476307,0.0169439182491959,0.0144421653133056,0.0409326018146375,0.0285401415811882,0.0502471156220984,0.0259721004604263,0.0592344947698181,0.0223414103721421,0.0810721546121686,0.00755193195119596
0.0260718065467738,-0.0155044265140338,0.0421405275498716,-0.0237491503097049,0.0478248609214976,-0.0274411033235172,0.0571070483610982,-0.0222348545775411,0.0809687401941572,-0.00927439495048964,0.0203178966331438,0.0182780205797535,0.0392532153713434,0.0268928041815908,0.0513045384724889,0.0270836925295269,0.0710460110223138,0.0158570878049363,0.0914690181345861,0.00162522993122013
0.0179177580404316,-0.0150336136487354,0.0407103292376583,-0.0239771810584733,0.0487179950296422,-0.0287058476806727,0.0565074912998137,-0.022514387034965,0.0806083571914951,-0.00665850266236679,0.0155593408651324,0.014514666832475,0.0337223276738118,0.0281473596584885,0.0453403827334157,0.0292324711884303,0.0634862504943791,0.0218668774518003,0.0855199421829081,0.00614130325242623
0.0298908335392885,-0.0185102969751828,0.0470186174792673,-0.0231014499917682,0.0488499092278316,-0.0273077778015001,0.0576838846249755,-0.0217877720707125,0.0800423546969341,-0.00752011810080239,0.0149602340454704,0.0163942576251197,0.0348929789782453,0.0270780866177284,0.0490886023227323,0.0263616611034737,0.070939314418084,0.0183101064572231,0.0942137822416919,0.0046875112548378
0.0210113921211926,-0.0101156894603072,0.0450654271628565,-0.0229582717349275,0.0483580815699951,-0.0273735471530165,0.0588633797613657,-0.0201469416231984,0.0802132215585063,-0.00696024822815285,0.0139796919581458,0.0125872332883703,0.0350146771794653,0.0217395731886938,0.0523246693894703,0.0245119430185062,0.0657340813380169,0.0208820815592021,0.0842128869606608,0.00906876105461814
0.0288218503192988,-0.0192478706932713,0.0443454300902593,-0.0236775231862817,0.0475574699855465,-0.0281094518842481,0.0610773671285992,-0.0187989752336582,0.0842022723441559,-0.0089306354018209,0.0162192091275291,0.0168166433398998,0.0380330465097231,0.026876061503654,0.0504516754421535,0.0282337620761581,0.0646220263052744,0.0234248376124987,0.0894740565014031,0.007438110031692
0.0247573791174854,-0.0177362235344437,0.0447935387888196,-0.0276974869235134,0.0490842997277182,-0.0273856950124691,0.051731916868261,-0.0250155765567134,0.0811933102773459,-0.00854865539856747,0.0166320128425022,0.0129602830866874,0.0392892994340621,0.0221273653710573,0.0506713557301107,0.0268834688628619,0.0583131635214131,0.0246467931440914,0.0911759189107459,0.00484217785155469
0.0393559004294675,-0.0227496952224476,0.0473153081515193,-0.0262251604236899,0.0493727182599723,-0.0279242859764699,0.0635314573898336,-0.0186502573854329,0.0876253977167357,-0.00679402332570936,0.0171372709986924,0.0136034288054756,0.0441868012493408,0.0219938473001729,0.0513445679494008,0.0257966338830723,0.0511483649475695,0.0284936003523408,0.0730594661556185,0.0160765856195903
0.0227808497585361,-0.0129756266991104,0.0446688502739347,-0.0285421071153916,0.0479944149214141,-0.0283340953589374,0.0542325421636976,-0.0230842227041917,0.0815549609859653,-0.00523969370882503,0.0202647543928193,0.0147605576345413,0.0457697176121428,0.0235164778806924,0.0501918506861636,0.0271893025863006,0.0533342951220771,0.0272733320151149,0.0821149995624285,0.0113693852489478
0.0219280420150298,-0.0106616313344353,0.042090531837361,-0.0247657561110335,0.0493055281320455,-0.028846450738976,0.055130520883413,-0.0222849773107192,0.0827752884206457,-0.00647334769687894,0.0170404334298981,0.0148258124825774,0.0447430991416595,0.0212412887709662,0.0523236285114252,0.0253855837113434,0.0537368581160758,0.0272344642804059,0.083887174582059,0.0074576715381262
0.041094993277912,0.00302013244594538,0.001719230536192,0.000629400245720386,0.00483134326371432,0.0081307701443544,0.0301190921056006,-0.000759615586445654,0.00383983713091445,-0.00818389006806685,0.0878191576001772,0.013719612199737,0.0978854043978806,0.00139919720593204,0.0973485766268105,0.00115101697576283,0.098045501624587,-0.000179795308029561,0.0967217766528205,0.000300394279470837
0.0242199728381241,0.00413090959862435,0.0385083762325074,-0.0113157456274921,0.0451885850240758,-0.0251837633592526,0.0511206172093944,-0.0268375499729602,0.0816641826300629,-0.01066490631803,0.0249700826730058,0.0156078509424951,0.0500782773972509,0.022100765608463,0.0507632592385528,0.0260821483005456,0.0522161174755728,0.0288398993184469,0.0919087431905726,0.0148183328646229
0.0206527247278044,-0.00294804496460244,0.0396325872546707,-0.0168147937786896,0.0478446299399219,-0.0277207892677075,0.0752930237741149,-0.0151841066760137,0.0899576331282161,-0.00420434983608201,0.0201400753430482,0.0120376614224381,0.0473134142704714,0.0208390977549784,0.0537587794259327,0.0261586066633887,0.0525587388246863,0.0292643306748052,0.0936775035362975,0.0115916341795583
0.0199785559134765,-0.00647926978076144,0.0413072975503841,-0.0222534925404131,0.0520516840695356,-0.0295181469376578,0.071933574614074,-0.0145374574936335,0.0880959477976708,-0.00417598942849748,0.0313605730954607,0.0194249053560069,0.0501345235925175,0.0238692554006354,0.0535073678687945,0.0270531945908626,0.0718084315759921,0.0174245532944824,0.0932807793464761,0.00805805143749021
0.0168506440825359,-0.00820556617682739,0.0427461266710198,-0.0216911934705523,0.052206213218936,-0.028981221508733,0.0681238567438101,-0.0180323345564879,0.0848078585539506,-0.00549314033821488,0.0138881138245461,0.011497319102472,0.0425020059187977,0.0208413190751672,0.0509354350253843,0.0276903022857012,0.0623367481715568,0.0214679124889113,0.0856213853938698,0.00898606466441203
0.0175545134348615,-0.0147056395920334,0.0425319680601417,-0.0235340320644127,0.0484358059194035,-0.026547661739637,0.052879677389326,-0.0243324347991801,0.078513163359329,-0.00878278423517161,0.0161181058570729,0.0133583322423873,0.0379802847822739,0.0286274074611507,0.0501265960299987,0.0296574475496824,0.0622840275778834,0.0228187080136071,0.0849826990379608,0.00874148651803321
0.0194261697384224,-0.00294587504820719,0.0389761723511163,-0.0167918742130992,0.0476763925293609,-0.0240207532277009,0.0647941643398697,-0.0213519424127332,0.0850617566399691,-0.00707100228410953,0.0146690809526577,0.0112144461585444,0.0396715885490195,0.0222682358164685,0.0526140381021099,0.0262611442732296,0.0599094965408562,0.0230690010718029,0.0889844576977978,0.00592345478497011
0.017805997756685,-0.00854394902862378,0.0459823292283546,-0.0261676579211117,0.0535225518889465,-0.0254105302468618,0.0696327605986777,-0.0196307395429854,0.0855970556489201,-0.00734061113585849,0.0122046804676324,0.0121085176955334,0.0307657295416823,0.0234221943362865,0.0470430903733051,0.027434111139033,0.0643656444754854,0.0228935632504018,0.0883901353935954,0.00869614360790569
0.0176939184837582,-0.0060366831609601,0.0421051612197011,-0.0232167751856967,0.0519190123401191,-0.0274936636575435,0.0660879494451347,-0.0135603402218709,0.0818998574871388,-0.00507060725145892,0.0190440657527265,0.0183038930309577,0.0412446356507424,0.0269022618447473,0.050068386450665,0.0288504064360779,0.0677559638349557,0.0206478880961885,0.0864030396206483,0.00964906328429368
0.0127862757720577,-0.00568214370642363,0.0308807767387143,-0.0179800074899085,0.0482846423232838,-0.027772909084188,0.0653165213079074,-0.020091638396906,0.0847307823998277,-0.00685298177313308,0.0143469111454776,0.0120098113853695,0.038920428302262,0.0241151607179184,0.0515624086460785,0.0287651797600542,0.0698946701888509,0.019819935678392,0.0902118803917464,0.00869283619582481
0.0135552890736069,-0.00095154626543118,0.030446605072671,-0.0143029586160534,0.0482527506354306,-0.0261983099792167,0.0647844511292606,-0.0182172412798005,0.0832910318141577,-0.00739645001339168,0.0233358275063853,0.017330149619823,0.0435347363242708,0.0266324509252552,0.0519356305091981,0.0280100503199603,0.0660202267364988,0.0195950375393848,0.0918408891415595,0.004851591175649
0.0113350560587573,-0.00774295311993578,0.0284133970344577,-0.0168895022916346,0.0461082312933399,-0.0243741145881991,0.0526890361040002,-0.0259924483643413,0.08024172504867,-0.00903659904308435,0.0102142550016412,0.00932421886418618,0.0350547870946699,0.0306031507599198,0.0493599909347389,0.0288521326545558,0.0622876568363851,0.0215969020462733,0.0867506215478073,0.00679704236711236
0.0280768106944764,-0.0108566860709165,0.0365011632309281,-0.0210237643772676,0.0518957343933545,-0.0291600949075172,0.0650207744779495,-0.0239882605851285,0.0828349961613346,-0.00807082784138416,0.0151067503428835,0.0144759168129699,0.0389217784285396,0.0219396597330361,0.0527309024321613,0.0280024899444198,0.0627744456057773,0.0223076272815868,0.0869272103988532,0.0104849303109203
0.0168455014731273,-0.00469347018208023,0.0392117029715259,-0.0182594758782993,0.0517196550079494,-0.027517209290559,0.0636661923425952,-0.0201363189509728,0.084994476801583,-0.0063653889139982,0.0136542922268118,0.0125169228319023,0.0317873990809599,0.0233308279885641,0.0471586525837216,0.0261229396999945,0.0671110543397067,0.0215454263313061,0.0851238733176008,0.0101769048441205
0.0027862145244053,-0.000362113452103638,0.0174299236299862,-0.00931959348051354,0.0345843563267373,-0.0203017517332756,0.0611731105801843,-0.0227768981676106,0.0839968812561743,-0.00704315186930315,0.0192023393299094,0.013098155253269,0.0416981631697232,0.0231439281274327,0.0500529290715112,0.0289588208454876,0.0601974622501294,0.0227918403808857,0.0886739386577769,0.00731714351080978
0.0271821465397187,-0.0157327611958456,0.0455797754256333,-0.0265819138130741,0.051341995362912,-0.0275772867880916,0.058275878937591,-0.0210069334376026,0.0830280562270763,-0.00658771113080216,0.0175613016115503,0.0127986649122229,0.0366779607159949,0.0243630602859197,0.0481789780809995,0.0286608961987813,0.0648142028837815,0.0238917676243294,0.0856429824820049,0.0112935538923177
0.00333919118934746,-0.0153577492249511,0.0208268826076959,-0.0200217546526748,0.0383947756160326,-0.0272769999770769,0.0501285582267842,-0.0273442945886135,0.0814283795301048,-0.0157070919460683,0.016445929737469,0.0151647541390471,0.0370515621326117,0.030373290137975,0.0501429770606765,0.0284749353751087,0.0651741421932414,0.021760731167203,0.0868747956073297,0.0063590048386655
0.00147470628927594,-0.00809446140580185,0.0210609278987469,-0.0186731411115827,0.0478059246768776,-0.0254286670130762,0.0597344652515147,-0.025079903551991,0.0859374694219374,-0.00891477534533833,0.01174515498009,0.0117699983428754,0.0346140793776384,0.0243964495492589,0.0532834824691571,0.0293258335911676,0.07623353544855,0.0206969041785586,0.0911494652688006,0.00851449331971396
0.0312786796987631,7.54496644833646e-05,0.0479851037853149,-0.0174811997762943,0.0507926280018623,-0.0270416601360863,0.0589027992733972,-0.0234378055611108,0.0846123035544697,-0.010674720547162,0.0123645754404867,0.0124887893202739,0.0361951228811753,0.0233285344521795,0.0543180791080976,0.0277691630595234,0.0722001519766395,0.0206703748198589,0.0903113754949623,0.00849157428911865
0.00507171011365044,-0.00737476411769271,0.031153077337825,-0.0175319740226115,0.0487143678517611,-0.0275254061636462,0.0639538294232392,-0.0230727579212596,0.0854529480258252,-0.00913220188966096,0.0143436706313837,0.0139170400346001,0.0353352960037663,0.0272223829753743,0.0525550017165989,0.0304316759709956,0.0708436045580163,0.0212515156420564,0.0930249398082857,0.0101250880439541
0.0313637935673206,-0.00506593583721309,0.045955620865801,-0.0172214638833199,0.05078097139317,-0.0275988478013739,0.0570708083396994,-0.0257307043003105,0.0814655748612111,-0.00959090018917987,0.0187987670953386,0.0135765415872346,0.041144648109481,0.0287715641574037,0.0541683030878284,0.0288682319262213,0.0731950709247684,0.0186652529300256,0.0932723472016166,0.00800380797480567
0.0144464164599961,-0.00332496988743002,0.0258861093922067,-0.0161609497441305,0.0388130738904841,-0.0287720520290535,0.0484456396663549,-0.0279619182574995,0.0765463153474632,-0.0139296170218964,0.0223563701392217,0.0142862686497895,0.0397654361047464,0.02844043829822,0.053607684873876,0.0306419803916378,0.073195784553843,0.0198441880241633,0.0938814982075952,0.00758817158937021
0.00767864658217058,-0.027508479002621,0.0306218728032416,-0.0363319547926562,0.0492907637818013,-0.0317753305801652,0.0514183419991927,-0.0298887497666576,0.0811788602851898,-0.0230094680331479,0.021983084666121,0.0157301464751375,0.043692458941036,0.0264970741850053,0.0543416813778379,0.029480881587007,0.074995905878363,0.0187876042637705,0.0934728541891683,0.00652528834822517
0.00710495065579989,-0.0114061021501563,0.0257261709721464,-0.014874880230818,0.0438885483974689,-0.0248725143459035,0.0609904107725123,-0.0225391182643987,0.0812721651919394,-0.0132004633523921,0.0187642996949251,0.0146334212685014,0.0374441419157134,0.0273748471943987,0.0573674715165487,0.029130049950312,0.0747512502510167,0.0204152662620729,0.0923080748387841,0.0075400147240769
0.00457452107007067,-0.0128214442356876,0.0042821946021731,-0.00537033448276313,0.0225357646072875,-0.0105446292157207,0.0435208991989007,-0.0255354424153876,0.0591938751806578,-0.0231550407149459,0.0176456316068633,0.0128867073775968,0.0370506547926949,0.0272785388502419,0.0479473642854019,0.0314472583673744,0.0649584552932409,0.0235604275537018,0.0835192682794648,0.0107100072539897
0.0135359567692183,0.00967197371123777,0.0302572746323226,-0.00919237675493733,0.0494869022887272,-0.0263274266196371,0.0527565285568017,-0.0279318028937128,0.0778020060220719,-0.0132066048842828,0.0125223629463441,0.0131147685568651,0.0339832193269984,0.0286988812620871,0.0458669559088438,0.0359723589223198,0.057628507953493,0.0253593837204667,0.0803207624401161,0.00882404901669201
0.0321761185077865,0.00301117123535798,0.0426531605627082,-0.00725320661273147,0.053146247941181,-0.0229161480949223,0.0556406211804765,-0.0271263926973885,0.0898328332263701,-0.00784010404374955,0.0169074212611187,0.0157421175220375,0.039659264868847,0.0274273118498779,0.0509324332050336,0.0288287891008745,0.0620582418137898,0.022841696603674,0.0897117375465393,0.00811612137083513
0.000720220414697825,-0.0203766834532252,0.00328781037805236,-0.0151216867059069,0.026437733614097,-0.0259071884385409,0.0541122270900469,-0.0289227042828368,0.0831696720569236,-0.0186339738800723,0.00608508222973968,0.0089454622088234,0.0358407790654362,0.0230565145775253,0.0504447763340166,0.0305224806487723,0.0747112701390039,0.0213281678891561,0.0927891050801005,0.00766963339012344
0.000848135982555294,-0.0318547254577161,0.0116121556743285,-0.0401695120857907,0.0433493327319172,-0.0329273509254976,0.0616112806445765,-0.0217965001259384,0.0807854337707499,-0.00819128161468324,0.0202751918510236,0.0158308233763446,0.045326382797521,0.0268630218991489,0.0524303705363752,0.0307597793690505,0.0671695739096159,0.020331187710631,0.0959274438142521,0.00425538769281082
0.00207823266734475,-0.0274833784712907,0.0170720090822271,-0.0400035986905619,0.0421860078159234,-0.0328418241043823,0.0620842871703464,-0.0192190381001045,0.0822264616608114,-0.00670548938124971,0.016238461170676,0.01632841779586,0.0365858533853622,0.0289493174709452,0.0498688986841263,0.0282099163958865,0.0670357906782636,0.0200737338726952,0.0896893218443419,0.00865405878606795
0.00882805413705903,-0.00483194675814614,0.00425161393559703,-0.0112249802833491,0.0271306850979603,-0.0328340903765471,0.051394530601256,-0.0291250593008392,0.0809851631320172,-0.0117398023883293,0.0218611407770286,0.0133392617467511,0.0376024006284578,0.0244583239968082,0.0491164686486994,0.0327090637934675,0.0651338947977117,0.0216549039395689,0.0934408475378683,0.00631006903805786
0.00390603390772526,-0.0185352079870295,0.0138877982780173,-0.0240479635644089,0.0387471628187591,-0.0220134859768689,0.0484450786219315,-0.0294893297036427,0.0825570243308754,-0.0143800017422193,0.0271973791928368,0.0108478452662856,0.0479613733549839,0.0245169697968495,0.0518092459949804,0.0306285071163043,0.0706273318208972,0.022299781225021,0.0932557318947698,0.0089577859948116
0.00341146745707332,-0.0167989238288656,0.0223837684356549,-0.020370803986703,0.0410334924398615,-0.0241427222011365,0.0518145167458549,-0.0285142765504392,0.0774386895309801,-0.0155830748338116,0.0233329888957097,0.0159534769198449,0.0472970459857929,0.02791818748848,0.053401773861121,0.0316115634262314,0.0722761735213743,0.0185011411287873,0.0925704933080223,0.0100342329256956
0.00669903775339849,-0.00896196055504872,0.0259851790693844,-0.0112140106292943,0.0372654367560995,-0.0193496669425538,0.0522130900106292,-0.0290044990094206,0.0815184042458663,-0.0147078497755536,0.0231672829191921,0.0142130870986295,0.0440946651462748,0.0234806760003086,0.0521517002416611,0.0284569727776044,0.0636782997500352,0.0198040340969242,0.091465940362338,0.00697538548278848
0.0185400865346939,-0.00344366323946576,0.0297305974290443,-0.0111058059908005,0.0462576398278233,-0.0237486806778606,0.0516844975321372,-0.0282731255057238,0.0763280474258334,-0.0147094844575556,0.0248815960964848,0.0135189840518807,0.0468172341553687,0.0226287823932401,0.0507243148906248,0.0307038349415634,0.070215303645392,0.0164875382369401,0.0938665168895946,0.00565798404547941
0.0137343137416902,0.0192594958558418,0.0254922541818165,-0.00340494668733057,0.0487283402536539,-0.0252600506881555,0.0684764657436882,-0.020120666920804,0.0890613257510008,-0.00817202531419893,0.0143152000841586,0.0136128639599249,0.0354136381181248,0.034430721968417,0.0486186839974431,0.0325601654254969,0.0642319173517849,0.021854548435352,0.0858690514734229,0.00833554344236605
0.00797532827374849,-0.0075402173080115,0.0321851629580299,-0.0176649801584657,0.0428927616597007,-0.0269841372329606,0.0603972436293944,-0.0240442396487118,0.0804008789237579,-0.0110652223878365,0.0070818227834815,0.00763537365732676,0.0345438706811802,0.0222514298142491,0.0506500124304819,0.0289245464533401,0.0655707002958883,0.019637544678623,0.0893296144376484,0.00727010731820319
0.00128553926840287,-0.0118977162005931,0.0141877769851947,-0.0298382017441063,0.0335230962960113,-0.0345634613200055,0.0584881103199687,-0.0280716362878514,0.0817371031954041,-0.0121270627343515,0.00751433723391565,0.00720148499629808,0.031866315006023,0.0208323666434718,0.0498786267841458,0.0280889537031408,0.0658300189175877,0.0241964063024699,0.0934902168277892,0.00712446938808947
0.0160728485689234,-0.00186084800522814,0.0361822767845857,-0.010861116032759,0.0414358463320569,-0.0245667503117663,0.0476273149366641,-0.0307728368192661,0.0798080591919453,-0.0112675963277681,0.0140875995687342,0.00347308195884061,0.0385423033184093,0.0069598142009083,0.0501363662606422,0.0226036418787769,0.0519136880899648,0.0260146134708899,0.0638879684884133,5.01123934281881e-05
0.0130073077817815,0.00681709998789835,0.0346276313955435,-0.0020300854261426,0.0461791700876301,-0.0148326133722267,0.0490630515188272,-0.0280939672130236,0.0735827226145131,-0.0133865927503367,0.0121566442153573,0.00156534374922252,0.0308468971258162,0.00969735385531485,0.0462164923801009,0.0232292631807153,0.0568222426594583,0.028211891844093,0.0711052675900856,0.00653652009020058
0.0201578700392695,0.0204688071707394,0.0432175138016015,0.00356917590503248,0.0491401510192833,-0.0164078906690669,0.0513740943780401,-0.0302301380391073,0.0709402775629377,-0.0164452375248721,0.0153000371834359,0.0265062100418178,0.0369689716876895,0.0439801983700987,0.0519464694332285,0.0267188117602346,0.0821335647781853,0.0304678425523733,0.0948723311003961,0.00481452291942923
0.0142553383176903,-0.00209872818821192,0.0353954030877265,-0.0191958435272217,0.0465540833537288,-0.0253739989128258,0.0595414112291786,-0.0162894780288218,0.0808497362776092,-0.0069521783624365,0.0142285076704192,-0.00448450064781477,0.0459646947758759,0.00253761730713513,0.0499970296743415,0.0273339274522528,0.054643837413687,0.0236181117886122,0.0678242244253898,-0.00122915662801702
0.0111413322427849,0.0122216044702829,0.0242895788352959,-0.000365086883211722,0.0380233355947823,-0.0184386411206128,0.0475406636387936,-0.0290975451092554,0.0675226080875276,-0.0163768733357102,0.00770675272385806,-0.0260429786240614,0.042939090895396,-0.000126272797122655,0.0433209145839219,0.0461829331310284,0.0488810801944414,0.0266153320518286,0.0745529198204932,-0.00688879811807629
0.0221714683083531,-0.00613483860635596,0.0380729297384449,-0.0145210010227179,0.0453091767778302,-0.0187766244318445,0.0468641860633453,-0.0286607156239947,0.0739197585716871,-0.0160380699578456,0.0370084745674136,-0.00343936790408711,0.0448457837035898,0.0143483768704422,0.0513128612858347,0.0299394130160894,0.0491075144527883,0.0145398237258923,0.0690705697145018,-0.00459720730070379
0.0315455042581741,0.018375073023779,0.0526116031395719,-0.00460086035952904,0.0538267232284037,-0.0183211080948873,0.0484314534305517,-0.0273511914715303,0.0786504794996846,-0.00763378097683448,0.0245474272220433,0.0041949164708035,0.04930545603383,0.0209333448800222,0.0553710204203649,0.0226288756045886,0.0832414406935285,-0.00225404264655188,0.0982359836062055,-0.00411639060929292
0.0178807042895531,-0.00811326093874375,0.0340739849452049,-0.014573612293603,0.0421601465825269,-0.0225598033866365,0.0561184901431589,-0.0282378043675199,0.0872436937791151,-0.00770197159658135,0.0283112833400371,0.000405798603867947,0.0488195138020438,0.00300057410964895,0.0515956447379113,0.0217075879587945,0.0502972822349245,0.0198377402857212,0.0637158597244936,-0.00345275500393681
0.00558875939819267,-0.0157495714154415,0.0129872208274141,-0.0261050132140455,0.0343741297243066,-0.0311275066737144,0.0533500760977106,-0.0257020883165967,0.0860907828021009,-0.0105878720420309,0.0262114518618245,0.000520904296632573,0.0533727936543992,0.00585976422009405,0.0501893143151374,0.031795620782469,0.0537710385130768,0.0130008895621287,0.0862849084628104,-0.00367644899889861
0.026926120641782,-0.019666224754956,0.0393966152790718,-0.0193749139570328,0.0424670548099288,-0.0284465329080197,0.0492322842766374,-0.0288473134802085,0.0815432045929731,-0.0113399375092416,0.020305966929005,-0.0027054217466355,0.0474831730115844,0.00565501645218224,0.0519173815010654,0.0253668431484768,0.0508501669369358,0.0153795252294677,0.0667222820019623,0.000491346884938758
0.019455537973864,-0.00722620256253401,0.0344009243857736,-0.0167796641508802,0.0457527025299159,-0.0254261505055357,0.0596715365198428,-0.0218514997180866,0.087365938970712,-0.00812949529823986,0.019729578375412,0.0105018041490063,0.0369422257999395,0.0222170497257276,0.0495945645649651,0.0308645906109792,0.0680363255125859,0.0200581135976202,0.093304277547226,0.00876408959903843
0.00262177134447436,-0.0199364366122788,0.0163583973196427,-0.0234779406150861,0.0395092435890194,-0.0240156241316064,0.0576489748382105,-0.0281500534433695,0.0877104395089927,-0.00927918055273893,0.0156945961786127,0.00903434339012967,0.0377985978484305,0.022262094248809,0.0516094040451527,0.0322814021320098,0.0650378555942722,0.0233897985998268,0.0868931438861872,0.00812075997339628
0.00890025497589329,-0.0209385429828651,0.0355350055470602,-0.0279094612311287,0.0461163922550317,-0.0252000337814793,0.0669179358599302,-0.0228554651683075,0.0868080505457802,-0.00848034673943211,0.0183600205797889,0.00920635120626392,0.0412421017349282,0.0223841468241232,0.0518254111758324,0.0286361134199599,0.0626433983699006,0.0226007957019235,0.0776865455371023,0.00821079169865077
0.0029763182607082,-0.0103152299430203,0.021936303806945,-0.0245117142088961,0.0435583503357536,-0.025526023691122,0.062248407046327,-0.0257791223064412,0.0830526475214802,-0.0115016564629377,0.0217040712154692,0.0117978908415394,0.0438773019848865,0.0215724157908323,0.0515750801399306,0.0294243181008776,0.0717166926910847,0.0160893713955223,0.0930970543614584,0.00508291635233711
0.0184148160439084,0.00420102527747,0.0361294747787152,-0.0122827295731301,0.0450794378970911,-0.0235155552864483,0.0661731633260119,-0.0223054339543944,0.0864558674509087,-0.00697092412022118,0.0170516720635314,0.0155162161581894,0.036631510611269,0.022358048558836,0.0491677135768528,0.0266587676683478,0.0568721758678123,0.0248168288894228,0.0763409834690813,0.00979780950707351
0.0113358818312006,-0.0204816022567865,0.035835470287614,-0.0223554570021963,0.0451474030758693,-0.027942416308819,0.0482450588934074,-0.0285036913021247,0.0768435814066615,-0.0114862921247676,0.00392964697082744,-0.00724883871024415,0.0250776333767526,-0.019516531384681,0.0474304279790678,0.0135408583415931,0.0493586406764893,0.0332824648621825,0.0693050984959935,-0.00490545971141765
0.0216436375256337,-0.00893989947385455,0.0442115644944205,-0.0250730687999474,0.0515448727908649,-0.024136466806907,0.0477460411595499,-0.0304773915346869,0.0789599810851242,-0.013487002658223,0.0219666377191441,-0.0242924138707728,0.0444708591156884,0.000658794638655578,0.0483103073634755,0.0301523759157106,0.0524925247988832,-0.0108269046858775,0.0987934512171349,-0.00536035702107253
0.0302085095764735,-0.0176831041745576,0.0497825351557511,-0.0251575945971293,0.0491464964035321,-0.0257532928349543,0.0631338275507988,-0.0112036741200771,0.090058243458667,-0.00774084079445487,0.027761831602825,-0.0187826409954598,0.0468336478721559,0.00500265834967451,0.0488851683565912,0.0243997666405379,0.0558462215129426,0.0214127644078089,0.0913417032074462,-0.00816673143707279
0.0166063756659561,-0.0102189705147457,0.0372514604993528,-0.0237903807712002,0.0487415095416611,-0.0281104014290159,0.0715318016803991,-0.0133708002185049,0.0966599784854986,-0.00371298242697207,0.0189359720850693,-0.00735666239213195,0.0468416844835827,0.0150805232874377,0.0488874324333639,0.0335374377546136,0.0588988661048987,0.0144011524813966,0.0924115770228326,-0.00745483556423521
0.0109604579116963,-0.0134277446324914,0.0356470201358969,-0.0217620462673738,0.0484379566273661,-0.0237793865872138,0.0480587718977251,-0.0316604431467446,0.0743521011198238,-0.0179763834397645,0.0222840670777319,-0.0113007350783441,0.0449642861399502,0.00179627543790377,0.0501716537448644,0.0215652953076843,0.0514376619022283,0.0295028274808429,0.0683638237248851,-0.00239145004556443
0.0198210862246094,-0.0129089200146365,0.0462935170434585,-0.0200633458539862,0.049367014419803,-0.0263508883513553,0.0489918939822718,-0.029099446312964,0.0813272255228785,-0.0120062434751957,0.0125619768079645,-0.0108536624403761,0.0483476744796453,0.0138604771499489,0.0512015136461757,0.029998799127164,0.0504504955323032,0.0119473876638522,0.0887741391706953,-0.00915907324925606
0.0143864427309334,-0.0235900547008934,0.0427127965049327,-0.0240195458820034,0.049541382339619,-0.0255629720362024,0.0513610797221416,-0.0242937307164903,0.0829615630445146,-0.0137780984434641,0.0222895182430383,-0.0148558805615648,0.0490929135082507,0.00795448039907684,0.0524147922057587,0.0288950819145684,0.0485716951794009,0.0208725664534361,0.0810507188008438,-0.00609610374085972
0.00279479774219752,-0.00515908361535124,0.0050143337122522,-0.0126573643478541,0.0309808731209126,-0.0167663607311041,0.044473302081064,-0.0315596507795015,0.0790901213709285,-0.0162667237979418,0.0129536728573199,0.00829507421138767,0.0349678112298671,0.0239899321566979,0.0501847466754077,0.0327004671107581,0.0663500068732802,0.0184886959611613,0.0926271262206777,0.00733652888593535
0.00759809961640664,-0.0239549451067056,0.0236620724938577,-0.0312084648072051,0.040021524978763,-0.0342029982112593,0.0607416162993156,-0.0259566002620475,0.0863323482645839,-0.00301449669666827,0.0195199770755272,0.0366885601958222,0.0395670387883175,0.0570566735674785,0.0574706640232969,0.0377021646680014,0.0552891905531026,0.0326830942710739,0.0882488394564753,0.017817672744343
0.00912313876723493,-0.0197223726552821,0.0300159550631664,-0.0310345311742514,0.0453128923686635,-0.0215925939239322,0.0518396784233528,-0.0300798067436777,0.0854466293096344,-0.0128002769566221,0.0204337379294147,-0.00927155533547429,0.0413089196028485,0.00925082761668277,0.0518103363487073,0.0325623580126801,0.0586599729329599,0.00611100583562096,0.0916712408190219,0.000887050170950911
0.00763121598575774,-0.0310044877911527,0.0318984719352984,-0.0276964153633589,0.0433070232414163,-0.0256206166096027,0.0516394497803314,-0.0323589769529638,0.0884474183772233,-0.0156905980984479,0.0194299954146169,-0.0351485248178428,0.0459184097444822,0.00594314774683599,0.0554207710253411,0.0312899852737413,0.0587460618415496,-0.00892424218808044,0.0981595833668601,0.00183696021157309
0.0165670236253614,-0.0129556045345601,0.0336034868041866,-0.0170825831161269,0.0388792058124569,-0.0190460301749005,0.0511351596229339,-0.031813992163651,0.0796235952890085,-0.0174806681426139,0.0202052969813927,0.00384678957127204,0.0422344232790889,0.0121682151950577,0.0500245080423576,0.0251729423613602,0.0522716700763987,0.0316533879843044,0.0705646630731521,0.0031424748795186
0.00511327691630557,-0.0180019770908921,0.013516523180624,-0.0306930093383167,0.0319632778327222,-0.0358482260535721,0.0439652200807704,-0.0346790679496781,0.0755932375471916,-0.0149889682905712,0.0361766449739426,0.00088615467734358,0.049314881552692,0.0260122367207779,0.0514298806484941,0.0276990110126282,0.0750156453570842,-0.00229282673649645,0.100376839675705,-0.00356603732189486
0.0129899637917496,-0.0124095477369063,0.0387205605460833,-0.0193084403485971,0.042968261506575,-0.0191045939329557,0.0400040664183333,-0.02737576132768,0.0623610053077575,-0.0226477125153859,0.0336845442913619,-0.00171111242714243,0.0480228002492971,0.0194646839192991,0.0529271446834134,0.030639693182605,0.0491407395495222,0.0106713962902958,0.0814695113092252,0.00247481904846413
0.00643494853272076,-0.0115520524215967,0.0226386545374356,-0.0158614307905696,0.0312225514877044,-0.020605766916514,0.0429819112157856,-0.0275646079561338,0.0805969876465563,-0.0188210231549546,0.0403971320164784,0.00920377017533296,0.0493465010900989,0.0266069112307478,0.0542508031053309,0.0319315362288125,0.057122206235678,0.00809004904028273,0.0758314860161877,-0.00261976896999324
0.00475667950517401,-0.0163145029980122,0.0177318701746636,-0.0299006177297916,0.0370830419285413,-0.0242048054906181,0.045537327576518,-0.0334610868717624,0.0831347305210249,-0.0163748303768675,0.0198695548673904,-0.00695683942823756,0.0430267680151093,0.00375582230023424,0.0550617561025047,0.0339795411429459,0.0523490419958744,0.0047181020799617,0.0978281568909669,0.000965586458117314
0.00631076801889264,-0.018256695794249,0.0270939373663589,-0.0374805569032401,0.046644258712454,-0.025482257716293,0.0599525142995254,-0.0161926248041005,0.0806120706531665,-0.0183634183399866,0.00844142298805467,-0.0160441488267684,0.0453235036475772,-0.02124057312599,0.0504595686533201,0.0174705299038489,0.0523146402640473,0.0244281638862245,0.074466542867592,-0.0193849820868792
0.0145528801058619,-0.0191933114854352,0.0380367645355107,-0.0277882685279272,0.0524964355972648,-0.0252562015875145,0.0678631103933212,-0.0198804478146337,0.0941032314788587,-0.0190482286142369,0.0219799680839891,-0.0174465075106908,0.0486414325700435,0.0076202954534426,0.0510300355884364,0.0295278872368063,0.0651193719844556,-0.0193914086849603,0.100668235635599,-0.00587208388113039
0.0104772156764055,-0.0156783052868206,0.0336187236215771,-0.00856592141230775,0.0455415920447744,-0.0179682507619633,0.0476344274463669,-0.0290543056180773,0.0806433078756743,-0.0177060001961629,0.0204092038763375,-0.00218050355107357,0.0464963537072858,0.0063325952581451,0.0503826023619317,0.0279543174681183,0.0704438063690198,-0.00435782350005157,0.0985021827661871,-0.00167842015994823
0.00615512192928762,-0.0123811873126014,0.0318501011682931,-0.024404886814015,0.0460645130909849,-0.0241588170265727,0.0468572862862016,-0.0305635806538879,0.0825636546637443,-0.0187099126718312,0.0236809543505713,-0.00879559066385235,0.0504862624727838,0.00832431128793086,0.0515845876462792,0.0291459022997213,0.0552445274739594,-0.00421947608015583,0.0893253608230571,-0.00866166472678606
0.029025029143748,-0.0295636968417587,0.0522661078997438,-0.0262438982744833,0.0890199099997188,-0.0090736656299623,0.0973633052119159,-6.65080670479773e-05,0.0692899352547584,-0.00195884228412694,0.035416454746612,-0.000894026346208592,0.0355148274648846,-0.000924100790351497,0.0521452240292925,0.0140386800063065,0.0488894159935113,0.0252087417854295,0.0875735293676513,-0.00214897510679888
0.0290827105389732,-0.00783414322055932,0.0399195894201011,-0.020261889263669,0.0432705553010222,-0.023938883202514,0.0490107884586263,-0.0289487289999421,0.0678304423659939,-0.0156103757761936,0.022667363172115,-0.00116573012768582,0.0449861014664932,0.00945255494863163,0.0467638940616564,0.0265985741855776,0.0525625539974508,0.0258270901470188,0.0798114065010724,0.0133926250795411
0.0205389415125194,-0.010358558276494,0.0346963538959481,-0.0255225586537111,0.0437201383251887,-0.0305378204718797,0.058314133641174,-0.0271042555255309,0.0860591916929714,-0.00906116867257847,0.0164130401123988,-0.00235927373877793,0.0520505065671408,0.00626638759077724,0.0478500503689996,0.029623656709726,0.0549222699807299,0.0152611941595757,0.0857447939792932,-0.00286070725839356
0.0292198066965804,-0.00916465162864429,0.0457878963358206,-0.0192243175645615,0.0481454926028537,-0.0249628669911767,0.0512447236884708,-0.0280431866589418,0.0669672231654139,-0.0213298553833529,0.0318742361693831,-0.0016267097673747,0.0490899206223566,0.00877491064691686,0.0506945713720262,0.023570133795288,0.0522638710399682,0.0264731687391463,0.06621475302186,0.000969418132221933
0.0160453501671415,-0.0107283498976624,0.0359542395983219,-0.0215587031829978,0.0486009056434529,-0.0244620914916339,0.0505961811657557,-0.0243733391056778,0.0745717410075286,-0.00825721200379819,0.0271855327304259,-0.00476609646243361,0.0482806026097989,0.00807305867000029,0.0498188671421409,0.0259780586092688,0.0518256645673186,0.0242545060103691,0.0760786565011665,0.0027880618817348
0.00407349349473299,-0.0304067684499292,0.0274874339519215,-0.0318040788818868,0.0650867502028913,-0.0102123707454013,0.0803167782736663,0.000904212325608276,0.0935822500786645,-0.00543776189788259,0.0222662476503402,-0.015386144074609,0.0548664753327629,0.0107256138755007,0.0560989615902617,0.0294157297264096,0.053985158844806,0.0213373459857116,0.0876467582453425,0.000145077070134726
0.00977477661177471,-0.0173010609373277,0.0345375497479593,-0.0252032742802194,0.043150414260207,-0.0255067186560146,0.0480194460500607,-0.0304743963098337,0.0706534054815132,-0.0153641492785943,0.0158436351906684,-0.0107120752183117,0.0486155320342369,0.00656511718386347,0.0513199259658306,0.0264828779693242,0.05170556377486,0.022757770860124,0.0676482665631816,0.000398533885532787
0.0180909660739665,-0.0199539270480703,0.0335112862011119,-0.023661962976808,0.0418765002470635,-0.027658736129761,0.0635931206206315,-0.0221549126332325,0.0854125704503863,-0.00730528601287631,0.02089354875804,-0.00640281825111244,0.0420025878739215,0.00926530351973637,0.0519051911353907,0.0270311301338457,0.0528638603906123,0.0210025129800424,0.0698360185405812,-0.00198424237471431
0.00113408652557135,-0.0198134527294054,0.0157251196409697,-0.0277223681463471,0.0336019407773245,-0.0306740224322591,0.0475522046889759,-0.0271103569882574,0.0723065663184959,-0.0205668272398152,0.024906603072047,-0.0109766001835692,0.0447177162389012,0.00977163401951113,0.051761116054401,0.0272536475357597,0.0595816973099626,0.0182997157921988,0.0940343438556583,0.00268997925702338
0.00403452648692618,-0.0154992662389561,0.0124001213237952,-0.0298046323732278,0.0424229995884289,-0.0263362103307934,0.0642284177254966,-0.0100822472436176,0.0778043614439647,-0.00464346517464509,0.0150758888988578,-0.0146083636154346,0.045719554141057,-0.00194544248494814,0.055482716538001,0.0310368246031565,0.0507853649385064,0.0273364730115652,0.0816707140981115,0.00425384880395399
0.00983203691442696,-0.0143001093037654,0.0287476906111313,-0.0209742406998232,0.0453039065087692,-0.0275053116785087,0.0724522959544912,-0.00295419282692495,0.0886680207746153,-0.0083920980334815,0.0160371559651712,0.00280380708193762,0.0356408015421614,-0.00617068473958731,0.0508663564088268,0.023226357996098,0.0581446019034014,0.0117482721726473,0.0750719751893213,-0.00524194540181921
0.0137123644344971,0.00889929444901136,0.0305817226888897,-0.0206914887549898,0.0533888182327353,-0.0252566394360569,0.0631780124291919,-0.045537552844695,0.0032405024847827,0.000542448127523249,0.0249093570007322,0.0164657390632768,0.0141001702658782,0.00771313680806042,0.0467531613026856,0.0340700037296029,0.0578872051121471,0.0268606580796447,0.0864816433258396,0.00858635590163267
0.00879674650094345,-0.00781670225234169,0.0362030509623345,-0.0182740987099239,0.0493059591594142,-0.0240692909171787,0.0482279028827297,-0.0289497701986943,0.0707210029302921,-0.019165589790031,0.0143359727841513,0.00115486497381964,0.0456144064463453,0.00455762342009961,0.0523771346689337,0.0223950412401594,0.0511423699509374,0.0301069270753267,0.0602633856088789,0.00462807042297926
0.0107692631644548,-0.0113230300331615,0.0353634834407816,-0.0227160074191682,0.0485096349723909,-0.0264796880137497,0.0563490386183072,-0.0176167970728102,0.0775268971220441,-0.0131588709339339,0.0200497852283474,-0.00528889160333949,0.0467769193891829,0.00665141563912103,0.0523910081211576,0.0246551758190881,0.0534565391912292,0.0212940989591333,0.0749214835898666,0.00478656554255923
0.0231159330669518,-0.0213644708674823,0.039633014763101,-0.0226970193889303,0.0466661154067147,-0.0291089686411338,0.072469772282962,-0.0122428523375425,0.0921393156440195,0.000227920713499701,0.014578866962543,-0.00139601021914894,0.0257545286688984,0.00820453562951339,0.0482704836392186,0.0155590048026312,0.0486258097734702,0.0292208694298255,0.0704721804501066,0.00463853061995546
0.0106169854144094,-0.0112691966622659,0.0286744238438407,-0.011422547508949,0.0474948394487372,-0.0173276004593495,0.0488161443039364,-0.0272571493017823,0.0776648467167076,-0.0175679759012324,0.00690497685721053,0.0162468586194252,0.025925295937382,0.0379082264950576,0.0541235430882652,0.0259324899455128,0.0672909278921746,0.0342504353075409,0.0931516734918706,0.0105477771140055
0.0194959666158707,0.0112105725684316,0.0402458184562179,-0.00482604458330011,0.0522717895727807,-0.0151405688479999,0.0530523600476405,-0.0296297184999245,0.0657317067022569,-0.0250280097274397,0.0121951732908242,0.0222569801914364,0.0420138778637332,0.0348522491457682,0.0531052628763529,0.0289237286959676,0.0850380565362318,0.0218878362950715,0.0964660588767236,0.0022857191442599
0.00861116661897126,-0.0312321284975607,0.02572033441202,-0.0297750505425854,0.0409720199129156,-0.0273934652459591,0.0508089130363415,-0.030742361304395,0.0818908624227165,-0.0175050807453134,0.00990267414007708,-0.0113903447225106,0.0389404322816761,-0.00668677062370272,0.0513640557715226,0.0214153712104845,0.0515977577494408,0.0146448081014703,0.0777588585156729,-0.0100939174833432
0.00510273632333762,-0.0133378436948882,0.0176156214489726,-0.0235112210722839,0.0346777034305732,-0.0288513377440508,0.0488445576844892,-0.027178438399435,0.0731913713494436,-0.0154389350000748,0.0216996128858229,-0.000345887392919666,0.043168918930677,0.0121982063035275,0.0449260464806697,0.0366319278543831,0.0552547269613268,0.0251538025080147,0.0738321271725137,0.00383770954626824
0.00834852624031628,-0.0119265807323089,0.0242137593289395,-0.0233875369151113,0.0480431954305687,-0.0239951718280147,0.0592859159441825,-0.0193535467779288,0.0818981982342122,-0.0137877510679439,0.00215955438942922,-0.00210864105283686,0.0300006510637086,-0.00441543305806792,0.049355224031466,0.0192243442882603,0.0514833075830556,0.0258913794825928,0.0800468579559209,0.00530573291993146
0.00428343381882933,-0.0182473700499288,0.0201124228085647,-0.0292606009824677,0.0414070459626968,-0.0292718058597672,0.0471012288793013,-0.0301472795276896,0.075653527989107,-0.0195633848183006,0.0187164590986463,-0.000485256510944815,0.0425193641579055,0.0097964647134933,0.0537200507927088,0.0282944792044555,0.046337394646067,0.0147168737848114,0.0757809391144083,-0.00286021446101627
0.00269713408960382,-0.0211194067762067,0.0163103986285703,-0.0327900602876658,0.0430252645561208,-0.0275098233748925,0.0516161503361309,-0.0279185014166376,0.081003264403553,-0.0152311085100937,0.0131528045723658,-0.0132574520403144,0.0460931211301653,0.000103593732197697,0.0521363429167919,0.0234858799738824,0.0533917008496564,0.0200472367683212,0.0794336087322386,-0.00284498559816422
0.00186363944263442,-0.0318486083764971,0.0105405563224306,-0.0399428855299746,0.0305340474597266,-0.0423718437451434,0.0454471504684348,-0.0350027949949195,0.0738283792150913,-0.0183306579670214,0.0403643068202457,-0.00216147331488552,0.0556299205461464,0.0316172501241299,0.0429943676856206,0.0286565047909814,0.052546427972581,0.0266107656658403,0.0824196256410174,-0.00208680289562839
0.0477744968209313,-0.0150288441003298,0.0463498184837131,-0.0203637337033772,0.0479071380705332,-0.0270769182453134,0.0497972412584422,-0.0328912121255437,0.0925210892082037,-0.00430088739689857,0.0200008671653902,-0.00380248877055734,0.0416122429744675,0.00887490285458901,0.0580576573629158,0.0193788717392919,0.0525915434352012,0.0300264853513262,0.0708886593417456,0.00081365572179107
0.0147424467157907,-0.00443543074445746,0.0387900626001186,-0.0186158515744678,0.0408266183898238,-0.0232213589141028,0.0468641307603556,-0.0300559628790395,0.064862912669347,-0.0237128225971805,0.0156861139144368,-0.00363195908491851,0.0474338452951148,0.00164331449038455,0.0512688265227062,0.0150862574490314,0.0525231203403877,0.0287077980559139,0.0640770787601772,-0.000787761323896389
0.000969477750665255,-0.0257180145375299,0.00478587241722288,-0.0379206430804099,0.0232258143628152,-0.0410554733850982,0.0486247271609239,-0.0326314291515003,0.0788783513951919,-0.0125171446416049,0.0333958304941015,0.0458418027958521,0.0459287174655028,0.0452833500034502,0.0508277277655956,0.0283669790597418,0.0562751579319328,0.0443704576705789,0.0885864078308392,0.0149591856709048
0.00536726326546116,-0.0347468973117712,0.0258718950502632,-0.0389194850978206,0.0774458639258068,-0.0129527021135628,0.0983125409364874,-0.0025663102843387,0.0982408337171367,-0.00221087209743432,0.00534530739574428,0.0152477888970239,0.0314904317216306,0.0466102179190399,0.0458664751992842,0.0376878368161345,0.0508851689113991,0.0310766520892314,0.0746462936281358,0.0313677777799462
0.00647689356687663,-0.0177797823813258,0.0233964304475595,-0.0243252807436302,0.0571831154189062,-0.0206767397232125,0.0950742859232266,0.00269601714047075,0.0966914854597582,0.00291016586560576,0.00934070211470656,0.0169023226770065,0.0325010720918279,-0.00298754452191653,0.0681123850480455,0.0268499077486086,0.0509950763846645,0.0295161395473924,0.0796516129184799,0.00217187999737978
0.0189482961153864,0.00056569065848603,0.0377956890784198,-0.0223070210991891,0.0479891650762694,-0.0264662099565276,0.0644612377658807,-0.014250195083175,0.0908721080464423,0.0012167893200001,0.0189452996099236,0.00267247955558033,0.0395606322817804,0.00668072693145346,0.0478991612821314,0.0227094290811692,0.0587765447842726,0.0219013031861081,0.0826567784111605,0.00276498383978962
0.00193664788761182,-0.0171986974742397,0.00857549133140285,-0.0361077131305965,0.0276346546873464,-0.0371412588061926,0.0557819800506978,-0.0262270087791208,0.0847011632056774,-0.00903568832582978,0.00621866762949584,-0.0085536576677496,0.0370936454441165,-0.00822694760229432,0.0569940684261428,0.0217862300841213,0.0516688898010682,0.0260397351098938,0.0798261556750257,-0.00372194209620403
0.0102805462301948,-0.0168202257283825,0.0454906823197883,-0.0278332779331529,0.0691157982410986,-0.0181363792166872,0.0991351759984402,0.000903091377253431,0.0982192486817851,0.000842345873611141,0.0226914510309415,0.00423225587360026,0.0404049158766365,0.0173592889402219,0.0529505187145156,0.0320882641996475,0.0513663742383919,0.0291636703636584,0.082185602863573,0.0132247050205308
0.0111826361295003,0.00111835838756345,0.036571362205058,-0.00385151585957161,0.0466958659200453,-0.0147305242510803,0.0535761711646548,-0.0283346790598552,0.0711149514236785,-0.0224334631446272,0.00440488293391694,0.0105721955969766,0.0265124892744935,0.0293075707799565,0.047961788932821,0.0266381057846187,0.0654929516378166,0.0213967371743852,0.0873382878333658,0.00651495841526267
0.00288175559970194,-0.00691509442782555,0.00659118340058151,-0.0332701174200904,0.0365961673106806,-0.0346112962017343,0.0811789644905264,-0.00730810107204217,0.0961087287382929,0.00337352051153849,0.00954332691297601,-0.0246745936952352,0.0382718095071626,-0.0169432038467159,0.0526487002149791,0.0180552254096532,0.0510858500165816,0.0331076636762022,0.0698815502635217,0.00709822850753689
0.0030071576204271,-0.0110048485645675,0.00508566536859544,-0.0234413882189459,0.018361789136256,-0.0299836629071792,0.0469475647814433,-0.0298894672144064,0.0806874233885977,-0.0195392745269487,0.00703955900465206,0.0136564742627216,0.0305150701549779,0.023693786408305,0.0493719759128817,0.0277813906266527,0.0749315811862023,0.0206252123898833,0.0944414227508601,0.00775549944902067
0.00212272477659593,-0.0120740845899086,0.0109790533125598,-0.0280458344995135,0.0398588142943497,-0.0292994488394703,0.0573801570049945,-0.0258464100195856,0.0955193980454315,-0.0136370973840784,0.0075818529663785,-0.00600152828114862,0.0247626273888077,-0.00234152615619796,0.044822971847667,0.0152259554969017,0.0512848380382499,0.0265325058000506,0.0765845530256675,0.0172302996932158
0.00418988287994854,-0.00592485819115955,0.0125609055319239,-0.0343836952087268,0.0413128449250265,-0.034994654928248,0.0819901289723042,-0.0165973575795208,0.0984762107927576,0.00288060480445879,0.0160246818089674,-0.000582449093555128,0.0348238072777406,0.0180372718883616,0.0418372330818728,0.0321054525677891,0.0575293249503693,0.0243933341956702,0.0824599182355788,0.00320703796756926
0.00833817583204195,-0.0092593285037435,0.0364431057214488,-0.0229363086713091,0.047089576246699,-0.0227096213994043,0.0584640371723758,-0.0211822221031902,0.0994630820289131,0.00115934154902305,0.0160795469483261,0.00223930893080529,0.0306038157566291,0.00913026453251108,0.0453331173049921,0.0220262341412481,0.0570972110695608,0.0286910822495191,0.0917205618199804,0.0166270891670731
0.00967052808854812,-0.0251001324681838,0.0538082123663811,-0.0255629596753656,0.101732337969804,-0.00342209660378608,0.0984340356234568,0.00195756216220533,0.0997375669508868,0.00132701332826896,0.0141379163710155,-0.0142580329475535,0.0460257762987107,0.00612635323559252,0.0534460859361227,0.0269702306775897,0.0656432703173497,0.0366849700102937,0.0895445602747841,0.0171339284629199
0.0056008174581952,-0.0161383396895228,0.0260829093241336,-0.030598325224703,0.0492798089801235,-0.0285476477944936,0.0947540299769095,-0.00758755163846462,0.100328380128059,-0.00468585301198692,0.0148063648073277,0.0313289440627965,0.0328502365400089,0.0498171366992774,0.0437848507920695,0.039270115449795,0.0551292701394129,0.0205992185813226,0.0790572218237424,-0.00487582032721211
0.00338877686255235,-0.0133779947813779,0.024329324698431,-0.0255771043287662,0.0414828872473164,-0.0258568025161718,0.0591299660325432,-0.0197464459644417,0.0793498854594438,-0.00721205020746009,0.0259606791572593,-0.012914936372576,0.0487203616857182,0.0107745957795684,0.0523243031416019,0.0278273025007685,0.0537626064590248,0.0302294776635221,0.0568211529490244,0.0264704914317121
0.00476247599951157,-0.0137877322986218,0.0103449630427632,-0.0269955615589255,0.0251081806886037,-0.0338006113239174,0.0472862593481524,-0.0286829302794573,0.0744870049496412,-0.0126306290759453,0.0139440627953523,-0.0135612100492236,0.0349279154898871,0.00164612780820333,0.0442975782633109,0.0218826413153081,0.0616222151741593,0.0331308988603068,0.0885875469280311,0.0158915248670882
0.0081558975398941,-0.0190475394663507,0.0406685301038022,-0.0348448750342897,0.083324059467638,-0.00883161449784404,0.0986564650918602,0.00102960596822695,0.0982292848947376,0.00127013007503869,0.0182007186425628,-0.0142068246341956,0.0423309360702962,0.00505229746713695,0.0539865523255122,0.0265771328470834,0.0531463480731116,0.0287224694250691,0.083273627532906,0.0197466519441988
0.0208881486112566,-0.0130689424072097,0.0543379759618586,-0.0310244174213279,0.0766952529223141,-0.00110281810195962,0.0915683105383092,0.0004186968476612,0.0960922531764292,0.00362599987310355,0.0267166487669439,-0.00338170191431138,0.0573336764901812,-0.0078528406029451,0.0499783778598334,0.0239277246373851,0.0637518769368313,0.0141562305742123,0.0908840858766665,0.00166392892984665
0.0167734885747622,-0.00325811312831036,0.0232413013342141,-0.016222281572687,0.0519038411758577,-0.0240229243656804,0.0504157411237775,-0.0260905004939054,0.0694439259748413,-0.0119536874786485,0.02080101347415,-0.00284125363879631,0.0403567078056701,0.0133765654084923,0.0433995179811642,0.0243930109944781,0.0573479548059026,0.0333170310456006,0.0881220862289929,0.0189245502369732
0.0066023619931045,-0.00623715893202948,0.0269256257955053,-0.0123210066927282,0.0447752866925454,-0.0233125552950466,0.0565370429883671,-0.0254262569190546,0.0805172584222284,-0.0166697120268674,0.0123824098724224,0.0180223474757813,0.040316369788204,0.0246535697630757,0.0496580306200796,0.0264492126013588,0.0540875173551624,0.0282187529066479,0.0738586174866589,-0.000434309255008469
0.00231725362571488,-0.0255759655012357,0.0248897187730788,-0.0369062578472046,0.0481614934471804,-0.0282535464783929,0.0695668764121161,-0.0126452131974886,0.0837171352562522,-0.00809900379750803,0.0122602952668308,-0.0213728664293698,0.0451915619357343,-0.0132036717914167,0.0489059697482101,0.0115190206192566,0.0512840291782923,0.0285627754064972,0.071853374301837,-0.00155610095515636
0.0108749512478764,-0.00206874145952347,0.0313272514551586,-0.00977166621171419,0.0392830519175794,-0.0153692958876086,0.0464789219105733,-0.0338032222708688,0.071750816556263,-0.0222922495150173,0.0164143111911774,-0.0101490385938443,0.0352834210485362,0.0084813002068771,0.0476136389416802,0.0277747031954953,0.0576521479924859,0.00366459035827602,0.0863678955051875,-0.014543970037186
0.0119495492531521,0.0111772526206979,0.00349004061168658,0.0111707086507517,0.00376460759724362,0.0102232160429422,0.00401683055909978,0.00871790991139592,0.0437094296751323,-0.0284085586522335,0.0056440020722113,0.00421666808828781,0.00579046206030798,0.00252362551476199,0.00591013349208402,-0.000104938010760771,0.00545179582500707,7.08279977391627e-05,0.0416450995552159,0.0297339818833432
0.0112855834353788,-0.00530541281341547,0.0255903364562129,-0.00905331376933339,0.0409178565005946,-0.0195960901411494,0.0558921641751866,-0.0259441394346767,0.0830080392296004,-0.0113843316706804,0.0098783192579704,0.00590512894364473,0.031969242256051,0.0222706241005553,0.0509908674708893,0.0271590060846307,0.068471835932057,0.0201152996604446,0.0875684854379525,0.0061880981633803
0.00717523281827706,-0.0168290996706179,0.0224109991646078,-0.0284604131715095,0.0396243365373911,-0.0336356919896567,0.053216117017442,-0.0276618286943066,0.077163303114585,-0.0129886436018925,0.0265534173796526,0.0193983595237727,0.0442065101944547,0.0269028824200795,0.0511698460013194,0.0317651456013,0.0659977325329889,0.0228004312905557,0.0895810907040935,0.00180481285439849
0.00997341513133999,-0.0040238284221787,0.0201862929253784,-0.00886994466702815,0.0433769380264911,-0.0170514018086051,0.0533165100796494,-0.02422000665739,0.0790382760872286,-0.0183653443266328,0.0128847861226354,0.01031882252163,0.0384532401840196,0.0253144749313436,0.05457557397591,0.0271262885599032,0.080268082261863,0.0122101618710479,0.0963221554111244,0.00417929045538067
0.0055258885710547,-0.0198711222186023,0.0106439094748428,-0.0324624029005922,0.0240798995252048,-0.032386227580215,0.046488427403556,-0.0281033344194711,0.0792266380027109,-0.0215583390492847,0.00601131925852968,0.000251634581014282,0.0286584281398541,0.0192557323442431,0.0432146367804734,0.0280030372442318,0.0579597617770102,0.0282686717930269,0.0820925630400258,0.0125668682110119
0.00134183044064717,-0.0259482739239392,0.0133497437995507,-0.0282434002267839,0.0379098143424096,-0.0238042891018349,0.0513235505634094,-0.0276389938581145,0.0831065213171714,-0.014894828784661,0.00523506838247885,-0.00925659904166157,0.0330762844936204,0.000586634698688465,0.0488084366611971,0.0211012409211489,0.0555698478059133,0.0276708260555231,0.0820424980772808,0.00884500045931021
0.00390341100185228,-0.0141701909252606,0.0212388527143905,-0.0149068613920159,0.041584845332652,-0.0209553950409657,0.0513044481935109,-0.0253736653300804,0.0736301742615198,-0.0288601511397674,0.0171885169781121,0.010224874685704,0.0277357371350952,0.0118988881874968,0.0475589920089504,0.0241809120196664,0.0513251484742638,0.0285361605898541,0.073504671547077,0.0110485088013181
0.00607627447639997,-0.0145472940947592,0.0268094181553859,-0.0200858652087374,0.0393729403879803,-0.021424258843845,0.0580300480504225,-0.0296727508339312,0.0851711048582612,-0.00830301721899309,0.0155585957454787,-0.0142813596374891,0.0371515839817006,0.00554439362528343,0.0482617567846041,0.0249450563757428,0.0543670086885263,0.00485657018553673,0.0863558601718187,-0.0100200447521353
0.0110326658097906,-0.00180960138179058,0.0237921868316392,-0.0100423557194212,0.0410903888512267,-0.0239868734349796,0.052123444000517,-0.0259434926546516,0.0806356748561799,-0.0100533982776687,0.023288037204793,0.0120951524259176,0.0425143190917597,0.023857359946529,0.064084533947464,0.0230604409455901,0.0845206864224837,0.013573601292733,0.0929722252093352,0.0112215282909077
0.00979218567626127,-0.00909000987137954,0.0211796963576938,-0.01858255677072,0.0430831990913508,-0.0258296392829931,0.0501579029261878,-0.0279127102621538,0.0716529576827365,-0.0112585080681545,0.00916658730175779,0.0043088070275551,0.0371652453070596,0.0153053637916404,0.0480826988088568,0.0265256252268894,0.0528639200881346,0.0300641512397271,0.0825750325327977,0.0166573110854222
0.00631179452875799,-0.0090330538096155,0.0170145327368724,-0.0207433567635319,0.038017121423532,-0.0263784482322163,0.0522477025503633,-0.0256720411101255,0.0812718974062045,-0.00856831204693426,0.0159114808467493,0.00641977245015948,0.0347102387100319,0.0245815019360269,0.0505686054950843,0.0345333544700709,0.0617050164333801,0.0315161394017079,0.0834339586314695,0.0157085182346712
0.00567027597798515,-0.00599815714469417,0.0263744117015886,-0.0234143433753805,0.0608858198967969,-0.0237796756854683,0.0970406391168614,0.00184578371958217,0.0976145014853657,0.00212307367475819,0.0213776471314988,-0.011642402569916,0.0444434524710961,-0.00187516821098706,0.0543660876092808,0.0231030175178895,0.0493023843426374,0.0325915272304182,0.0774473021824486,0.024766485252542
0.0477744968209313,-0.0150288441003298,0.0463498184837131,-0.0203637337033772,0.0479071380705332,-0.0270769182453134,0.0497972412584422,-0.0328912121255437,0.0925210892082037,-0.00430088739689857,0.0200008671653902,-0.00380248877055734,0.0416122429744675,0.00887490285458901,0.0580576573629158,0.0193788717392919,0.0525915434352012,0.0300264853513262,0.0708886593417456,0.00081365572179107
0.0147424467157907,-0.00443543074445746,0.0387900626001186,-0.0186158515744678,0.0408266183898238,-0.0232213589141028,0.0468641307603556,-0.0300559628790395,0.064862912669347,-0.0237128225971805,0.0156861139144368,-0.00363195908491851,0.0474338452951148,0.00164331449038455,0.0512688265227062,0.0150862574490314,0.0525231203403877,0.0287077980559139,0.0640770787601772,-0.000787761323896389
0.000969477750665255,-0.0257180145375299,0.00478587241722288,-0.0379206430804099,0.0232258143628152,-0.0410554733850982,0.0486247271609239,-0.0326314291515003,0.0788783513951919,-0.0125171446416049,0.0333958304941015,0.0458418027958521,0.0459287174655028,0.0452833500034502,0.0508277277655956,0.0283669790597418,0.0562751579319328,0.0443704576705789,0.0885864078308392,0.0149591856709048
0.00536726326546116,-0.0347468973117712,0.0258718950502632,-0.0389194850978206,0.0774458639258068,-0.0129527021135628,0.0983125409364874,-0.0025663102843387,0.0982408337171367,-0.00221087209743432,0.00534530739574428,0.0152477888970239,0.0314904317216306,0.0466102179190399,0.0458664751992842,0.0376878368161345,0.0508851689113991,0.0310766520892314,0.0746462936281358,0.0313677777799462
0.00647689356687663,-0.0177797823813258,0.0233964304475595,-0.0243252807436302,0.0571831154189062,-0.0206767397232125,0.0950742859232266,0.00269601714047075,0.0966914854597582,0.00291016586560576,0.00934070211470656,0.0169023226770065,0.0325010720918279,-0.00298754452191653,0.0681123850480455,0.0268499077486086,0.0509950763846645,0.0295161395473924,0.0796516129184799,0.00217187999737978
0.0189482961153864,0.00056569065848603,0.0377956890784198,-0.0223070210991891,0.0479891650762694,-0.0264662099565276,0.0644612377658807,-0.014250195083175,0.0908721080464423,0.0012167893200001,0.0189452996099236,0.00267247955558033,0.0395606322817804,0.00668072693145346,0.0478991612821314,0.0227094290811692,0.0587765447842726,0.0219013031861081,0.0826567784111605,0.00276498383978962
0.00193664788761182,-0.0171986974742397,0.00857549133140285,-0.0361077131305965,0.0276346546873464,-0.0371412588061926,0.0557819800506978,-0.0262270087791208,0.0847011632056774,-0.00903568832582978,0.00621866762949584,-0.0085536576677496,0.0370936454441165,-0.00822694760229432,0.0569940684261428,0.0217862300841213,0.0516688898010682,0.0260397351098938,0.0798261556750257,-0.00372194209620403
0.0102805462301948,-0.0168202257283825,0.0454906823197883,-0.0278332779331529,0.0691157982410986,-0.0181363792166872,0.0991351759984402,0.000903091377253431,0.0982192486817851,0.000842345873611141,0.0226914510309415,0.00423225587360026,0.0404049158766365,0.0173592889402219,0.0529505187145156,0.0320882641996475,0.0513663742383919,0.0291636703636584,0.082185602863573,0.0132247050205308
0.0111826361295003,0.00111835838756345,0.036571362205058,-0.00385151585957161,0.0466958659200453,-0.0147305242510803,0.0535761711646548,-0.0283346790598552,0.0711149514236785,-0.0224334631446272,0.00440488293391694,0.0105721955969766,0.0265124892744935,0.0293075707799565,0.047961788932821,0.0266381057846187,0.0654929516378166,0.0213967371743852,0.0873382878333658,0.00651495841526267
0.00288175559970194,-0.00691509442782555,0.00659118340058151,-0.0332701174200904,0.0365961673106806,-0.0346112962017343,0.0811789644905264,-0.00730810107204217,0.0961087287382929,0.00337352051153849,0.00954332691297601,-0.0246745936952352,0.0382718095071626,-0.0169432038467159,0.0526487002149791,0.0180552254096532,0.0510858500165816,0.0331076636762022,0.0698815502635217,0.00709822850753689
0.0030071576204271,-0.0110048485645675,0.00508566536859544,-0.0234413882189459,0.018361789136256,-0.0299836629071792,0.0469475647814433,-0.0298894672144064,0.0806874233885977,-0.0195392745269487,0.00703955900465206,0.0136564742627216,0.0305150701549779,0.023693786408305,0.0493719759128817,0.0277813906266527,0.0749315811862023,0.0206252123898833,0.0944414227508601,0.00775549944902067
0.00212272477659593,-0.0120740845899086,0.0109790533125598,-0.0280458344995135,0.0398588142943497,-0.0292994488394703,0.0573801570049945,-0.0258464100195856,0.0955193980454315,-0.0136370973840784,0.0075818529663785,-0.00600152828114862,0.0247626273888077,-0.00234152615619796,0.044822971847667,0.0152259554969017,0.0512848380382499,0.0265325058000506,0.0765845530256675,0.0172302996932158
0.00198693475831118,0.0112823414159086,0.00400705755821243,-0.00533509610276688,0.00291701821278087,0.00501970873685798,0.0106859392378131,-0.0137485923283555,0.0509446495295175,-0.0269435404262661,0.00176089780290841,0.00629417591025632,0.00176308466372648,0.00629621455948342,0.00102324093430959,0.000251742986981752,0.0370167744487055,0.0156273765234818,0.0536951504918409,0.0283021079073564
0.00263659073731679,-0.0141560767177559,0.0103893943472643,-0.0219918650205648,0.0326381353684849,-0.0320061730112279,0.0501599415998331,-0.0314990065758519,0.0767417815035663,-0.0199872201737806,0.00494764575003234,0.0135101241082584,0.0283048657189016,0.0269637906273052,0.0482311219296891,0.0283520039081526,0.0632199526046622,0.0256577654584848,0.0846026008777413,0.0136313398169323
0.00200880323741397,-0.0105586301991213,0.0144723130554324,-0.0417353571973855,0.0565885200412428,-0.019998069467777,0.0840077354367796,-0.00312388969538635,0.101380247031088,-0.00393223429524417,0.010336732179028,-0.0374700329530396,0.045931631167539,-0.0230334852787162,0.0516334110430143,0.0141145649342509,0.0526817757636231,0.0278658688626519,0.0869059497529534,0.0278721813981671
0.00423693354281673,-0.00943882191673509,0.0160295323945893,-0.0135460630542408,0.0404633244426753,-0.0190203922543514,0.0468511092191714,-0.0343453626718828,0.0747951854029077,-0.0199976624415344,0.0141562306695554,0.0238925577425696,0.0379530165002715,0.034148606649741,0.0567165587002634,0.0272217049418113,0.0642832434794705,-0.00735889142737026,0.0871547415702786,-0.0146969495869687
0.00539673875999228,-0.0262598098061647,0.012161578084715,-0.0396200559645762,0.0433160327537182,-0.0325895708990031,0.0614108597569503,-0.0199936283477977,0.0997236039451116,-0.00998035498291851,0.0131294242596251,-0.0216143846155916,0.0423155727836671,-0.00677084832443983,0.0522127222879871,0.0185792497162642,0.0572743203027328,0.0340298764424044,0.0920317172851941,0.0175459828902454
0.00875106927920686,-0.0069944012266218,0.0207622696729898,-0.0170069569465057,0.0572692327376485,-0.0216798493301366,0.0808111775964236,-0.00493715844052298,0.101216803338336,-0.00550678032910585,0.0142692972544077,-0.0185132687951839,0.0467771844336867,-0.00366134840378454,0.0493729535559373,0.0230445302563655,0.0574824914937359,0.0364496250986517,0.0914681744661437,0.0180049998520196
0.00567804604087749,-0.0253356794486976,0.0236141368120628,-0.0263109336426542,0.0381945059326837,-0.0321672281985992,0.0584977142960315,-0.0256022375099412,0.0934610223337698,-0.0173757640824562,0.00706275801893155,-0.0145928541844676,0.0271548483302354,-0.00274462775641218,0.0437563362577996,0.0189433919750654,0.0519714712861495,0.0280542056928321,0.0804169203197063,0.0266858590540219
0.0043043847868434,-0.0097845077704408,0.0213587834364014,-0.0180008190615446,0.0375136002396026,-0.028534965384582,0.0417304547642575,-0.0308745615122179,0.0690748739502525,-0.0209249528253061,0.0200696402896918,0.0129732352853005,0.0465852778592813,0.0252070425732945,0.0529614319349499,0.0294661299382979,0.0562039718676439,0.0235742955018915,0.0899474453033644,0.00801391269023682
0.0030362521259903,-0.0338409070749138,0.00817722056436077,-0.0348495443772961,0.0401239250022799,-0.0399299704457751,0.0813415673806281,-0.0086400119587587,0.0979728239436534,0.000955064808674895,0.0126704792240373,-0.0205731016845708,0.0473506763405474,-0.00626097279412532,0.0563582362267397,0.0224493289217637,0.0498330615425026,0.0322053893627359,0.0837585725737516,0.00678642007309399
0.00522897231301806,-0.00458860015892845,0.0144646476900308,-0.00749650917694641,0.0388033554627849,-0.02694197603377,0.0460296188389006,-0.0332034691541992,0.0747235269075496,-0.0129855814911636,0.013061875733557,0.00123549321322324,0.0357159413745232,0.0157386524220066,0.0458891507637442,0.0314871987247944,0.0651711851852131,0.0265118814511062,0.0946073927808336,0.00891702939300707
0.00896018391043229,-0.00324618464150922,0.0225041667233822,-0.0213357233170601,0.0389050553617667,-0.0267126662223182,0.052697753497642,-0.0299084773357757,0.0788058867355931,-0.0142398122089607,0.00902884612261923,0.01873014310115,0.0341253927500428,0.0442438601498614,0.0488070371900646,0.0366468683644481,0.0535838215401421,0.0154565433239347,0.0787649305152286,-0.00402063334225945
0.0204294404675051,-0.00936904109534215,0.0410631381921414,-0.0113188720161624,0.0481663975637814,-0.01886136479568,0.045660226985158,-0.0316714732943072,0.0724528636733327,-0.0179885652325555,0.0186747395975252,0.0124182987393899,0.0428364536903116,0.0243751298595991,0.0519680514178799,0.0270413254696262,0.0528536486027723,-0.00113449606285642,0.0815525862106632,-0.0112147177676252
0.00682020008568848,-0.0122599109344325,0.0178695184468821,-0.0217339221118935,0.0392225027912411,-0.0264483524048036,0.0510341433702545,-0.0269998725646263,0.0793741037664449,-0.016480966479206,0.0147225973688088,0.00101342246519305,0.0363749020744062,0.0220575376845468,0.0449790649181807,0.0284025691875836,0.0588641804363585,0.0264454889957589,0.0910101651424729,0.00856033570372327
0.00847385089710924,-0.00646542402172458,0.0231259154165523,-0.0223215158578393,0.0460803565479838,-0.0260081384991202,0.0675996696674307,-0.0150430836840744,0.0990072870427351,-0.00552128286175546,0.0184966018531218,-0.00474522537227077,0.0433058296480376,0.0122629985325286,0.0481764237065689,0.0263397058973983,0.0728716217229097,0.0293162424905817,0.0940913404408517,0.00761133203999109
0.0152044733017369,-0.0156769978729061,0.0283822147813025,-0.0298259047843598,0.055029629160357,-0.0228412584457805,0.0885999665883372,-0.00291552352128302,0.0957898797494456,0.00167115242456198,0.00416608980871911,-0.00447659464561196,0.0342615273714351,-0.00518988827427752,0.0569227111217438,0.0212896361987747,0.0503930328780084,0.0296523293222419,0.0749426296462904,0.00994606134057502
0.00288641195586371,-0.0132505467958701,0.0103054522028946,-0.0305301053902825,0.0305240776830581,-0.0357031101284356,0.0554421131347188,-0.025281843799167,0.0786832274184278,-0.00608752426659411,0.00523181604213116,-0.00403156970778887,0.0318984473027482,0.00176598511609064,0.0490177871590601,0.017676761706124,0.0580975085822282,0.0309521802819496,0.0903675390678245,0.0152818494722741
0.00104691764558809,-0.0332389922846108,0.00390768314780442,-0.0427683434767935,0.0314493010470767,-0.0440948928403307,0.0540475866421048,-0.0304947161231357,0.105357848964009,-0.00402271222838039,0.00753479240444738,-1.52258059220172e-05,0.0287387129901448,0.00233635836957881,0.0469278353770519,0.0206059222271402,0.0502527442473769,0.0297090578791359,0.069970594897082,0.0230690779101525
0.00791896144723478,-0.00954424907044423,0.0171673130563576,-0.0213756409291132,0.0376603736157002,-0.0291412291008469,0.0556506862568283,-0.0224989239349735,0.0748814765992857,-0.00499293240412991,0.0177436846433377,-0.00252066233736539,0.0423031570314621,0.0102309696648437,0.0512206590662525,0.0228520003625611,0.064668988998214,0.0297184257080766,0.0913860636309046,0.0129530664925489
0.000398997753806182,-0.0192348966466388,0.00484274648166788,-0.0328895040679464,0.0307389157448581,-0.0357907004054743,0.0500868633073292,-0.026665368969685,0.0795773489428548,-0.0101507857752993,0.0146832452449325,-0.012729483872429,0.0403338011897055,0.00659679795755636,0.0466929566675501,0.0228007962771605,0.064076696788863,0.0339311374653945,0.090672779914141,0.0161654297584685
0.00103040131745771,-0.0112869860628446,0.00405963859106282,-0.0265877917282034,0.0239284761830539,-0.0338558354308397,0.0442457847773004,-0.0299696874170853,0.0726309106927698,-0.0132439770953944,0.00488728969182914,-0.0039946121569364,0.031362451887729,0.00980867240309768,0.0467123389115992,0.0250690208021122,0.063136254379311,0.0305854286634239,0.092136308654067,0.0118165541631008
0.00372078894019529,-0.0149170101754833,0.00916779207763295,-0.0203854402946897,0.0267512179545755,-0.0259039964530032,0.0456939105498772,-0.0302143570011029,0.0787667321166535,-0.0213454340712556,0.0160819189592998,0.00221790528362992,0.0338914542025139,0.0174334941291446,0.0500199190184513,0.0263455773191362,0.0625940502274893,0.0261363051770031,0.0882755424462484,0.00869925975942644
0.00172725533831412,-0.0273971029014407,0.0095029086156818,-0.0351450910029204,0.0240233217084198,-0.0338712888246717,0.0480539826758654,-0.0288869132416235,0.0769203739695558,-0.0127261662467392,0.0142673009854405,0.000320254337177138,0.036039792509416,0.00988093535745186,0.0463461107104932,0.0246021742406834,0.0569667341980419,0.0268025161988771,0.0793511640011283,0.0137077725103881
0.00172506241726588,-0.00786149071942269,0.00993716028471665,-0.0120492185423613,0.0290432964040516,-0.0221493958369112,0.0485272795997393,-0.0317456442620565,0.0732019407988581,-0.0147129039161831,0.015292528198555,0.00979756756098913,0.0355850309807558,0.024981171714098,0.052176432292584,0.0282810115368329,0.0701055379479045,0.0196488431634448,0.0955550062942738,0.00416711468092761
0.00103239040416552,-0.0185509596047581,0.0087678374152152,-0.0346106049183933,0.029024138786129,-0.0379655393859288,0.0400018204643048,-0.032759999689889,0.070271883023727,-0.0171171733964287,0.01097669294515,-0.0088111250835973,0.0398618381244229,0.00665308040488808,0.0467355780243736,0.0270015580385598,0.0585029232286478,0.0279282910378791,0.090532072378813,0.0132309232978426
0.00568053472134817,-0.0127768735135682,0.0143075371604033,-0.0367832826460084,0.0436971793069511,-0.0323280210697723,0.0739347667322596,-0.00808741807119668,0.0904695472605691,-4.27463013325606e-05,0.0167316155345563,-0.00705880528518852,0.047003796292582,0.0103498468195048,0.0550966783493817,0.0304475279114085,0.0539221374436772,0.0280819986536626,0.0788069075486588,0.0039491139201549
0.0024808448202241,-0.0123840965534038,0.0073667749459069,-0.0413317493110192,0.035467499151826,-0.0403850950621578,0.0869260376882783,-0.00418956694107314,0.0979069337405117,0.000929871551323612,0.0161347380243533,-0.00484883010408614,0.0260951174631247,-0.0128901285053206,0.0506938307860747,0.00940095688790751,0.0559273647648503,0.0296002614025347,0.0642690374578821,0.0170712116387926
0.0106043959533838,-0.00741838473714532,0.0349215328422819,-0.0200471004769207,0.0477581266236709,-0.0239360065048958,0.0514902116869969,-0.0259043241247158,0.0783359482735047,-0.0170785092118198,0.0129269286378924,-0.00242466692684057,0.04338206556023,0.00792476395083286,0.0461889360141934,0.0241782641702447,0.0505867032637076,0.0287429044728446,0.0671317512331009,0.00585287806958688
0.0141298063403767,-0.013069156278359,0.0348234301633758,-0.0181295736569922,0.0442181240797293,-0.0209415101296061,0.0503098695317717,-0.0284988922398542,0.0694478464298584,-0.0238741201642481,0.021391455673095,0.00281501302761024,0.0404482305697385,0.0161192311716713,0.0490924204286145,0.0268723128751163,0.0574927455696493,0.0210114510644178,0.0735943051427306,0.00351528967954873
0.00542237635468001,-0.00885067734669509,0.0147856996198873,-0.0216047664494979,0.0465564183240318,-0.0217739890640021,0.0628726799673856,-0.0147785033562901,0.0992044925491014,-0.00662021951136369,0.00574879701039149,-0.00284509994087765,0.0315226950424257,0.00518576387372234,0.0479119329217742,0.0226344472790464,0.0507594016858436,0.0275068669650148,0.0707888939209713,0.0077096458551541
0.00523401663641676,-0.0129996259205419,0.0227418392077611,-0.0231633194201509,0.0326574235443044,-0.0286286772934134,0.0404894780924934,-0.0305064919553064,0.0696727458211152,-0.0245384142147193,0.0187591217740941,0.00330034098605896,0.0415428772827543,0.0182904123386911,0.0489030912549734,0.0261906053135251,0.0529112998342602,0.0285612240506962,0.073284818085424,0.00780910155862777
0.00592497283352646,-0.00830867016984933,0.018927213781079,-0.0226085083166939,0.0327044576114312,-0.0309809134257045,0.0479351108962167,-0.0323684400782761,0.0773715515426234,-0.0166289885226009,0.0181748857816589,0.01179189245118,0.0432546409840635,0.0238470864983681,0.0500016084168794,0.0363272354757801,0.0499728915390854,0.0291556094981101,0.0731277431858855,0.011423687276821
0.0044051163404701,-0.0191247008578843,0.0140471827613894,-0.0379697428132423,0.0368595822518881,-0.0346359664199037,0.0918401058079141,-0.00189621143404755,0.0966788098897002,0.0036653318223022,0.00606215954959494,-0.0136809722785776,0.0317616751146972,-0.0105936171613046,0.0557870847545126,0.013068602778809,0.0516126659463052,0.0258074849016718,0.064452537917616,0.0181039934115787
0.00279715975303278,-0.018951621221992,0.0195245424873182,-0.0408081635195399,0.0478778815559021,-0.0359446149751757,0.0942498769392697,0.00341262285146214,0.0968418194507729,0.00216369972249232,0.00844243712175615,-0.015935371710297,0.0335856476360426,-0.0108353638081946,0.0500478868901665,0.0180526514415277,0.0547140106098595,0.0298915573575042,0.0656176306408169,0.0267068587571095
0.0132083076953862,-0.00715116272593598,0.0244125378096649,-0.0236095033728339,0.0412731444150348,-0.0271758612410073,0.0552141693199823,-0.0216218000616446,0.0811064555588153,-0.0074280307407336,0.0102790808437699,-0.011968313681264,0.0361958424944735,-0.00746537223983567,0.0438580357560431,0.0199694520387414,0.0527354254143668,0.0291351884689652,0.0881479465349124,0.0224542733850424
0.0264832143377574,-0.01389194294297,0.0472467922848913,-0.0281000620697797,0.0650345901435109,-0.00983685396874144,0.0906414885813812,0.00563037798789034,0.103023138609041,-0.00760639864272581,0.0177482513157253,-0.00555937150435609,0.044414368576879,-0.000177097296000898,0.0454465453874082,0.0182166310319291,0.0533814649602,0.0332863002977877,0.0864654865198877,0.0170532488577296
0.0102461758104732,-0.0248303697200093,0.020171782328914,-0.0148619361893175,0.0338161543163872,-0.0326638633294845,0.0535708180933679,-0.0248622324199689,0.0883298140372377,-0.0146382952866027,0.0104305340242591,-0.00379808624362886,0.041514533422681,0.0142984360159922,0.0462540590000508,0.0302562140207077,0.0622468711814883,0.030056422044463,0.0898773319919057,0.013951985413605
0.00668325563049767,-0.01217949986804,0.0264876659375754,-0.0229252556072613,0.0402227631843774,-0.0293256923152523,0.0492837028035294,-0.0290300771622549,0.0818177830547856,-0.0206583876603768,0.0198325194412639,0.00289224796894694,0.0397350289027092,0.0191615920596821,0.0486013002006324,0.0279966547621917,0.0613644091923766,0.0276457307930306,0.0950402567579156,0.00597763880636589
0.0721543821491484,-0.0254506709693689,0.0955364869952398,0.00144946795083573,0.0987892492101619,0.000255169379802828,0.0896232512472731,-0.00652768743863867,0.0327351186947931,0.0131105491830752,0.0985508686000992,-0.00263906938274721,0.026690320285176,-7.63843619916546e-05,0.0062584448938192,-0.000228403821975325,0.00465460936462983,0.000634386525265569,0.0356401300455888,0.0320000017080983
0.00723936736597794,-0.00506865975451033,0.0231955003244298,-0.0203866226317521,0.0524033053477562,-0.0237344318547411,0.0502766062157519,-0.0261769799234302,0.0667407869930311,-0.0140965988632416,0.0206527011573492,-0.00286949234148642,0.0511856093232684,0.00769347995257867,0.0518431315621499,0.021591578620215,0.048887275617101,0.030134829940593,0.0677445759253988,0.0148326581705314
0.00952179461954938,-0.00602505431755581,0.0175894650754565,-0.0191354207968573,0.0371570419637667,-0.0258757680389728,0.0679359790929005,-0.0190740458374817,0.0940466597538497,0.00237279176164556,0.013529662442708,-0.00413333091425801,0.0460744281526627,0.0118950753699735,0.0570355935207514,0.0260848446786445,0.0553918585407868,0.0269870798558136,0.086067987515797,0.00799534681887846
0.00176019709980626,-0.0230659657901868,0.0167919677249719,-0.0318691600561377,0.0327357623600508,-0.0398388162462282,0.0657277418622523,-0.0218813748646484,0.100250528303255,-6.74077362711969e-05,0.0341432176673848,0.01422749168253,0.0278871188550645,0.00318591129058002,0.00726095014147481,-0.0020456501418517,0.043783146185521,0.0149818303931641,0.05778920944154,0.0264731284283257
0.0337565427714991,-0.0217555880498619,0.0332863413954574,-0.0202141431868438,0.00499315887799288,-0.000648251508734915,0.0261474248842911,-0.00757357590265836,0.0491450408966772,-0.0275691141699347,0.0134217751639586,0.00410352576259582,0.0345898136641908,0.0152025968180148,0.0485583194964165,0.0241872894135696,0.0518348439443704,0.0238143953166102,0.0725364010220309,-0.000959109015636238
0.00870536739478395,-0.00704728257499893,0.0128057438901997,-0.0131688081240858,0.0374129947844022,-0.0249052178461891,0.0499689475469507,-0.0302555002208322,0.0745116701511487,-0.0129965175744842,0.0111921945722404,-0.00166933068834182,0.0429990268583881,0.00595452287323381,0.0511605089106945,0.0241922371116977,0.053626379670783,0.0217721266174253,0.0844561857880138,-0.00381552527033576
0.00103623216921944,-0.0306316177733204,0.00197340915905174,-0.0298758392098587,0.0215169208222792,-0.0356686842569715,0.0477397568019354,-0.0285494694314068,0.0722154472129127,-0.0155320593432912,0.00442784013953554,-0.0102724737829058,0.0297471356414977,-0.000901652306125361,0.0516168932581158,0.0197357936519558,0.0516403127944948,0.0287723544567241,0.0805273223074588,0.0136612760816823
0.0162683418156147,-0.00657104525575637,0.0391302796644688,-0.0217722361132359,0.0464763154289466,-0.026206016414408,0.0522243256223031,-0.0299996569854177,0.0784471808551606,-0.0139401603162593,0.0229638708851507,0.0033975930338183,0.0456102309942371,0.0189601000459669,0.0511662780532441,0.0285144165743978,0.0633755603256873,0.0101252992539714,0.0960536722023428,0.00325244580235576
0.0132401817236186,-0.0123261097247937,0.0315566933163589,-0.015298297954213,0.0377455804172089,-0.0212451963136579,0.0420163204869264,-0.0262178091558812,0.0626745833379566,-0.0246382069644509,0.0275143676238082,0.000956433772922838,0.0487263792525176,0.0219520529125781,0.0507999749086856,0.0274432006405465,0.0513500641275827,0.0321750626350811,0.0857648098634699,0.00526497746844858
0.00471257000433178,-0.0139636739906798,0.00830120213814577,-0.0196078909720111,0.0241337438100963,-0.0237411445316358,0.0419471745725029,-0.026055624041556,0.0664680274243967,-0.0264733226901858,0.00163987971847114,-0.00105167578554111,0.0250452567194726,0.00822672613188563,0.0414998718254098,0.0311303148713924,0.0544504518962138,0.030704554925331,0.0777806569621976,0.00887419684702481
0.00715670272882698,-0.0390796863361108,0.0365025714166964,-0.0424141583593498,0.0999323468581033,-0.000482177880050026,0.0997640952643023,-0.000648946804598311,0.0997706146102461,-0.000926814854381782,0.0216650085626346,0.0110648265295875,0.0528109009809554,0.0222684534480472,0.0501227684971252,0.029996189652566,0.0541730584370359,0.0251578492675621,0.0790279660284049,0.00621252551063
0.00682020008568848,-0.0122599109344325,0.0178695184468821,-0.0217339221118935,0.0392225027912411,-0.0264483524048036,0.0510341433702545,-0.0269998725646263,0.0793741037664449,-0.016480966479206,0.0147225973688088,0.00101342246519305,0.0363749020744062,0.0220575376845468,0.0449790649181807,0.0284025691875836,0.0588641804363585,0.0264454889957589,0.0910101651424729,0.00856033570372327
0.00847385089710924,-0.00646542402172458,0.0231259154165523,-0.0223215158578393,0.0460803565479838,-0.0260081384991202,0.0675996696674307,-0.0150430836840744,0.0990072870427351,-0.00552128286175546,0.0184966018531218,-0.00474522537227077,0.0433058296480376,0.0122629985325286,0.0481764237065689,0.0263397058973983,0.0728716217229097,0.0293162424905817,0.0940913404408517,0.00761133203999109
0.0152044733017369,-0.0156769978729061,0.0283822147813025,-0.0298259047843598,0.055029629160357,-0.0228412584457805,0.0885999665883372,-0.00291552352128302,0.0957898797494456,0.00167115242456198,0.00416608980871911,-0.00447659464561196,0.0342615273714351,-0.00518988827427752,0.0569227111217438,0.0212896361987747,0.0503930328780084,0.0296523293222419,0.0749426296462904,0.00994606134057502
0.00288641195586371,-0.0132505467958701,0.0103054522028946,-0.0305301053902825,0.0305240776830581,-0.0357031101284356,0.0554421131347188,-0.025281843799167,0.0786832274184278,-0.00608752426659411,0.00523181604213116,-0.00403156970778887,0.0318984473027482,0.00176598511609064,0.0490177871590601,0.017676761706124,0.0580975085822282,0.0309521802819496,0.0903675390678245,0.0152818494722741
0.00104691764558809,-0.0332389922846108,0.00390768314780442,-0.0427683434767935,0.0314493010470767,-0.0440948928403307,0.0540475866421048,-0.0304947161231357,0.105357848964009,-0.00402271222838039,0.00753479240444738,-1.52258059220172e-05,0.0287387129901448,0.00233635836957881,0.0469278353770519,0.0206059222271402,0.0502527442473769,0.0297090578791359,0.069970594897082,0.0230690779101525
0.00791896144723478,-0.00954424907044423,0.0171673130563576,-0.0213756409291132,0.0376603736157002,-0.0291412291008469,0.0556506862568283,-0.0224989239349735,0.0748814765992857,-0.00499293240412991,0.0177436846433377,-0.00252066233736539,0.0423031570314621,0.0102309696648437,0.0512206590662525,0.0228520003625611,0.064668988998214,0.0297184257080766,0.0913860636309046,0.0129530664925489
0.000398997753806182,-0.0192348966466388,0.00484274648166788,-0.0328895040679464,0.0307389157448581,-0.0357907004054743,0.0500868633073292,-0.026665368969685,0.0795773489428548,-0.0101507857752993,0.0146832452449325,-0.012729483872429,0.0403338011897055,0.00659679795755636,0.0466929566675501,0.0228007962771605,0.064076696788863,0.0339311374653945,0.090672779914141,0.0161654297584685
0.00103040131745771,-0.0112869860628446,0.00405963859106282,-0.0265877917282034,0.0239284761830539,-0.0338558354308397,0.0442457847773004,-0.0299696874170853,0.0726309106927698,-0.0132439770953944,0.00488728969182914,-0.0039946121569364,0.031362451887729,0.00980867240309768,0.0467123389115992,0.0250690208021122,0.063136254379311,0.0305854286634239,0.092136308654067,0.0118165541631008
0.00372078894019529,-0.0149170101754833,0.00916779207763295,-0.0203854402946897,0.0267512179545755,-0.0259039964530032,0.0456939105498772,-0.0302143570011029,0.0787667321166535,-0.0213454340712556,0.0160819189592998,0.00221790528362992,0.0338914542025139,0.0174334941291446,0.0500199190184513,0.0263455773191362,0.0625940502274893,0.0261363051770031,0.0882755424462484,0.00869925975942644
0.00172725533831412,-0.0273971029014407,0.0095029086156818,-0.0351450910029204,0.0240233217084198,-0.0338712888246717,0.0480539826758654,-0.0288869132416235,0.0769203739695558,-0.0127261662467392,0.0142673009854405,0.000320254337177138,0.036039792509416,0.00988093535745186,0.0463461107104932,0.0246021742406834,0.0569667341980419,0.0268025161988771,0.0793511640011283,0.0137077725103881
0.00172506241726588,-0.00786149071942269,0.00993716028471665,-0.0120492185423613,0.0290432964040516,-0.0221493958369112,0.0485272795997393,-0.0317456442620565,0.0732019407988581,-0.0147129039161831,0.015292528198555,0.00979756756098913,0.0355850309807558,0.024981171714098,0.052176432292584,0.0282810115368329,0.0701055379479045,0.0196488431634448,0.0955550062942738,0.00416711468092761
0.00103239040416552,-0.0185509596047581,0.0087678374152152,-0.0346106049183933,0.029024138786129,-0.0379655393859288,0.0400018204643048,-0.032759999689889,0.070271883023727,-0.0171171733964287,0.01097669294515,-0.0088111250835973,0.0398618381244229,0.00665308040488808,0.0467355780243736,0.0270015580385598,0.0585029232286478,0.0279282910378791,0.090532072378813,0.0132309232978426
0.00439587810847428,-0.00511824797061618,0.0115851029006558,-0.0232146727773778,0.0325758917188577,-0.0274407481275126,0.0489878339359216,-0.0293661277435323,0.0798831210656095,-0.00955993668663109,0.0145516029288673,0.0154514509354624,0.0336818158233589,0.0299714736168889,0.0486110114045737,0.0293580307750984,0.0722340489627036,0.0158392047231261,0.0981012359365832,-0.00477310213749769
0.00644362202821894,-0.00359658155927244,0.0216665429309401,-0.0246205384388432,0.0457852469432599,-0.0318252893325588,0.0715987746560851,-0.0133875894452059,0.102342137995662,-0.000793757606633969,0.012508693752478,0.0164019099063073,0.0273628904046731,0.0280905672471168,0.041942218934207,0.0314005194100899,0.0572285038215389,0.0266213686733921,0.0829300043222139,0.0105720499948103
0.00828706179448476,-0.0212053253214815,0.0243151713239455,-0.0289835420708323,0.048152615348619,-0.0259614661786964,0.0693416938282303,-0.0136874362814268,0.0857477358741139,-0.00527473479120507,0.00900148428656742,0.00966437036641984,0.0279860601390039,0.0284987422148367,0.0402603798777112,0.0312251560666353,0.0582297139358365,0.0255302195669029,0.087994312624517,0.00647159942846303
0.00109135476464355,-0.0174585772421672,0.00678004481591889,-0.0340161793379027,0.0147058887927554,-0.0404079783351208,0.0370849820146042,-0.0340923700456377,0.0768079634621698,-0.00991365313692581,0.0151108799758682,0.015971878289539,0.0342001525999646,0.0281708155746945,0.0450782448166597,0.0302302114056466,0.0580026511854737,0.0264113931466991,0.0793513680168291,0.0113977631433486
0.0073942444274676,-0.0223704098925809,0.0253916427378648,-0.026720535987445,0.0479638527411098,-0.0231504509510709,0.0699334488269813,-0.0133374259596763,0.0984642709994756,-0.00170776999488177,0.0100294800813865,0.0135492275810263,0.0330315223350293,0.031917915080715,0.0482411722142817,0.0313376589952269,0.0667465831586402,0.0204197794601304,0.0915731927064138,0.00146159115819517
0.0127887619889576,-0.00906732983588506,0.0306749958540155,-0.0229652919664151,0.048174430946522,-0.0250408458488254,0.0628011917381662,-0.0190179285721165,0.0855559566697005,-0.00467841896334395,0.0147646989948937,0.0135879190194748,0.0341879916605716,0.0248395459716305,0.0481471878600531,0.0292439512992767,0.0688583922695137,0.0204582206505921,0.0923416786522111,0.00276267140467795
0.00158983903424431,-0.0148653432272457,0.00812502500586727,-0.0269082057597857,0.026199562180863,-0.0356517020870461,0.0465203835004939,-0.0278299716254467,0.0775628129015217,-0.00763531881820807,0.0239240555867054,0.0201446195195791,0.0410618308639546,0.0288132662389989,0.0508015263248435,0.0299365872649536,0.0613419916547573,0.0233263249404708,0.0903028656492445,0.00403082519247688
0.0106542421919999,-0.0141390134308499,0.0233970611762677,-0.0281245303027645,0.0377834790976352,-0.0336820934516321,0.0530998044007305,-0.0249752381034187,0.0825044261827764,-0.00784917056620866,0.0211985602520649,0.0184408894380691,0.0400447551507024,0.0275326404630232,0.0592430281488674,0.0272714483252085,0.0778519674754491,0.0167029818824365,0.08844411207056,0.0066762178045272
0.0088979275096606,-0.00437910657432554,0.0219683936726955,-0.0207465277323896,0.0378324910843225,-0.0307269210543682,0.0548798695131464,-0.0262781129843755,0.0802869196068354,-0.010280164406896,0.0180233332367454,0.0131862576222536,0.0431422028372511,0.0212367904763698,0.0456849869552901,0.0298579086531811,0.0598091482774347,0.0251807870438026,0.0856743803920284,0.00699592587787408
0.00184968386631974,-0.0148544968514526,0.0108495866896906,-0.035573793817328,0.0290003071694857,-0.0384760895684327,0.0491637279016392,-0.0264792480860739,0.0799175045123475,-0.00689807194004013,0.0157852569945796,0.0161399968898059,0.0370681982727367,0.0318485619156312,0.0503574950750627,0.0304361204683085,0.0730682802245863,0.0183529138116014,0.0922438926601691,0.0044268355247793
0.0113823923784036,-0.0085349342582134,0.0281639770488878,-0.0232979914457858,0.0447186532123713,-0.0291364988447912,0.0597728881149968,-0.0244308501606786,0.0849037369265046,-0.00782260252566133,0.0164745042098338,0.0151001168369373,0.0341755445504866,0.0272437576504109,0.04880239273459,0.0272820465509724,0.0667196579793607,0.0221973532971983,0.0884892339839987,0.00825950843813931
0.000112774486370419,-0.0239967703951148,0.00430516867586978,-0.0398331106368357,0.0280730473483355,-0.0424542738643219,0.0474139122692151,-0.0331511419118696,0.0761163755938121,-0.0120254001451201,0.0125850709716502,0.00504785034321428,0.0288814780209263,0.0208320064975979,0.0447790630504974,0.0283919416846494,0.0557538245112983,0.0278347348287979,0.0776547271299975,0.0149683761544548
0.00320952360849793,-0.00892771838268429,0.0106625698993667,-0.0270772974567482,0.0280388868226978,-0.0325207273619346,0.0485312269119771,-0.0261159833967359,0.07236449112104,-0.0145669750464265,0.015741397728226,0.0128130254636869,0.0296372803770629,0.0243648401856664,0.0423204265958271,0.0290011737308896,0.056034667694751,0.0281282487728468,0.0772871528000282,0.0141515811718058
0.000699299766106012,-0.00705391073001112,0.00801879739420895,-0.0294594984088675,0.0276220802941306,-0.0306382876395749,0.0473029207702337,-0.0246659316711209,0.0735159075386289,-0.0109247127462821,0.0161797680383379,0.0142807053986969,0.0403997125911695,0.0294018800134102,0.0509598324869005,0.0295883097046098,0.0684764170690337,0.0213338381743889,0.0905989942293947,0.00373732007074393
0.00380695423447689,-0.0142737660487031,0.015452257575192,-0.0280745947940812,0.0270901268323374,-0.0319710530866986,0.0452064996178145,-0.0274996045251239,0.0696034546380264,-0.0140721346541293,0.0241623838743537,0.01557993659885,0.0427514276527167,0.0288685801174074,0.0557541409683422,0.0269647136899124,0.0814737311863596,0.00954269086139789,0.097679043143222,0.00219416491990236
0.00195202018027038,-0.00936508348822802,0.00680836077135345,-0.0277805904694955,0.0201582293507905,-0.034602343801033,0.039957480698459,-0.0324830065072575,0.0690439825841122,-0.0174019155541265,0.0180714163767253,0.0136408593058689,0.0385298641648695,0.0276374561505716,0.0477657129340077,0.0288812574520554,0.0654174123680487,0.022358007505298,0.0869263633862484,0.00785044029210811
0.00111937944881105,-0.0125317402756609,0.00776170248345005,-0.0290747205515783,0.0215645240018182,-0.0351373109526695,0.0454192377573619,-0.0278037374910414,0.07897520754162,-0.012174108788922,0.0173805057390558,0.0178806812651928,0.0370979085749793,0.0301512895708192,0.0455585609682045,0.0297565394338437,0.0609310353441948,0.0236343443893905,0.0842528737734894,0.010730432894141
0.000736444576890843,-0.0234832207257526,0.00516585138167147,-0.0392153212630166,0.00963884650674195,-0.0419108507102251,0.0258472222488198,-0.0396091409439384,0.0651109389925596,-0.0196261078426276,0.0197593263656797,0.0161933262578072,0.0419031141887263,0.0262965933499469,0.0548694995200123,0.025495609443746,0.0802520306151354,0.0135833397088962,0.0920810569912905,0.00357512607989104
0.000671288917313259,-0.01876283944111,0.0073658795756355,-0.0365512760124611,0.0170099411106049,-0.0406390854016764,0.0396409628024948,-0.0290902643832294,0.071886382479364,-0.0119896613415384,0.014787837174473,0.0129583319849981,0.0397532442283907,0.0295831649722273,0.0538295304486007,0.0272262798506652,0.0768468264410932,0.0155106005639575,0.0922450106425879,0.00111514415513615
0.00335558214609089,-0.0218043761755844,0.00919158171932182,-0.0412919624312848,0.0219329052461294,-0.0421404425566613,0.0390789256861458,-0.033581843687529,0.0683006785487365,-0.0129378615380965,0.0142193531817936,0.0125952814104227,0.0351785374510733,0.0226187824640764,0.0487506617363476,0.0273387727099476,0.0682831671171496,0.0230845229717383,0.0882254575699317,0.0111596951681662
0.010975419768265,-0.0193102189247139,0.0219421116850444,-0.0354697607740416,0.0381389657203678,-0.0278771071905203,0.066404116683242,-0.0108789666237199,0.0898390864134116,-0.00160957295916262,0.0134506199128231,0.0125517974873856,0.0351297498111433,0.0244362165565252,0.0497019173203679,0.0261531255418763,0.0697056571680522,0.0211138472908637,0.0873681465344721,0.0101973904350089
0.00164110539970081,-0.0194012764216641,0.00691399939808558,-0.0348449043886541,0.0270643693072085,-0.0399830325890306,0.0497205949731205,-0.0267794439612869,0.0800390735243799,-0.0082625837068687,0.0190328629510792,0.0201542760471277,0.0390019654486756,0.0305741859466411,0.0533766214497661,0.0294618800131365,0.0728589833259546,0.019602168864163,0.0911282839272241,0.00624619015284088
0.00242349682142701,-0.0212663514513491,0.00991029987177156,-0.0329114252724343,0.0342893629617639,-0.0373988507452391,0.050890899888664,-0.0246874406083609,0.0793413676612999,-0.00770719295890874,0.0258409332229615,0.0216106412887855,0.0385388079942685,0.0288378378514956,0.0485371063797186,0.0294674714975688,0.0631256526517353,0.0232184911998841,0.0856909745241004,0.00899369941574455
0.00634710998170276,-0.0195279292658921,0.0221936473284286,-0.0286914428870458,0.0387633347431834,-0.0285638724650385,0.0526642096028937,-0.0244442315195276,0.0749543798798517,-0.0131015356501804,0.0154037137286562,0.0124749499331727,0.0355964842327578,0.0254209553111784,0.044824617829436,0.0283120459067483,0.0545615792710579,0.027401672973853,0.0827896093373649,0.0133574273568046
