u1_1,u1_2,u1_3,u1_4,u1_5,u1_6,u1_7,u1_8,u1_9,u1_10,u2_1,u2_2,u2_3,u2_4,u2_5,u2_6,u2_7,u2_8,u2_9,u2_10
0.0136924010134081,-9.0465751869848e-05,0.0271159772033325,0.00284687671977532,0.0623481403188205,-0.00172577579086726,0.0761453592113104,-0.00181966419591628,0.0856019860865478,0.00127644945086645,0.0492463129520826,0.00989361762379705,0.0946665720330718,-0.00365536274404212,0.0976395166231461,-0.00181605827507375,0.0530470414246775,0.01888317014921,0.0582870828057867,0.0258359285729757
0.0469019699491993,0.00294261533218499,0.0544952075073406,0.000603420108134546,0.0531700462776852,-0.0198935993586171,0.047835319072425,-0.028845730955431,0.0855094641526454,-0.017318331312335,0.0686714044656224,0.0176689832323551,0.09547370260639,-0.00139358215871102,0.0961834931853964,-0.000856273939799187,0.00657979799738294,-0.00450646453422064,0.0411762099725024,0.0291966720952657
0.0231675720046388,-0.00885012687411453,0.0348933090520702,-0.0217347099683433,0.0465305049713143,-0.0280219186365153,0.0667701846833875,-0.0262286242032968,0.0918618254520921,-0.0173018686152965,0.0145918327782665,0.0197725562556472,0.0320762597216306,0.029714925078435,0.0433797771497442,0.0281889380738813,0.0554560946022781,0.0263738872555577,0.081234810502496,0.00909715408514296
0.0195717953963201,-0.00744933648778834,0.0305330802789079,-0.0231079227835561,0.0416595958029761,-0.0305616953863526,0.0715172894674595,-0.0213866321785804,0.0892552880222145,-0.0111448238288591,0.0153844097490779,0.0189469024512185,0.0333177798602125,0.0284595650646295,0.0479421620503486,0.0286758065701243,0.0646860801675853,0.0204569116487971,0.0849873693026545,0.00605041889814824
0.0243008897532972,-0.0190227872695125,0.0262684436258433,-0.0253115583575196,0.026279182886765,-0.0254641373308244,0.0322699428141387,-0.0273785181275417,0.0572820975560393,-0.0274273951554013,0.020803501509218,0.0224960865857215,0.0364495411102064,0.0267847516707346,0.0479569996689558,0.0277694767791786,0.053619045517622,0.0264809528850249,0.0778018551598199,0.0145072510697124
0.0243699305890861,-0.0211503922470019,0.0420207475681395,-0.033260573012905,0.0511001779000147,-0.0328092394290074,0.0715882402615185,-0.0235955612360351,0.0886801504453147,0.0018090744136527,0.0125576413987408,0.00724742544232659,0.0252394185145638,0.0195786163471415,0.0363197854845099,0.0258628299239413,0.0469987823905552,0.0278842563243497,0.0675821644567997,0.0203751081199528
0.00989471564717269,-0.0117860025584623,0.0263350733435331,-0.0245227178021214,0.0432645734270303,-0.0302840140553423,0.070608608133716,-0.0278157894351859,0.0838710505850188,-0.0164169026022667,0.0148730049893885,0.0185584625586707,0.0285231585321726,0.0279945752206588,0.0443877513175324,0.0296473892522229,0.0570729643974015,0.0247193318385156,0.0810894065049267,0.0101903897230661
0.00968135801136448,-0.0141281581637654,0.0252380119656912,-0.0242828456001829,0.0451497662340403,-0.0276013036284908,0.0608189228197824,-0.0276938444932895,0.0807034828310571,-0.0181906808802533,0.0230731115385487,0.0165936236846599,0.034599570065553,0.0245411778772931,0.0431812095661654,0.0284235759189137,0.0544045863810524,0.0276242106008614,0.0797532967264233,0.0128631343541156
0.0128083383722682,-0.0100062827152962,0.0268886542855836,-0.0207594935112937,0.0395582182180788,-0.0267128703791529,0.0593177452616044,-0.0302527444247865,0.0862891470902615,-0.0227010626712525,0.00625042323751654,0.0124721157224913,0.0295408605109252,0.0301465098877587,0.0454057123518017,0.0305613801363869,0.0546032531506296,0.0282597013566597,0.0820515845912072,0.0142107185480398
0.0147453383257354,-0.0188584476928462,0.0349686691795046,-0.0266197330492099,0.0491076800471976,-0.0300418366951432,0.0755555764074443,-0.0269049058125851,0.0854180292676058,-0.0152613339235424,0.00975179204058453,0.0122508538515485,0.0323000332062493,0.0310825547721165,0.0460016148655378,0.0300829222578154,0.0538957857714004,0.0288196834953389,0.0830826208913476,0.0143571837819329
0.00912244384118294,-0.00955490332681487,0.0270984558349281,-0.0243272636054799,0.0411285797624212,-0.029355304497864,0.0550688471109476,-0.0304695499874417,0.0849811256193918,-0.0195112462246593,0.0165366456656042,0.0229338942196557,0.0371869336058328,0.031303551887918,0.05054557002996,0.0302772857753253,0.0765834394855887,0.0184331058361335,0.0936121396752837,0.00437976465338889
0.0152439154332907,-0.0217009329403351,0.0421812457602641,-0.0236795366033214,0.0472247961006259,-0.0266241310043091,0.0627466386048669,-0.0312683906704732,0.0891266517466739,-0.0209959239783574,0.0131321094851712,0.0203902291604461,0.0379247466432586,0.0284368027673329,0.0540955227953224,0.0282820909907835,0.0879739260190897,0.0116107163063017,0.101017466569118,-0.00507979493735539
0.0148671268562112,0.00754835789734428,0.0239584932290387,-0.00855857219734213,0.0521795943953957,-0.0279813227183928,0.0703589777424056,-0.0276085181576019,0.0859519368895856,-0.0120214428868446,0.0110625791495731,0.0151472067707876,0.022962909003412,0.0262784903305633,0.0376497891242923,0.0313108782316456,0.0482756831590425,0.0304684913527762,0.0737485433599298,0.0160676607335384
0.0201026930703257,-0.00508838270697549,0.0303389160337316,-0.0139787037435066,0.0431076778566846,-0.0253664627267705,0.057533050826635,-0.0240749102471793,0.0918395621809469,-0.00942298807075674,0.0203010589272527,0.015604889642054,0.0321325310002718,0.0228197128547848,0.0445475483915019,0.0253489922816365,0.0556869576443611,0.0281916086654117,0.091972295900828,0.0173923380341488
0.0126076779886754,0.00247931809058818,0.0269071284283862,-0.00676224850711661,0.0434458494747463,-0.020398533170723,0.0698865939699254,-0.0301271784905417,0.0911030568994976,-0.0158863518531123,0.0179638454616363,0.023914793527122,0.0403651459535565,0.0290786466733699,0.0524573935145288,0.0265930262774228,0.0879716039644715,0.013623913410864,0.100550366666975,0.0013519633336512
0.0104213143888266,-0.00822323483108186,0.0260302902498855,-0.0177847144639648,0.0444227781290127,-0.0274421494864154,0.064787946942284,-0.0199135753407618,0.0896333292574978,-0.0122415053656085,0.0176686154067103,0.0226264619350003,0.0349890442209274,0.0267304422419956,0.0515620891132814,0.0255803485652642,0.0722597824088294,0.0239261738786685,0.0930197676471535,0.0117540515231467
0.0192119742545427,-0.00630976597160056,0.0331817445156785,-0.0180342373207056,0.0453688603334362,-0.0277974052455242,0.0486073312332219,-0.0284490709191589,0.0710086817704608,-0.0180484548678325,0.0198096790685238,0.0181603181653069,0.0394559325611362,0.0206141453112421,0.0488936862852347,0.0231970250173287,0.0543933707344623,0.0251921655017454,0.0904816118008584,0.0186234865740208
0.00218544731299859,-0.0153162689740895,0.00647583650823526,-0.0350528775406425,0.0240038440587319,-0.0348693328955279,0.0464324673026823,-0.0288298063633064,0.0732623948702734,-0.016846907512499,0.0253177215522694,0.0392361013142862,0.0412373211092485,0.0393802590070886,0.0487300837298893,0.0310039360752617,0.0689517058745628,0.0200289632574094,0.0933059829834523,0.00245620828933562
0.00625346238691053,-0.0197187434857703,0.0156059229910692,-0.0297098362230383,0.0407532724376233,-0.027696650549944,0.0678737771171325,-0.0152231758504488,0.0887194990800421,-0.00117258385916413,0.0225647626894456,0.0183864170634974,0.0516226389780343,0.0197489889009688,0.0557907534888764,0.0296232260368531,0.0530968148957884,0.0283343081654731,0.0857605261716529,0.020210654005782
0.0155276940403094,0.00417827526312112,0.0294764737928583,-0.010829954717856,0.0449708312014625,-0.025039346598383,0.0615296308831964,-0.0282840212002306,0.0908187698293929,-0.0146230189160707,0.0132703177760528,0.0191881539733137,0.0325177008587414,0.0302576944220689,0.0424075104735136,0.0279646305149184,0.0519408376209644,0.0261803477701626,0.0761282859107729,0.0153202735800448
0.0262638305276204,0.00518267432600626,0.0368518856525768,-0.00729160017796548,0.0471119586924661,-0.00317507056071175,0.0552592271694979,-0.0255775729192874,0.0630270128165946,-0.024675047541327,0.0235541452235778,0.029524983655455,0.0372056219738739,0.0328476477929228,0.0476252675226965,0.0309232984029531,0.0648487782045869,0.0218965538197498,0.0852228473304602,0.0128645555207477
0.00920522882152042,0.00156823394063113,0.0174786239903556,-0.00853626956605608,0.0342073076324864,-0.0231497831239638,0.0498447624237997,-0.0309985128754155,0.0848903831872661,-0.0196699019084222,0.0181790186741625,0.0297748583373876,0.037739077572694,0.0324043436052351,0.0457894305914476,0.0281517641933651,0.0561184951595289,0.0234398921724828,0.0924450389952571,0.00201835833036987
0.0102365804982784,-0.0100246233729726,0.0312532038312592,-0.00910798786924604,0.0402524087227069,-0.0213995301593197,0.0507442293111791,-0.0302945364542046,0.0933818727486882,-0.00927772438726507,0.0391463074175587,0.0230765057991422,0.0372313655753003,0.0170116019909052,0.0617685813709258,0.00563574332827564,0.0649607775036486,0.0340279744597012,0.0521147594628759,0.0293556357155676
0.0147333955506499,-0.0213956537170898,0.0252999071404533,-0.0244952162126037,0.0389428031230185,-0.0287160395997732,0.0622497543478922,-0.0306539186580018,0.0869006429772833,-0.0163613784850062,0.03047098093111,0.0450940885223504,0.0425060783958956,0.0381155555484156,0.0519296086900507,0.0283936436970609,0.0667055593107072,0.0143258438455958,0.0811020565604361,0.0035090125971375
0.0155989774328538,-0.0146423450555447,0.0774409401817103,-0.0250176924502911,0.0981029966213973,0.00278889727413018,0.0575177448121343,-0.0132778180304402,0.0595059684071328,-0.0325364176256358,0.0500881456914119,0.0132959745378941,0.0924096563390247,0.000204290890695762,0.0554564651536547,0.0234386356385744,0.0500811838045354,0.0291153420712171,0.0698750576199973,-0.00947754247629416
0.00551337421922117,-0.00819709941153155,0.0118338887191652,-0.00804406291708175,0.0333949839225388,-0.0216443689495302,0.0482679257980819,-0.0292195203640182,0.0855741013565554,-0.0108829253840152,0.00992399219059906,0.0142743396982046,0.0245687119070433,0.0215082204194105,0.042105315053618,0.0232879604404411,0.0475178547160505,0.0278186537924804,0.078505011161716,0.0257139341770564
0.0235325992095941,-0.00458572863728703,0.0355725953852434,-0.0189262231806332,0.0445848473122826,-0.0308011597905641,0.0534040145715705,-0.0236199998143636,0.091349098665965,-0.00227842811064824,0.0381991426810147,0.0192494010980088,0.0393105548833468,0.0157067911998975,0.0155329480945501,0.0053271855114424,0.0288314470243656,0.0262554469413146,0.0580447167568956,0.031607777953672
0.0200377412166929,-0.00603542732676842,0.0296532223615133,-0.0168903067378731,0.0436673604954713,-0.02629460394947,0.0605913188215505,-0.0206676266334441,0.0952394307869663,7.9268475564464e-05,0.0216995347851802,0.0236466659401812,0.0247238907708337,0.0236586941305409,0.0416577156733832,0.0190646962108725,0.0364651917887189,0.0241639890178077,0.0668598187901673,0.030815980802378
0.00634145034313027,-0.0183716516965325,0.0149112383870557,-0.0352952376457751,0.0321055672172033,-0.0297483823820583,0.0452317445377113,-0.0300880124031044,0.0741303502855755,-0.0184255094051472,0.0317359770750036,0.0430834195398814,0.0411593772278322,0.03887144886796,0.0497238286107813,0.029367631211466,0.0662696608806645,0.0181667368499685,0.0933556209342654,-0.000656058677909678
0.0337107184012541,-0.00175527982441365,0.0493405488864236,-0.016752476926094,0.0673552369260457,-0.034003092542384,0.0538995729560017,-0.0210883694080358,0.0667570272345194,-0.0242624132169937,0.0388006924042763,0.0280549906069556,0.046745556294829,0.026270940074133,0.0627958606211528,0.0190728153482872,0.0892028282487365,-0.0113392682245939,0.0923360993500508,0.00365854029903532
0.00654989535828714,0.014836001334772,0.0261711073386559,0.0112720150385444,0.042653208722227,-0.016177820529485,0.0615979921408413,-0.0331727106475963,0.0818138377547288,-0.0208237946480207,0.0198344179619755,0.0233335000929072,0.0298480238555147,0.0325528358768288,0.0466585458387985,0.0375243758346819,0.0618876956249941,0.0221564927623314,0.075796211365056,-0.0128748449873488
0.0271777327112369,-0.016351521416496,0.0339982901045864,-0.0253353203784031,0.0459580132163215,-0.0269588957264574,0.0619819905320009,-0.0298814243959482,0.0804459155108334,-0.0113850377157459,0.0177689959039731,0.0166389935431741,0.0380383481569731,0.0272130823905223,0.046204309002341,0.0269376850137463,0.059970274780459,0.0257486583958542,0.0864010435506398,0.00942091572781894
0.0132604822305885,0.00221116950441304,0.0247005547757902,-0.0122166684595464,0.0440500867298115,-0.0301686689767857,0.0653332897575689,-0.0337142634986648,0.0782502115317219,-0.012376285575275,0.0303006235490228,0.0265348442495959,0.0371008022857935,0.0311197965349394,0.0508856053113837,0.0302253814607287,0.0700954971899843,0.0166920942256041,0.086406735938591,-0.00711630780355575
0.0175136210881914,0.0116550570227277,0.00641568825740946,-0.0056492347202894,0.0216941928762431,-0.00555843720406837,0.0417114530237843,-0.0253756738241484,0.0746177989366299,-0.0208359484570888,0.0331569259053879,0.0402615418202114,0.0475888163647711,0.0304730104645688,0.0487848376043817,0.0271071428128772,0.0685535092263022,0.0249672875695976,0.0880914224900188,-0.00225830820964222
0.0219263962230081,-0.0413221062215184,0.0316265081226688,-0.0419317079681294,0.051515631680001,-0.0245755236131032,0.0603693893787492,-0.0279376298364313,0.0835631127325984,-0.00124654081238081,0.0317548942359764,0.0394173503620392,0.04304270140149,0.036484951870767,0.0545735411583865,0.0291021065618607,0.0776744345076239,0.0246284433622917,0.0919738604543696,0.0142411653861944
0.0153450427923879,0.0215632037960342,0.0271671525825417,0.00746406590050162,0.0420747058145748,-0.0123217399290721,0.0532818960994197,-0.0281742869496575,0.0794855239374994,-0.0214744428691282,0.0183944307557752,0.0298602957481364,0.0394235003043147,0.0324562252839666,0.0491617555609928,0.0270922434435162,0.0692101026547452,0.0100163383532644,0.0916684823748397,-0.0113623589826654
0.0240982034088284,-0.00415672611879495,0.0287985790599356,-0.0114550857853121,0.0451368575544417,-0.029035286166008,0.0597330942814343,-0.0346805319508784,0.0831520488569867,-0.0134094868407564,0.0206251774698603,0.0220173292266594,0.046335030901245,0.0284801660846505,0.0612851648194421,0.0204647387517871,0.0753241683115498,-0.0118482921372522,0.0861179705475587,-0.0287005091689687
0.0291120711872837,0.0236729462054915,0.0358326685408265,0.00819105345022034,0.0430290857534495,-0.021198110742093,0.060838905469318,-0.0315239168101093,0.0904937401792624,-0.0187319883294692,0.0339170977874785,0.0362103574042356,0.0545494855238124,0.0258319279131648,0.0579349031441806,-0.00700128334037796,0.0735855527627984,-0.0335045466594323,0.105108026455748,-0.0176859890334765
0.0262287358410055,0.019422108538095,0.0477806262400161,0.0041554330255773,0.0485309063773807,-0.0214646682233514,0.059494976468482,-0.0373327765763615,0.0894481752192925,-0.0243977704752656,0.0391020310192025,0.0294691450817827,0.0615696267594631,0.0211334130940172,0.0560408003885041,-0.0129439566777775,0.0631715387237094,-0.0435023850430956,0.0953654587263208,-0.0244792043397214
0.0162511365722591,0.0140848419116436,0.0310165888882188,0.00995757208581847,0.0431650983556895,-0.0106600374452576,0.0572734700780308,-0.0325835419469046,0.0767093512324641,-0.0246994973761797,0.0273048201327072,0.0288998960513346,0.0450512733529852,0.0313902503313652,0.0553947327040908,0.0155724060350098,0.0652751642356828,-0.0353652227144743,0.0835073024212581,-0.0310416876698155
0.0257064440002403,-0.00234888565474835,0.0326849268186847,-0.0165065278998064,0.0486089248302524,-0.0259351239146288,0.0553141057073866,-0.0276741039594588,0.0756194801043453,-0.0231515418880845,0.0217507918862689,0.0340919652052991,0.0412232714882324,0.0499349103516481,0.0493547682632445,0.0326936323499255,0.0522544685724798,0.0221624489317745,0.0750959114443207,0.00501613415753251
0.0243468106843683,-0.0177679339083928,0.0374851029744677,-0.0265182872309809,0.04463638427204,-0.0282236701148473,0.0592103453596083,-0.0283941650152274,0.083044403594348,-0.0163582547657333,0.0271902685671425,0.0384972580402215,0.0447887295010588,0.0358571923518125,0.0551938509022811,0.0280420199014644,0.06998724632691,0.0189067816432272,0.0939281866960653,0.0106955703984598
0.0184910281923032,0.0228980356483631,0.0323786241835163,0.00799255850628772,0.0422426781747159,-0.0122929000492795,0.05072866108026,-0.0298382157178139,0.0849354775807966,-0.0197044205029483,0.0199746885985342,0.0250150383353969,0.0407467542404511,0.030426989591073,0.0489362736765529,0.02551447877697,0.054924644546769,0.0213134146330518,0.0897286311961951,0.00126330758868678
0.0340323935278908,0.0190417097200095,0.0478053521426423,-0.00062660531576164,0.0533839985607838,-0.0244358376278885,0.0611486983179179,-0.0392490334559984,0.0935110894519855,-0.0240607849345099,0.0261017876942669,0.0257723490321236,0.0461525942538532,0.0336174647251649,0.0700637347026931,-0.000190015692721122,0.0739629072955088,-0.0299153842017611,0.0914209424587789,-0.0271797323450879
0.0264646564438314,0.0379678334420227,0.0422209666351863,0.0128841166190598,0.0507102766708109,-0.0208233075932889,0.0551784147826439,-0.0406255903103287,0.0920414338895889,-0.0265935585319333,0.0404932436328338,0.0404027249666708,0.0510613342092238,0.0263600567503984,0.0644576524144217,-0.00923832124968522,0.0644838398553282,-0.0448510258376434,0.0972622108839544,-0.0237125633686086
0.0160720887664978,0.0251721853222106,0.0376128484087211,0.0191209209008038,0.0463643831347851,-0.0136942915398971,0.0609260394325718,-0.0425698731525261,0.0948975617235079,-0.0261692595339492,0.0307623167337885,0.0325911150328471,0.0512788769911563,0.0284766327614129,0.0540131338730521,0.000337983110612782,0.066316183026977,-0.0362496021871311,0.0992995202348359,-0.0241074090875644
0.0205508020060297,0.0350362699797261,0.0380384227133507,0.0151096027490302,0.0466448418141526,-0.0144029450308881,0.0690326515043973,-0.0434112078254705,0.0974003221824077,-0.0219524633837646,0.0255300682644098,0.0368100374861273,0.0451380279487241,0.0262011520501719,0.0549932521775711,0.0160393717330873,0.0808775046481721,-0.032620585580575,0.106711025310848,-0.0154794017095525
0.0167720702175915,0.0282819323392847,0.0407856165046398,0.00744340847260206,0.0475044963355441,-0.0220481347538206,0.0764736950379019,-0.0373871414766407,0.104180407065435,-0.0157599556873583,0.0344595903977023,0.0466563160237157,0.0524385045142327,0.023255490446119,0.0623000105019325,0.0118020833332269,0.0981061199621949,-0.021821787367785,0.0980910671472325,-0.000610358948258848
0.00514893199930026,-0.0139090482797024,0.00501876578839392,0.00715160980192529,0.0402784957832237,0.0185777087480309,0.0601132009288198,-0.0136642970865587,0.0613847132512536,-0.0287988397469393,0.00174776208745932,0.00659567472295555,0.00327173962549877,0.00262846198452406,0.0230054835373468,0.0272795534892838,0.0549102901367546,0.0251214729074754,0.0715830324115193,-0.0404744223611395
0.0232313828635632,0.0256227447330335,0.0416972920152655,0.0144665821911879,0.0524598118311312,-0.0171477434792591,0.0612085396983166,-0.0371411358366568,0.0816930872157009,-0.0342988366606039,0.0358274586908645,0.0360377642301982,0.0512076979112116,0.0262039561665941,0.0607878042022461,-0.0140155291650159,0.0662498279182644,-0.0444794910189122,0.0817589817196827,-0.0361896256757347
0.0218927614030072,0.0288152401760878,0.0476955461543142,0.0187253132135709,0.0503957087435679,-0.0193536999872956,0.0623840073321594,-0.0460235853071511,0.0865353867701238,-0.0307610579970802,0.0373405837943949,0.0371720068124073,0.0584993144442584,0.0232945381351788,0.0603426029932573,-0.0253514958892312,0.0650917558865039,-0.0468805337518509,0.0918018434947374,-0.0303242388210494
0.0299223027120496,0.0336029264004375,0.0439030294750147,0.0147764974003357,0.0470630994693655,-0.0210916334462923,0.0605521573766589,-0.0411469838240057,0.0939576478424617,-0.0233451145157294,0.0404517507803553,0.0369056233518301,0.0537890745614796,0.0221678721432304,0.0563863936352844,-0.0261444821986004,0.0662353736378871,-0.0451577579190354,0.108381465154366,-0.0178892819134019
0.0235371722804299,0.0339032300267546,0.0372186426081067,0.0211108399920825,0.0502061907381868,-0.0142656667379018,0.058883364126124,-0.0464213402108662,0.0831755321819818,-0.0320937744900372,0.035038513158242,0.0362464375753726,0.0508033708473828,0.0258551926427276,0.0553722246285838,-0.00975447839938764,0.0653614775968809,-0.0466229507264992,0.0891574334214797,-0.0306724352583329
0.0247510163413085,0.0343222801156922,0.0441627416220689,0.0231365135857865,0.054826302950792,-0.0130573123384502,0.0515929327020762,-0.0409144831331008,0.0892214339829057,-0.0271907171741583,0.0353765631056588,0.0378222717042146,0.0505388739812519,0.0299155795651182,0.0649012568710379,-0.00931768868521886,0.0628314178548969,-0.0450220572929911,0.0968863176792572,-0.0217662448518377
0.0234843709293721,0.00668350944509629,0.0348060605743261,-0.00734791598161138,0.0451158493090832,-0.0280682450540026,0.0596941550105405,-0.0338110901750844,0.0867714327086493,-0.0226101369903382,0.0384805385312614,0.0464351126508611,0.0484424664142848,0.0335621750671465,0.0611261330829577,0.0135106762281799,0.0880970917908692,-0.00504050733174054,0.0927936659048458,-0.00177906750634984
0.0106788785814189,0.00419612421108258,0.0249258143850966,0.0192285336219019,0.044906765961742,0.00671165107787173,0.0487568954774078,-0.0225448950788016,0.0646915905283904,-0.0322391929022414,0.0329003611679584,0.0278467597959162,0.0522205269282377,0.0277753973249803,0.0814040635393813,0.00410069614979827,0.0723055701207461,-0.0360959992901706,0.0723586755007475,-0.0419474888907665
0.0148348216186347,0.00790033245509165,0.0347002728923386,0.00854497320551357,0.0440607322298034,-0.0108475273073776,0.0619527794228322,-0.0358354544490342,0.0919814525869249,-0.0227199313326325,0.0276169723946734,0.0233409641765539,0.0518958829182551,0.0289299702533276,0.0631884278087698,-0.00116581607451082,0.0717922891380009,-0.0391883296055578,0.0982191651619059,-0.0234585196630378
0.0146495170863595,0.00907687705148458,0.0333134031765993,0.00110768526602148,0.0473663722271182,-0.0252495084311756,0.0699892443554074,-0.0366239758504955,0.095274889295851,-0.0188881913503263,0.0273467263477988,0.0183790191209587,0.0490301838105969,0.0280289550253202,0.0655996225024825,-0.00337889000749798,0.0691712859460472,-0.0420271171429134,0.10525223654414,-0.0170414033206496
0.0108273625211401,0.0105282717463177,0.0305023508203007,0.0127323354873559,0.0458015139880901,-0.00752655270005866,0.0510598782556577,-0.0311439516812928,0.0858239558201427,-0.028669502500303,0.0475289976703651,0.0398537983103687,0.0461639649831132,0.0293173768983804,0.0865639566830887,0.00429965050535453,0.0990477577881729,-0.00184420499601603,0.0990214328212609,-0.00139878945065302
0.0189289460811595,0.0196172721821607,0.0404126151853391,0.0113931888487755,0.0510497986063414,-0.016233702278287,0.057550686258087,-0.0393899684680507,0.0939260780283989,-0.0236611576772841,0.029146182121159,0.0278541964236293,0.0503292572361005,0.0268340929452674,0.0655220265710713,-0.0105841349484531,0.0693816928790331,-0.0425413527795628,0.103442832840595,-0.0217455316421778
0.00382237250882862,0.00185937578881598,0.00345533555726652,0.00270013198687375,0.0201890310481263,0.0258372455005398,0.0424602915814046,0.0027967199054285,0.0628031086106998,-0.0400648876695916,0.00431280393577217,-0.0025812575643508,0.0178549215658064,0.0177074768056572,0.0257748947179706,0.0237821550905553,0.0504249340187909,0.0284032931500188,0.066214235672539,-0.0389632512070609
0.0108842278685681,0.00661154558816651,0.0369925231159667,0.00207819722479273,0.0469980010419065,-0.0141514714091205,0.0559744611673619,-0.0335272267201159,0.0888360859992201,-0.0209833804708394,0.0213380828457493,0.0197414444883674,0.0405976302999327,0.0282125823779934,0.0626779170510741,0.0154837321910594,0.0665641544722528,-0.0336621936308708,0.0912497484434561,-0.0290389153437248
0.0276392948191842,0.014411003459599,0.0447099831821587,0.00394556685796053,0.0671990212427051,-0.00330381243713349,0.0650480396365179,-0.0190948089416162,0.0500242549556205,-0.0307309968412701,0.0230225396314183,0.0237254160918809,0.0481003067739628,0.027485087970193,0.0631029854889936,0.029186187725391,0.0835663137382267,0.0328852212482791,0.0957460106899506,0.0012362805991923
0.0151738001006645,0.0100429377975857,0.0268178432218653,-0.00112320486814277,0.0413512591872344,-0.0130806433501144,0.0578154882126931,-0.0333392661925563,0.0862300857968206,-0.0225656572484971,0.0253849892864408,0.0156479433417221,0.0419720290705454,0.0295129414668767,0.0503106576641058,0.0251294627375509,0.0632833386268302,-0.0234109727990421,0.0909479307796224,-0.0260007010358563
0.00799763581977172,-0.0164160704281297,0.0367335616347343,-0.0166543851460534,0.0465927554903688,-0.0235964801126588,0.0549349235032378,-0.0256114549662606,0.0756168594569575,0.0001663087317733,0.0103253212144325,0.00409977207506144,0.0456417997161249,0.0175094199210246,0.0505203674115871,0.0209787507736341,0.0503143571443831,0.0246154156941954,0.0834627813224766,0.0201638932766132
0.0176933033486791,-0.00953316720630024,0.0297804747508231,-0.0201331692085067,0.0429799776888542,-0.0243126758814137,0.0635231137340945,-0.027016121238097,0.0877786799375729,-0.0124294240581953,0.0423081116566738,0.0437000719278895,0.0484338934444767,0.0329899784224768,0.0530877444488652,0.0289349835226109,0.0732750830710704,0.0311997381471997,0.0927649555521946,0.0175026094341441
0.0214729300592115,-0.00364301156636412,0.0267880880153998,-0.00910977900366325,0.0437371213272686,-0.0149832697987148,0.0502828417101024,-0.0272955789723825,0.0859179670819315,-0.0153282854536638,0.0287134351714498,0.0242556870302114,0.0389424018700879,0.0203328760993586,0.0491422001836861,0.0232890089967226,0.0552103439083319,0.0241320485627818,0.0898245056115991,-0.0026954164870452
0.0226247457223729,0.00196770003139381,0.037572915259976,-0.0119207639940365,0.0513708067736671,-0.0253467519243584,0.058207416367862,-0.0311696467764658,0.0811014858120538,-0.0239246915879844,0.0257684355252193,0.0268648880066843,0.0404958139723337,0.0272955257356805,0.0625666772505527,0.0205493429324154,0.0655542869667623,-0.0122443397356509,0.0799931961523763,-0.0351916715614753
0.00765149784258697,-0.0130295154861198,0.0218432712903601,-0.0200895290769516,0.0342512850686148,-0.0237995452403229,0.0541284930387726,-0.028627821986756,0.0773711561080664,-0.0174127152104319,0.0362217198647866,0.0331870022954698,0.0465256311108257,0.0317309385624559,0.0545670667207358,0.0257992521294676,0.0620871410957694,0.0188124004408099,0.081396035558841,0.0148417877340467
0.0374775646297308,-0.0247955159218153,0.0778910258055158,-0.0229289474257421,0.0992700415525939,-0.00234536122908438,0.09808486662034,0.00197765721907904,0.095835886433901,0.00476712774284409,0.0544252458626393,-0.0287230470581026,0.0934778690132104,-0.0165052666419581,0.0878927178837399,0.0163363175043888,0.0518973672460854,0.0265856361501728,0.0514822186964918,0.0314926345679201
0.0166129219411256,-0.00945929632107212,0.030423734263391,-0.013210884418355,0.0416359993415309,-0.0278310129624979,0.0563343993103839,-0.0261313465869875,0.0791278677037149,-0.0131513949343491,0.0151023637998166,0.0230578913193651,0.0267463556868668,0.0268120715832835,0.041493754119244,0.022988035861866,0.0523634052838946,0.0264718588215783,0.0884514264950474,0.0207875156880519
0.0238453622702182,-0.00373491412239209,0.0467753937784192,-0.0186943560027237,0.060160658671065,-0.0289651125803312,0.0762645270669474,-0.0254133679740637,0.0930506966468734,-0.021085586224567,0.0188004743121609,0.0320885547147703,0.0460516007230332,0.0313667994881092,0.0689602619374892,0.00804959662583152,0.0777629117661638,-0.0270895852844203,0.0961931567536338,-0.018146982532598
0.0204864600021694,0.00452582178337511,0.0425172215105189,-0.000353207219766551,0.0520514574719986,-0.0240249050508196,0.0508481019390357,-0.0351682262381413,0.0855492822342819,-0.0199444643908407,0.0181814601243035,0.0180331602062208,0.0479534209617714,0.0295091879894922,0.0636209885239505,0.0165780098183479,0.0710029925696401,-0.0159176499883349,0.0949157225843715,-0.021734441728978
0.0249657010254537,-0.0103885456136953,0.0331084542169849,-0.0275003254681837,0.0420195436934727,-0.0297601987524022,0.0618600216633487,-0.0249473548530272,0.0915075163272517,-0.0139533970092536,0.0360257138053204,0.040979174542125,0.0426082208844136,0.0366217168847316,0.0572211644927376,0.0256513777952729,0.106568168849864,-0.0105362618436668,0.102168615842642,-0.00396144755761
0.0145897622782645,0.015735396805034,0.0363789328950047,0.00220666668456875,0.0444706500830928,-0.014625193242314,0.0575337810929326,-0.0354635714811148,0.0926312750980822,-0.0135443357528671,0.0146664243792974,0.0176905893388572,0.0430565289314527,0.0312856026397704,0.0607181603201925,0.0185087723223756,0.0774439295621211,-0.0354248599349753,0.105270497456523,-0.014870357491081
0.0210496809236044,0.00702292129042821,0.0336542678235416,7.80456807411974e-05,0.0492768636913333,-0.0231231347757341,0.0518456344972361,-0.0355150910066692,0.087381447314727,-0.0218122268401167,0.0312504509575686,0.0224769094915923,0.0491765382336633,0.0274481612122793,0.0685937866525217,0.0100756485192238,0.0832380368641717,-0.0216426849874698,0.0944011940641594,-0.0236111868265122
0.018544718595802,0.0213124409514356,0.041849501687096,0.00308979811216365,0.0524890065355436,-0.0257952154257282,0.0636950892612149,-0.0370880617392412,0.0953242407202857,-0.0172125820140815,0.0197591536880645,0.0254299957296027,0.0507458215825731,0.0294833633295951,0.0685649569079444,0.00206068283512895,0.0709270589090299,-0.0402788405217321,0.0975949884379387,-0.0120432367053132
0.0206309742470409,0.0309699308780583,0.0395146264221102,-0.00048547976073315,0.0458959294719178,-0.0196288540326474,0.0502461095647794,-0.0319317687939798,0.0956904840315952,-0.0168904787051173,0.0436084441319185,0.0350064738984541,0.0735778197564636,-0.00643654645042453,0.10793876702839,-0.00896697630867471,0.0956551498856501,0.00244974531346585,0.0995645879119084,-0.00179812961348024
0.00884162682264217,0.0181126267037583,0.0439704082597653,0.0171770751789146,0.0478452059960202,-0.0137965111917855,0.0531097133034654,-0.0315354224663946,0.0835199394096612,-0.0174366931512288,0.00645131498628915,0.0139657663917101,0.0515200460214308,0.0296938237840674,0.0583639101594358,-0.00577744023892087,0.0686329729690531,-0.0417613638547708,0.0999611797706424,-0.0131366026462296
0.0204030278627812,0.0284051564891985,0.0441528417212227,0.00951406139582535,0.0515429640258967,-0.0205745048134448,0.0500051352372183,-0.0275988699405849,0.0808417341616767,-0.0321792519499774,0.0265672348768844,0.0266542900967881,0.0554344594212444,0.0267753566096243,0.0724991359423641,-0.0170718117071146,0.0915744680977446,-0.0100694211551278,0.100702571043847,-0.00809512731138933
0.0235090839778934,0.0288364998266167,0.0398745218201099,0.00934230304092594,0.0488868449094592,-0.0209526064121712,0.0584381182709545,-0.0408629012331796,0.0898528278592015,-0.0254423123373178,0.0323247574972014,0.0327964283572517,0.0531971127216579,0.0257957247328786,0.0643246196784737,-0.00824713881884436,0.061520430613236,-0.0408469843666527,0.097458133820964,-0.0201679598367188
0.0209864236676302,0.0268748984390839,0.0431807836021649,0.0096285948703913,0.0490584812855402,-0.0138909213745019,0.0495619216178846,-0.0358069557630581,0.0847324813154514,-0.0276291347536553,0.0260332995856976,0.0302620093033886,0.0519706351159236,0.0254066282360343,0.0607537757234426,0.00469303898322922,0.0717689295375496,-0.0391850514248164,0.0993612335417389,-0.0176174514026521
0.0193239271137743,0.033655222767562,0.041923498201798,0.0137593253475721,0.0446089377233193,-0.013857850556013,0.0508714404269088,-0.0296878365460409,0.0628864025109981,-0.0177865665845444,0.0271674183577009,0.0342481799360283,0.0503362998054921,0.02675357455966,0.0556024194736388,-0.020776113848093,0.0730801881640198,-0.0390118261190667,0.0822576058043403,-0.00959819115084479
0.0221091338443966,0.026289168287186,0.0377822912433965,0.0114212238659318,0.0436316739833454,-0.0113794391683351,0.0463724648300583,-0.0299290719532277,0.0639567517119081,-0.0222582134552121,0.0336311335834549,0.0291102126587722,0.0504625420498276,0.0263557259084447,0.0543812770566281,-0.0155644205920921,0.065191139539086,-0.0441765831515358,0.0897497587164957,-0.0242225680651659
0.0197364907083377,0.0115282218262614,0.0396809108774299,0.00114869205891404,0.0462656264151146,-0.0158990100505516,0.051981481863452,-0.0303361514716512,0.0756350469680077,-0.0282987192672564,0.0250897248208944,0.0295162372443357,0.0511550640344459,0.0326610801023358,0.0609024404315043,0.0194110490904294,0.0785397648738255,-0.0277664968821786,0.0985044558180516,-0.0187821466343569
0.0137196618066456,0.00568845749715201,0.0325638851444767,0.00238916971316855,0.0435836036161032,-0.0160055014363572,0.0491610464870487,-0.0312470671534335,0.0800459234275064,-0.0307462928835933,0.0279091939023522,0.0367670978412902,0.0453218409531988,0.0330068719271653,0.0608024845143202,0.015396740271534,0.102392382581,-0.0183889639097372,0.100968336624819,-0.00186695228879732
0.00978443683803694,0.0177751158001446,0.0282213621514449,0.0211585368296486,0.0460444382204451,-0.00880782514829165,0.0516739143937126,-0.0375624360557079,0.0985635598118078,-0.0207597932417695,0.0271364643413661,0.0265125328936324,0.042342266590594,0.0367738407733913,0.0564224916408483,0.0214192005021709,0.0750072172806255,-0.0300154898203702,0.104262253943462,-0.0184536367265166
0.0202429844037721,0.0224427293341389,0.0339333443798447,-0.000279257598330018,0.0434494242070892,-0.018922754088091,0.0497221055011834,-0.0298831797829885,0.0819692489504611,-0.0229753150966012,0.0453737016177013,0.0414879504560432,0.0594849144394422,0.0232352735100192,0.097634259244139,-0.0012217377979462,0.0987670603751711,-0.00240658441383977,0.0999374878514088,-0.00444734911993567
0.0148911850546805,0.0185976638373907,0.0304402327529318,0.0155627512897967,0.0428045175684479,-0.0110362947543971,0.0518449930563434,-0.029373158347428,0.0782173201923191,-0.0262247062812137,0.0181848003825137,0.022113275923216,0.043145832651718,0.0310504201719425,0.0539649746056069,0.0160617511449758,0.062887716260549,-0.0298574868442425,0.0912765415997441,-0.0221280775729197
0.0165819752201456,0.0192335418881059,0.0405378562274023,0.02115443216809,0.0486300396868834,-0.0166834695270584,0.0585621031829234,-0.0358134931082259,0.0878852834865047,-0.0138750554350336,0.0364550047425355,0.0407894402963715,0.05674745045451,0.0211125517891704,0.0670517431372428,-0.0411961760073783,0.0844343217014486,-0.0249243880370719,0.0980878876813825,-0.00801156265298506
0.0327547917657433,0.023540914022505,0.0438360187758211,0.00334943281193853,0.0516206442511491,-0.0183936575120595,0.0528810466235919,-0.0360207003161598,0.0863922089432142,-0.0219855007760767,0.0162882143619428,0.0173052291921536,0.0507681738466543,0.027643472962011,0.0655576323741127,-0.000737824068287341,0.0699594188380752,-0.0368806860433213,0.097353495781997,-0.0133348670781916
0.033803222787913,0.0129755239144204,0.0442265454992408,-0.00125950021575025,0.047007905680488,-0.0122820871127836,0.0491614398105,-0.0255582049229656,0.0758305912385089,-0.027914709605804,0.00899587148888432,0.0104071444255356,0.0469615745580549,0.0229170020892218,0.0474059694536038,0.0279232259648807,0.0578217879746046,0.0257629413398127,0.0761186414127831,-0.027519431283334
0.0288428680589316,0.0140542830768985,0.0423276068649037,0.00148639274975858,0.0500911741229763,-0.0121183836263804,0.0389692906350669,-0.0338686293890043,0.0693035935909881,-0.0275548195700974,0.034959825474241,0.0214015656093229,0.0433732136834768,0.0303844831733722,0.0648338179660186,0.0143440097888235,0.0538287345902872,-0.0300449405946023,0.0748554053267018,-0.0379240542597454
0.0236128376271294,0.0104643925225368,0.038225936402395,-0.00647138678527287,0.0449404864838446,-0.017268662907581,0.0497302145501682,-0.0299707732378558,0.0734535353746267,-0.0204837037093376,0.0305615328596716,0.0192063897929787,0.0430257148589384,0.0220628468184108,0.0502272733425134,0.0258379590109297,0.0647907652356594,-0.0108317417891241,0.0792957944471273,-0.0341564580222788
0.0142505325829058,0.0164250499497176,0.0439768258808417,0.0147740083411971,0.0487662001439804,-0.00623551687191728,0.0450338032728557,-0.0334724683802706,0.0616411484095406,-0.0239200349134446,0.0238296077572026,0.0269818982735399,0.0487716465370447,0.0284990865055294,0.0555221539383474,0.00131782567422182,0.0565992866593683,-0.0435553026484269,0.0770784767621264,-0.0349642892135815
0.0159476811361539,0.028460827677022,0.0410284029883826,0.00580000682767422,0.0446524347364502,-0.032089842639555,0.055334194669778,-0.0297287773758013,0.0832662623582487,-0.0102520783227406,0.017100511958834,0.0284683888625487,0.0486220216819047,0.0294094273006211,0.057591646246305,-0.0255395687579405,0.0710074504605676,-0.0377968481034104,0.0891518396902879,-0.0104111661126728
0.0034478969703502,0.0048281852093585,0.0431939493337052,0.0370364170463708,0.0468556043694522,-0.00318097755554426,0.0495903682275316,-0.0323677814475352,0.0832343993360482,-0.0285824473941522,0.011561043104447,0.0224057949116558,0.0402604491014802,0.050440335775404,0.0473566223136257,0.024116026434672,0.0742885962162092,-0.0394743313610761,0.0978147970641194,-0.0222950682737241
0.024091198545262,0.0113427274896411,0.043785123372803,0.00216122032467309,0.0479101350138897,-0.0154821074480868,0.0497127798703882,-0.0250839681014463,0.0858906895938692,-0.028110111024293,0.0384823992568596,0.0344365566051908,0.0564988242003595,0.0312862621102213,0.0556584227183205,0.0278243764799751,0.0632429018312114,0.0219624072797568,0.0916081771053132,-0.0277608802836049
0.0114199036920786,0.0138493899470619,0.0387909864190037,0.0173516003690401,0.0465485060915825,-0.0148591519185733,0.0464883957744781,-0.0384802289002641,0.0754015883390382,-0.0178895871221914,0.016613383585267,0.0213224262958954,0.0439246756955013,0.0360931385688029,0.0571573611102386,0.0139418061761628,0.0608452283297213,-0.0433588297190143,0.0874496630720467,-0.0220937273795391
0.0149107985727177,0.00624994394823109,0.0280538575539857,-0.0079638681673386,0.0428864628971017,-0.0198945026678671,0.0513342385558049,-0.0301066613774011,0.0654310900655133,-0.0285162247065786,0.0294658624866689,0.0201362972794793,0.0439244321637094,0.0255781198579113,0.0605287793551305,0.0227718211593369,0.0662727533929792,-0.0212991324956245,0.0836663047004042,-0.0331380713670112
0.00985761577663834,0.0126639063346726,0.0350195133140363,-0.00759574783514902,0.0395175658965654,-0.0169426967791884,0.0469462625509054,-0.0268118904494395,0.0652277255873822,-0.033098527873109,0.0293624516663183,0.0199652038846619,0.0406762654383837,0.0283147558851031,0.050076712540354,0.0284877207284275,0.0651330423189822,-0.0397532784772313,0.101395131942227,-0.0156492484894903
0.0150264099677663,0.0213008761408629,0.0383890727164842,0.00573862047414407,0.0517660473440845,-0.0331893709430795,0.0531359693996743,-0.0269766653544488,0.0898837562326172,-0.00936945128040121,0.025761500860442,0.0295679236341134,0.0436076826086939,0.0339533090845521,0.0578048006827216,0.0204408259378131,0.0758486332136791,-0.0346095116283563,0.0945281257750647,-0.00845477617061032
0.0176055357159428,0.0244875854062833,0.0409586972500852,0.00827985178428861,0.0491116005328888,-0.0198606731948064,0.0520986982345001,-0.0336286467065393,0.0825599959512095,-0.0142335847865098,0.0252414958367168,0.0338177554594354,0.0457591801856584,0.0287657230875113,0.0581116675337489,0.0131256698457561,0.0717066397843332,-0.0371752954086908,0.0832392652330398,-0.0311471465309415
0.00616482494499451,0.00849339597588774,0.0252184570083189,0.00677525439236691,0.0351223213202497,-0.0145983091010522,0.0445576656297227,-0.0222690226200184,0.0522776392972008,-0.0300003546426773,0.0109407369052762,0.0151270971681416,0.042128323753163,0.0344259917188981,0.053632465820212,0.0251566341797802,0.080737848753698,-0.00108400032823923,0.0941808058181489,0.00112067843002142
0.0245391073551543,0.0245750730073101,0.0411707979371257,0.00173488932235282,0.0472843704730866,-0.0211464381207772,0.0506017950666294,-0.0354493997400026,0.0732923737615742,-0.0229372725216358,0.0204466003729132,0.0180582203839522,0.0478498661467813,0.028263209417263,0.0620066854702819,0.00871288677693733,0.0691736043880938,-0.0385992799361254,0.0828413647069004,-0.0332771137697737
0.0348112071257732,0.00306408950198378,0.0451712078834931,-0.011849507976398,0.0490339384922392,-0.0257763668468878,0.0533065429955701,-0.0296406925294225,0.0860549165826023,-0.0156031231735655,0.0114634747285413,0.0249336835182975,0.0423995649854738,0.0297280191765485,0.0592466716294926,0.0167464155686722,0.0562900966623838,-0.022838971840294,0.0824621262535493,-0.0301952728917826
0.0266688872931049,-0.00142758655103981,0.0379268037898207,-0.00900992995212029,0.0501899834360764,-0.0184344268021729,0.0472199365920539,-0.0336908299465344,0.0591948154055898,-0.0268634228434667,0.0358332354190381,0.023639165756709,0.0467226696139075,0.0267793006362868,0.0645820015067162,0.012335561115096,0.0629304015043918,-0.038331424566791,0.0770061205021238,-0.0357274583306603
0.0203815983629364,-0.00390029629299061,0.0340070294864736,-0.027083484631049,0.0475628473501214,-0.0260000014271531,0.0808559242482306,-0.0109359136426479,0.0980459206672373,-0.00236260080122547,0.0394295420204048,0.0621867422006371,0.0476056703609858,0.0518535069803579,0.0528129876033688,0.0308144181319005,0.0605192447262891,0.0158711398869777,0.088215914727062,-0.00922525216959882
0.012100733096278,0.0248896465170481,0.041707336832066,0.0133348982965568,0.0476349858982782,-0.0121038022011085,0.0501625423901141,-0.0313692583617251,0.0720500975118365,-0.0239871998148259,0.0128560064797174,0.0248604129040612,0.0395311659069574,0.0385569931253066,0.0490031380331732,0.0242484920022333,0.0646021456813342,-0.0302577987105291,0.0764383433593572,-0.0364919229711715
0.0346001462131843,0.0284885983700193,0.0429883830229404,-0.00100325817206126,0.0482016328222453,-0.0157570399934206,0.0496508056012055,-0.0316907472730912,0.0792733023760823,-0.016063930204336,0.0189132155748022,0.0238278646071212,0.0428523647096251,0.0280501944250853,0.0523393151090722,0.0222011470291241,0.0650060347872674,-0.0147429697170078,0.0767940399476076,-0.0378860348048296
0.0209016579410986,0.0235407486704747,0.0338211375276383,0.0112369300336176,0.0430573054731601,-0.0149181236309659,0.0491316432598775,-0.0216060879449731,0.064816713300248,-0.0188391306902852,0.0306993578009066,0.029343554596406,0.0449324039797531,0.0314045776277546,0.0550957726754806,0.0267656238845383,0.0955330224860427,0.00704343293303558,0.1036961795193,0.000482172489501524
0.0478449065563225,0.0278084687823626,0.0431313167750309,-0.0145124301883057,0.0488121838874121,-0.0263425487166236,0.0509073230754142,-0.0309926141839177,0.0798416080636499,-0.0202218645351586,0.0215695079660965,0.0185254807444355,0.0386336246467531,0.0270354498713173,0.0475402683077123,0.0288430941266574,0.0598341664191476,0.0227686550812807,0.0892616701975237,-0.0107553957626172
0.0219893837593947,0.0265655142254131,0.0445774695540379,0.0076270478312143,0.0504676384771475,-0.0134245611372319,0.0515429833556634,-0.0347757598006723,0.0710283119477854,-0.0139858130927455,0.0267714426514442,0.0280352855509265,0.0506415808031564,0.026801945238329,0.0615231515410303,-0.00878851421746239,0.068502014575855,-0.0414772921583417,0.0841606643948619,-0.00643588780992357
0.0108999922411503,0.0187870515004047,0.0368009586151296,0.0237445877628363,0.0468633168693445,-0.00868252598277014,0.049698035573298,-0.033736712714819,0.0765647338900961,-0.0230637107434241,0.0252213237105371,0.0317026308662024,0.0470438154585214,0.0332056335269783,0.0556428118137863,0.0013175534773352,0.0636222778463176,-0.0446253681290421,0.0988642454588485,-0.0146905394592246
0.0173570304015806,0.0132263362546998,0.0432396705067621,-0.00479799533070054,0.0467554376389244,-0.0175260819475127,0.0509131162768783,-0.031191258476587,0.0607134192711642,-0.0380913643771409,0.0108388414239492,0.0190605472507612,0.0400429228266819,0.0284923621537199,0.0504155421096983,0.0291709978809407,0.0606211939326275,0.00649341102878755,0.0700908801242892,-0.0421855805756282
0.0153902366354865,0.0122119684017746,0.0406275109777186,0.0130647335951045,0.0464211708333289,-0.010089830851718,0.0503571670011299,-0.024383448688672,0.066375715381817,-0.0298752083857656,0.0272042465807976,0.0320666101878103,0.0444688172808869,0.0296249441370761,0.0553286487704213,0.0277506282879937,0.0713751705820161,-0.00829276068035691,0.0846774748888437,-0.0309021316452029
0.0177817505597984,0.0153906950481214,0.0380175918492361,-0.0032582947149899,0.0444956463455874,-0.0270212646870189,0.0511240476839563,-0.0299248286487328,0.0919390365923546,-0.0010644104630649,0.0207858380921303,0.0322905475201301,0.0412191011371377,0.0350531898453843,0.056693266382187,-0.00414005530748453,0.0667783999375432,-0.039954527280825,0.0913685314838469,0.00242616928835825
0.006209827928617,0.00662516080418664,0.0305191576462218,0.018725707842253,0.0449019597625111,-0.00985850336291036,0.0460567864178545,-0.0374450065893098,0.0747629188707881,-0.0156671131439238,0.0248613729884083,0.0218622007508959,0.0420046713447743,0.035213796148121,0.0537580568770556,0.0195753718385349,0.0654523699860356,-0.0442409503491158,0.0897476472024059,-0.0173858822641597
0.0199812753075572,-0.00452915246287769,0.0451987019854851,-0.0125647705267679,0.0459887513728252,-0.0208119210576986,0.0514884013919449,-0.0286328085673523,0.0661993722789918,-0.0231257623247733,0.0170292641241803,0.0188415080087175,0.0436073157487958,0.0274627493276941,0.0487615817733545,0.0285576217976369,0.067251652282361,-0.0144992753551857,0.0723008252459314,-0.038920265059444
0.0111948171806285,0.0187938822128754,0.0469739632497053,0.00761386873268079,0.0461456676300371,-0.0155467036369385,0.0474577165300454,-0.0374733839793246,0.0750513655823848,-0.01337485296368,0.0127387114705742,0.0247042002307317,0.0541216455444102,0.0335163889167029,0.0560142509303708,0.0214297770793082,0.0647705002632485,-0.0449454643408963,0.0876504048042782,-0.0107622740166604
0.0216629827318209,0.0169932968223983,0.0430123653084749,-0.00336722296381788,0.0478635123527844,-0.021300393804672,0.0532277977374994,-0.0298956939788349,0.07931921326398,-0.0141602588438918,0.0291065605716198,0.0374582568815641,0.0420328086690507,0.0326956506639285,0.0571570492639499,0.0210210202863603,0.0933530894771147,-0.0120141209694862,0.0931552431517943,0.000157240674414389
0.0283526046006857,0.0277036151650498,0.0489610723527105,-0.00329854430422391,0.0524466251804891,-0.0273518970016686,0.0516025943730022,-0.0237661183396581,0.0801197527054098,-0.0186004199272564,0.0177391426631767,0.0146509951659186,0.0486635459031047,0.0283182380897858,0.0663317834088111,-0.0349770882918464,0.0818471969909857,-0.0073765132438964,0.0941076856495745,-0.00233424654256132
0.0290722433979484,0.0327499053166471,0.0461545381147299,0.00357728381912608,0.0447342721363279,-0.0292592630286446,0.0452782951661749,-0.0388797684855431,0.0608080846656427,-0.0145726350562247,0.0375776365640757,0.0348112746314963,0.0515699944602157,0.0254126273197362,0.0531521546736111,-0.0332079554614267,0.0598330272674145,-0.0427037612390617,0.062438288897254,-0.00788010187330338
0.0249345029071295,0.0159544605875288,0.0430471920665944,-0.00511005215708695,0.0467933309847451,-0.0206607967828475,0.0495625192286097,-0.0307736819673769,0.0783419324090626,-0.01720394768079,0.0314202510048851,0.0385691983164093,0.0422593428209887,0.0335139350723135,0.0567825887546835,0.025649915493378,0.0752165640403002,0.0231447950601483,0.0931737202754737,0.0162345614490368
0.0177240145554061,0.0142196450401701,0.0460513266337849,-0.0058013061626446,0.0484771394113885,-0.0146074692223685,0.0483967144591044,-0.0268587016410477,0.0828278409308801,-0.0207317775991037,0.015478096696235,0.0133043215236984,0.0432437997320693,0.0223476344664689,0.0493408490525578,0.0181151134000886,0.0516947423909905,0.0246471772891078,0.0649418597154658,0.0161131371804143
0.0105579819927892,-0.00440927847235174,0.0372080426503934,0.000725320393355317,0.0513228588470927,-0.0188975134294806,0.0501962800227824,-0.0281057492963671,0.0842774636042528,-0.0112063651714289,0.0158127596753039,0.0189857974223438,0.0446003586217041,0.0275862478218072,0.0547422114981433,0.024587453406193,0.0718220559310826,0.0130343724145037,0.0954384350814449,0.0044279212103336
0.0126338656272222,0.0139561321672936,0.0055674778827051,0.00352640145286953,0.0358464240249435,0.0279548715714161,0.0429609025470529,-0.0207398735879146,0.0524690756470629,-0.0294032840387376,0.00967828527716187,0.0195405901437802,0.0309147439246117,0.0386814468892564,0.0522942425394672,0.037069444945995,0.0570187226393967,0.0149675680902888,0.0600539664422427,-0.0231299823912459
0.0326523863814863,0.0240750605598586,0.0501385914854298,-0.00519390864964044,0.0514076094733449,-0.0205829849763923,0.0511989490993318,-0.034872270122149,0.083881758471005,-0.0173777239815739,0.0194926606771684,0.0302127918348872,0.0438824389500787,0.0265023189335484,0.0584727269695489,0.0205906979798202,0.0614051992529945,-0.040153801399706,0.086804773150081,-0.0281042648047903
0.0183836789913199,0.0303506107290215,0.0443363396490576,0.016260542397054,0.0501093183645628,-0.00922893843166515,0.0456286417329137,-0.0285488625193583,0.0638673964613106,-0.0250756045512279,0.0290402549625146,0.0445089647622438,0.0489435019671062,0.0277760463657577,0.0553163576044497,-0.00416083845326027,0.0539836064852174,-0.0374792902332543,0.0855766876615401,-0.0283352400315553
0.021660976422168,0.0198243951640432,0.0439493356220495,0.00030737909628283,0.0510165627461569,-0.0170105418972031,0.0504814426315686,-0.0303182052193574,0.078369391108915,-0.0175829892954395,0.0337426293935186,0.0302546656458069,0.0503322923515471,0.022943360035282,0.0511828750999605,0.0259319869939039,0.0548342799041466,-0.0330911446627902,0.0885322579033633,-0.0259585504430496
0.0421616068836331,0.00679825947822098,0.0508455962928332,-0.0183449202854509,0.0513742331102371,-0.0288116853329301,0.0939236962014096,-0.015535941901348,0.100945903047912,-0.00504457399133807,0.041590127951592,0.0256537977488836,0.0540782480564998,0.0262273770212048,0.0716619495416541,-0.00010022152591381,0.0947760868604312,-0.0222532799655476,0.100610449170254,-0.0062460831376878
0.00806997343190303,-0.00495393321245772,0.0370305179792315,0.0082044037154013,0.0451661399693854,-0.0147642457872618,0.0474829153074104,-0.0278918476907163,0.0693439225723192,-0.0198119897012548,0.0128408278901413,0.0198489878815223,0.0317465760494004,0.0363898779526133,0.0454827752716512,0.0314868117005263,0.0586413710995415,0.01817061491438,0.0605889921964568,-0.0408062271102703
0.022070568929219,0.0201340252705069,0.0408886780228142,-0.0140133208764053,0.0442553183335526,-0.0208647217251313,0.0517071519075358,-0.029560755226377,0.0550056666063971,-0.0273512229747779,0.0252458936421477,0.0408288870459197,0.0415046200705408,0.0443513077253222,0.0504851191863369,0.0298652376202154,0.0548299571020273,0.0219664386310388,0.0999468794085588,-0.00350418230988757
0.0293550422541552,0.0261048127474065,0.0457123352319083,-0.00671794372488622,0.048886960054775,-0.0171659003175997,0.0524538339138596,-0.0295848419506099,0.0825630020733958,-0.0105043310985621,0.0211794451777396,0.021933035370821,0.0472204701231645,0.0234092962140667,0.0511671631676937,0.0269118856547182,0.0732624779385616,0.0103696253269684,0.0976162857119703,-0.0205363874887688
0.00911990378618292,0.0173656488186395,0.0422895117464643,-0.00441512769564347,0.043287812593627,-0.019971120193712,0.0485375835076473,-0.0305183418788475,0.0838257528703305,-0.0103349408663506,0.0271141501276532,0.0412936301045698,0.042839942345037,0.0428455118331959,0.0520042079447533,0.0276914962580135,0.0511771691457332,0.0207889116322314,0.0949458290632668,-0.0186625280863401
0.0114992224812159,0.0130813438094486,0.0409620520069548,0.00449112826960012,0.0480542619075863,-0.0144293804555794,0.051616503483763,-0.0293231337005746,0.0737680892887459,-0.0184637762331285,0.013311223080859,0.0227483698189295,0.0410637010493515,0.022464327190307,0.0499179626534696,0.0282152003686493,0.0559511676353569,-0.019387756143749,0.0753235732191774,-0.0352692943632481
0.0330840596831885,-0.00609034583031804,0.0520714454562724,-0.0247790598793822,0.046558993939868,-0.0303975445866928,0.0727022585302486,-0.0047940759607365,0.0978330399734247,0.000120910486531111,0.0282584812753181,0.0139109906018061,0.0354270161075851,0.0150900041011759,0.0220490209734723,0.0257276242269087,0.0531615960834035,0.0363170240078419,0.052060718757576,0.0270139687136282
0.0303266133287954,0.0239143344969253,0.0412185474606563,0.000839045922961194,0.0531109380130363,-0.0173227069200015,0.0486392036338235,-0.0350139033267741,0.0840087646012667,-0.015950651085662,0.0217568071881502,0.0320635977131322,0.0393485408827185,0.030209652083796,0.0540105182835223,0.0213449913288763,0.0532077089406851,-0.0379356369831985,0.096768963462026,-0.0202085797519926
0.0401965996222201,0.0410571243675389,0.0520350776623065,0.00142883562459218,0.0458728666788649,-0.0257801494050653,0.0642386635392704,-0.0239746470809061,0.0923578211524862,-0.0106740347130106,0.0369276987245465,0.0483777456059407,0.0510040878248439,0.0260124698454054,0.0479860374636304,-0.0215063513472542,0.0631624994309485,-0.0430488211217325,0.0908987940525891,-0.0240532413205969
0.0199085339739443,0.025839825476691,0.0492818961938555,0.013155444196042,0.0557618698447964,-0.0200730410058666,0.0502240792599958,-0.0334663162775299,0.0822362013750607,-0.0143855393795463,0.0200830011157863,0.0292775063353931,0.04806659462519,0.0308089001714319,0.0678903588371708,-0.017639700714799,0.0629265828959693,-0.0452823318502212,0.0860574976964187,-0.0287847183738811
0.00935296161160874,0.0149967613399547,0.0415857352977816,0.0385480270594385,0.0539726911508233,0.00969914302876699,0.0519126480699592,-0.0298966358411841,0.0565025600298531,-0.0338903800083117,0.0115497765753646,0.0217197911076105,0.035806632656878,0.0495318014519568,0.0535628123312502,0.0259492743578998,0.0641215289899263,-0.0314642330457468,0.0669490298591925,-0.0414983601109399
0.0139004129733927,0.0243703854652449,0.0545869113378356,0.0285375829438572,0.0557495273897046,-0.00539754537863305,0.052436296498349,-0.0283548736404858,0.0560972833675108,-0.0339975312873,0.0256470938586059,0.0387978922515954,0.0569789909155075,0.0262568778677793,0.0674548590476988,-0.0167621788460287,0.071925212501293,-0.0165849602668421,0.0749793572774873,-0.0390236261774635
0.0389235266431031,0.0293086112335242,0.0537163530124586,0.000631754203785341,0.0511441309263875,-0.0293159525271583,0.0521677395640691,-0.0341017464089973,0.0835910382508564,-0.0192999665145547,0.00953996982947395,0.0180402977395621,0.0490082830026952,0.0316440774936076,0.0661714081585586,-0.019946185410675,0.0554377449460285,-0.0446947482508001,0.0871521895582856,-0.0276560008693911
0.0150650455347219,0.0209374465650478,0.0562902441449345,0.0141928680748226,0.0535247092067202,-0.0175027277897454,0.0496681916630658,-0.0325357695698446,0.0782768760600579,-0.0231380693702655,0.020059559150215,0.0324925233703953,0.0531814399429544,0.028405557568355,0.0575022442534029,-0.0134609562558326,0.0612729326768302,-0.0328580906031129,0.0792572509711968,-0.0345112493239178
0.0344572312056666,0.0381436274476783,0.0570363193133758,0.0058964140408254,0.0661070538885914,-0.0135435929759206,0.0433488251054991,-0.0383313962215717,0.0545210123488929,-0.025478992133753,0.0297022518897221,0.0531209835061156,0.0295311545134555,0.05240486019251,0.00994229409592942,0.0226244020522184,0.0633367145124579,-0.000342825022927146,0.0609838468293081,-0.0444266447928549
0.0414843581647318,0.0312991423237766,0.0572906650369273,0.00211646985885568,0.0547777805767564,-0.0222609185414526,0.051736320233828,-0.0248039001490343,0.0871503776514394,-0.00575385132146408,0.0174228292795468,0.0285987994837171,0.0454971353721768,0.0355081690771604,0.0632272011348747,-0.0182812530661191,0.0535260945863414,-0.0308986284945279,0.0729223791617653,-0.0118970097430627
0.019049439628012,0.0231856470042019,0.0575512739655204,0.0168469324207501,0.0571929231142872,-0.0126598571316823,0.0478720409572305,-0.0293353122545798,0.0566906208892276,-0.0300964343703926,0.0094618341877893,0.0186788773566791,0.0483294222513725,0.0322205910218967,0.0585142874347746,-0.00724402808455749,0.0462645606212638,-0.0315751377670356,0.0535258671358342,-0.0377857172689357
0.0292780628246218,0.0152412989271356,0.0524081443164736,0.0158136235619712,0.0484112635097245,0.00487375118643801,0.0476953623352317,-0.0321209263914625,0.0760925782147305,-0.0131237816104064,0.0306296100138857,0.0313711314542739,0.051615699635571,0.0340218087923474,0.0469251007822049,0.00547245908084208,0.052327889848235,-0.0366881128929477,0.0800351021639963,-0.0206815763865629
0.0471147901778743,-0.0176708838519806,0.0535566017024364,-0.0339779047291261,0.0988566783390561,0.0038802338794813,0.099884253515358,0.00112660788119359,0.099876482235172,0.00114903469351795,0.0263774282349532,0.042456569674425,0.0446377933764149,0.0515951542691631,0.0504531718612451,0.0302607811775836,0.0622262750995871,-0.0154721827684746,0.0767601116031631,-0.0361015490047669
0.033464010635051,-2.16803243568138e-05,0.0495185419900032,-0.0246686703053489,0.0722248577852131,-0.0140300838189271,0.0981193125694596,-0.000273772185203514,0.0974758470689272,0.00184687183787249,0.0249209149918196,0.0197476117721826,0.0388457345834909,0.00475503021480967,0.0489960883349191,-0.00541481205644457,0.0594300797621676,0.0225388464305577,0.0498412774136735,0.0283819804077222
0.0208144618334153,0.0208871834923434,0.0507124685211965,0.0160543040460459,0.0538543651081384,-0.00535454648691455,0.0501213390647146,-0.0320257533089526,0.0764592193568664,-0.0276225900785769,0.0123345677795909,0.0239127345047593,0.0419262681672042,0.0345670874143654,0.0578247650598114,0.0126247780895645,0.0568689958423976,-0.0345795255516257,0.0734193757159705,-0.038504049175284
0.0130719394486361,0.00832748139751707,0.0398024755785668,0.0213594495624751,0.0574312346256055,0.0148311500775261,0.0511177928233723,-0.0196295655830871,0.0547150650461926,-0.0372741896575647,0.0238237090258882,0.0310272075327947,0.0428518719602036,0.0323298784989089,0.0664338092941414,0.0176254678781619,0.0482778073225751,-0.0190271603829638,0.0632929640126137,-0.0450647286269792
0.0143666994860586,-0.00339894100934557,0.0404778886953693,-0.0117452156092119,0.0482963524287027,-0.0245571593014633,0.0500387372384465,-0.0281775981489963,0.0735660755454328,-0.00235955778342459,0.0108210208322705,0.0135188023130764,0.0439229318247859,0.0189523477503885,0.0397154317515573,0.0190441024370594,0.0509644867310453,0.0302040893051326,0.0919972890611361,0.0051853194479162
0.0413741460639475,-0.0172443231801633,0.0518464056339057,-0.0285717182548174,0.0503893353612871,-0.0291686623613785,0.0485588492028277,-0.030170779287173,0.0740703037513354,-0.0173624244342699,0.0163376579760605,0.0267685479648059,0.0361373560423636,0.0498191480038533,0.0490578853919693,0.035306257810469,0.0473424854686567,0.0306268708481954,0.0839984742600194,0.00676578367492187
0.0544292319383421,-0.0213193158093346,0.0880273307734927,-0.0060860773431449,0.0998610742961003,5.43836921563725e-05,0.099269401636103,0.00146569172301566,0.0995827841797342,0.00126380597703235,0.0415032350513038,0.00881170556559281,0.0876488116537957,0.0232045035628393,0.0876623061986665,0.0271926166790349,0.0846911647824286,0.0341608629294848,0.0746407343330973,0.01691075526964
0.0114390667292426,0.0124998817782034,0.0404246872417676,-0.00139126361984428,0.0456934081475567,-0.0228434084953942,0.053436696709238,-0.0278858435931056,0.0961798023110111,-0.00713589622462216,0.00418105069120834,0.0140927146906059,0.0284901769644109,0.0344216287453143,0.0363152676853565,0.0309747281184296,0.0421851181229315,0.0306800918060105,0.0638739436899469,0.0253425380144859
0.0216629827318209,0.0169932968223983,0.0430123653084749,-0.00336722296381788,0.0478635123527844,-0.021300393804672,0.0532277977374994,-0.0298956939788349,0.07931921326398,-0.0141602588438918,0.0291065605716198,0.0374582568815641,0.0420328086690507,0.0326956506639285,0.0571570492639499,0.0210210202863603,0.0933530894771147,-0.0120141209694862,0.0931552431517943,0.000157240674414389
0.0283526046006857,0.0277036151650498,0.0489610723527105,-0.00329854430422391,0.0524466251804891,-0.0273518970016686,0.0516025943730022,-0.0237661183396581,0.0801197527054098,-0.0186004199272564,0.0177391426631767,0.0146509951659186,0.0486635459031047,0.0283182380897858,0.0663317834088111,-0.0349770882918464,0.0818471969909857,-0.0073765132438964,0.0941076856495745,-0.00233424654256132
0.0290722433979484,0.0327499053166471,0.0461545381147299,0.00357728381912608,0.0447342721363279,-0.0292592630286446,0.0452782951661749,-0.0388797684855431,0.0608080846656427,-0.0145726350562247,0.0375776365640757,0.0348112746314963,0.0515699944602157,0.0254126273197362,0.0531521546736111,-0.0332079554614267,0.0598330272674145,-0.0427037612390617,0.062438288897254,-0.00788010187330338
0.0249345029071295,0.0159544605875288,0.0430471920665944,-0.00511005215708695,0.0467933309847451,-0.0206607967828475,0.0495625192286097,-0.0307736819673769,0.0783419324090626,-0.01720394768079,0.0314202510048851,0.0385691983164093,0.0422593428209887,0.0335139350723135,0.0567825887546835,0.025649915493378,0.0752165640403002,0.0231447950601483,0.0931737202754737,0.0162345614490368
0.0177240145554061,0.0142196450401701,0.0460513266337849,-0.0058013061626446,0.0484771394113885,-0.0146074692223685,0.0483967144591044,-0.0268587016410477,0.0828278409308801,-0.0207317775991037,0.015478096696235,0.0133043215236984,0.0432437997320693,0.0223476344664689,0.0493408490525578,0.0181151134000886,0.0516947423909905,0.0246471772891078,0.0649418597154658,0.0161131371804143
0.0105579819927892,-0.00440927847235174,0.0372080426503934,0.000725320393355317,0.0513228588470927,-0.0188975134294806,0.0501962800227824,-0.0281057492963671,0.0842774636042528,-0.0112063651714289,0.0158127596753039,0.0189857974223438,0.0446003586217041,0.0275862478218072,0.0547422114981433,0.024587453406193,0.0718220559310826,0.0130343724145037,0.0954384350814449,0.0044279212103336
0.0126338656272222,0.0139561321672936,0.0055674778827051,0.00352640145286953,0.0358464240249435,0.0279548715714161,0.0429609025470529,-0.0207398735879146,0.0524690756470629,-0.0294032840387376,0.00967828527716187,0.0195405901437802,0.0309147439246117,0.0386814468892564,0.0522942425394672,0.037069444945995,0.0570187226393967,0.0149675680902888,0.0600539664422427,-0.0231299823912459
0.0326523863814863,0.0240750605598586,0.0501385914854298,-0.00519390864964044,0.0514076094733449,-0.0205829849763923,0.0511989490993318,-0.034872270122149,0.083881758471005,-0.0173777239815739,0.0194926606771684,0.0302127918348872,0.0438824389500787,0.0265023189335484,0.0584727269695489,0.0205906979798202,0.0614051992529945,-0.040153801399706,0.086804773150081,-0.0281042648047903
0.0183836789913199,0.0303506107290215,0.0443363396490576,0.016260542397054,0.0501093183645628,-0.00922893843166515,0.0456286417329137,-0.0285488625193583,0.0638673964613106,-0.0250756045512279,0.0290402549625146,0.0445089647622438,0.0489435019671062,0.0277760463657577,0.0553163576044497,-0.00416083845326027,0.0539836064852174,-0.0374792902332543,0.0855766876615401,-0.0283352400315553
0.021660976422168,0.0198243951640432,0.0439493356220495,0.00030737909628283,0.0510165627461569,-0.0170105418972031,0.0504814426315686,-0.0303182052193574,0.078369391108915,-0.0175829892954395,0.0337426293935186,0.0302546656458069,0.0503322923515471,0.022943360035282,0.0511828750999605,0.0259319869939039,0.0548342799041466,-0.0330911446627902,0.0885322579033633,-0.0259585504430496
0.0421616068836331,0.00679825947822098,0.0508455962928332,-0.0183449202854509,0.0513742331102371,-0.0288116853329301,0.0939236962014096,-0.015535941901348,0.100945903047912,-0.00504457399133807,0.041590127951592,0.0256537977488836,0.0540782480564998,0.0262273770212048,0.0716619495416541,-0.00010022152591381,0.0947760868604312,-0.0222532799655476,0.100610449170254,-0.0062460831376878
0.00806997343190303,-0.00495393321245772,0.0370305179792315,0.0082044037154013,0.0451661399693854,-0.0147642457872618,0.0474829153074104,-0.0278918476907163,0.0693439225723192,-0.0198119897012548,0.0128408278901413,0.0198489878815223,0.0317465760494004,0.0363898779526133,0.0454827752716512,0.0314868117005263,0.0586413710995415,0.01817061491438,0.0605889921964568,-0.0408062271102703
0.0163611379318259,-0.00143397454329784,0.050274485914265,-0.00513103305108656,0.051362918877872,-0.0216377254081079,0.0534780578964456,-0.0318592841308553,0.0854419146604282,-0.0127988507903748,0.00625876265227942,0.0037842681254814,0.0396732353733553,0.0255224613083173,0.0491105246101478,0.0283702051107407,0.0663526027245041,0.00548706896897968,0.0876730584768659,-0.0273386415320615
0.022076554920068,0.0305935892702873,0.0474535660819593,0.0169646416774816,0.0536877292771604,-0.0111919735988477,0.0478641939785351,-0.0388242115624834,0.0815330341198091,-0.0204563788033678,0.0177357031035267,0.0276200118529523,0.0484002579536617,0.0372943738738593,0.0584847361564875,0.00924824785096181,0.063384040343694,-0.0445105785172337,0.0964928988938958,-0.0129475241437311
0.0447459327922,0.0384775613187117,0.048124180925468,0.0280328558847126,0.0495944740006165,-0.0231267114479833,0.0761079070286179,-0.0164993896000679,0.0992460931007884,-0.00339447812692808,0.0299701624841166,0.0425219628371445,0.0426962121746595,0.0381393042693598,0.0495658533350249,0.0283493896390201,0.0638743117019472,-0.0121635697062281,0.0843933785011138,-0.0315920784119011
0.0196915740961731,0.0295845225678379,0.0556084769218572,0.0114389183342762,0.0553188507118833,-0.0111250068846037,0.0483142113271483,-0.0303127070635626,0.0692372136712419,-0.0208408935025352,0.0254813264278717,0.0388043150111203,0.0562097048090141,0.0215889143988744,0.0534462715451,-0.0222757925945542,0.0654835426952616,-0.0426389691593119,0.0925252435445118,-0.019230291038062
0.0280254354759515,0.0303995095469032,0.0471242235378226,0.0131442913897216,0.0538442299958449,-0.0141765016807285,0.0491386111390502,-0.0282118244039281,0.0767415599015622,-0.0193338519944494,0.00422345249099544,0.0131040597296693,0.0416618673758814,0.040427652420866,0.0521140829269434,0.0187051028577857,0.0637108676679199,-0.0430732522292168,0.0840838770029114,-0.0293900505205051
0.0186517397650024,0.0136173213007711,0.0528429640044489,0.000302091306873487,0.0516512575137708,-0.0150715933521318,0.048884298889128,-0.0356326026560539,0.0579972049980626,-0.0257568192431577,0.00541907541853685,0.0154870632616526,0.0448242865614404,0.025156553703359,0.0510390311824313,0.0253346365299549,0.0667189614756738,-0.0239863450486236,0.0696496151945988,-0.0399225740118616
0.0154743242631656,0.011476656291189,0.0391581826790572,-0.00282104230368862,0.0464435458934315,-0.0162567037415147,0.0497052864080715,-0.0255643801432472,0.0747538784055941,-0.00503732368696293,0.0100885759477443,0.0143334523718038,0.0354920394410352,0.0141243590062392,0.0413309990710428,0.0224685449727947,0.0482120317777669,0.0252723487074587,0.0778600862655029,0.0151720494409085
0.0201226038522973,0.0151361385592959,0.0531462479989769,-0.00799043168950814,0.0492536375820991,-0.018871700285942,0.0486498813566158,-0.029898069103812,0.0827388742663194,-0.0159936806376109,0.00764727703670741,0.0161475858289561,0.0498838879184895,0.0192075166537555,0.046496176328305,0.0290418258561822,0.055715669655395,0.0223623785093048,0.082680030788584,-0.0231080829762896
0.0137874676458589,0.022310216277078,0.0501116670060114,-0.00195846754779415,0.0485361336611489,-0.0182699357586494,0.0477804905442222,-0.0314182251732802,0.0684174777326747,-0.0162484317003823,0.00996649041965628,0.0179647740704402,0.0491662952779863,0.0490643498695331,0.052247151147223,0.0323191489562397,0.057926811582259,0.0143202024791379,0.0842462247350529,-0.00840764079179808
0.0142538642651213,0.0226653784438459,0.0485228063200554,0.00673567528061708,0.0487649184317968,-0.0166823592458715,0.0527635935599448,-0.0305169873331029,0.0867762581788227,-0.0188652882837061,0.00575301709206179,0.0129798559514344,0.0357737586016112,0.0351699621091611,0.0438552153806633,0.0269115689060455,0.0609878879565577,0.0232335542334169,0.0832622110018782,-0.0312284097615818
0.00702965564265246,0.0107225065010178,0.0434764483602327,0.00607388785936088,0.0475505519020452,-0.0188556831891936,0.0494441664251947,-0.0269546779094134,0.0744866417239027,-0.00598988250237865,0.00738817069856276,0.0140464421915654,0.041480266233461,0.0299527747439169,0.0500553475956909,0.0214080489713288,0.0510478447638928,0.0242365950906898,0.0870752626537749,0.0126556704899161
0.00729357581065346,0.0161905352722838,0.0465452509781095,-0.00627472116463221,0.0496758854888675,-0.0259588308389979,0.0790245120980103,-0.0259867983133786,0.0983217999019153,0.000526501350404594,0.011598413027141,0.0211047153959378,0.0337516688096331,0.0449999865334476,0.0505148491330945,0.021381161555331,0.0730556226848864,-0.0352498610409123,0.0941825769729278,0.00766000686145243
0.0155665076854469,0.0316898073359963,0.0410585830099808,0.0267145079394281,0.048352253479897,-0.00549414551668908,0.0457186920584234,-0.0354661736679395,0.0725180676167528,-0.0200664521935108,0.0206588206788859,0.0339250278709809,0.0441913770064816,0.0450210101939083,0.0542335257385764,0.0201817144221099,0.0518375008811293,-0.0486704950872863,0.0876009442692443,-0.0293909636786707
0.0175733784472646,0.0167399780066282,0.0418609987685214,-0.00187789637148467,0.0480753847088607,-0.0215620245307656,0.0688062748699281,-0.015771055203378,0.0952690466294706,6.79070818243191e-05,0.0369772943191225,0.0388681381587017,0.0455366825632575,0.0295712044370728,0.0594242993161456,0.020846747542827,0.0769521784593393,-0.013777472609167,0.0914070746798564,0.00825114083412049
0.0108534516230755,0.0235198213554856,0.0408068571397464,0.0336580640543988,0.0512589395380323,-0.00286009978268999,0.0457307125167916,-0.0385295898537918,0.0704601414233983,-0.0201139546288334,0.0135306641513629,0.0217216303125083,0.0325066728970815,0.0429154586879385,0.0503804641955362,0.023181698390259,0.0580081238366761,-0.0439826416079444,0.0884480291197808,-0.0209931989564054
0.0254481985157666,0.0207476815305709,0.0554026754765883,0.012519929816643,0.0500040047798735,-0.0117068791237177,0.0510075022425982,-0.0277346088317368,0.0771547082712649,-0.0228829325509356,0.0183500430422937,0.0143113528749632,0.0461342261709038,0.0190879133187278,0.051790262663876,0.0273325878179095,0.0634232095041328,-0.00194719310852258,0.0921039016345561,-0.0247460895711873
0.0191772424504968,0.0264699361852736,0.0406654268439951,0.0197044547624545,0.0467753979043692,-0.0189916629933596,0.048981411164589,-0.0256616020865513,0.0784742166172012,-0.0219006803103686,0.01294191449351,0.0198184477375639,0.0420609035751359,0.0262966571081838,0.0484563231324873,0.0224518935957319,0.0544190745078733,0.0265657588265968,0.0838943051722166,-0.0272581380247678
0.0259014687500406,0.0329059019506653,0.0464178231821242,0.0162338051556316,0.0496838595081825,-0.019802603914905,0.0504384444926146,-0.0316074555743827,0.0831013200895011,-0.0111793794903463,0.00602440363164676,0.017494110813551,0.00740888525228075,0.0176751699895863,0.038921469124487,0.0424375788652201,0.0525292256287647,0.0272717243230716,0.0804858837940967,0.0038066618458458
0.00285060544087096,0.0136312502993543,0.0507516473406741,-0.0171850073390535,0.0394398333510291,-0.0373612609775521,0.0604721806527743,-0.0267045564018625,0.0969759052132201,0.0132229324397625,0.022884355301866,0.035117595326029,0.0397171651728989,0.0450290014752952,0.0500465818381028,0.0337660302315031,0.0552399687358162,0.0127791263308472,0.0865999550524098,-0.0250588309268744
0.0246675279670558,0.0234617547931216,0.038824025994054,-0.016395046219994,0.0460121946445298,-0.0243077138209582,0.0525559223305152,-0.0322394861508529,0.0776538701819821,-0.030803412528333,0.00458495306385909,0.0130969096371291,0.0403538096134615,0.0334871799678845,0.0447586242083053,0.0292158844685838,0.0658234010206482,0.0182714957565013,0.067412009369483,-0.0436002079099955
0.0174487616239658,0.0279943327387852,0.0444385627262146,0.0111849651932496,0.0478052122290778,-0.0136402985131977,0.0511592743013743,-0.0459160553825869,0.0746923501432593,-0.0221498879044707,0.00628850219547417,0.0131912476838494,0.0378486785777368,0.0437819827378907,0.0504227812097431,0.0257803847648794,0.0530294067574643,-0.0316729680338981,0.0836055351145491,-0.0297980319894238
0.00472114648091836,0.00995982221562046,0.0465130096951649,0.019169287939102,0.0508908554905673,-0.0135366218167137,0.0512348440138945,-0.0330103827299698,0.0833303834831997,-0.0174091686084671,0.00662954700380489,0.0170250269403937,0.0356823206793155,0.0343531189335558,0.059264811292389,0.0172524795270242,0.065398231630529,-0.023918023489456,0.0971039229717162,-0.0161072752794196
0.0290846122030869,0.033134879556499,0.0410493624777494,-0.00601978231535715,0.0470913245125641,-0.0195916544748712,0.0521051085512776,-0.0329073587319335,0.0812979992558852,-0.0202147684294997,0.0254999287095135,0.0338439712015774,0.0443647385396495,0.0248364633265363,0.0509728326716825,0.025004615750064,0.0633854759745285,-0.0095378536341856,0.0916009703541839,-0.0252213347577385
0.0342673692348728,0.031876467429592,0.0459217528354461,-0.0213973020596431,0.0630047965760546,-0.0231408469804588,0.100245133278311,-0.00235500539055708,0.0984745159092234,0.00197564520853872,0.0511035435574787,0.0468155785397168,0.0504719558177797,0.0388997093087944,0.0622413190864653,0.0163592766987593,0.0825352984477496,-0.00437776515717629,0.0916813092794139,0.000523374854480788
0.00421042838860827,0.0119058942149466,0.0432490340024087,0.0391982309357745,0.0538501121479533,-0.0146542128480127,0.0460151956755696,-0.0373828969389244,0.0911095146190404,-0.0138840174135779,0.0242899385700845,0.0375009345650404,0.0447205540029702,0.0403761801830793,0.0574561294772713,0.00778820580708893,0.0519379878514373,-0.0443451151977358,0.0990553174799654,-0.0210002569868702
0.0164053785380527,0.022951654192182,0.0464017128105531,0.00228146002801019,0.0488845175204456,-0.0171103549377166,0.0497580499326659,-0.0290788804359828,0.076395819374686,-0.014421651008454,0.0232145895067604,0.0358113026295191,0.0436460437806484,0.0234871997999841,0.0511980668930074,0.0244564404601573,0.0753956471954421,-0.00729879095151671,0.0946688657701054,0.000327120169976268
0.00602616430225411,0.0103793488772141,0.0294690171235032,0.0307591179284851,0.0516186690154724,-0.0165750160728089,0.0561353377174798,-0.0380685441081029,0.0979980972201737,-0.00643787524164646,0.0235783953066599,0.0378488953109807,0.0112389367346662,0.0206103371961445,0.052560882423278,0.0201395696416531,0.0599924549260034,-0.0386990625926419,0.0977112791777976,-0.0222535616291363
0.0130376782751458,0.0220716557145841,0.0471750381240927,0.00624421183536321,0.0534162937482709,-0.0218475194080111,0.0511156277261166,-0.0408387043576206,0.0842438818333801,-0.0178435916670857,0.00867769589578056,0.0194801217622511,0.0448204371898536,0.0356822406295477,0.060067339184725,0.0145787228191008,0.0713168700292868,-0.0384148446573591,0.0986084483506228,-0.0181181497991575
0.0172115529527825,0.029879746120699,0.0404494061813455,-0.00724271753336462,0.0468977486444419,-0.0225368048593528,0.0502088779423678,-0.0314861254086984,0.0900486859808772,-0.00728908474969035,0.00561657620637297,0.0151737070702362,0.0392922321493979,0.0472425508273455,0.0437758738694723,0.0214440571958298,0.0475333767279462,0.0281964972123148,0.0695111100571809,0.0172155225336029
0.0226261686051301,0.0337261459852257,0.0459810955838504,-0.00192445758670181,0.0486263660515362,-0.0180760908889294,0.051169758450622,-0.0299964705079237,0.0956536096629917,-0.0105855300422474,0.0236361850464727,0.0319381961102033,0.0440937868220536,0.022409882769283,0.0462897610416862,0.0280675923552939,0.0620512611238822,0.0166111896180042,0.104974681568902,-0.0146749563352827
0.0303332471709659,0.0181142375393447,0.028480376527198,-0.036787214594309,0.0495863099432414,-0.0215563774531339,0.0533471662950669,-0.0240962017504325,0.0640480834911135,-0.0200097198463247,0.0262029570796751,0.0448663685463197,0.0390426403734616,0.0480077606086712,0.0487826430609082,0.0354254870770214,0.0647999533244906,0.00844562477723068,0.104095183386907,-0.0186571567671398
0.019217069371731,0.0162829498276449,0.0473951103679921,-0.00952933969941434,0.0477142633150077,-0.0218382437714646,0.0623677893644199,-0.0199056114870889,0.0956517703932449,-0.00534062313451066,0.0124099767317024,0.0251094983790246,0.0446744579783699,0.0258633997098379,0.0450996664949996,0.0345840966597867,0.0554824432101708,0.0256538584528673,0.0942817109554699,0.003239471588549
0.0155034907687434,0.00836395151594243,0.0411923747957653,-0.00806197834241015,0.0457068486080581,-0.0237257123394914,0.0526468225075049,-0.0265496488886979,0.0829093094168886,-0.0103394388682026,0.00337841778092016,0.00990060781335606,0.0116355071915655,0.0209036305336661,0.0364684696689344,0.0277527049616498,0.0456197606075302,0.0296412996260011,0.0603265468614278,0.0231354622809216
0.00769081151939114,0.0115849586013827,0.0419418005457683,-0.00672074715798442,0.0464501708338268,-0.0248281864426474,0.0521711386705323,-0.0286658531988017,0.0820965645472205,-0.000716309094730099,0.0057274727273273,0.0157746097800187,0.0441704906366378,0.024787537231718,0.0478767430752921,0.028555458845434,0.0741167039770952,0.0182051229891193,0.0923764966595852,0.0121328185865155
0.0126489107683141,0.01858004962523,0.0449581025358218,0.0024871555852858,0.0491722980641964,-0.024025974949033,0.0503653070941385,-0.0294949922973526,0.0883281054499653,-0.000700580464541972,0.00890421873544561,0.0236830255618044,0.0277536743348768,0.0415699599423186,0.0427556130027223,0.0297002395407541,0.0520892018244172,0.0295169428509784,0.088942335873547,0.0189160649413155
0.0123520020620623,0.00168007972679575,0.0466244177783662,-0.00328408707710364,0.0420824025893475,-0.0409432152853627,0.0428599589442041,-0.0341192772030413,0.0809826346295028,-0.0128636099143212,0.00262432681783349,-0.000712404944954484,0.0113449026530738,0.0252525098261474,0.0342110855335108,0.0442611361274818,0.0493314863412994,0.0307982667604218,0.0746673902208443,0.00877595584891193
0.0161362849581872,0.0197020638098975,0.0487737261658749,0.000736322803549784,0.0504049855566004,-0.0187919164625114,0.0503958351077077,-0.030823528232188,0.0847745943403995,-0.0164437469532185,0.0141064437282135,0.0230387983754082,0.0414037688842126,0.0335924707699081,0.0476125826219445,0.0279809515248447,0.0555023493910645,0.0246571266950298,0.0863143715944261,-0.00825320630394933
0.0386510235044768,0.0351456209134179,0.0537885005082652,-0.0168060445313197,0.0513373575386753,-0.023096141121494,0.0508388134100324,-0.0244446042558829,0.100649386547175,-0.0171218001308866,0.0130098945581649,0.025385042683681,0.0448359550922252,0.0292333458783836,0.0514563974036776,0.0294163064241868,0.0505696709234536,0.00533594203172612,0.0975530314424615,-0.0215920348330166
0.0160962802571821,0.0261230027158162,0.0456279653991064,-0.00762637763481247,0.0543735799129941,-0.0269215839652045,0.0501485485823817,-0.0316273374678622,0.0866889759694189,-0.011122050833624,0.0148561860179481,0.0240785461143772,0.0425286094406848,0.032300342867604,0.0650985115043796,0.00743333792538712,0.0627954867825506,-0.0274600769915563,0.0958316786774797,-0.0208649387440604
0.0415167004668948,0.0151013330773314,0.0477570356385254,-0.0118349300661587,0.0503641977693859,-0.0232134269619243,0.0534189290302268,-0.0327495355209238,0.0972921755387541,-0.00834709623889865,0.0273144382175537,0.0317770599780057,0.0447057098826828,0.028797093523875,0.0509522903820484,0.0311007847418671,0.0621644526141961,0.00354243679663586,0.0983079412376466,-0.020245808953667
0.0472946654450845,0.00263015853632409,0.046523131954542,-0.0310143154174535,0.0820620592084105,-0.0140168032569526,0.0993331437907645,-0.00127069780093589,0.102123428738122,-0.00601051095612616,0.0104159957073155,0.0242860875444007,0.0320410775743797,0.0426010892443733,0.0425432062462416,0.0375709653660639,0.0533874042248974,0.0263881086559208,0.0704728953181808,0.0143828278369516
0.0360073310693126,0.0275535084550248,0.0469773939911535,-0.00977736380296856,0.0500115554346756,-0.0249500377673186,0.0547685173459238,-0.0316325338347897,0.0821287474795717,-0.0175002175782559,0.0173149468159716,0.0285956249534832,0.0485474236486129,0.0418420746492968,0.0485730261758838,0.0289543491140433,0.0637705872204044,0.0188927244441014,0.0863169443720969,-0.0130386917123569
0.0103734988678229,0.017969315743435,0.0507897244697204,0.00125745623363591,0.0525049227867656,-0.0189732727544095,0.0524551465915218,-0.0305000687054656,0.0681792583333084,-0.0295724479793746,0.0225200066450281,0.0356530213165411,0.0441668194118381,0.0311699971453155,0.0503615933118566,0.0298511977402277,0.0641495404932006,-0.0227383523359997,0.0830378477075377,-0.0302323830235023
0.0105153736620764,0.0210723230034665,0.0383528788960484,0.00783325512613929,0.0503053155549941,-0.0210648374870208,0.0510242029254535,-0.0306857082700594,0.0747186465426297,-0.0279163590422176,0.0162792468485742,0.0283028351755014,0.0477029463222008,0.040161007463942,0.049385323113743,0.0305375591319833,0.0704330224266919,0.00156202408310284,0.0814862421087761,-0.0328797079876295
0.0418381479932026,0.0178225830967233,0.053389079818383,-0.018791411616332,0.0522017698309293,-0.0267061946385813,0.0468043976097462,-0.0358607096525513,0.0551350766349706,-0.0321549905070003,0.0159497789432439,0.0269610674987112,0.0481716901589904,0.0271344327190498,0.0708340764453191,0.0203572053222515,0.0728711758077994,-0.0329085760580624,0.0754227429471341,-0.0365997567254489
0.0346026819734766,0.0438605859237608,0.0321377117781889,-0.0280200124100027,0.0544165316373643,-0.0219520019013485,0.0495090233724352,-0.0294566201692892,0.0863395630779825,-0.0144599146127052,0.0186396185383189,0.0350684234054198,0.0348301550604938,0.0438889618415911,0.0463301396935891,0.0332325768663157,0.0526323910345778,0.0278002057003923,0.0729118487011415,0.0211857291963319
0.0364616181934437,0.0130420373534705,0.0470083959209061,-0.018479213727177,0.0498297682456155,-0.0295333106683361,0.0938330794669386,-0.0154507378907148,0.101907943119713,-0.00644291569196003,0.0306406115340686,0.0236863523151054,0.0422362914250614,0.0229344320171256,0.0482578991388073,0.0281219969420056,0.0747214168638023,0.0132366579841072,0.0976456151659493,0.00247172853516921
0.0205661320699166,0.0270135528150294,0.0432375867860434,-0.00333153352934056,0.0487999386055623,-0.0211503514514455,0.0540689763353683,-0.0355526174670109,0.0845421052324756,-0.0138271853251744,0.00468176809723867,0.0125798134778307,0.0315712600701658,0.0390541260729418,0.0541309003789984,0.0261187359247644,0.0622073134696713,-0.0308024489037167,0.0924688350913423,-0.0237964990588445
0.0198649179407132,-0.000825499663598546,0.0393613297015243,-0.0341966263212017,0.0402710348660591,-0.0349488636072155,0.0519791848061847,-0.0296634056036169,0.0817394740079069,-0.0130339329444224,0.0269527340377426,0.0439779489686972,0.0401878186062956,0.0403563947688757,0.0487317107595905,0.0306403109160395,0.0612962538978685,0.0176538168117217,0.0889493233389441,-0.0021486285934924
0.0370325594183513,0.0143263131415988,0.0399344653693404,-0.0275556262509119,0.0476374100690284,-0.0292611550189802,0.0671945944167477,-0.0210667062656091,0.0920207664415863,-0.000500488933952979,0.00258178869141143,0.0139916543206538,0.0290639052321565,0.0483943392655564,0.0376807028300071,0.0414470511986251,0.0462646817807139,0.0315453687683724,0.0734342164797592,0.0156460097935388
0.0409551627079272,-0.00137069430039325,0.04053131912172,-0.0308066151064116,0.0478110858928759,-0.0319510460658137,0.0758520440890986,-0.019048775844584,0.0989210865627524,0.00416469709734887,0.0238627066558751,0.0290983091491683,0.0396236603399312,0.0338543996919786,0.0471918903712796,0.0300741175865327,0.0546392057764621,0.0255854910181212,0.0868175651238254,0.00233202925239185
0.0278258619692988,0.0187367523205447,0.0316802897781693,0.0197818099502468,0.0486075969787749,-0.0294683182742025,0.0499752638915619,-0.0280022512515734,0.0777009294934896,-0.00959065378808107,0.0248314966892682,0.0441610774499201,0.0395676239526312,0.0467337795635982,0.0506522452208333,0.0272789056868253,0.0792439357663144,0.00565465035952815,0.0993812221261728,-0.0014213531493091
0.0227028302939785,-9.28371047168626e-05,0.0400390108729449,-0.0228493295613577,0.0495843253888216,-0.0295409136981362,0.0731132454644619,-0.011321902181212,0.0980012777255871,0.0112336230339531,0.0247269488868868,0.0204889639644352,0.0389252671596961,0.0280369974135127,0.0471254073170506,0.0294371510419923,0.0645529433969537,0.0222402680322308,0.0845815713872595,0.00844572408189549
0.029307896287452,0.0144133454262726,0.0409041255250288,-0.0259302666391836,0.047948498145947,-0.0300956739129517,0.0748486351348891,-0.0205427402889431,0.0960092144732246,0.00095528312029418,0.0264314612835745,0.0203981700007649,0.0359076135112246,0.0280348808761355,0.045423539896151,0.0295086853270486,0.0689370893501969,0.0197442308719251,0.102947644310708,-0.00558512308785603
0.0196946516126958,0.0117515128620039,0.0399043493287067,-0.0322828362048072,0.0425977480652336,-0.0386637800793181,0.0509865351401424,-0.028623374906407,0.0879988351836601,-0.01561944938201,0.0273985330667343,0.0288112781132075,0.0336522541131625,0.0306699965621927,0.0441305104221326,0.0309587634227156,0.0541975902661154,0.0262905256998453,0.0760184721153857,0.0131252773585607
0.0333826001304343,0.0235232162530691,0.0445038091915079,-0.0113526895846448,0.0492762434420392,-0.0249110335295343,0.0525907057000808,-0.0420006303933957,0.0875729566836761,-0.0098608320768011,0.0311438408469108,0.0314321333415309,0.0389429085910933,0.0325718111810997,0.0470653899850308,0.0285183343861175,0.0750058429708357,0.0142581026454515,0.0969372113163982,-0.00268058514891609
0.00954708360008416,0.0161599309216281,0.0480687371357928,0.00196195663530691,0.0480424721517608,-0.0364890278736356,0.054350000809601,-0.0347692181477169,0.0855175272709514,-0.0117335143558493,0.0141760835065357,0.0221208428122183,0.0310061314337328,0.0302623598431397,0.040818496749067,0.0329357883098586,0.0519445090130459,0.0282726733050903,0.0813790767684399,0.0108624529104739
0.0112799497773969,-0.00345608497210736,0.0417260990884782,-0.0224609218425451,0.049536151273628,-0.0328588406802047,0.0817727068408293,-0.0165336438900252,0.101814592549912,-0.00358932857977697,0.0178532202107128,0.0217561967931773,0.0338845091866706,0.0357670925732641,0.0470335158522659,0.0294639898840234,0.0654200720345904,0.0198576025912156,0.0919411482236116,0.00190871264406514
0.0317115392175953,-0.00744511560180001,0.0438164036703474,-0.020637577514312,0.0483100108338907,-0.0313245395628913,0.0596805308298439,-0.0232652643144834,0.0748120689675965,-0.0148427928602263,0.00533621458250292,0.00561255951441987,0.0340316547851606,0.0307827563133261,0.0422762061612301,0.0306591634866733,0.0543168282845588,0.0254935471403162,0.0797487393943397,0.00988946745788606
0.00770440674411497,-0.00295851824097768,0.0284810011642081,-0.02680486654252,0.0454116785480671,-0.0306491363766316,0.075492589639624,-0.0234348539076388,0.0979004921621622,0.010175955801385,0.0321654911470014,0.0346425504268642,0.036881212429383,0.033812026770092,0.0512601012216764,0.0302881568077901,0.0669544456622185,0.0188928920985073,0.0899594671996568,0.00518233453509862
0.0259581905186163,-0.023249175333749,0.0437317369551051,-0.0261516881405018,0.059598115989239,-0.0284588877203241,0.0630192737740291,-0.0302627824311022,0.0870099103273402,-0.00331398242194783,0.0142266688732323,0.0294582075190527,0.0260268066597745,0.0373835449846058,0.0421093947028827,0.0330585321898659,0.0531133352283262,0.0265945501159549,0.0893064208819627,-0.000391678462435107
0.00695330724228863,-0.015571456319464,0.0194292508643336,-0.0276018564966535,0.0388691491134211,-0.0288214374472008,0.0636816475332096,-0.0278132324376163,0.0857431699362164,-0.017464308703154,0.0129495003153016,0.0219926091085587,0.0319358387484991,0.0345730204027227,0.0437848854058442,0.0317713832394173,0.0568645789738786,0.0208998645901219,0.0712709660910303,0.015877420904022
0.00799878894609271,-0.00563465837475828,0.0123391990369315,-0.0131210281153351,0.0317545086706533,-0.0281714187324363,0.0498803296254391,-0.0293361758779191,0.0807846693262705,-0.0209720429530195,0.0108719310202546,0.0184000511962511,0.0281181156301966,0.03249308240191,0.0384794472587478,0.0330006006893561,0.050102462106273,0.0279191849766276,0.0783505357671533,0.0124572568467425
0.00572041728541459,-0.00440446296406964,0.0134388904844043,-0.0142076281025237,0.026864103963288,-0.0243184710081307,0.0472734626968816,-0.0285624843118326,0.0832959820046928,-0.0147822277268569,0.0202701251263863,0.0157620494509865,0.0328496559449018,0.0234556422341477,0.0436724947836589,0.0269148584941241,0.056446384475119,0.0257634411714488,0.0858725017419033,0.011487898543048
0.0122739835472128,-0.0100321597447983,0.0280282304966787,-0.0225030962587487,0.043530204313495,-0.0274849834392836,0.0663202376974169,-0.0286180327257423,0.0847896546621067,-0.0158758993140599,0.0262204151128258,0.0191661959727396,0.0360106937777427,0.027096363263544,0.0438266660157569,0.0287844220978131,0.058143732029232,0.0248645558118825,0.0824133823730208,0.00993085797967849
0.0116003887197803,-0.0101644376370131,0.0297361988556543,-0.0228339363474658,0.0421696540120606,-0.0273447408725478,0.0590533151013025,-0.0311412202807575,0.0808575947826538,-0.0189062450163737,0.0187491961198569,0.0234969862402075,0.034030724524813,0.0322632420327805,0.0433527553260144,0.0312241612829204,0.0544429830285022,0.0260789092487089,0.08523472651995,0.00881061312466737
0.0186271549570756,-0.00769338199987753,0.0357256375774501,-0.0194278357542684,0.043864088423282,-0.027064890956881,0.0515298738074633,-0.0340538916485994,0.0837243628961856,-0.0182629369254543,0.0199987977199809,0.0197841117732235,0.0361248165623568,0.0283815318728713,0.0452341072508662,0.0291100947904679,0.0587294649646624,0.0244201033899818,0.0884011777671869,0.00333486907362062
0.0227745669585428,-0.0167843755520903,0.0399521410624155,-0.0305205294014468,0.0456428862434671,-0.0340154583947747,0.0480408097490753,-0.0326638528719601,0.082463842432098,-0.0191445797854926,0.029471363332317,0.0275401406072238,0.039637720871395,0.0295001841093356,0.0486246344816691,0.0274057097384622,0.0649452385491306,0.0214012861444212,0.0866389414054881,0.00582447146072218
0.0227211549756117,-0.0166671515253312,0.0378580051822046,-0.0261496705852589,0.0479028438073097,-0.0297270083308358,0.0667510122862991,-0.0236344221340375,0.0841099095110573,-0.0119155313198619,0.0198577031897543,0.0186777433326847,0.033257399243379,0.0258767533202931,0.0443815267465926,0.0286533387823441,0.0520019960228022,0.0273474798629901,0.0732851787011598,0.01540076503797
0.00939414955149431,-0.00239510799978633,0.0262757704543719,-0.00888677521588854,0.0434855641312657,-0.0275972035510395,0.068144401948172,-0.0251913353455563,0.0952622947844432,-0.00794303081858497,0.0157515614872119,0.0184902334390263,0.0302409642669272,0.0274901470669346,0.0415244852141531,0.0301955166491576,0.0522701427266603,0.0269415297368052,0.0735921815160593,0.0133971541946157
0.0235094303240439,-0.00824794269363288,0.0418007829923103,-0.0242501639465114,0.0487182428418091,-0.0304366833402635,0.0613606556807013,-0.0229031312267366,0.0981744679006302,-0.0071607646336504,0.0159594958906768,0.0217724854849159,0.0267850492751267,0.0296553037922651,0.0449974259996642,0.0307682127540519,0.0541077521382026,0.0271021647263223,0.0728007441705421,0.0147792436302773
0.0252831978398572,-0.0226611312562089,0.0319116528611864,-0.0264642192126865,0.0380661866557303,-0.028820206827536,0.0518524154413942,-0.0279071106518999,0.0836373533995735,-0.0151669003753467,0.0126960299638878,0.0192824821854829,0.0281059765552004,0.0353331187553517,0.0424815961064623,0.0309543333984946,0.0559951614298436,0.0266773783021095,0.0788409608567689,0.0114585623572401
