u1_1,u1_2,u1_3,u1_4,u1_5,u1_6,u1_7,u1_8,u1_9,u1_10,u2_1,u2_2,u2_3,u2_4,u2_5,u2_6,u2_7,u2_8,u2_9,u2_10
0.0367321646407333,-0.0184981020804863,0.0457097849572128,-0.0264629109421695,0.0484193293995079,-0.0296457922198366,0.0683292516482066,-0.0181921998122837,0.0852204758727978,-0.00282811125517131,0.0167896606853296,0.0148679240300063,0.0363980521380825,0.0256929564190399,0.0510358554994797,0.032503261298695,0.0605986792104404,0.0267225568501269,0.0822842300737921,0.0124410977703634
0.0379462043258224,-0.0106001194246609,0.044740277415696,-0.0267835576135256,0.0494508091807748,-0.0292454561232233,0.0629527601709762,-0.0203966843368503,0.0946744011305663,0.00488085887921902,0.0148952764094962,0.0143061622164693,0.0413234771482771,0.0238312594789289,0.0528754154633975,0.0308873562079088,0.0535317461246207,0.0312707796186969,0.0764041973962753,0.0177830630136519
0.0406732342109396,-0.0161409365485643,0.0469917545446136,-0.0270203048984511,0.0497501332983904,-0.0292397287161511,0.0501155871419985,-0.029243289964466,0.094070578857009,-0.00672960305111652,0.0165664630152925,0.0164050127267704,0.0361515561433306,0.0273814854471373,0.0499559248125345,0.0314890837900249,0.0632114137879322,0.0239044613039342,0.0813508995967598,0.0144570635515562
0.0354593918525373,-0.0157233666027481,0.0417095207606076,-0.0260678649655938,0.0482817840277534,-0.0304498606116916,0.0505206229288155,-0.0273930043818549,0.0879821471537001,-0.0108155320989556,0.0249019937747134,0.0233313773532725,0.0431366917205247,0.0249278094499519,0.0524367032494306,0.0263352454368116,0.0534582322115673,0.0257738085412507,0.081982594143307,0.00976709486670225
0.035092575648312,-0.0129776372898253,0.0460241848818763,-0.0249410250255577,0.0488735863407907,-0.0295525433124989,0.0499483946916622,-0.030089507761176,0.0717427643848282,-0.0193961613450774,0.0283555377683894,0.0196346592126122,0.0411846317461884,0.0243931509122454,0.0493464392136521,0.027469249289106,0.0505560419525131,0.0284474528547348,0.0805341618977916,0.013484232651794
0.0351860822403346,-0.016942076514467,0.0457065310757588,-0.0255397861475121,0.0497972986428431,-0.0297635894239809,0.0503794245155787,-0.0299241970254143,0.0809835832943563,-0.0164981847986903,0.017959470793339,0.0202905350193071,0.0343787665604213,0.0256683601349171,0.0490805290653574,0.0274135145023589,0.0535822594297635,0.0277077179108544,0.0789625414624018,0.0122767407858269
0.0233812674592902,0.00660209296351538,0.041187677597485,-0.011980474828152,0.0494630040860515,-0.0268142624244389,0.0496508519149238,-0.0291262002741081,0.0682212497905092,-0.0174291525479364,0.015691925582737,0.011674691705861,0.0311431302288754,0.019197353989097,0.040106158196277,0.0241187109507721,0.0507161758542543,0.0302936703281638,0.0801830892966725,0.0154452095358226
0.0295428742035598,-0.00467304387534315,0.0454180856753093,-0.023021808876702,0.0490774685638676,-0.028340914521388,0.0577556318826797,-0.0227242709459521,0.0929271306491285,-0.0083079683568919,0.0264139227241469,0.0201768441677451,0.0405021414584382,0.0268404603616967,0.0499957981847074,0.0298840163878316,0.0530602165767527,0.0301217154906563,0.0863955950439471,0.0120712755088634
0.0434858041226824,-0.0248288795233423,0.0493717527393523,-0.0281927767994182,0.0496949004510118,-0.0287188734316763,0.0490741416692154,-0.0300777870542376,0.0718742877606995,-0.0165834349595616,0.0167890133159786,0.0131002929603169,0.0329218208265808,0.0215794891861173,0.0458883504050138,0.0273735477934241,0.0545940168725227,0.0278485302646093,0.0863288863842408,0.00975183751684
0.0201024538427172,-0.0094332680371011,0.0452423245256404,-0.0277804443447264,0.0485621392841827,-0.0288778609428623,0.049190665038182,-0.0298546309784209,0.0603228143622509,-0.0175845155418034,0.0130317587761472,0.0118796945347974,0.0311299134756145,0.0229039260079435,0.043938410539352,0.0284304509058278,0.0537653933063455,0.029489674753507,0.0899186754143553,0.00926990020351814
0.0362161258386513,-0.0138596164402738,0.0463847378334989,-0.0270325338404636,0.0495211887086786,-0.0284281205104551,0.0477753527928053,-0.0300320181482171,0.0509570002589226,-0.0297051672474519,0.0120156262170925,0.0102135577901885,0.0304882607018761,0.0220771040982115,0.0474308858606484,0.0292486157054021,0.054650005451936,0.0305451244714615,0.0879707368149407,0.0105676657091186
0.0309259039817392,-0.00845055582293259,0.0493728890939477,-0.027101500308707,0.0497586818816295,-0.0298553013932332,0.0493303243022643,-0.0298707384004623,0.0865371196469308,-0.0112129291802052,0.010529866151474,0.00801130685315277,0.0272158334075112,0.020532417920898,0.0468596474601158,0.0282738335998043,0.0532443384312022,0.0304044522141717,0.0858593294558859,0.0114332248781211
0.00277494961909903,-0.00327629352404495,0.00378745031765503,-0.00906590494154969,0.0399572777314876,-0.0181802903741945,0.0496564842555531,-0.0292831309021161,0.0766574924886327,-0.0177951906710944,0.0175798845039245,0.0119925486236602,0.0332074468756737,0.021206915359984,0.0449863364790668,0.0293168286242731,0.0556089170624025,0.0304993131155089,0.0939973896195415,0.0121414691624545
0.0348753834189475,0.00882533619512195,0.0425128464655355,-0.0073022761051899,0.0503689265808451,-0.0236175983615671,0.0498235840307889,-0.0298203207303267,0.0660380497371436,-0.0212161447255796,0.0209572970406384,0.0147216220099098,0.0407117660503435,0.0243785403616583,0.0497089121046008,0.0289784686792168,0.0671521716914502,0.0182232665210555,0.0930358882468107,0.00655792444937805
0.0321369520783993,0.0145965499304374,0.051379028596001,-0.0029823004700599,0.0597425168982486,-0.026117039713344,0.0511142698270473,-0.0267969518086943,0.0494095064776971,-0.0296944827845988,0.0245592238818002,0.022496528652803,0.0397709210901459,0.0253758026119567,0.0506020778312431,0.028209095876701,0.0648870729511702,0.0182466902939297,0.0885149508854431,0.00664994538930989
0.0341823047838617,-0.0123200271765386,0.0573269245569073,-0.0205003373720442,0.0580585274406001,-0.0305990164171328,0.0514277793815394,-0.0274247706853481,0.0543248701175613,-0.025311491407476,0.014775831151776,0.00859630510108425,0.0319524995458,0.0192747533329153,0.0446057134452346,0.0264332198636317,0.0519903391194531,0.0276467384063976,0.08595085179676,0.0113382460662549
0.0156496618524456,0.0144161505536962,0.030985723385609,0.00095579565124708,0.0382761627239159,-0.0185352542673567,0.0458827502347147,-0.0270733843205523,0.0544639730046952,-0.0296087981781493,0.0214472902726653,0.0180160804628112,0.0358904290374579,0.0259513434887175,0.0489259210450124,0.0305541439834288,0.0652938194667755,0.0238340260161065,0.0925708150966318,0.00884326100693376
0.0240293191632265,0.0459694492753901,0.0371016606256215,0.0396033487875708,0.043807905210345,-0.00418203226778891,0.0468106076926609,-0.0258660259365894,0.063983754969035,-0.020967024424016,0.0239433968395821,0.0194248298325985,0.0390582144240118,0.0256178878462646,0.0505533472210001,0.0289311156846191,0.0604923676677537,0.0251695203877407,0.0944299248970977,0.00566651340963871
0.0323863120675036,0.0130803095419311,0.0500496448375329,-0.0031219482116705,0.0543751082103526,-0.0198516051814817,0.0509303636083359,-0.0285121079339328,0.0724859358058198,-0.0113623552825618,0.0214220166775326,0.0173894738424766,0.0357617787090412,0.0239260168687503,0.0461979717754499,0.0280925174120211,0.0542006911455085,0.0272517542104415,0.0785665831530652,0.0124367020902496
0.032490292334956,-0.00753454772479707,0.0519741846123844,-0.0130901970103462,0.0646499264049149,-0.0267693503868389,0.0548605440995075,-0.0304502943197091,0.0510044355030421,-0.028347258952171,0.0258536299695011,0.0154397724644463,0.0421583872981623,0.0228090035652114,0.0499384666521694,0.0279787220074042,0.070019881257133,0.0185927784324638,0.0945203936219312,0.00546424606713557
0.0205825886710787,0.014074325404682,0.053646687169974,0.0122835633848511,0.059835403848684,-0.0107133807257229,0.0550797837330227,-0.0216182835373576,0.0491385936307204,-0.0284607860413858,0.0395624557198751,0.0261907393164972,0.0863958944913576,0.0110056897410188,0.100274763391272,0.00395455367185638,0.0990321466992467,0.0018227247435254,0.0983667317637057,-0.000673132790249159
0.0179716049634473,0.02795942061638,0.0314270114527062,0.0104836818629594,0.0459220501305435,-0.0164234530623139,0.0481489542948014,-0.0218462103571618,0.0482599222915786,-0.0273389775623405,0.0413041059007129,0.0238243119161725,0.0770061602907089,0.0191622156395172,0.0970758687929299,0.00276103788719005,0.097791416760687,-0.00240656743621701,0.0974365722558807,-0.00247843873444978
0.0254928740326812,0.00226613046952955,0.0351955417596771,-0.000913971896867664,0.0418048637834963,-0.016219839131028,0.0472901727571662,-0.0248446194658143,0.0551668550172819,-0.0288544485467451,0.0174234919242901,0.00902586278392272,0.028597926810922,0.0159957804407905,0.044694709774396,0.0271097868604078,0.0514599697551851,0.0297581923406204,0.0787693267914595,0.0134620618593471
0.0205155243127999,0.0394399031694559,0.0317275331746308,0.0500367352560464,0.0408569829164506,0.00344873502839308,0.0420628261534687,-0.0258024280567384,0.0504793921650387,-0.0119901032394197,0.024560500924938,0.0275355412997075,0.0513957642598795,0.0299692235924346,0.0540859261161752,0.0293266952136999,0.0734947051635414,0.018424350263727,0.100039957472099,0.000578344534197725
0.0242123620618355,0.0252157892223818,0.0358234106763172,0.0206763032345807,0.0545626904504378,-0.00511702459444671,0.0587018061632654,-0.0173668136419207,0.0481504104455723,-0.0288060181355218,0.0143182771390452,0.015723866742239,0.0315469730718059,0.0271206217904487,0.0482126907151175,0.0294981506028869,0.0562240614367259,0.0263825490668296,0.0799578327929507,0.0108674748526198
0.0260261956609206,0.0399557717615917,0.0420239687007578,0.0197131229254914,0.0525775253234875,-0.0054395282371146,0.0575267531356059,-0.0139389254189698,0.0506676439333375,-0.0284291630804226,0.020385934802167,0.019106844073433,0.0404431814795403,0.0316936440623936,0.0564938930048736,0.025548964493443,0.0833028158585963,0.0107936893468147,0.0983210484281069,0.000912309722176681
0.0180128076718265,0.0343659344794877,0.0344772582984747,0.02709262912412,0.0456020617302022,0.00756157219302533,0.0462602271821074,-0.0128094484702104,0.0505736974492237,-0.0251868349417373,0.0434961293529107,0.0349872398807491,0.0795913001535262,0.0115841311621373,0.0991789050429676,-3.88915802118881e-05,0.0988913312002555,-0.00149685956297885,0.0982597532599511,-0.00207907452731997
0.0197164584502559,0.0231432167516523,0.0356643621678087,0.0222878256395019,0.0236204783660578,0.0191213811613833,0.0444165242798616,-0.0155073101905291,0.0506240608147017,-0.029019509202841,0.0466528457753784,0.0317252249803459,0.0945564534402585,0.00542522651705344,0.0981473163674941,0.00337846341890985,0.0973423857471395,-0.00266298752756285,0.0965795159882003,-0.00180735723327194
0.00941749902779825,-0.0222130879623589,0.0215075792732713,-0.0402579772220366,0.0416716406635428,-0.029614575917124,0.0600366245135549,-0.0261735684518468,0.0848792012395735,-0.028446106131462,0.0208906839631433,0.0142798524579,0.0358841670129226,0.0209236458252259,0.0494079537324096,0.0305681247699399,0.0515916168326696,0.0302644839857052,0.0847885165750756,0.0145812846248649
0.0174250213398779,0.0146435042021751,0.0253853791602995,0.0146746249767373,0.041676314703766,-0.0044606601749812,0.0471899032157593,-0.0238414082879632,0.0647300631054578,-0.0231941339350695,0.0147970848795521,0.00956078229528867,0.0339663696853917,0.0254859631119907,0.047710014470221,0.0352637639198129,0.0616091725995468,0.0260627342045621,0.0881825342274486,0.0108511948552985
0.00599007042028166,0.0126093568021529,0.0163295663680071,0.0133148743203816,0.0458961037661121,-0.00417179879352939,0.0519802392289982,-0.0192534391251757,0.0564786929736019,-0.0251663886354198,0.0253300231941222,0.0213095105033348,0.0406662130280012,0.0307417178262023,0.048123437925901,0.0320229752332077,0.0653034363039365,0.022224076732444,0.0921287051204094,0.00470612950240713
0.00922452836481905,0.0182213442981524,0.0170803315193798,0.00571369749303998,0.021002480533459,-0.00589795969383915,0.044039988097893,-0.0215932648914396,0.051149572938853,-0.0279643800794824,0.0243516410303386,0.0193198492397687,0.0411227114985225,0.0306469185568568,0.0467258168205772,0.0330897154572729,0.0631999919511115,0.0225951971593784,0.0854495354850039,0.0105383521914577
0.0135146888200337,0.0187511646880756,0.0284016197838934,0.000164117267868427,0.0401874465815844,-0.0136371879270911,0.0489799564780338,-0.0234025251251884,0.0617493601190164,-0.024892074953037,0.0270558693720239,0.0197385446648769,0.0454402667591262,0.0337116882746544,0.0522031656314581,0.0313007719453624,0.0758513757529263,0.0154275117244513,0.0942045817244471,0.00807443029578167
0.0227351604436085,0.0126515327686348,0.0347074116870071,0.0117964292850164,0.0467480944816667,-0.00395835111047183,0.0464903801096538,-0.0275664482923625,0.0717419793923694,-0.00382479222618388,0.017645356887317,0.0145392990710631,0.0433495374815631,0.0318471943221164,0.0488851484175492,0.030443101289967,0.0656060121248043,0.0214018003821396,0.0885514034486668,0.00910388519431626
0.0125886504716555,-0.0301906036980245,0.0289763050321699,-0.0419063597912934,0.0454182434239726,-0.0373041662464186,0.0489276532684679,-0.0303167109323182,0.0565958781512052,-0.0199511716074744,0.0202124366312862,0.0163839599044834,0.0423147359434146,0.0265996087925528,0.0482049320156729,0.0285675783392582,0.0538942720073765,0.028705541543904,0.0844132180004503,0.0138044283722301
0.00917350132444859,0.0177661185008439,0.0218002704422093,0.0203087395550523,0.0395514928009952,-0.00562957140469118,0.0515558043082725,-0.019595679757418,0.0587954665828284,-0.021976010470293,0.0426943742175286,0.0288111238311173,0.0660760564688151,0.0201679023697346,0.092238696150508,0.00560672863459669,0.0983771660499116,-0.000762530018314716,0.0983170119607863,-0.00146572887545006
0.0168813096829142,0.0288641152903896,0.0326479926732652,0.0122674258350912,0.0432273815012438,-0.00328145103164616,0.0518708034538091,-0.0237565809286678,0.0684266354037208,3.54854376055806e-05,0.0163680289252645,0.00822960200188356,0.0424625543572415,0.0292162286296484,0.0481603280336042,0.033408044439847,0.0695090687079585,0.0221901567907028,0.0908753731740337,0.00923845845891351
0.0148221948550851,-0.00192858057129469,0.0352076371367027,-0.00638005101372385,0.0416186146238272,-0.00817573469761686,0.0499058967401181,-0.0270005893707709,0.0753202321139867,-0.0184142810202933,0.0262310878727277,0.0173233902600183,0.0426010094587179,0.0278722209700011,0.0503215189820923,0.0302294364337768,0.0668317801113608,0.0202862596707907,0.0854328908796417,0.0096805037020304
0.0210155545127076,0.00639589912565923,0.022361672097163,0.00241620675432399,0.0369530360469416,-0.020923819610554,0.053201258471222,-0.0289638153136342,0.0770613049294754,-0.0059354507816117,0.0204725551965738,0.0189460621097242,0.0392807716430568,0.0289550282226795,0.0503240148497917,0.0294224367684876,0.0713704592940455,0.014939203784806,0.0929397737714479,0.0033796711489506
0.0188758961513409,0.000219408611611021,0.03971341429996,-0.00533765181939696,0.0603071208793108,-0.0242285067677037,0.0463302464006908,-0.0329907194646932,0.0711111270506252,-0.0144455915882404,0.0274601352263213,0.0154747725402374,0.0344369248775327,0.0244417803940894,0.0484165032032664,0.0304761019963572,0.0557046043266815,0.0265596064378065,0.0778381534259389,0.0095785598526866
0.0068589396814213,-0.00719850074137355,0.0147159119403605,-0.0313647148284309,0.0386282563759189,-0.0379607709321708,0.049974181268779,-0.0273506597124871,0.083077774673126,-0.00180897969683823,0.013758326821147,0.0128309609773473,0.0422877984728879,0.0298149132463947,0.0507308340844233,0.0292337742857906,0.0731113767781787,0.0181901251830121,0.0952782731279974,0.00595047261063111
0.00745085141384962,-0.00498519448756164,0.0287809008593631,-0.0258183584861672,0.0517764780525708,-0.0317170689854689,0.0598316443475996,-0.0222389749770567,0.0877833627692895,-0.0035776913833624,0.0230696359617423,0.0341998412813988,0.0365222522317806,0.0406923471829603,0.0463990739713092,0.0347208766085245,0.057899949651884,0.0258001091623682,0.0835557990438986,0.00695255849942559
0.0299544521688925,0.0023051162228627,0.0355411886582688,0.0148276918303881,0.0540140672482756,-0.000830807296048521,0.0593445306591322,-0.0183846970411418,0.0598215171060697,-0.0276648881638351,0.0181250084179362,0.0140101308320097,0.0391808257177149,0.0325258190066699,0.0538346109942296,0.0272179216102766,0.0855998845899963,0.00809787102023763,0.0973658304888088,-0.00047445231095775
0.0213893962894987,0.00654943898742963,0.0294967014931335,0.0193252395951648,0.0475694504235128,-0.0023839207468024,0.0544915627608083,-0.0238135389911457,0.0670496594253822,-0.0138250628799267,0.0233789333473806,0.0207444331973718,0.0425712336920014,0.0373074516524282,0.0560026323371639,0.0275221549922604,0.0811103041686968,0.0176755612602293,0.095525847607043,0.00273174393554284
0.0181757470820951,-0.0165074576793355,0.0364128985845473,-0.013138881290342,0.0458373326554199,-0.0183741849517108,0.0510534009326077,-0.0258926143818563,0.073726166341005,-0.0195365553478076,0.0235777932722031,0.0100202199716902,0.0392977429849274,0.0206657473394931,0.0483500124686427,0.0266720423732388,0.0565430338950305,0.0262946741906418,0.095587681701995,0.00698439274682734
0.0258201920445952,-0.000551242476584376,0.034056610305396,-0.00565183581159148,0.0398709724808926,-0.0101503580557445,0.0509185601859968,-0.0285817435056055,0.0950077918372868,0.00420628455158987,0.0230053411349273,0.0194353758512374,0.0404765206792782,0.025930428066964,0.0520639407778361,0.0289160125017182,0.0746571081524949,0.00887464670089758,0.0974232682645222,0.00473953496645129
0.0206284073667923,-0.00714150397672887,0.0333736206038314,-0.0106177339288343,0.0466614257768686,-0.0194344393559956,0.0517009944410445,-0.0300062119680368,0.0751354755051105,-0.0118683315827848,0.0287898482744863,0.0220436979505259,0.0467182744934236,0.0281508551296964,0.0563612663477638,0.0269814849601837,0.0796146645522255,0.00886141756798619,0.0981103935614108,0.00228140008403161
0.0302818998938826,0.0025529873436761,0.0397554407023929,-0.00119961872076281,0.0425088497523087,-0.0184539514469975,0.0485321310672362,-0.02787229485332,0.0709013221548118,-0.0143886158592138,0.0158482921502444,0.0174806622653759,0.0367875836680733,0.0271006512764194,0.0485374997520483,0.0283816304122486,0.0633977480350423,0.0222253759282677,0.0795393107148445,0.00722685671471012
0.0160549297255439,0.0318808169907158,0.0216886818936902,0.0385239878605166,0.0216986356658222,0.0384871734414598,0.0117251582584931,0.025726267373241,0.0406765956298131,-0.0135975821690367,0.0044900901975284,0.00793382188666319,0.00402729736394804,0.00839085243248918,0.00381390700292988,0.00600878928244319,0.00395179387297483,0.0109013546076523,0.0508565376252901,0.0328823940206813
0.0165330728263202,0.0174579340313487,0.0293051058434997,0.0105433277630257,0.0437999921447621,-0.0116057518761178,0.0459242260013054,-0.0232443852590461,0.0780077681538324,-0.0117387968269678,0.0192802026856817,0.0205619809284939,0.0391685730310902,0.028652836904237,0.0486934973048083,0.0328372400126575,0.0667288900097259,0.0190947432546648,0.0920138083871462,0.00375795016120097
0.0234539138320635,0.00110815549114904,0.0419765761603949,-0.00425384905293944,0.0555357626586465,-0.0270935937061284,0.0498961320953741,-0.0280470191474446,0.0793555835063451,-0.0147690998162273,0.0177047910057188,0.01426344435815,0.0360610448760821,0.028284398555562,0.0464557346852663,0.0305926869202857,0.0584560109439695,0.0265710256714688,0.0862217458828001,0.00851356941331547
0.0229460598589991,0.00167288501294646,0.0411615592388779,-0.00361190322341782,0.0541462102568496,-0.0227416378714745,0.050172922222972,-0.0281216746381839,0.0661037468346814,-0.0211721716336036,0.0192324844755325,0.0157316689102618,0.0345826685234455,0.0265349337666285,0.0458233782896218,0.0305639652596243,0.0633493636817018,0.0235318712003915,0.084774309869787,0.0110930221026747
0.0140874285092758,0.0281401388933529,0.019906202702752,0.0254004007066862,0.0454905119466058,-0.00607674747239043,0.0529672928271676,-0.0228462876952146,0.055112819602877,-0.0284220555899689,0.0209695578587646,0.0185805536852587,0.0404822878075107,0.033701698631204,0.0477098691505405,0.0326121915621158,0.0621210631626384,0.0245432658675728,0.0809768272126314,0.00955295926024901
0.0163701602373705,0.0209903042324189,0.0223689212634579,0.0173201403675571,0.0360945535010483,0.00762347878480626,0.0507107490382687,-0.0167994130979376,0.0626878137060711,-0.0232035954880055,0.0246599430729693,0.02336878953284,0.0403483150684726,0.0319313958397373,0.0493818978133953,0.0295834918893989,0.0672353326496615,0.0170994623623018,0.0841835270709606,0.00672518062978291
0.0152748413859179,-0.00864851145235715,0.0307700749653747,-0.0259415080314222,0.0398947213829144,-0.0215528980697381,0.0457960915514542,-0.0271597840861683,0.0510646487771924,-0.027373761223179,0.00695101619308748,0.00629571147180509,0.0348668401421478,0.0375731813861363,0.0446287292874985,0.0357221675403346,0.0546146020845882,0.028033707070056,0.0799691224727283,0.0107268613673456
0.0282707928637756,-0.00150936720435303,0.0322579236450142,0.0015963630997615,0.0460000659910256,-0.00771212410050891,0.0544826785380177,-0.0246688366844185,0.0634534197658813,-0.0204249384381197,0.0195038019064545,0.0201503958538508,0.0337817222711919,0.0282957857116422,0.0438798508837268,0.0311942231265592,0.0536406884561294,0.0270728196267699,0.0767634399858153,0.0107831576327846
0.0181211521026873,0.012013431316455,0.0189720930288559,0.031127084840849,0.0364233027258701,0.00638478332316179,0.0569565166138077,-0.0254107065165004,0.0499147635244524,-0.028297838992313,0.0270567467385297,0.0247564055096006,0.0446085851866964,0.0336912057976162,0.0525592860369833,0.0314040563847529,0.0770285322022915,0.0119293878239857,0.0953915757076686,-0.000655250398295735
0.0237735208081495,0.00971677763572907,0.0308319738974801,0.00879991502358417,0.0411920143780091,0.00394058822331369,0.051811686027665,-0.0182805208124434,0.0510122234646353,-0.0309380921797018,0.0273021035601108,0.0248923170935755,0.044511792494461,0.0312428184368092,0.0544797013467802,0.0282146939155938,0.080237308702507,0.0143843081586265,0.0935706871889061,0.004698760881206
0.0146354876376763,0.00197494888655036,0.0215783441298524,-0.0117720856596187,0.0376134233368671,-0.0241305787301002,0.0489062494422831,-0.0263698626354876,0.0494868253692001,-0.0299196734432122,0.0240998017875624,0.0199504346428899,0.0469995847521592,0.0296406251760408,0.0558015520355836,0.0274446662571571,0.0848084507097344,0.011820691922057,0.0961922026695907,0.00398297381917902
0.0186204187002529,-0.0149260041867022,0.0413267704495195,-0.0140206263201597,0.0480325658176125,-0.0217209422453054,0.048359322959167,-0.0291294322503227,0.0735770117991495,-0.0125296517736556,0.0197134454494171,0.0131509169018676,0.041772694935552,0.0269397458501082,0.0508709680214158,0.028984568384428,0.0683808143258058,0.0189242586872202,0.0946571761397578,0.00815279420115404
0.0112231713022705,-0.0082780003985526,0.0308727147429517,-0.00727513127561971,0.0305603707933122,-0.0187186674930683,0.0505697862053452,-0.0269674410655575,0.0712147133548503,-0.0177386607014463,0.0143074937859314,0.0104612045003498,0.0312223851807953,0.0274964845780195,0.0526650699387796,0.0300100067223897,0.0758307666605228,0.0228506318999767,0.0940189701751472,0.00921547303165306
0.0139188433306906,-0.0253291110349384,0.0423296520527952,-0.024978002022091,0.0519090271210748,-0.0240796861454086,0.0424101129608883,-0.0291592490324938,0.07145263732276,-0.0141743759260235,0.00656463541829771,-0.00395904495885329,0.0294070841448287,0.0236177335674779,0.0439318717904664,0.0292846543021129,0.0582680346350141,0.02862222160161,0.0908194411675928,0.0159244615269997
0.0209647968532673,-0.0162928804151674,0.046354851769317,-0.027552246746257,0.0698932284816523,-0.0176375248830669,0.0882052043722609,0.00428064052055691,0.101089340184411,-0.00687274284724199,0.0110773892684876,0.00676322474559121,0.0291299713873542,0.0219056112300549,0.0473727416618042,0.0275881748042671,0.060274271403653,0.0337417749254119,0.0934497373835856,0.00917891681985452
0.032832041684835,-0.0193984173338495,0.0455098267323837,-0.0246735843820473,0.0495083201201811,-0.0263043063624856,0.0572499432119836,-0.0258238994381445,0.0943312452807245,0.0029583776752338,0.0132084434551603,0.00920652688982965,0.0330745765287686,0.0234164500128026,0.0438878949874101,0.0277856697461213,0.0529251203638965,0.0286113912903877,0.0894909826990665,0.0187041463438262
0.0317712070649298,-0.0270085068434471,0.0561421786655392,-0.0219878555526668,0.0518985995715358,-0.0266974135642859,0.0817963897169065,0.00017683489960306,0.103465206937974,-0.00843293053526899,0.00601273247177696,-0.00374978192656299,0.040770578315629,0.0261145719768574,0.0479369936363816,0.0292582773967395,0.0592141447531115,0.0306793814043489,0.0958448243883432,0.00520787473380214
0.0258997339226175,-0.0140970392931162,0.0423474053165045,-0.0358782907523946,0.0540684021658632,-0.0264699745935121,0.0903400750635126,-0.0106807271338306,0.0953640037834928,-0.0032217961064308,0.0248848796112581,0.0260188298964829,0.044193246096491,0.033347093879594,0.0517156809484903,0.0303470608504115,0.0738636173094985,0.0178615749618958,0.0919955679301655,0.00523353312483476
0.0176651258095122,-0.013889426984279,0.0354290840109205,-0.02199134641179,0.0427639209401662,-0.0209661940814227,0.049999863011278,-0.0254468483236058,0.0817670572652128,-0.0105342461495263,0.0128179773700704,0.00759755501864009,0.0333759844961388,0.0260061131320941,0.0459378490079492,0.0298474055072037,0.0519768100920028,0.0269063161287112,0.0892824900870121,0.0156560722299931
0.0119908838252402,0.000363307374863898,0.0331000076636649,-0.0257134369138025,0.0505895050916179,-0.0210489966925054,0.0509488849745892,-0.0285666652215874,0.0972791394863265,-0.00161752506295665,0.0109793947047257,0.00445804592218274,0.0352652533183179,0.0263409727162841,0.0441940938890861,0.0292502363471346,0.0561862169253933,0.0315943240253285,0.088532647090141,0.0128647009697731
0.0130103592446144,0.00512160362459984,0.0292581793613051,-0.0182923529650155,0.0474599305989441,-0.0368097658072672,0.0506655153501883,-0.0273790215994798,0.0981300439372844,-0.00770077656629519,0.0223923731558349,0.0355971997348284,0.0394466153070448,0.0427610425525221,0.0485197362878358,0.0344400770819247,0.0601138498682683,0.0251344428387807,0.0882400848718467,0.00558901908763461
0.0224403618181991,-0.0111165235806063,0.0390746645102207,-0.0102090051539495,0.050728919617921,-0.0216986743500093,0.0459774088177014,-0.0266187700375588,0.0783597871237454,-0.00361641320777973,0.0167201870916549,0.0133777365241345,0.0358606708922324,0.0277564933855823,0.0496750504144313,0.0272732959690894,0.0513852011407983,0.0262910504620855,0.0822245103712445,0.0168187400593452
0.0335557167505243,0.00753574782986468,0.0360679536543638,0.000601982295953142,0.0388805601049284,-0.00876510544073414,0.0566616076351885,-0.027859312002007,0.0568625536119022,-0.0253288707894112,0.00834319118434974,0.00905900353666022,0.0397632977490435,0.0303960781021708,0.0464893201603358,0.0295720260616419,0.0617376282641246,0.0176688279610851,0.0779546233487521,0.00837128091232818
0.0234518920310136,-0.0101989499638927,0.0373212843900582,-0.0112515728143649,0.0325279551442646,-0.0346481375933065,0.0579095247830185,-0.0270362035195863,0.0879650392553212,-0.0164292053692562,0.0163405506909717,0.0145951617653074,0.0306051549980821,0.0246687224014975,0.04790325711761,0.0281895461670357,0.0510283079871702,0.0254743396728577,0.075590263814251,0.00974571213753908
0.00485533872599483,-0.000198571666035786,0.0118574438640652,-0.00758686366402148,0.0357324703964998,-0.0131886208276992,0.0474382979595552,-0.0264024436974109,0.0612454580132161,-0.021098224602382,0.0253307911010254,0.0160361334351112,0.0439334280121453,0.0270887427536309,0.0557888730593894,0.0295491869447131,0.0643270559990949,0.0172385214642692,0.093935989803326,0.0094289345020314
0.0152735963853877,-0.00943145547809355,0.0428302151849878,-0.0261221251643793,0.0522653711027608,-0.032066792394824,0.0519903087640856,-0.0284441439101074,0.091076513224582,-0.00156974494703146,0.0195361454107624,0.0268931242121241,0.0413026653932535,0.0383638108122098,0.0488737044818326,0.0327917937618901,0.0638547187191405,0.0265801315308128,0.0886220422963625,0.00998185925572058
0.0190882372902353,-0.00163376702331968,0.0340644207475054,-0.0133060338160789,0.0472634081936532,-0.0215204820977048,0.0487477315904155,-0.0292525382445107,0.0802874613199274,-0.0128034302131267,0.0215166945538111,0.0181197308550589,0.0388193517091517,0.0260120875341896,0.0523059515858331,0.0287457106222288,0.0602184030874085,0.0186934953178915,0.0913602570058853,0.00997001035506962
0.014607290265853,-0.00564837153602144,0.0376062927233691,-0.0179218439882402,0.048869529163244,-0.0278611859654832,0.0680322726782209,-0.01753630719077,0.0872046047780038,0.00315451959922962,0.00729618653117464,0.00800428131565227,0.0314977720461498,0.0255683214565989,0.0529440743563705,0.0236076009699763,0.0612563525528296,0.022107102566644,0.0786936881664409,0.0233860115031338
0.0135784006240612,-0.00815082852786343,0.0335303091543198,-0.0153949217975938,0.048248653241006,-0.0250786252115119,0.0536002354359847,-0.0301550820711345,0.0842645978374658,-0.00816325458302546,0.0162711575972452,0.0146327890021615,0.0333347324414249,0.0246166938798261,0.0523277910070865,0.0278988166441153,0.0619804117879895,0.0196215119290442,0.093013544786323,0.0101763041837467
0.00897255785572445,-0.0209189444299239,0.0309907775993099,-0.0412235846441171,0.0567959404656714,-0.0232532028233182,0.0466540781204302,-0.029472987414888,0.0789940492450519,-0.00321175207660209,0.0239637973671483,0.0375789562753581,0.0416730133854116,0.046309883663669,0.0524397456508321,0.0324094054912523,0.0634165633732451,0.0228142611772389,0.089532956302319,0.00534926658658494
0.0214040977647745,-0.000247762963829399,0.0354599784966634,-0.0159404686253955,0.0469990188193064,-0.0281758631800441,0.0679779139231774,-0.0186371738000752,0.0978051077084932,-0.00648658979523656,0.010911109119647,0.0121783484600521,0.0316017566441887,0.0256117559541209,0.0460130734918748,0.0288805229030191,0.0548766003943441,0.0264583153975991,0.0827454101615665,0.0132004345113559
0.0166908409896401,-0.0200541305946147,0.0514721880598796,-0.0214896548834044,0.0466220461894506,-0.0274871332680998,0.0711663978165201,-0.0143850785367111,0.0996274460153535,-0.00582295926391369,0.0220612126663405,0.0145760440287119,0.046916596359893,0.0281060341821977,0.0504606562188834,0.0293665727293756,0.0652307888492136,0.0213418923188886,0.0930557708864974,0.0113566971118286
0.0140353277871062,-0.0200079130111753,0.0502235066713851,-0.0202235310131755,0.049426600508127,-0.0279790702137614,0.0717671426135518,-0.0001611168875373,0.0988808856456346,-0.00480831658829029,0.0110478143472841,0.00324445734998078,0.0445129256937692,0.0245396376660491,0.0470092936075415,0.0285938865912241,0.0637058603583157,0.0308888169497512,0.0911587904438463,0.0130805738697948
0.0318074403120283,-0.0365614264649968,0.0271381948104589,-0.0282992366562806,0.0593515534798069,-0.0206912969474978,0.0517460036248282,-0.0266782730989061,0.0941990184529749,-0.0113290777720621,0.00998497165057975,-0.01597774846461,0.0164568016545715,0.00674964294947136,0.0492858674292776,0.0283842202679501,0.055432654268051,0.0244412565689197,0.0742059212032826,0.0133857166725262
0.0274559496249823,-0.0102336629603139,0.0397208936455139,-0.0229423199806986,0.0518905472873879,-0.0304316897997687,0.0793967294637228,-0.0136257922238674,0.0999127734460891,-0.00568530822912182,0.0103799290240365,0.0122756192845974,0.0384933173934803,0.0271509036667198,0.0525207133338735,0.0298677965876787,0.071672730531283,0.0157291736318289,0.100174046985653,0.00332775449768751
0.018223160149281,-0.00843953876601672,0.0440753222295131,-0.0200696142324939,0.0446472965794982,-0.0291979713566135,0.0559460393135738,-0.0213162728588943,0.0890348414083227,-0.009018528563235,0.0421715105050805,0.025772537172115,0.0573737219290398,0.0282102578080045,0.0965439448077564,0.0075811976432274,0.0996299004823154,0.00667458136985559,0.0978698962590848,0.00754844288528042
0.0398549522540407,-0.022266041396047,0.0810838046362664,-0.0132235554178019,0.0979230270595862,0.00162407148422363,0.0976942731845317,0.00169523947171134,0.0984889154031248,0.000283242664544489,0.0299891101069455,0.0192952304014536,0.05249989272431,0.0313200350419383,0.0917425041461643,0.0098752302454126,0.0985384303012521,0.0100539331209083,0.0946877194683224,0.00867782668767036
0.00794288869378405,-0.010759871639647,0.0419055050521591,-0.0206796540440351,0.0482700162545123,-0.0263410317798316,0.048780329847177,-0.0304689278314636,0.0832118014290508,-0.00831957388288785,0.0162423120195443,0.0207161467926907,0.0417405086627896,0.0378952759535762,0.0481045345400642,0.0332307800080489,0.0608587110110685,0.0265261865381693,0.0863945236572836,0.00775872385697079
0.0176251330140359,-0.0155356240932746,0.0223524096622848,-0.0165192194536619,0.0522982795867639,-0.0232940055313767,0.0505186574789748,-0.0286417120456212,0.0932299359583932,-0.00792506033078389,0.00640342681686844,-0.0031258511836934,0.0396520763989599,0.0223000198851381,0.0495582818692519,0.0272907788511705,0.0585413739675047,0.026409565148112,0.0924761091804099,0.0114031705838397
0.0239046068196843,-0.0199344382416396,0.0369942174441126,-0.0297652525279702,0.0573009920107539,-0.0272053670236819,0.0880614941460025,-0.0117099923303958,0.091957521339477,-0.00228469901029702,0.0096748122245072,0.0129536864581646,0.0256480058025199,0.0357167132595365,0.0438673265711819,0.041264962828679,0.0525671090115963,0.0301335870138664,0.0766135302853796,0.0136239199571029
0.0204098228574306,-0.0080877686080695,0.0375098664330653,-0.0223939999887745,0.0507675485256089,-0.0285302133746648,0.0775451911167598,-0.00205984949406603,0.0890418430563079,0.00249744815299549,0.0261244407057242,0.0110561819915918,0.0375086422567379,0.0127013726070478,0.0491790775166986,0.0202047803161685,0.0541767229871018,0.0296951450963451,0.0873518441206103,0.0162680097363062
0.018668038893292,0.00379528256150108,0.0276865995670198,-0.00748541498186733,0.0400303778418685,-0.0173534919130028,0.0511136865815451,-0.0278392196272489,0.0893215760654935,-0.0146494194220857,0.0157281438792095,0.0243001443667097,0.0299820878296794,0.0302431406679805,0.0404754951109994,0.0306914637370622,0.0492731463709685,0.0259139354971603,0.0717629643233076,0.0101885521933521
0.0117470614736651,-0.00415875667084668,0.0424553562331182,-0.0188221109001327,0.0502194014029697,-0.0246011862794699,0.0523983168063987,-0.0313798076819594,0.0861250031855771,-0.00873953606875511,0.00832168379150179,0.00849812911463551,0.0351265631727369,0.0260623735137759,0.0502800451699971,0.024547578051344,0.0661780987838265,0.0170827307222428,0.0911623491571772,0.00892601393962413
0.025826097426496,-0.0113139526238995,0.0377254417240902,-0.0222866585889409,0.0546362584857789,-0.0275755825303638,0.0554570476560336,-0.0275969431997255,0.0918158533184667,-0.010930609361916,0.0274340534980374,0.0377648611435146,0.026728764917024,0.0325229192042583,0.0466850233874653,0.0340297364231399,0.0661132836261236,0.0198189086281172,0.0863223398992695,0.00734940970998867
0.0234100227191383,-0.00797295700065626,0.0397864928451626,-0.0163442113556428,0.045730616973048,-0.0296637649088934,0.0591163980728346,-0.018485210035532,0.0947707682632166,-0.00690266929231554,0.0103868696589884,0.0170200768492008,0.0355996386447412,0.0301848143943197,0.0476236672438242,0.0296374669800176,0.0598109018851057,0.0258497600841424,0.0906089481109216,0.0136956452617958
0.0135320572495023,-0.0091918261558986,0.0331093049855842,-0.023586098476248,0.0485657184462876,-0.0281450508073695,0.0667309015041399,-0.0255084215448539,0.086788431180659,-0.00582561822776199,0.00581005263819441,0.00741138087144178,0.0267210083121515,0.0219646048345787,0.0429075209771109,0.0283872274609844,0.0647638989910617,0.0299971484476475,0.0912695146234588,0.0109791642142426
0.0185786514443197,0.00614869781058174,0.0367912275513114,-0.0200734318186773,0.0524172320347186,-0.0262819895297839,0.0555771586025832,-0.0312992930525701,0.0940723884662587,-0.0107930969038355,0.0204639863455134,0.0297437743879701,0.0321259359208782,0.0329165918249161,0.0475218181695301,0.0293344354294427,0.0680183316006157,0.0172379566527467,0.0837413376279314,0.00766271572175354
0.0143613994481463,-0.026418843828726,0.0393634051286783,-0.0269586678749104,0.0478966729176145,-0.0243344506642594,0.0519875626342692,-0.0256723781091884,0.0852424794750991,-0.00165780937408299,0.0174642266547445,-9.54923588697287e-05,0.0483220841169824,0.0110470184130068,0.0409297090167963,0.0198652070570725,0.0567001223221934,0.0336015807581273,0.0841826037923996,0.0203215317463073
0.00908341401403583,0.0224852210366437,0.00264956885554771,0.0152157721342304,0.0038233375660545,0.0143080934259014,0.00654112489883529,0.00683302929385085,0.0471659521742673,-0.0261602934210149,0.00545896375074114,-0.0108110768021501,0.00556303651540301,-0.0114677797277202,0.00601540750264794,-0.00777310420215112,0.0282619039648966,0.01904565281695,0.0662879882009377,0.0360394345215527
0.015915072162325,-0.0195202322779175,0.0375969208705759,-0.0265760166750003,0.0623294342934065,-0.0237991314604071,0.0835104730506838,-0.00255220579348985,0.099291433872515,-0.000270529380536969,0.0105481072036924,0.00486632044325718,0.0320072669275546,0.0218781162112768,0.047609487426329,0.0275833408209494,0.0627614220876404,0.0268074355310655,0.0917879523797513,0.0111883373130163
0.0220169653736837,-0.00314066067125313,0.0389716982660309,-0.017479689592383,0.0519482388517884,-0.0273060764272644,0.0524862402312839,-0.0281647103164291,0.0749043369328151,-0.00291267498326162,0.0145106938692266,0.0107788295122594,0.0345957504163675,0.0237809993954578,0.0479560137083184,0.0272350068858454,0.0576458004015885,0.0306147803014719,0.0889503258921061,0.0166584451423653
0.0103474895316946,-0.00252446572880684,0.0331472200599043,-0.0197290814435597,0.0494338661557974,-0.0273431877848445,0.0690381787173305,-0.0197088444131066,0.0876947191505507,-0.000874715632976123,0.0215307839912505,0.0184530839762816,0.0383341129634021,0.0265885909902362,0.0505267043234418,0.0285734378349908,0.0736228186569741,0.020836198658664,0.0934109448209961,0.00929120889488425
0.0172327529553962,-0.00851161464382312,0.0400161116170679,-0.0174761652366322,0.0454127573320165,-0.0306807590280564,0.0577946244505036,-0.0256352386763247,0.087906060460297,-0.00363573086242536,0.0246267089645563,0.0194692595525396,0.0355409666629717,0.0264622218052001,0.0476179422307023,0.0293687649979549,0.0616334353516429,0.0262793158913648,0.0929634206671151,0.0130519289949285
0.016266373262897,-0.0138166150327188,0.0420036521337694,-0.0169603549852105,0.0484382381251434,-0.0325763019723818,0.0689758945247068,-0.0137188914113089,0.0971565114169309,-0.00639590059426085,0.022637524168367,0.0138867246971965,0.0387654352097775,0.0249230679775109,0.0484141546307235,0.02745999274966,0.0669814674734774,0.0292329104415821,0.0921326662291886,0.0119910461210054
0.011264954608912,-0.0133793843230393,0.0311252562654887,-0.0256158406108189,0.0527060662128333,-0.0256506338393937,0.0559761256399467,-0.0229015619771898,0.0876713791178516,0.0064183944638281,0.0103597348213798,0.0027586735706698,0.0382334846473541,0.0246507018990572,0.0494043184021033,0.0290983282644392,0.0577247364727326,0.028352795308345,0.0833817387547141,0.0164616806444931
0.0159964101015461,-0.0099340090213364,0.0337255393698728,-0.0378544260398592,0.0469431437796142,-0.033630947330226,0.0554129978392359,-0.024261403910376,0.0901731799664251,-0.00638292642259171,0.0296227017336287,0.0427654602130099,0.0454352896602517,0.0447400236808369,0.0535156705998047,0.0334260296986272,0.0665293070616404,0.0200370147252508,0.0866607929184216,0.00620137613059315
0.0151361450276589,3.21271981710806e-05,0.0359832371978035,-0.00547740039180108,0.0503897589868746,-0.0230222280377345,0.0534914102821607,-0.0319470924935785,0.0838759156667378,-0.0195257078639539,0.0114034014337242,0.0119164369880462,0.0396081269145507,0.0281971010104401,0.0569232995218248,0.0250157680569728,0.0813736023307597,0.0091388131765734,0.0961646195095436,0.00171985429255596
0.0062650118567734,-0.00645199381076465,0.0313789774719419,-0.0112556084867905,0.0424766838637789,-0.0245354061202952,0.0525659770897053,-0.0284024311944353,0.0863082858781972,-0.00605539622989677,0.0344030490422981,0.0196435277242562,0.0442137851462611,0.0228920807717357,0.0534438582655663,0.0272021704514049,0.0730473345986311,0.0240745753848363,0.0941164636513948,0.00868923651056866
0.0052304140949605,-0.00369220655230912,0.0148098942087561,-0.0213005425071007,0.0361300370725339,-0.0256573412148417,0.0543939313656072,-0.0268302160617384,0.0849348809694315,-0.0124310944212386,0.0103989171769193,0.00263681548725806,0.0346089249442226,0.0219798797847993,0.0505805654001713,0.0289352134644654,0.068463330088516,0.0238988460364354,0.0915692578816732,0.011660977713891
0.00767539903700922,-0.0102148181524221,0.0221724704804045,-0.0408875939146391,0.049498844266059,-0.0308450875792611,0.0757932678503309,-0.0132087310468054,0.100550409822813,-0.00259118140621025,0.00593444606770478,0.00694336049093254,0.0206126366687855,0.0360842418335318,0.0387457888793215,0.0484148766721271,0.0461739576056278,0.0342466668127251,0.074982885523944,0.0166714692102617
0.0461461108122908,0.0162937904693827,-0.000954420983268006,-0.00417742636913285,0.00249310328699347,-0.00654962840500437,0.0570422523527468,-0.0173884093111075,0.0532008666688094,-0.0267737424848711,0.0116080786305258,0.0140104094253612,0.0430821538281836,0.027423378388271,0.0457589151848539,0.0289800747467884,0.0635801405871067,0.030447641315639,0.0915457421257052,0.0115587339443594
0.00955533382158284,-0.00424544804516071,0.0325413032687614,-0.010819316807312,0.0487214803912077,-0.0225685706168084,0.0506541189682149,-0.0288496141926997,0.0784777932208348,-0.0082463671734396,0.0120583703576227,0.0116220494665104,0.0366428170916726,0.0261901264759759,0.0488807535531078,0.0289678267838919,0.058864969966602,0.0245647639235752,0.086715326495977,0.0133563170260706
0.00635854034501786,-0.00530072912616528,0.0259899594187167,-0.0241305752773629,0.0530341681940494,-0.029288030942398,0.0604994168293295,-0.0240689135896105,0.0851865765532737,-0.00679247739541786,0.0151108253338804,0.0176107767534155,0.033763858849033,0.0351840985369552,0.0452796824890135,0.0314323488750289,0.0558758766616072,0.0237056138078169,0.0772264210785341,0.00907407860215571
0.0137223874864415,-0.0116487110324492,0.033131665833287,-0.0252321615349566,0.0411173873789946,-0.0260568875679828,0.0536506703384755,-0.0266319025472203,0.0898922695704786,-0.00654327846010404,0.0143028429816217,0.018361345771769,0.0311974672477913,0.035109003790381,0.0438278525957387,0.0334592182140768,0.0543174088975413,0.0264506530572736,0.0790770937485016,0.0130840177011137
0.0114938675546083,-0.00930574568743164,0.0247455480607124,-0.0120828044202117,0.0400020415008935,-0.0197860448144934,0.0495421962966547,-0.025497387660686,0.0727124075415038,-0.0140237585587118,0.0261706110838003,0.0154159010197703,0.0424482227297211,0.0243058802659891,0.0509495403547824,0.0283522961333604,0.0636571036469434,0.0140220813977409,0.089670886646374,0.0100034680377691
0.0207621916657164,0.0043704412159317,0.0357704142405408,-0.00271003052574911,0.041106710782604,-0.0172186379555222,0.0515903510920179,-0.0290126910725555,0.0779265799637543,-0.0108458385965499,0.0204681191515006,0.023267456211618,0.0369288975617439,0.0290788193258696,0.0489931523957531,0.0270403597269358,0.0639779909749089,0.0154274697127353,0.0894022956944176,0.0103520557034524
0.0147263844123436,-0.0114909218912209,0.0337884134599495,-0.0189793409830775,0.0496363888319759,-0.0237219157562835,0.0500180936405834,-0.0261310170880442,0.0731249695005585,-0.00937825211394995,0.020275705083354,0.0127754198146818,0.0409370127475293,0.0249340551109144,0.0500666124963626,0.0284952975688161,0.0638540823630733,0.022591480011245,0.0927524820833343,0.0122472236283882
0.00909865231628152,-0.0129179399549595,0.0354245718770184,-0.0104270545253744,0.0504474571890945,-0.0167412568851953,0.0510857921047256,-0.0258820825536011,0.0715712549957337,-0.0192737992457985,0.0195679821374835,0.0176664290904566,0.0443854114539396,0.0298220915235195,0.0563451025718879,0.0251617231535242,0.0722187227003675,0.013135272574656,0.0960391122523737,0.00644559618398754
0.00945213439658016,-0.013878992437164,0.047078577580556,-0.0162516257806977,0.0507245373909266,-0.0212734570503835,0.0487178169568863,-0.0267811912161177,0.0765931624649277,-0.000109751747020186,0.0211786319777636,0.0137401085942691,0.0470759502287305,0.0236775489059031,0.0484640242723036,0.0278031326478618,0.0668994220224316,0.0314941213882214,0.0927910165448018,0.0113051023543706
0.017632652997193,-0.0177134349743654,0.0343621529814115,-0.0237937716901917,0.0531282343121182,-0.0197484557530955,0.0551830579136381,-0.0292909967148415,0.0868014357752382,-0.0158305377828044,0.00551119944116863,-0.00338275897364658,0.0216138109540097,0.0183020742071436,0.0464557360633635,0.0307712807070691,0.0584760685087235,0.0235579573676977,0.072081830573357,0.0117102927274812
0.0203270829957798,0.00122173961969875,0.0338602145312197,-0.00732410274792295,0.0446895882899085,-0.0205471791538154,0.056938601597106,-0.0277611233792272,0.0936781065155676,-0.0141303732846743,0.00578724158289515,0.00477784775199938,0.0265773588278516,0.0229525408530134,0.0452768393203295,0.0273893796314,0.0578619524316972,0.0249796704911631,0.0834161528719023,0.00740354496454628
0.0030572386422918,-0.00133526639427963,0.0219994502478025,-0.0100918133470665,0.0441131583065433,-0.0178926919982649,0.0476316356791388,-0.0305417118117082,0.0853639695109396,-0.01395131530875,0.0188907533712132,0.0182537710680312,0.044151466076312,0.0273849963828451,0.0544794794287008,0.0280904337637281,0.0694785539322246,0.0144902172251539,0.0935495360341164,0.00675938694532384
0.0398549522540407,-0.022266041396047,0.0810838046362664,-0.0132235554178019,0.0979230270595862,0.00162407148422363,0.0976942731845317,0.00169523947171134,0.0984889154031248,0.000283242664544489,0.0299891101069455,0.0192952304014536,0.05249989272431,0.0313200350419383,0.0917425041461643,0.0098752302454126,0.0985384303012521,0.0100539331209083,0.0946877194683224,0.00867782668767036
0.00794288869378405,-0.010759871639647,0.0419055050521591,-0.0206796540440351,0.0482700162545123,-0.0263410317798316,0.048780329847177,-0.0304689278314636,0.0832118014290508,-0.00831957388288785,0.0162423120195443,0.0207161467926907,0.0417405086627896,0.0378952759535762,0.0481045345400642,0.0332307800080489,0.0608587110110685,0.0265261865381693,0.0863945236572836,0.00775872385697079
0.0176251330140359,-0.0155356240932746,0.0223524096622848,-0.0165192194536619,0.0522982795867639,-0.0232940055313767,0.0505186574789748,-0.0286417120456212,0.0932299359583932,-0.00792506033078389,0.00640342681686844,-0.0031258511836934,0.0396520763989599,0.0223000198851381,0.0495582818692519,0.0272907788511705,0.0585413739675047,0.026409565148112,0.0924761091804099,0.0114031705838397
0.0239046068196843,-0.0199344382416396,0.0369942174441126,-0.0297652525279702,0.0573009920107539,-0.0272053670236819,0.0880614941460025,-0.0117099923303958,0.091957521339477,-0.00228469901029702,0.0096748122245072,0.0129536864581646,0.0256480058025199,0.0357167132595365,0.0438673265711819,0.041264962828679,0.0525671090115963,0.0301335870138664,0.0766135302853796,0.0136239199571029
0.0204098228574306,-0.0080877686080695,0.0375098664330653,-0.0223939999887745,0.0507675485256089,-0.0285302133746648,0.0775451911167598,-0.00205984949406603,0.0890418430563079,0.00249744815299549,0.0261244407057242,0.0110561819915918,0.0375086422567379,0.0127013726070478,0.0491790775166986,0.0202047803161685,0.0541767229871018,0.0296951450963451,0.0873518441206103,0.0162680097363062
0.018668038893292,0.00379528256150108,0.0276865995670198,-0.00748541498186733,0.0400303778418685,-0.0173534919130028,0.0511136865815451,-0.0278392196272489,0.0893215760654935,-0.0146494194220857,0.0157281438792095,0.0243001443667097,0.0299820878296794,0.0302431406679805,0.0404754951109994,0.0306914637370622,0.0492731463709685,0.0259139354971603,0.0717629643233076,0.0101885521933521
0.0117470614736651,-0.00415875667084668,0.0424553562331182,-0.0188221109001327,0.0502194014029697,-0.0246011862794699,0.0523983168063987,-0.0313798076819594,0.0861250031855771,-0.00873953606875511,0.00832168379150179,0.00849812911463551,0.0351265631727369,0.0260623735137759,0.0502800451699971,0.024547578051344,0.0661780987838265,0.0170827307222428,0.0911623491571772,0.00892601393962413
0.025826097426496,-0.0113139526238995,0.0377254417240902,-0.0222866585889409,0.0546362584857789,-0.0275755825303638,0.0554570476560336,-0.0275969431997255,0.0918158533184667,-0.010930609361916,0.0274340534980374,0.0377648611435146,0.026728764917024,0.0325229192042583,0.0466850233874653,0.0340297364231399,0.0661132836261236,0.0198189086281172,0.0863223398992695,0.00734940970998867
0.0234100227191383,-0.00797295700065626,0.0397864928451626,-0.0163442113556428,0.045730616973048,-0.0296637649088934,0.0591163980728346,-0.018485210035532,0.0947707682632166,-0.00690266929231554,0.0103868696589884,0.0170200768492008,0.0355996386447412,0.0301848143943197,0.0476236672438242,0.0296374669800176,0.0598109018851057,0.0258497600841424,0.0906089481109216,0.0136956452617958
0.0135320572495023,-0.0091918261558986,0.0331093049855842,-0.023586098476248,0.0485657184462876,-0.0281450508073695,0.0667309015041399,-0.0255084215448539,0.086788431180659,-0.00582561822776199,0.00581005263819441,0.00741138087144178,0.0267210083121515,0.0219646048345787,0.0429075209771109,0.0283872274609844,0.0647638989910617,0.0299971484476475,0.0912695146234588,0.0109791642142426
0.0185786514443197,0.00614869781058174,0.0367912275513114,-0.0200734318186773,0.0524172320347186,-0.0262819895297839,0.0555771586025832,-0.0312992930525701,0.0940723884662587,-0.0107930969038355,0.0204639863455134,0.0297437743879701,0.0321259359208782,0.0329165918249161,0.0475218181695301,0.0293344354294427,0.0680183316006157,0.0172379566527467,0.0837413376279314,0.00766271572175354
0.0143613994481463,-0.026418843828726,0.0393634051286783,-0.0269586678749104,0.0478966729176145,-0.0243344506642594,0.0519875626342692,-0.0256723781091884,0.0852424794750991,-0.00165780937408299,0.0174642266547445,-9.54923588697287e-05,0.0483220841169824,0.0110470184130068,0.0409297090167963,0.0198652070570725,0.0567001223221934,0.0336015807581273,0.0841826037923996,0.0203215317463073
0.063306529219974,-0.0461750081492428,0.0494531430820391,0.0354291260673456,0.016592131555361,0.0292296824790252,0.0338248437989025,0.00887136121713005,0.0443362698794255,-0.0441644989163921,0.0545596730031817,0.0368603000761351,0.0610218716494018,0.0375674442860249,0.00925116620964312,0.0131342654631624,0.00601753127502765,-0.00402171122656831,0.0269312948422019,0.0253681049412968
0.0503282083375576,-0.0247429834500135,0.0966919823160385,0.00357932207818241,0.0898420186706002,0.00738361325953248,0.0310008104229411,0.0147642047304562,0.0346304652765895,-0.00987340904244877,0.0548575406698162,0.0272226625580109,0.0957396894459768,0.00711552432870485,0.0596118138315222,0.00856733754003749,0.00920886596957261,0.00613954742180258,0.00419839116640909,-0.00483172611396536
0.00354577456780853,-0.00935481393326194,0.00357585011208687,-0.0094364462547933,0.0177608804052299,-0.0240201746253417,0.0529330924763557,-0.0307122643440254,0.0698850803086611,-0.0178474855117301,0.0170369358229467,0.0268107276079574,0.0330908530277096,0.0381569308259117,0.0440715969652826,0.0339774493678325,0.0592930257832415,0.0249535437641835,0.0846527947194997,0.00838403393402126
0.0222141899109748,-0.0158386968874752,0.0376626584966106,-0.0209284235843797,0.0520452683887435,-0.0262421245774,0.0781811332599184,-0.0143910709780509,0.0912034357262838,0.00625735587552785,0.0133531716146896,0.00417735782894422,0.0268642496653843,0.0167980277971626,0.0467447141679161,0.0268944954917484,0.0609885899063811,0.0314009027078485,0.0815784303708344,0.0211458882388536
0.0205743153876168,-0.0135046112899724,0.0338361224132903,-0.0262887699220027,0.0506078461254472,-0.024313495846999,0.0671605716459383,-0.0192851653273521,0.0920775891926269,0.00347009304232492,0.0103398411293316,0.000359812213085456,0.0285428402375222,0.0167544060647144,0.0459683804153248,0.0276848667801181,0.0628783663921446,0.0312692354746715,0.0883272737702808,0.0162135878521657
0.0172350427734872,-0.010127844685058,0.0378012622530698,-0.025757564145774,0.0519636829302839,-0.0267109503680188,0.0832046815559959,-0.00564327429345278,0.0923295301157133,0.00804263791782273,0.0143365304166073,0.00680176422923267,0.0330092962092142,0.0184542514712931,0.0468986121881786,0.0258907242836697,0.0670188264926828,0.0309441269935477,0.0849604684180041,0.0151474484094883
0.0313297867005337,-0.024580236493069,0.0569453180150875,-0.023396732052266,0.0680535842095481,-0.0243616616228407,0.0997044969814839,-0.000780341422812147,0.0860405237200479,0.00410776002547381,0.0164020734277178,0.00474633933182391,0.0528306921176868,0.0292957533890822,0.0958232764011374,0.00494179677692066,0.0585246986444141,0.0066158171887339,0.03848030152608,0.00719506955987378
0.0251026262292492,-0.0267744383832499,0.0540725945016277,-0.022815827919297,0.087480393520396,-0.0145062963021233,0.0928585161046253,0.000665444165733067,0.0237375471084462,0.00339591035267316,0.0203391596210242,0.0119012054887378,0.0526549140633468,0.0311485983296211,0.0934238817801902,0.00703370487177674,0.0713051751387395,0.00496797252763774,0.0164132237781174,0.00340089318557981
0.026386875931164,-0.00755131281980232,0.0410148069975758,-0.0180820719227091,0.0527078557656013,-0.0299985125298087,0.0983160248945383,-0.00671420269281017,0.0882887987935352,0.00164168396289498,0.0314270249697705,0.0244392237852448,0.0580953848569115,0.0258678772645904,0.0881251080593081,0.00505129381142071,0.0879336096990266,0.00286391024965277,0.03682049944117,0.00284823243615996
0.0634782385227875,0.00584189681813967,0.0959743585514396,-0.00103937316870615,0.0970238720698286,0.000764219919756011,0.0893970653247024,-0.00345215832057556,0.0982754476118232,-0.000705698911921307,0.03946414799435,-0.00169568314519722,0.00579594711162315,-0.00271143526576744,0.00923709441449585,0.00202458963675441,0.00793703387681594,0.00415895086425818,0.00533313179692602,-0.000349654449816351
0.00930168122578684,-0.00282393979044319,0.027637519020318,-0.000745236425517222,0.0446523347882223,-0.00815553142748353,0.0532185611306922,-0.0268679506526742,0.0623906347529723,-0.020887326326692,0.0106577420257444,0.0135430408946492,0.0336316911051126,0.0296352922392982,0.0468086231616031,0.0305943706337118,0.0617359340792773,0.0244996553562282,0.083717206380407,0.00921494692528478
0.00808590961987662,-0.00911759510781206,0.0323432791565052,-0.0105300368744216,0.0447575197967486,-0.0134329483564652,0.0500092249496919,-0.0326019002777351,0.0927279916921952,-0.00599389050992008,0.0161822210715282,0.0142322126427269,0.0411844350873498,0.0228148020451803,0.0519917471068772,0.0305003253609089,0.0800765273897842,0.0180992536340184,0.096049566401351,0.00261886882017132
0.00607435165017656,-0.000311097159239426,0.0273279740750741,-0.0104558972694623,0.0367283809548549,-0.0182008029917481,0.0529975944649858,-0.0277760362592598,0.0776784950315127,-0.0110879265071552,0.0167692896219505,0.0131436397136868,0.0336731646527063,0.0266409406430431,0.0517480748752269,0.0292817565708973,0.0723477148036731,0.0242300819178202,0.0941265989417572,0.00999736839835691
0.00891747034972299,-0.0055943260534145,0.0390747154161629,-0.0119625881390665,0.0515806275120335,-0.0188307931499868,0.0531093930808286,-0.0280355498878643,0.0804638758285385,-0.0124013180586282,0.016534162346401,0.0158649886148707,0.0384308605116586,0.0293664818522113,0.0531625662428228,0.0333032167362988,0.0636020327521462,0.0201374168439339,0.0837433853592198,0.009875350024957
0.0105989796038101,-0.0095995292137858,0.0417079876590464,-0.0143020237481017,0.0513047220694265,-0.0237900826284791,0.0543039244631853,-0.0280053137944078,0.100875418111983,-0.0124529154451245,0.0192063627494,0.0142573404584985,0.0391274417183164,0.0265863636547145,0.0529999006349682,0.0295072147098703,0.0720105342470777,0.0184083769058169,0.0949658563520488,0.00671254822232496
0.0149347566769412,0.00208838195086366,0.0313451558565996,-0.0143411170239946,0.0479303545652831,-0.0245496525740243,0.0498605514461523,-0.0312477440059498,0.0855492351514733,-0.00491607591319728,0.0150332983850174,0.0164562203892693,0.0318622172384195,0.0216952583712059,0.0511379668568845,0.0309172231122409,0.0660564144626845,0.0224783992146355,0.0920721727682744,0.0099715292218992
0.0154705894303943,-0.0177840202676206,0.0355764578761743,-0.0402627165473686,0.0392618966021753,-0.0370299962760771,0.0492063982601368,-0.0263579653621048,0.0691475862882832,-0.0112038136841523,0.0161878118706759,0.0188990324212438,0.0536613416104931,0.0394989662867124,0.0533189617937165,0.0301693580432268,0.0733439618053614,0.0263609924627508,0.0968680529301036,0.00379294508604719
0.0159824782518634,-0.011787168063557,0.0402157405392466,-0.0153303373150663,0.0426050487164596,-0.0306822009447348,0.0770211890571546,-0.00365728054391451,0.102647119201572,-0.00785509799620708,0.00608815274650824,0.0034150318145098,0.0253824901205554,0.0187907979103183,0.0396574430086552,0.0250342635603951,0.055479372375269,0.0325710218317662,0.0908842152753833,0.0205563789640198
0.0122991330690745,0.00188791186009155,0.023822043768853,-0.0125330626107919,0.0467284826805521,-0.0188605862581706,0.0530733773426059,-0.0279113719585655,0.0793678908179509,-0.0158978387168256,0.00904441749408421,0.00402947970403034,0.0293615862903904,0.0201848662866004,0.0488041337909218,0.034888277628669,0.0700269052971237,0.0226478300628506,0.0924214978056842,0.010200150680112
0.00664558356384236,-0.00711301081732783,0.0133445097892457,-0.014861269995978,0.0395487895312341,-0.0184622910003179,0.0484891837652788,-0.0268460941744065,0.0780898385421263,-0.0173767662953557,0.0221026830606314,0.0184399100069698,0.040310602021455,0.0282240208027093,0.0550881761821154,0.0314654746037323,0.0714280717729051,0.0180355329290436,0.0961301204003234,0.00577901929783147
0.00991792797933076,-0.0147323998573098,0.0299455212226063,-0.0160067152614693,0.046202710838236,-0.0199676934492517,0.0473476880291954,-0.0278651163457861,0.0877083418484631,-0.00721905447761817,0.00731784683877423,0.000518489666022069,0.0305662092641978,0.0208115619755311,0.0464938600002385,0.0315386926580028,0.0612940680587192,0.0254398886722189,0.0773486877647347,0.0121742507704313
0.021806505489748,-0.017181155746683,0.0266417829649811,-0.0196367428555852,0.0400235484030904,-0.0300803475037091,0.0493380393833097,-0.0277271477083846,0.0799880756203621,-0.00474846283515921,0.0169431712851327,0.0233792941555478,0.0493433002583441,0.0457739750233399,0.0572467428162464,0.0355608810189987,0.0705722912175672,0.0295383685641922,0.0938189883727067,0.00903310420587793
0.0315485699319205,0.00323386729952494,0.0450831983981636,-0.00468510878951158,0.0522956881227666,-0.0215842895350419,0.0505879343048679,-0.02837278426577,0.082279877639472,-0.0119813578499522,0.0206153752846981,0.0169645633063176,0.0354578539474734,0.0242745386236252,0.0515858546961767,0.0290821174792971,0.0699803275183003,0.0221286636750855,0.0906446178910942,0.00611816909953508
0.00563060311865561,-0.00597066662607875,0.0149685964638185,-0.0132006959075487,0.0359813006459706,-0.0173978719415166,0.051642266537546,-0.0263182228825073,0.0733014577848785,-0.0162367790308217,0.024584675648205,0.0183343664495663,0.0385575757907994,0.0275637570042757,0.0566190155104552,0.0287727256628636,0.0721916260890642,0.0168903844235762,0.0932668094251976,0.00796669641576061
0.00646597351205375,-0.0134757615547909,0.00655952915814396,-0.0130803935752528,0.00804473292964025,-0.000161261225115339,0.0103448348125121,0.0021547563737781,0.0114933423270102,-0.0109200457418077,0.0058314609635613,-0.00148618038293511,0.00570023013178442,-0.00386816091266421,0.00581494558480533,-0.00386960398330121,0.00595335012863427,-0.00376791230885298,0.0074138787422342,-0.00225620732665803
0.00739989598482247,-0.00543299685210239,0.0149468071693371,-0.0124528097430584,0.039422600584209,-0.0158462979035542,0.0447570099979871,-0.0279901093900072,0.0789278854011756,-0.0178400768364333,0.015083777494705,0.0119000715575078,0.032486916229729,0.0248480187712371,0.0508387754755002,0.0293297085123217,0.0629437503658482,0.0248507559627963,0.0808092680672394,0.00965179827460228
0.0100681389310401,-0.0061875699861015,0.0158575579488363,-0.0133030367974144,0.0393829750679163,-0.0242595997511415,0.0638727149470012,-0.0267199865283522,0.0994359827257608,-0.00717765075328194,0.00600828575106276,-0.00123373071874976,0.0253723660349927,0.0187588379364835,0.0475628410816209,0.0295793571803022,0.0689217189814295,0.0252457970010107,0.0942841639148192,0.0103713874700785
0.0136238461875417,0.00507186208068827,0.0322213022647229,-0.00117423062422321,0.0380428983661244,-0.0174388951998848,0.0468405170699456,-0.0308708601213107,0.0888325907471715,-0.00896959181192853,0.00338964201617143,0.0015069874499156,0.0209614426135035,0.0209925918630358,0.0438913677446649,0.0325243810834077,0.0612574718059693,0.0241605106428363,0.086001703718783,0.00270223320258393
0.0164526967651822,0.000101746766584496,0.0340019414545724,-0.00733283468490642,0.0388383228303373,-0.0216122977298757,0.0516279086590711,-0.0283636710492615,0.096077951032132,-0.011760689938635,0.0157026293409854,0.0152833626243061,0.0344703350855338,0.0263836715872416,0.0488367265100516,0.0308953621413125,0.0654201107758773,0.0213604003350915,0.0861622755208003,0.00895887813235213
0.012593621843635,-0.0124841813211633,0.0313715616561989,-0.0170963563188244,0.0448134792988314,-0.0206173834769154,0.0487359228588939,-0.0273882059817585,0.0654558662618468,-0.0189687639217443,0.00545258464948195,-0.00294249949669301,0.0357696444171856,0.0235832733516655,0.0503537017335681,0.0284375285664122,0.065784101526655,0.0244054075913009,0.0920243305364708,0.0107337802494721
0.00550095081407908,-0.00844657451161817,0.0192937061796172,-0.00901079920761002,0.0380430512075564,-0.0146931017692234,0.0495865590674376,-0.0288951776776648,0.0943625736410789,-0.00731514438423835,0.0163860685537742,0.0231571460640428,0.0266975922077863,0.0173219869169244,0.0494430350820134,0.0305188146349106,0.0727247074061719,0.0252771959545382,0.0959353767531375,0.00251088685710374
0.0153384325826733,-0.0298781544266835,0.0475432627208201,-0.0181803555972617,0.0991684217273583,-0.00232894335465724,0.0983402781998686,-0.000585100055859776,0.0983480379320508,-0.00112309371525841,0.0221397546084724,0.0251939405724864,0.0739190162756672,0.0223462230181114,0.10033403895656,0.009029321430343,0.0947388273419064,0.0128948140898486,0.0906549410261007,0.0088885045594483
0.0167288802043756,-0.017735483754262,0.0327703109138126,-0.0262749639573096,0.0519908604069569,-0.0257116877981147,0.0938111284671923,-0.00559646478537119,0.100764349964748,-0.0059024543014266,0.0114841737923706,0.00885178323434742,0.0301928952551042,0.0206961574608585,0.0423072623733237,0.0299495863618191,0.0729199863729402,0.0299593100051206,0.0939848615159782,0.010496780290668
0.0061053115073544,-0.0096956065472161,0.014681034225794,-0.0421555621124061,0.0309125506644559,-0.0385330218772963,0.0481648064592646,-0.0297527857607488,0.0801851572970353,-0.00997007541044447,0.00914336155439081,0.00999169580636093,0.0342248965053262,0.0401103152348213,0.0527695598477601,0.0396632083197782,0.0600080142411792,0.0307405836502735,0.0885962055073442,0.0122000550513688
0.00442664798994333,-0.00940311982165544,0.0149829685928844,-0.0365122614068857,0.0383034655986276,-0.0364423856398429,0.0540283514745911,-0.0271727679965745,0.085929139445171,-0.00873800935375372,0.00403075349112997,0.00251475167305776,0.0266054635974595,0.0308878849755029,0.0494156574180647,0.0361204787467246,0.0699845496061247,0.0299176147253065,0.0963721729829761,0.0106780421251994
0.0101530972940413,-0.00943269499882176,0.0214185400721531,-0.0139440380514435,0.0455818115014253,-0.0212341284777756,0.0515989334263494,-0.0288728956181882,0.0944467680135772,-0.0126585322331034,0.0137015195191568,0.0156823229141868,0.0284998573076065,0.0288962063465482,0.0506796232147036,0.0293319208230092,0.0765067939656356,0.0122371784315027,0.0959179942351473,0.000761534288412993
0.017943129665706,-0.0124209920409116,0.043778609155214,-0.0196085599779504,0.0422583245561547,-0.0292850374889409,0.0525977963584615,-0.0253343158553444,0.0973026933962735,-0.00610974129496837,0.0164414099579901,0.00853519591880851,0.0372902335260272,0.022408201520003,0.0474422485172393,0.0294538044539566,0.0667229408122739,0.0264470207221254,0.0944145385752452,0.0139274121557558
0.00941988572384162,-0.0235891931325838,0.0124686380267678,-0.0293678819160011,0.0370219355866179,-0.0166177176737041,0.0512183001777783,-0.0209303583636389,0.0597301284747927,-0.0272904719167707,0.00897441982309625,-0.00989083289089684,0.0269988118091769,0.0227831636335225,0.0604906302919163,0.0377463801690829,0.0707320889538716,0.0256311307705981,0.093708861523359,0.00808485895281976
0.00980406035070474,-0.02059735337847,0.0178164791745851,-0.0345014189263475,0.0382994844474979,-0.0292599237210231,0.0572327170594477,-0.0256807060951165,0.100301629717665,-0.00837977615944488,0.00777051832026659,0.00681336096818322,0.0229173262302929,0.0240782684564168,0.046313606245529,0.0333711061131924,0.0643540343584024,0.0262449032830059,0.0907168193061048,0.013742063997784
0.0547215280529565,-0.0250994177106576,0.0691124923004083,-0.00320129784185428,0.0535801806045808,0.00333390258756929,0.0467590731328448,0.00247264521617628,0.0917257905358541,-0.00275774607043593,0.0790772307914576,0.0112338434907071,0.0254159198885283,0.0068426807855212,0.00494491801635586,0.00120573489884313,0.00792563561391815,-0.000992547242813494,0.0110783916800025,0.00426377611481819
0.0126124781121022,-0.00951740679509914,0.0324566526573812,-0.0129274602224539,0.0440191832898555,-0.0173508983642759,0.0503656944050696,-0.0289832893303037,0.0921002571900876,-0.00567632500668077,0.0127142848596654,0.014368453341741,0.0351313124196991,0.030486202956771,0.0550100287572431,0.0293020578842546,0.0772907751853878,0.0150352942329359,0.0967439036151256,0.00436140778733636
0.00721540678812744,-0.00894717325833834,0.0315151315023289,-0.0200434330484359,0.0433423017098716,-0.0221082744122574,0.051868930117035,-0.0283923762900097,0.0892530461464896,-0.0115025675643725,0.020716959927321,0.0165479490066683,0.0420607638641199,0.0247622499067251,0.0543055484516477,0.0309980639235952,0.0756466774822227,0.0190705440041742,0.0941160415701842,0.0079503639641622
0.00812305655794118,-0.0270239045223146,0.0169013111062387,-0.0278530517393742,0.0560892239164599,-0.023647643238699,0.0524311426144668,-0.0301555911645227,0.081511939043231,-0.0208658084044496,0.00495140806319513,0.00309123865728418,0.0121532523142659,-0.00173797378970435,0.0410032354913161,0.0280656480252379,0.0773827905784037,0.0299135021104071,0.0926141740531234,0.0115254502086966
0.00698091826585895,-0.0101244520933779,0.0329204406041739,-0.0190241450452376,0.0449089323355134,-0.0211079708611887,0.0518581009141223,-0.0317788223572757,0.083094368019845,-0.0189639698661422,0.0129657983166913,0.010416330631791,0.0351377155792383,0.0265073779039332,0.0514035602171843,0.0320049118197974,0.0652517707078682,0.0272540996947381,0.0906254544248809,0.0101799302073751
0.00608013894141673,-0.00979478595995665,0.0178135325707182,-0.0324086795618902,0.0420336040373143,-0.030796426724508,0.0567293277621395,-0.025139395125875,0.0926396332469293,-0.00359329575667755,0.00756167438395366,0.00632236505827897,0.0331861016019716,0.0321168794704194,0.0535369168499587,0.0368662450026484,0.0734393563288517,0.0287239007142661,0.0947364905524509,0.00891594284424711
0.00468215432905485,-0.0140112929649937,0.0100654539348768,-0.020778278488697,0.0312124841294023,-0.0270082268476583,0.0608128763086503,-0.0218751091694664,0.103014118534146,-0.0110485552335823,0.00912920836681449,0.00871664699450228,0.0246613522900743,0.0228292502709852,0.0428385355704356,0.0292512293351756,0.0613625197220178,0.0261169167244236,0.0897299040659059,0.0129688349706398
0.00351129242758188,-0.000756396854927627,0.0179246035778116,-0.0203808771946793,0.0375491128520539,-0.0274955399337094,0.0584750113674599,-0.0247369415494531,0.0959159717826633,-0.0131588242229743,0.00998360653421497,0.00398114852627701,0.03097237096587,0.0210538895048266,0.0467580215387378,0.0324532252878713,0.0762755956038131,0.0236779238398562,0.0949274552241718,0.00825007821893402
0.00355379625055547,-0.00213623456796911,0.00358001295997363,-0.00221618947175248,0.0141529258999518,-0.0137356664853963,0.044363092435883,-0.0244463099751557,0.0623286910511789,-0.0256204009668443,0.0143891205379309,0.0134510329596853,0.0369325808852398,0.0249980840584577,0.0522218470042084,0.0301625549670038,0.0731115996351869,0.0199044024429424,0.0959085695386526,0.00601107689503163
0.010126083604813,-0.0202056356519645,0.015113499666705,-0.0244871874907885,0.0344842117466259,-0.0215763841348616,0.0509213425755417,-0.0281641844119893,0.0848035874074207,-0.00786760155098503,0.0109024021764362,0.0100449276135647,0.0332228261391373,0.0265397753597867,0.0511250506034521,0.0315170044112614,0.0761902324346363,0.020066005729366,0.0954202961860105,0.00995560080675882
0.0210643539435017,-0.00837322590720445,0.0401000239328854,-0.0188069181100979,0.0563014912815086,-0.0255658764242849,0.050062834526274,-0.0285850278698627,0.0929156618077477,-0.00861099992094479,0.00320604405764068,0.00162102876646557,0.0203434507455711,0.0206821275535222,0.044156782238349,0.0307201450386157,0.0610385618713497,0.027154756349159,0.0885980674262812,0.0113835390846014
0.0186519841020311,-0.0121620250560463,0.0381226159871445,-0.0177059799312603,0.0464987057726606,-0.0270072972123133,0.0566245732819676,-0.0294738367809289,0.0945400895228975,-0.00521942015316952,0.00322318973352739,-0.000424236188693039,0.00317355046986303,0.000308709935029126,0.00803828967193664,0.00702226871647874,0.04733918300986,0.0285924832173374,0.0815891902950494,0.0155207889905098
0.00897180712168946,-0.00857108119210748,0.0265456372335091,-0.0251093204139967,0.0394276679160176,-0.0253996813950396,0.0540985763852839,-0.0274546631191962,0.103998484899359,-0.00969705459375869,0.00653306247875857,-1.44257207069655e-05,0.026767811479095,0.0235170142205207,0.0516655005368231,0.0304686380742799,0.0791165392799619,0.0251046232723826,0.0940580683671628,0.0142930335387671
0.0164830726439667,-0.0155306522323419,0.0238543699722334,-0.0223506122494199,0.0413339013430392,-0.0268939817971055,0.0580961496424372,-0.023164177583116,0.106541064339053,-0.0130389825792211,0.00658644318105073,-0.000573313792405011,0.0217986153552553,0.0217532863591634,0.0436113760302269,0.0286659702289771,0.0686553492220766,0.0293820155215855,0.0934867324829338,0.0160216658430613
0.0159490952696076,-0.0166492984435198,0.0385450434602991,-0.0238169795222541,0.0541527376363886,-0.02593201367746,0.0511982909408176,-0.028906774595641,0.08192571829096,-0.00819051828979409,0.0158686719153153,0.0157702926443525,0.0484215644922517,0.0308650990644329,0.0839666838091706,0.0187690983063903,0.0956790827730227,0.00362807439031753,0.097042637114563,0.00330960620386556
0.0102542082656824,-0.00618174160891696,0.029121871899328,-0.0277835437431117,0.043149101536722,-0.0281103408874021,0.0521954160881104,-0.0253376379960838,0.0839499580323291,-0.00787155214988582,0.00566506624724875,0.0145432810552431,0.0347473068317068,0.0459516008848378,0.0612427279000378,0.0441283614766361,0.0886064578558133,0.0305615563614753,0.0946992673940756,0.0108690697818761
0.0126616305705859,-0.00735671938800918,0.0282050863936827,-0.0198231935387032,0.0417654275767166,-0.0240020330575317,0.0536524088837851,-0.0276000212285246,0.0959265675188554,-0.00924614797782329,0.0101181069332624,0.000766568922890918,0.0318731595712251,0.0120512266978802,0.0393545865957974,0.0263357023508598,0.0615083574753241,0.0320488870176777,0.0923929771607555,0.0130072342148495
0.0117958193006947,-0.00491825630440172,0.0300788863836748,-0.0141447697441314,0.0433467316779396,-0.0211158874090656,0.0565016958977478,-0.0291556291400841,0.0850895359894262,-0.00847267429476639,0.00935455303879117,0.0078791885215745,0.0300839681517219,0.0253068169631749,0.0483682932429413,0.0327334134294611,0.0768610904129164,0.0239444720260969,0.0947308310321037,0.00652710801316005
0.0165366552179626,0.00183260007572641,0.0361095160646382,-0.00492781856348377,0.049808994030757,-0.021848815018323,0.0507744888536912,-0.0277404922088655,0.0740748656672073,-0.0102561579637003,0.011409050525502,0.0144337018002805,0.018413213696118,0.0214938768111798,0.041136901960948,0.0371960641929878,0.0628860838866677,0.0310562378354131,0.088155590570173,0.013853926800673
0.00898217361437036,-0.0105972424874799,0.0215432473127989,-0.0282209909566413,0.036355584009971,-0.0249835343865912,0.0476015503945128,-0.0261447007527964,0.0717057811815819,-0.0174923188298356,0.00461480573927272,-0.00594735061036686,0.0148432389166145,0.00203946430664094,0.0328150562230956,0.0189057090767119,0.0586205337913588,0.0296551653473881,0.0898220023116732,0.0127248754454348
0.0126715363083247,-0.00891310192101744,0.0287066125338417,-0.02999814759021,0.0390053768460147,-0.0310929257399754,0.0502152410332301,-0.025305770884479,0.0848688540398693,-0.0129572203964726,0.0144547972735762,0.011748064347149,0.0415144328985072,0.0249558620922933,0.0674039485457696,0.0283797780742045,0.0893553608338394,0.0177582442851867,0.0974278873732753,0.00374539548539813
0.0262989467116628,0.0502401586140466,0.00195301788599905,0.0143796518438044,0.0152372082550928,0.0326716942217038,0.00493702697613097,0.00302242972694666,0.0389804170987268,-0.0237027118341945,0.00399854903727682,-0.00085807996691748,0.00396222943498181,0.000799109520406582,0.00364279850430882,0.00409080759370582,0.00393345591596584,0.00822070459953453,0.00520179015100938,-0.000195424756113884
0.00611560120392307,-0.00528693058025205,0.0275042269414099,-0.0266115836956867,0.0306497916736857,-0.0281417381420375,0.0491868064809734,-0.015938577750165,0.0561802394449605,-0.0232321927414462,0.00529046247157933,-0.0105495864074941,0.00484343411210413,-0.00420987450658424,0.0256839490769529,0.0370094054907504,0.0582393407611821,0.0335236942237057,0.0929162119001379,0.0152281195020669
0.0216592324725755,-0.0188388555859612,0.0278943267025352,-0.0233512725583484,0.0389491319424822,-0.0178303507126597,0.0483830455832734,-0.026512544735018,0.0783111825230311,-0.0118484096777836,0.00539053593210386,-0.00499068595115201,0.00819757369246163,0.00563649978490456,0.041754792538195,0.0315850636936435,0.0629500429854828,0.0259420010836996,0.0941002440316968,0.00942816961682181
0.0304159726276804,-0.033555053431663,0.0333317810175155,-0.0373506306416458,0.0328037339187745,-0.0357926148341236,0.0542945782701085,-0.0227896090900802,0.0948874731685511,-0.00967852705458182,0.00563523179195635,-0.0116188668236525,0.00771975197995473,-0.00573350175632505,0.0325646286635599,0.0255009024685894,0.0668933375821454,0.0269318878822131,0.0918892012837698,0.0147475362445764
0.023359547969104,-0.0234840990747959,0.0263083634621158,-0.0248463749163057,0.0449721508284645,-0.0190610210792398,0.054247238385108,-0.0292376472694433,0.0602389652239537,-0.0216891479544091,0.0195187757783189,0.021204433323563,0.052940763358419,0.0347419766719591,0.082510501431333,0.0168981217833079,0.0952216737759813,0.00263777172362836,0.101234014919695,-0.00163263813715145
0.0138071894821039,-0.0129408156831554,0.0244337397085734,-0.0213559209265519,0.0380933295871823,-0.0210553445926706,0.0473757891495369,-0.0290019010884189,0.0936154522568751,-0.00730939311815454,0.00269147341570196,-0.00143500613568511,0.00398697980177478,-0.00172102186341154,0.00680647159376727,0.00129890498325676,0.0388346044368691,0.0285252948500949,0.0596357574229835,0.0262746496943201
0.0144363701323487,-0.00774485123842753,0.0338732996145548,-0.0279442579994773,0.0469634690364556,-0.0304032628020271,0.0843592521428658,-0.0103303142668881,0.0935925570299632,-0.00249932955916584,0.0160180363857218,0.0195796619759544,0.0461460109152998,0.0353110325884002,0.0658589690550381,0.0259624282959247,0.0931838713636645,0.0117158557873531,0.100903498347664,-0.00263232220686522
0.00827659899568943,-0.00653335187657359,0.0184429473170198,-0.015257733758005,0.029959467632769,-0.024754474842625,0.0493923600670283,-0.0270855305924045,0.0944606008629084,-0.00406657133187623,0.0122838227127137,0.0120524928564539,0.0258040940448419,0.0278546402403242,0.041609717961613,0.0293672578181474,0.0602592727819677,0.0291188891159679,0.0941341232746592,0.00956288844624627
0.00688363102436377,-0.00498811840118561,0.0219365206650656,-0.0184029027791737,0.0526192183290317,-0.0272159427190202,0.0498889145328622,-0.0268091756299524,0.0889267781888491,-0.00662037257418147,0.00972617243537111,0.00652710059804748,0.0387341731593053,0.0193582743979413,0.0527100881286258,0.0276389281685289,0.0696427030335018,0.0209862080446818,0.0947905316371228,0.00839890262314411
0.00985800512003891,-0.00759673962746779,0.0234517527467414,-0.0284000452046987,0.0566038111664457,-0.0244800003711335,0.0478850715794424,-0.0272227381691019,0.0760607364916064,-0.0119130572054043,0.015793499122334,0.0100806698407684,0.0569208983091536,0.0321776516007253,0.0904262956183606,0.0117739925431627,0.0982477470334092,0.00579052085395025,0.0985572028551582,0.00623337144240262
0.0267012559450574,-0.0331585752844885,0.0414656977165986,-0.0298036918551113,0.0458657706713098,-0.0276623305466388,0.0435964218948745,-0.0147018909204605,0.0718024275578545,0.0226473245382491,0.00707846650552202,0.00256727850561694,0.00530191848751316,0.00335364768947309,0.0212518402423485,0.0279587912247367,0.0692147682949492,0.0294325864219712,0.106320777547037,-0.00590841378588181
0.0386791123170053,0.0050231505001302,0.0518464694633029,-0.0107040983144885,0.0418888793326405,-0.0308852593758287,0.0481952085663488,-0.0260988870153033,0.0821570740485902,-0.00873080124843251,0.0163832955726877,0.0266990385342439,0.0447605096453347,0.0435062474658168,0.0691281955539812,0.0288308319344195,0.092768210741803,0.00910942829452334,0.098666890651543,0.00432975187863954
0.00425404422045348,0.000913729377888751,0.00428962324151357,0.00077044166333495,0.00831726280540335,-0.0134545277349249,0.00248430181312108,0.00279688564964292,0.00232892145317042,0.00346919898468731,0.000773591623425378,0.00984259351964319,0.0019664426012752,0.0101609990683222,0.00209525317808543,0.0104118675196683,0.00204112237904912,0.0103824853871054,0.00354287937044941,0.00966939871649282
0.0151363323178522,-0.000667173431590317,0.0415520641981904,-0.0110364955072171,0.0466634518252529,-0.0216185290601258,0.053887462955129,-0.0325764272020108,0.0868413123321161,-0.00675237871502875,0.0147035825077768,0.0129933017671836,0.0350472054483042,0.0221024261052671,0.0542594123360533,0.0298333440660541,0.0680245021254814,0.0204507987593793,0.0923069685536996,0.00343854996308491
0.00928954866788083,-0.00678673783813457,0.0243923233629542,-0.0224032116362563,0.045284083071376,-0.0290952169174422,0.0530649265502128,-0.0270653088096708,0.0867349055244354,-0.00720367470760202,0.01071695973668,0.00322300817907483,0.0360617875510994,0.0180723964390017,0.049531569921609,0.0297047326532772,0.0802824907050885,0.0304604761178955,0.0946633704141738,0.00974329421796608
0.0101984310146871,-0.015843915149213,0.022712325981727,-0.025039343886078,0.0388043217983904,-0.0275636963981417,0.0631014427730896,-0.0219871996969014,0.10380203094836,-0.0125406189462188,0.00626396568708955,-0.00979160548519953,0.0168087158420541,0.00443933683861653,0.0363887503748968,0.0232723303267766,0.0690422685801301,0.0294661869227273,0.0956139280055928,0.0129131712365771
0.00715157348544869,-0.0118966052853896,0.0248297684546082,-0.0390182552341969,0.0414986957714259,-0.0304713274961072,0.0551696734059552,-0.0247430516519577,0.090130401661221,-0.00935095594807688,0.00719689729152078,0.0100114149057285,0.031884057553467,0.0403337940865036,0.0517529746966281,0.0430207390412461,0.0624183338270791,0.0354747781493628,0.0898156622894613,0.0157890432429136
0.00951591395715164,-0.00425672826464376,0.0390480876227075,-0.00824483912215942,0.0396342882223856,-0.0235628600019961,0.0553457341337114,-0.0301236378474425,0.0861403878185149,-0.0146394676551312,0.0148611669850815,0.0142826528965617,0.0314193013094398,0.0259210777607096,0.0482862270483223,0.0297372488534888,0.0640203181431072,0.0219193469718933,0.0880382730697566,0.00636121506957537
0.0168045758972636,-0.00790163361883762,0.047331821646481,-0.0170457436189541,0.0557518747345804,-0.0283658134757679,0.0492789858781449,-0.0311469669949806,0.0897547745699037,-0.0146060792017701,0.0233214479658251,0.0188811798432605,0.0522825694877394,0.0273597454597889,0.0656017588396764,0.0202378504854694,0.0935964639465616,0.00189724635124688,0.0973412387435171,0.00029448452242541
0.012878061469757,-0.00269532841933572,0.0281518203016121,-0.0108379324647858,0.0393805787687475,-0.0204929427829934,0.049931957629226,-0.0311745694333867,0.0745629009891962,-0.015907209868737,0.0180403871999153,0.0184182364720943,0.0323499341914594,0.0306309048207317,0.0467574923525012,0.0347580776540306,0.0686462305096364,0.0214868108866453,0.0896670500008833,0.00996503345360041
0.0107390555050463,-0.011026587725411,0.0225503501774882,-0.025556209404357,0.0424939263761807,-0.0279680698892017,0.0533424250694266,-0.0297762097895978,0.0787302777224436,-0.015519365320202,0.00976762992188142,0.00672670691457068,0.0287945975543795,0.0225546302270031,0.0476352995539906,0.033073484970081,0.0707411758166769,0.0261116673786625,0.0945232823757043,0.00906001944059762
0.00570895848134359,-0.00408962370032524,0.0256425184227562,-0.0324330941107409,0.0467357205925913,-0.0342791630084615,0.0492559756794311,-0.0299592728604436,0.0747840191735228,-0.0108764967044915,0.0109070687600842,0.0140413642050758,0.0503654163768487,0.0389875768040295,0.0665916027791167,0.0314841358535908,0.0948380320139704,0.0117867785432046,0.104550652220947,-0.00026946477379282
0.0142564025083851,0.00101131940365499,0.0437228917930518,-0.00931745657909558,0.0504121871298373,-0.0263297148694526,0.0517037301123287,-0.0322633568450637,0.0900032135294371,-0.0114245613685559,0.0045780468732356,0.00301802589523872,0.0204953310541915,0.0161826828367477,0.0357691837875523,0.0290309582991465,0.0648731468092007,0.0215860455468965,0.0885406536802515,0.00845700850676119
0.0122777029832472,-0.00729918606177277,0.043461078688985,-0.020052068870317,0.0528808578265099,-0.0288233544400552,0.0979211753782691,-0.000329811337886807,0.0944410496235298,-0.00118980230514279,0.00420528641283414,0.00303132537109247,0.0292956464692363,0.0228768106169159,0.054480003775396,0.0276370841633152,0.0790444917948338,0.0175602878377537,0.0961130639963044,0.00678188154696376
0.023323035656604,-0.0392852980514002,0.00664639466706408,-0.0177047958417214,0.00425795977920802,-0.000555265655008475,0.00450746181940747,-0.00107061567940037,0.0394431308827789,-0.0278067881288327,0.0223550583092838,0.0253003988568243,0.054361954792775,0.0268705615694707,0.0835654611811641,0.0193688378802775,0.0965359267931607,0.00718565648609081,0.0987632955733708,0.00192892224445183
0.027387512089071,-0.0176580724784175,0.0366258704202713,-0.0264677156210055,0.0437999218092985,-0.0275179004593815,0.0505331130666806,-0.0285700316441032,0.101416907584047,-0.0137545173685127,0.0100822601663102,0.0132129332686435,0.037923472688824,0.0381644548974115,0.0532097921702157,0.0326076511808367,0.0592871976647684,0.0257206820651825,0.0836001621553907,0.0110480434118427
0.016083120112726,-0.0145698838001178,0.039876910574831,-0.0251867552987361,0.0417705202359592,-0.029469692681075,0.0490134815564239,-0.0283181365209168,0.0662059918243112,-0.0227132524022731,0.012595472146756,0.0152600764130139,0.038064428957888,0.0355039320012042,0.0516518475826477,0.0330936034896853,0.073203847470601,0.0195389719343941,0.0967607609726974,0.00444126497501206
0.0227122269399554,-0.00980561041421244,0.0302465796880356,-0.012362435639944,0.0412533015264396,-0.0260230120869625,0.0496506334546853,-0.0289391898591783,0.0862766447324921,-0.00754652113656218,0.0121251842762525,0.0177501826581308,0.0317169827367549,0.0421947804326408,0.0440267812724045,0.0407507097792817,0.0538829473928175,0.0293350646344296,0.0811070129271925,0.0140970474819842
0.0129367696878413,-0.00620227300433895,0.0308282269877356,-0.0193521062268148,0.0539513321289373,-0.029358407688751,0.0623722244890959,-0.0197384774260871,0.0855287849592006,-0.000204413196061751,0.00823669816069647,0.0102146601295298,0.028830842872747,0.04114527525586,0.0391262915689361,0.0428845397480502,0.0526660882119298,0.0329218897485407,0.0841651059090989,0.0123736252112827
0.0197783404643225,-0.00806832530978908,0.0339478824820534,-0.0207782698102964,0.0470292659574904,-0.0275629759521404,0.0486639622969523,-0.0298052160298399,0.0817260201048384,-0.00780014804137766,0.00909696587589736,0.00984671719555084,0.0176948139178726,0.0236763957340161,0.034843361899669,0.040220666869758,0.0468047928810523,0.0329828167796198,0.0772140512447943,0.0145694271603931
0.0196319598709888,-0.00926427742037544,0.0276368088853978,-0.0121991972732651,0.0442435486342142,-0.0258860517201696,0.0505859590614099,-0.0300570277430475,0.087865182863503,-0.00982374297735323,0.00664244079020327,0.00614711757882802,0.0209724053430696,0.0269194440527078,0.0395971536478588,0.0408406512901218,0.058029319374636,0.027238268046219,0.0912871924698814,0.00705513506538413
0.0229646653281873,-0.00882397231769999,0.0400506529236549,-0.0228063396551697,0.0483882494863001,-0.0290187813028926,0.0548412092922774,-0.0279564013400861,0.0890425963410999,-0.00598314012683478,0.00946371912254811,0.0101868959827754,0.025266866222373,0.0321155282440594,0.0373718011592855,0.0396060648173683,0.0511453796620931,0.0315135300207359,0.0807711992564949,0.010806986410857
0.0187277222768236,-0.00875197149739743,0.0397398508848987,-0.0237721880039659,0.0459711863887844,-0.0301047984260516,0.0587271629090999,-0.0231691105804567,0.0957359748455577,-0.00531730113167136,0.0116183062417109,0.0136933471831208,0.0348358540211339,0.0404326920287063,0.0457590974392112,0.038644090573604,0.0689134587174428,0.0224416792706342,0.0950904603155365,0.0032217466799898
0.0287247222711727,-0.0100138332754783,0.0467925546435419,-0.0210664334057061,0.0470598467310996,-0.0278228295729542,0.0498956847131175,-0.0298968796619799,0.0870739670943774,-0.00529354548957911,0.010575714667587,0.0140315451543591,0.030788032691517,0.0359582815095301,0.0421433332519381,0.0349910486046171,0.0645019126710831,0.0255086345716207,0.0904298775598623,0.00551464177573955
0.0121254634321315,-0.00409801351395353,0.0359215629851057,-0.018697888654303,0.0493636509559551,-0.0273556800276569,0.0528353354208803,-0.0252252912385178,0.0924861382356453,-0.00542298983671283,0.00547809398028685,0.00314006695562073,0.018381796222433,0.018612486293097,0.0366869889604745,0.0347096735904822,0.0450009114473125,0.0330092669423849,0.0736191630074507,0.0179377198626207
0.0122548337557849,-0.00302498938514845,0.0303262349943111,-0.0193570226043841,0.0508217821669992,-0.0297544914759132,0.0607389121808694,-0.0226365957030997,0.092829428665327,-0.00820962996028445,0.00996398949634227,0.0105949997988061,0.0287903343581415,0.0323645356735518,0.041995592796112,0.0350252040705394,0.0563793163035185,0.0292554285908008,0.0843492663792176,0.010790597900191
0.0086655952863711,-0.0109770192482686,0.0350917755091948,-0.0214582645148111,0.04072884412408,-0.0292784680522813,0.0475739565832725,-0.028967428361211,0.0637369053954782,-0.0192720443548981,0.00645563207445583,0.0117205244412126,0.0251712387505837,0.0396806110365892,0.0371337821028346,0.0379933462420691,0.0545624145297094,0.0299342567149111,0.0826864461911719,0.0102164669506166
0.00904827974431446,-0.00458796780639581,0.0377667308838807,-0.0232742141264587,0.0552281482661412,-0.027832725151343,0.0623675572111876,-0.0189844719087234,0.0896339013921567,-0.00181430723603869,0.00710009369440129,0.00895041197005967,0.0267053477901407,0.0322847453771894,0.0405191008480852,0.0367155890645901,0.0565883154686629,0.029153118781809,0.0837285722305173,0.0111078726733849
0.0246196280132165,-0.00659097002575442,0.0346304321714543,-0.0233732263489044,0.0432593536560414,-0.0278342249426697,0.0512356284125772,-0.0270290812101568,0.0842029808835275,-0.00529764435500466,0.00874925259142242,0.0112654245990352,0.0279933131243165,0.0321496077631178,0.0420377609464441,0.0350163686607775,0.0570814639800842,0.0280631279387438,0.0850927804681341,0.0113280214939043
0.0163269065750137,-0.00481975396152988,0.0372195503942716,-0.0245356209984563,0.0491373872981351,-0.0282675744335621,0.0604066431422912,-0.0216518169462224,0.0919953568382645,-0.00405590186834598,0.00982724493994787,0.0163787036216731,0.0301497597466653,0.0378568342980441,0.0416648987384191,0.037175308316078,0.0553639069228808,0.0303846830124445,0.0830453838828681,0.0124927751210908
0.0110226030571225,-0.00469810665516817,0.0380930352018101,-0.023447438369508,0.049607661316636,-0.0250644469163041,0.0511481488086891,-0.0259397638174827,0.0547701365666554,-0.0256749135073128,0.010593498200817,0.00603707558472529,0.0363493197319284,0.0245782569114515,0.0514336238127562,0.0305194338699408,0.0582541382589671,0.0283862157604834,0.082994879533559,0.0146300160753325
0.007035960602539,-0.00312790101075105,0.0204831953761709,-0.0111606865725017,0.0447589702746383,-0.0260627651743086,0.0521468310932745,-0.027468566860382,0.0812950942765908,-0.0112960825643282,0.0107899959461852,0.00972834177931678,0.0259632584054808,0.0228270741041737,0.0475396827151265,0.0319766478620482,0.061051003932096,0.0266023811063832,0.0844186959446731,0.0116604892690982
0.0330686401048396,-0.0212839565589491,0.0616039873081155,-0.0234594009704558,0.097416794987305,-0.00190180063074779,0.0692441843733891,0.00447356689654888,0.0224374544877627,-0.00458585896639293,0.0165495541064202,0.023274691357274,0.0403328938787779,0.0434232731940528,0.0566525431011165,0.0329327859567966,0.0784513540445054,0.0161922538912352,0.0953666157562459,0.00418198749439844
0.017020280389885,-0.0129912933639753,0.0368071284329536,-0.0291516292493303,0.0460019140510972,-0.0279503803031019,0.0595708902419125,-0.0240689622581077,0.0991016018845346,-0.00664709548058917,0.0115933179032126,0.0114576889128904,0.029695924721668,0.0293729364526411,0.0446770055605324,0.0329949064122331,0.0589522825245838,0.0275767386520544,0.0837514431326254,0.0103592192326804
0.0164958838726352,-0.0115576540058481,0.038237563608581,-0.0295305239173605,0.0493922329022887,-0.0276487565267786,0.0717419644286225,-0.0168409002175061,0.0925300289933305,-0.00688185765017195,0.00789857577073432,0.0109950746968821,0.0340898030071399,0.0402780040055012,0.0523244248527105,0.0365780989498193,0.0709331795035148,0.0210622326687096,0.0975751406327257,0.000567670379626816
0.0187040363174572,-0.0101828600862199,0.045781328269495,-0.0227551990812534,0.0518596229711801,-0.0252166751912054,0.0466193101481182,-0.0289519749173849,0.0830946445366615,-0.00600411110709138,0.00467215399033286,0.00239252773524291,0.0274580556703618,0.0216901587724376,0.0446811006414415,0.0295197357348508,0.0544936972565833,0.0287434907928937,0.0830158981574382,0.0119285989847097
0.0139618661163413,-0.00620707293828365,0.0424271153784214,-0.0256737892251631,0.0482972808369187,-0.0284627412681817,0.0682716395196258,-0.0151281165485211,0.092295323839131,0.00256423393718964,0.0102003282874644,0.0158247385578336,0.0311840335042426,0.0378779251797305,0.0494973384236315,0.0338761242989072,0.0631929607821286,0.0229490402827765,0.0888560655530111,0.00603257575734928
0.0319945787686001,-0.0104321930188286,0.0428461496962242,-0.0285479560329517,0.0462704794012501,-0.0312767603494445,0.0666928274085665,-0.0203963083142432,0.101909115326272,-0.00683380620018903,0.00755008903672633,0.00528838125067268,0.0255669440364847,0.0216605479398445,0.040634557348297,0.0293754045557398,0.0538165632638729,0.0285358601466146,0.0816293993550283,0.0115244243407133
