u1_1,u1_2,u1_3,u1_4,u1_5,u1_6,u1_7,u1_8,u1_9,u1_10,u2_1,u2_2,u2_3,u2_4,u2_5,u2_6,u2_7,u2_8,u2_9,u2_10
0.0890242662975046,-0.0184003991103286,0.0976829374495232,0.000452366247055922,0.0775077909140889,0.0195326222026351,0.00358516383088681,0.000387672900317816,0.0488664390347077,-0.0270808019255091,0.0216209551921396,0.0191882389274329,0.0401811814355567,0.0275999443178589,0.0576720008427109,0.0308120622171557,0.0803388247836524,0.0237351448079642,0.0929047933963644,0.0110850641879601
0.00959762551451664,-0.0284171047457131,0.0238270554984233,-0.0306645391990271,0.0475995088641679,-0.0302886495078198,0.0737111496243245,-0.0241917013754827,0.0932590035734686,-0.0100238170552354,0.0129455925030528,0.0195489609346366,0.0327071207085808,0.027804404918776,0.0553456939740043,0.0302747747466928,0.0839949071999598,0.0221862772984151,0.0923376071509937,0.0140033288954391
0.0136691810907187,-0.0144297437692501,0.0316726054262456,-0.0244689316456276,0.0521824475301461,-0.0272009221595315,0.0769170136222385,-0.0246504228519988,0.094803088439594,-0.0134952592948946,0.0231142117777943,0.0189588291010747,0.0446409295898622,0.0254896644875219,0.0565199237477629,0.0264432658561185,0.0783430138799658,0.0217745810132996,0.0927651621246055,0.0108909663267029
0.00331159503956267,0.00857862727452927,0.00190103574222816,-0.000364640397021219,0.0261567748671292,-0.0227346265794696,0.0698492739530565,-0.0275134666852734,0.0978754923837219,-0.0103453042701838,0.0114127023524506,0.0165942111714064,0.0346014972501378,0.0283920519498992,0.0550119311609596,0.0290822455141491,0.0768331592977426,0.0240392801008877,0.0906752039620827,0.0166951818051058
0.0140417866995459,-0.00350207335925412,0.0296039026577436,-0.0128037269453883,0.0494754446988102,-0.0248880693058651,0.0583828089852103,-0.0274875922333266,0.087571449558968,-0.00833940722527804,0.0199500369019716,0.0256758688526629,0.0375724489504288,0.0313758815522391,0.0564058131248526,0.0294961779837674,0.0720655523109519,0.0247770845988688,0.0893139050764242,0.0128698842132184
0.0117072384598146,-0.0173995271974829,0.038177765698622,-0.025834120870134,0.0710561386306264,-0.0225485674601615,0.0925572812063639,-0.0114366632196995,0.0970015522954571,-0.00226755167663644,0.014975195999318,0.0205951663731269,0.0360485255490648,0.0294785370808114,0.0610475779448121,0.0254858004071399,0.0764231407196038,0.018542819342865,0.0897439472397474,0.00995569154113513
0.0174138093041941,-0.0278854818720532,0.0534047850361726,-0.0326149789844004,0.0525066740498527,-0.0268669722511557,0.0507606612723956,-0.027991493086924,0.0815002835002374,-0.0174023480826896,0.0339640261763842,0.0224046527520853,0.0513223993660593,0.0257509340619367,0.0692971092645433,0.0219689787269515,0.0901471107527387,0.0139654999796321,0.0952844971898271,0.0056208527305966
0.0106428719193331,-0.00884863006474136,0.0276313917029115,-0.0202406891967211,0.0507099454496633,-0.0263597920726184,0.0750766659519836,-0.0264015471138935,0.0918240476772639,-0.0141513508782267,0.0111487001282134,0.0163565838790144,0.0337328818868964,0.0362268815689675,0.0555586679280213,0.0310237277712884,0.0739357473403656,0.0209122245007227,0.0863257913637456,0.0124768044487082
0.00653670650696111,-0.00715253676801881,0.0195558403159088,-0.0217120399890398,0.0457444674762613,-0.0276164624255961,0.0716183281688087,-0.0282127488985906,0.099237509982522,-0.0154468130487336,0.0175586455856213,0.0185881084609683,0.0342881847540804,0.0281718945011124,0.0514483408484803,0.0276836669965977,0.0699708780056029,0.0207278712884129,0.0853877407124149,0.0101947477910062
0.0076938271339212,-0.00899159310908346,0.0226627655219898,-0.024671074170702,0.0525669485199925,-0.0284230249157648,0.0796094875961829,-0.0276769472732431,0.0986852205251982,-0.0169132332749141,0.0185616258407239,0.0248631671449905,0.0387481403119832,0.0326530712076662,0.057678050783565,0.027302816517431,0.0725564330517427,0.0188417952013172,0.0853076512092706,0.0102486337300732
0.00207887997067565,-0.0191345338925627,0.0196820322935093,-0.0309387087786989,0.0442138831169144,-0.0321436883068928,0.0746647597664075,-0.02339267347198,0.0963420261879488,-0.010495207706902,0.0161790531696111,0.0167932275792182,0.0357187654738863,0.0273031378034893,0.0532822082763625,0.0259856221720979,0.071670631857225,0.0182438459046485,0.085889460374487,0.00959040438199532
0.00678536852564601,-0.00981280234653277,0.0239005516881483,-0.0266818318558207,0.0549232835410884,-0.0287775733255722,0.0883529867537497,-0.0188196070286355,0.100646625221519,-0.00918465009823831,0.0166713837031583,0.0217274221845055,0.0372014310204217,0.0324758017021592,0.0584198780198321,0.0273366847909899,0.0756770423538675,0.0190804865554766,0.0917223607951246,0.00934462950419746
0.0202642880405808,-0.0101309674752846,0.0294989089922616,-0.0213078177706015,0.047946683195744,-0.0290422486753657,0.0745788238365633,-0.0297239433008906,0.0939385393752101,-0.0204967303200123,0.0201760364755068,0.0133024757484785,0.0302652684313744,0.0171084843349459,0.0453575111457821,0.0233035035469879,0.0593438700044156,0.0243846903985561,0.0853845110095127,0.0143412599978582
0.0513616419456004,-0.0269694431537618,0.0862837840727983,-0.00952143503463702,0.100439718812378,-0.0014686302226252,0.0941863648965376,5.39109132935571e-05,0.0575707437846957,-0.0103989083087592,0.0509309438872857,-0.00471252421891138,0.0691095026651935,0.00734460098221727,0.0857201850613412,0.0274850146406538,0.0538287688350644,0.0254601970956065,0.0469756669357293,0.027432412361555
0.021522561765514,-0.0349434652762343,0.0543357373045697,-0.0364299113014616,0.0584956041216135,-0.0263108104576134,0.0474612610966247,-0.022427763795026,0.0589934464300082,-0.0271960316485169,0.0634129259521751,-0.0314880620480819,0.0445146983233251,-0.00680691245217151,0.0853408457048514,0.00968538856891606,0.0914076387909883,0.0172532919425058,0.0540324710218305,0.0296461913637814
0.00786381220228993,-0.0153189623126958,0.027299239335043,-0.0262258414766534,0.0497402064544314,-0.0316536114936881,0.0814565092464432,-0.0230607341236578,0.100613621477355,-0.00850988654642333,0.0141893171000272,-0.00467226321103207,0.036332585916118,-0.0222687518406823,0.0557803870501781,-0.0288494438935539,0.0850512237389322,-0.0264442865316505,0.100044690400341,-0.017602498020523
0.0228906484259117,-0.0195720272748112,0.0444317858400807,-0.0254478789036371,0.0764286696518408,-0.0215365133191744,0.0975848045099923,0.000891882963935891,0.100847417260986,-0.00216183292050976,0.0199894605094526,-0.00530919840828217,0.0439343996368502,0.0025188901317285,0.0541734493755772,0.00744932054715622,0.0539932732319698,0.0256940274528774,0.0741238179801896,0.0256985233401988
0.035556556023459,-0.0300058021240334,0.0996396391130265,-0.00386939519264754,0.0988007375936258,-0.000708843605982872,0.0989271046729314,-0.000571948448848097,0.0990059854983331,-0.000562479498620264,0.0104811756793404,0.00842057451799435,0.034432252600048,0.00539475615430892,0.0535332899599419,0.00667805210692927,0.0541166330432631,0.0301717653164946,0.0576796395813027,0.0202743958784989
0.0275941505962908,-0.0277800273025628,0.0525287847100347,-0.0298877550768142,0.0898143105196507,-0.0198427629439845,0.0954098351885017,0.00515976738139101,0.090753730046222,0.0241011077762512,0.0284545259429663,-0.0251728996638502,0.0557670321420946,-0.0297880653022092,0.077003891542247,-0.0159465557674466,0.0540223602735183,0.0202687219826579,0.0743806950335321,0.018876015260724
0.00715014259607506,-0.0220489294374945,0.0254952156985372,-0.0339996450405316,0.0598339443718355,-0.027949169585903,0.0730078336702866,-0.0015870833552329,0.0843762829266205,0.0232978254794472,0.011273144717664,-0.0283570611865514,0.0407630588215743,-0.0220081175952681,0.0492884811602403,0.00227216562224747,0.0524337434094523,0.0285286177803406,0.060470075604862,0.0271644893264311
0.0433912502784029,-0.0416777914465897,0.0617431230523068,-0.0333736329264176,0.0447873160022661,-0.00383148464801078,0.0737735642266803,0.0146934693999901,0.0819610966242967,-0.0092998062996799,0.0163825228942333,-0.0224780029470476,0.0567727566886096,-0.0286037559221502,0.0593300294482861,-0.0186870752512475,0.0516847345396573,0.021250966928824,0.0510598585766543,0.0308223990199565
0.00569710083973375,-0.0258778706835279,0.0316726965857499,-0.0427410952852508,0.0518742829371093,-0.0376914113455444,0.0481073565653048,0.0032010711615079,0.0751716753846824,0.0304286296528809,0.0121644476322523,-0.0137610647770031,0.0348166223951578,-0.0341260831722149,0.0580338842642235,-0.0329692984041408,0.0490670571222733,0.00713794705413371,0.066619871361827,0.0303039086722056
0.00587603105036336,-0.030350823646743,0.0323166130867428,-0.0428008118575614,0.0499457051712573,-0.03189539883049,0.0565463973647638,0.0152385718086763,0.0779259347613319,0.0276658501742624,0.0118653450467324,-0.0287211756799923,0.0452653196151165,-0.0373282245055176,0.0544324010760087,-0.0191015563094361,0.0519997176924905,0.0218409474893425,0.0761593838546729,0.0284318138758403
0.0166052640316134,-0.0349238067359654,0.0357333503131126,-0.0426826405523628,0.0464794199387191,-0.0393685427586044,0.0533856885093256,-0.0084648603320075,0.0745827812732744,0.0237054249287391,0.0221957741650173,-0.00378293389666405,0.0427377723254722,0.00117010963692895,0.0417243246199466,0.0206114676878987,0.0503713522190881,0.0312848920831268,0.0697808508883516,0.0228895673357986
0.00960492130073733,-0.0372040434454518,0.0431828198776021,-0.0397966517644434,0.056234982235972,-0.00983168938663452,0.0812014588006567,0.0207639589570507,0.0974979146136903,0.00195439454437168,0.0231783838020121,-0.0394041293778472,0.0499261299562649,-0.0271207554274971,0.0541142833201031,0.0020366143382317,0.0803373894585691,0.0269059859439483,0.0606780591499384,0.0269597019585418
0.0183823143179703,-0.0425922504828839,0.0447377847105272,-0.0424763663800822,0.0527451374194395,-0.0103405022028493,0.0625381003659573,0.0307452260005537,0.0809775496238496,0.0350004203699196,0.00897094991294144,-0.0256023990641333,0.0376789421572518,-0.0387427884935731,0.0492649702514829,-0.0138756680458841,0.0515292999750292,0.0250340971545443,0.0768392491788656,0.0326562811181095
0.00502857849800539,-0.0269741495315688,0.0371080773317462,-0.0434480843179221,0.0498365688279596,-0.00770136020825876,0.0581725000918287,0.0327860345366653,0.0852301029890593,0.0308306296071086,0.0112239948873664,-0.0197219433775624,0.0381920968003745,-0.0403139468803531,0.0524052133309196,-0.00248512331713034,0.0540740141296833,0.0305009448876961,0.0866628321321624,0.0264309414085951
0.00333940265604057,-0.0323342806641335,0.0339219825718673,-0.0416876999728013,0.0512251758800003,-0.0244011258239572,0.0548652899790337,0.0255273025800019,0.0820699200574985,0.0307066295680443,0.0111822095362427,-0.0269888680230049,0.0396078135306838,-0.0291372545390925,0.0546863886708806,-0.0122158133103819,0.0509857522618891,0.0240647375200826,0.0794713762108551,0.028943980486469
0.024258685205119,-0.0406949727917111,0.0437833020494191,-0.0420589496223274,0.0501186186669666,-0.0304321196308308,0.0482893034675406,-0.00403437892883671,0.0780368116457428,0.0284575188879237,0.0250326758715104,-0.00460125143025452,0.0458849942257763,0.0201114886225019,0.0571339925287083,0.0351385422425399,0.0804633076004679,0.0346554534670962,0.0943951845899496,0.015536846785428
0.00833358621836371,-0.0204710061406571,0.0382846376848879,-0.0380609259607487,0.0523198239220931,-0.0232523319008435,0.0569810922989073,0.0214401713369718,0.0811616983747103,0.0264448705178239,0.0303225442572056,-0.0269787528723738,0.0560181915558906,-0.0291800396774968,0.0522044820458739,0.000362504080987084,0.0551226823161746,0.0291655568340912,0.0857729385991276,0.0238101270284393
0.0152539430239286,-0.0256269471099376,0.0382081886342103,-0.0320767450740253,0.0493617061008444,-0.0267703105981086,0.0566557678701431,0.0113456781345577,0.0765563813575607,0.0279181548978014,0.0237855278780831,-0.0148007052621144,0.0356174442530096,-0.0285300225966452,0.0481941925627778,-0.0208801603121094,0.0478190581225157,0.0137503171017432,0.0751148472472501,0.0329578651811856
0.0272025691199515,-0.0250305603493552,0.0438919956828408,-0.027586031159139,0.0578690514732783,-0.027964517100421,0.0586103194002474,0.00084385525025615,0.0725246598568249,0.023037236199672,0.0200558371904387,-0.00425850711549398,0.0391933094668759,-0.014641031594951,0.0466241931905758,-0.00617252782101406,0.0601645862022386,-0.0025665252290948,0.0605413949032391,0.0302696593999309
0.0289464240532119,-0.0246002202203221,0.0444891072310121,-0.0288017538714449,0.0531274960686347,-0.0216476330491613,0.060905858594017,0.0159188974468595,0.0826988604337344,0.0192112236155705,0.0356555047487472,-0.00579805611329701,0.0469692685810895,-0.0071860060302973,0.0496682512298575,0.00586215128886938,0.0521095125296996,0.0273483415778437,0.0812004991894759,0.0275177236182219
0.00948340608883694,-0.0263317127439426,0.0267627347971415,-0.0244732750414005,0.0402610749796563,-0.0278597623413845,0.0578187532594212,-0.0225556771945551,0.0651838750599251,0.0264743921955709,0.0132664137765368,-0.00260863791373551,0.02813605950507,0.00706765445516567,0.0413137619872923,0.0206985545363621,0.0502963085822805,0.0276821825406198,0.0706703604491291,0.0322310826813626
0.0307436816659133,-0.0370853403046704,0.0497219344989605,-0.0360446487540113,0.0523647785325624,-0.0267847676059078,0.0402641754251523,0.000649282732049463,0.0659215133117042,0.0260710578078404,0.0207307684768552,0.0103452461534523,0.0396087408360892,0.0222380457291366,0.0577585673466379,0.0257824419023876,0.0910656169762388,0.0130406951720365,0.0973379732846628,0.001404275446325
0.0250327205088661,-0.0147027598219099,0.0459124416082125,-0.0171054911776249,0.053618542077199,-0.0286545475133109,0.0530685459698534,-0.0292202247357075,0.0817956646839116,-0.0137256836467065,0.0175491010367456,0.0119509327708158,0.0380825141765355,0.0231419442564948,0.0530487998929225,0.0272736310588376,0.0722847308959976,0.0201292013152574,0.0899537516104376,0.0104954995247754
0.076151674338,0.000153587219309637,0.0785989074496714,-0.033952097116681,0.0765717786130001,-0.0342985353955296,0.00846009382880445,-0.0245533918959253,0.0507396755803979,-0.0153037412393937,0.0943478180159993,0.0101160437654543,0.0988812735509398,-0.00104450407787785,0.098692490821525,-0.00174127349473962,0.00554437530266708,0.000363445389049829,0.0774103524887323,0.0167509012659421
0.00759072546860572,-0.0332305013065911,0.040346559816677,-0.0428780538535684,0.052059765477117,-0.0270495721689342,0.0757823594577404,0.0202817454895356,0.0843139777004996,0.0339140828199828,0.0276583365943679,-0.0301375211913492,0.048661606103049,-0.0164536507934217,0.0483470097522845,0.0106104905732043,0.0542882261801106,0.0299573476381185,0.0833011914544012,0.0295848361517201
0.00575595143342846,-0.0334831428363525,0.0293132405161722,-0.0419009412796925,0.048361280185902,-0.0295964735706006,0.0548422444760137,0.00973954424325048,0.0777359888367127,0.0361589118144805,0.0120031599853665,-0.0298124786261349,0.0357025755397755,-0.0239700494409423,0.0527208698743006,-0.0124902461855958,0.0506688863866056,0.0167872719228877,0.0814429431290248,0.0349198062190159
0.0157433118273382,-0.0226787668043917,0.0386215371319108,-0.0233219809234872,0.049037943614017,-0.0269131748682036,0.0451362353452948,0.0120237289621608,0.0766736281961783,0.0271494639230519,0.0157589000474244,-0.0109858642948318,0.0414702932271674,-0.00797149069768146,0.0515536174708387,-0.00537778021267901,0.0464541009244563,0.0167243772166557,0.073915171557379,0.0338116801762562
0.031470521694885,-0.0418353411216582,0.0410436046009181,-0.0417647178295282,0.0472909323416825,-0.0388757826220746,0.049617840561701,-0.0140807323306954,0.06713300580608,0.0442648136307065,0.0415579846518679,0.0127736059237881,0.0787571712112968,0.0285102474732025,0.100007328398859,-0.00321875345469005,0.0998270229269693,-0.00299665798448788,0.0998270229269693,-0.00299665798448788
0.0305124379053112,-0.0413188545495883,0.047555503215362,-0.0428121686076591,0.0476381976086405,-0.0292968492740053,0.0530228031269859,0.032814065964901,0.0930694563769482,0.0191280642844296,0.0149443523390524,-0.006750968479209,0.0434161996675101,0.00807106005011671,0.0457122612800619,0.0237980307571002,0.077252842020747,0.0301050638743108,0.0933879414442191,0.0113852365621554
0.022984277803799,0.03457981260007,0.0375765724889142,0.0225171917883461,0.06061718393316,-0.0132576520650232,0.0734435880977971,-0.0181148474604624,0.0946248514417279,-0.0205354220636847,0.0204997375208985,0.0263568625363878,0.0454384551694133,0.0385073107652909,0.0609068497373088,0.0122134055180915,0.0876276981131009,-0.000251197743275256,0.0983653204846902,-0.00135301456007854
0.00842359298216089,-0.0392613613478386,0.0420006231410088,-0.0332562891811936,0.0677854250124049,0.00183657521469991,0.0903765777440161,0.00853617812755741,0.098320091658632,-0.00057135969777423,0.016370222610747,-0.0161800267585544,0.0337099782783408,-0.0165303672141531,0.0502390224873869,0.00177467442528948,0.0560605610204172,0.0300053959984256,0.0546103718506721,0.0247475412661862
0.0761740333707586,-0.0136406988131796,0.0115553281400016,-0.00283229937338208,0.00959787471970106,0.00704930957634232,0.0230430741057041,-0.0309082697240224,0.0252946297021595,0.0157990176506361,0.0998446846996583,-0.00175592031055034,0.00560556481562967,-0.000722599707975041,0.00296055019360844,0.00387362512080547,0.00246849112374924,-0.00362802062510675,0.00547022071172977,0.00302333740809012
0.0202720203658448,0.0328287895191126,0.048528617651555,0.0254936312649491,0.0521710475373384,0.0196405626197924,0.0783061841623632,-0.00166222307301333,0.092149118679008,-0.0073608121615419,0.0188279017770819,0.0155740201043167,0.0427729572907677,0.039951529401827,0.0522776845550882,0.0255626217975793,0.0649506746445332,0.0213055974490061,0.0960214851050475,0.00225903642592387
0.0162298198013328,0.0257406063243322,0.0325444012252088,0.00973940407357139,0.0425884298619496,-0.0135547423489929,0.0505163336861467,-0.0269081896520819,0.0797349605868116,-0.0267869818122684,0.029214057581594,0.0318591566266374,0.0571446982749279,0.0258318831107267,0.0749989832306205,0.00128112958264823,0.0961708512684228,0.00161380038641071,0.0958206817665001,-0.00163191489020392
0.0266334357796288,-0.00038752276638257,0.0431591599306292,0.0136719576756853,0.0666751462250042,0.0212187906420407,0.082395046830722,0.00307874284365082,0.0855951794628493,-0.00334981990454737,0.0181801781786083,0.00310499761984899,0.0297417565646517,0.00147196681786156,0.0449407517333212,0.0235514454332885,0.0608169394813947,0.0330001862174437,0.0847302218498788,0.0181096125073421
0.00475219433302002,-0.00355851517168197,0.006008031769055,0.00450177189750433,0.0191129815876198,-0.0134882053600346,0.0418259935042774,-0.0257602161414326,0.0823446489933624,-0.0307212737912608,0.00597272326752231,0.00229483933436502,0.00584675710520546,-0.0266856582217835,0.00636465116085441,-0.0239064339362555,0.0359167079396164,0.0255063206337537,0.0844048756817105,0.0118845347020199
0.0286221626286133,-0.0270715737056542,0.0393101452139054,-0.0287975498928651,0.0534116498025942,-0.0299554290624641,0.0550087795070886,0.00933749402736495,0.0678277682919974,0.0276026532763636,0.0378190574784466,-0.0041536128865682,0.03307085818282,0.00194141529110734,0.0485016519691911,0.0194805600067805,0.0463510682894035,0.0298198245129344,0.0616884502956897,0.0296896481264186
0.0346561336140872,0.0149539864696549,0.0494604161140382,0.00922680298336745,0.0540916879000789,-0.0101476987122167,0.0501896440307379,-0.0290760569353151,0.0866286610946238,-0.0217876322091273,0.0180758357239046,-0.00256746089364865,0.0265879973858745,0.0155707673922215,0.0500021483905874,0.0369737424338178,0.0533138776765402,0.0305168604166732,0.0916297707280347,0.0169668982689441
0.00678118576235385,-0.0354245470051639,0.0294653400301288,-0.0410927505605699,0.0448289447436631,-0.0320702431744907,0.0575429340806355,0.00856271553393226,0.0801834599643542,0.0302909825254063,0.0184590398549686,-0.0188787550967207,0.0349933135064376,-0.0194806587275661,0.0402257588535914,0.000963873149594266,0.0545792521240422,0.0299081740801279,0.0530496774561023,0.0305248744578261
0.00565299924568812,-0.0366004620564307,0.0279163819947145,-0.0403152233915111,0.0490464285168507,-0.0296214310136922,0.060892908057012,0.0118404227386097,0.0808318552838086,0.0246358284757601,0.011874366698305,-0.0289636967802339,0.0360451557990464,-0.0250866029609098,0.0527822497646802,-0.00615991384141351,0.0558793451077793,0.0232008796364867,0.0656681789992725,0.0291811348618739
0.00900907456592739,-0.0314556295453993,0.0423291935587089,-0.0376414005818164,0.0518988070310963,-0.00111830749966143,0.0730706816548733,0.0248206840969894,0.0928281685996794,0.00718797374131984,0.0156861248441939,-0.017718610182803,0.0456932041268225,-0.0146124388684143,0.0529461162556499,0.0155015896395656,0.0528582305267098,0.0275160933053504,0.0906813111431513,0.0172763415730413
0.00925572150998114,-0.0399171281928164,0.0453592463416917,-0.0358738142805316,0.0581772587434217,-0.00219591163599539,0.0756639202271828,0.0388319714670148,0.0941576680917574,0.0165494673574089,0.0152068175608652,-0.00250308920445852,0.0381392124020193,0.00504751150421453,0.0433671241599088,0.0198942293624906,0.0545181954631032,0.0297016040649553,0.0919353438547064,0.01527730664318
0.00966786407684876,-0.0223457606949701,0.0348382059547272,-0.0341475333269293,0.0511104798156341,-0.021388532762662,0.0544643218756388,0.0290354991670456,0.0879364312570381,0.0254577956260385,0.0199679082404343,-0.00414216777855281,0.0389508589271575,-0.00853787295150984,0.0517268701097661,-0.000552345843057653,0.0524837625863572,0.0302337847721412,0.0871577377012087,0.0281311809551805
0.0190089457999056,-0.023916639401174,0.0471499300721348,-0.0285645134327202,0.061569411101528,-0.00650494752384262,0.0675713338708684,0.0323454622989267,0.0867719589157935,0.0280514625688767,0.0434328277928823,-0.00219902188184596,0.0527729492671079,0.000613069058425749,0.0512042705823559,0.0197828136306706,0.0701793739853783,0.0357913758196449,0.0877373298103804,0.025542803624133
0.0333229944810966,-0.0200087421781852,0.0370808529011033,-0.0316507066842406,0.0466960347798145,-0.032070836345404,0.0425062866485476,0.0130611097630626,0.0723447166749262,0.0293852636136175,0.0337779096380295,0.0050823260171086,0.0452716272954872,0.0170645290738553,0.0381901062369078,-0.0248947782346297,0.053290901498587,-0.00208362745274615,0.0622006384512167,0.0363534869034245
0.0227397245177889,-0.0398281775219969,0.0447169814594308,-0.0378572352872599,0.0510115557108841,-0.0289098338639852,0.0548967390697921,0.027646563223001,0.0761479068848481,0.038556904999258,0.0194277552062759,-0.00829706690131168,0.0416080049330739,0.000452285936997007,0.0462208944713718,0.0185267411045065,0.0548840059924502,0.030637559723553,0.0895467241053971,0.0210040042688246
0.0218097432860958,-0.0388190579131891,0.0410904827791194,-0.03212647721559,0.0476880366652983,-0.0229026285209854,0.0544073060631356,0.0269494155334649,0.0860585786573983,0.0295631258439897,0.0274364943945171,-0.0293020325598819,0.0451290637501171,-0.014159231065569,0.0481457063607884,0.00628177571562424,0.0524413833053838,0.031238452835978,0.0852853441219783,0.0321171795707126
0.00666383544461616,-0.0092658008445395,0.00437748304635839,0.00403237755910473,0.0161518855162003,-0.0311012046976546,0.0489843680802863,-0.02332609475992,0.0708637850382446,0.0398805052500045,0.0117863337169275,-0.0133201532824151,0.00739996977220761,0.00742648216132218,0.00589441063893964,0.00554998960839106,0.0166932440513777,-0.00871164889065436,0.0538097690620984,0.0206166931230253
0.0303992186963038,-0.0398980776637594,0.0428239648399663,-0.0324492431225773,0.0508737278189993,-0.0116150673168454,0.0503382571065061,0.0289767115483721,0.0847614035314181,0.0300106031281968,0.0194055815128559,-0.0197642029433329,0.0402382928129195,-0.0222951185332321,0.0483603131199063,-0.00853165260560522,0.0500687763008517,0.0217707082694255,0.0719656262368096,0.0385870293091563
0.0212151409050649,-0.0383015690761415,0.0437409550509142,-0.0326564164590825,0.0574854141273403,-0.0146309480065856,0.0498395245950331,0.0228288002941045,0.0872252912940418,0.0276309080783309,0.026398018072848,-0.0115338314386462,0.045168132006445,-0.00624027179817711,0.0573615402319777,-0.00105866788465912,0.0502943354901145,0.0313145689606333,0.0880036115541365,0.0309060493829494
0.0381858949703755,-0.0331422293340811,0.0471673874281161,-0.0297684432602918,0.054703733319305,0.0193854930097267,0.0677990314104466,0.0357745135364256,0.0850132145022376,0.0301016795225086,0.0415846428752043,-0.0176059888446583,0.046788895852419,-0.00421372374184541,0.0530258626153479,0.0249468197938871,0.061395354818487,0.0459861194155324,0.0890368553464054,0.0328959011145563
0.00895727824872299,-0.0296560838329272,0.0334446240405352,-0.0411677530089462,0.0490181863094414,-0.0308055968642967,0.0661268341197679,0.0251511621442944,0.0861859942743285,0.0297670107351636,0.0123911423742003,-0.0250382283072453,0.0366674874058754,-0.0209495798192754,0.0491375406922896,-0.00705883644111567,0.0589525847623972,0.035860949277531,0.084551034752779,0.0334574929898541
0.00722304906365964,-0.0386533862000416,0.0401208511781075,-0.0426443537555214,0.0493811720937114,-0.034078111260378,0.0499703244389951,-0.000732178220745449,0.0748603447355572,0.0386855543963011,0.0192442839568883,-0.0293730930445738,0.0383098485477307,0.00128240642709286,0.0468168854932658,0.0197052111547889,0.0556989005996108,0.033913977843387,0.0913294963208901,0.0265501939296695
0.00541707881922662,-0.0116223154517153,0.0128277800715708,-0.0382078198668423,0.0356504743293451,-0.0403423966350012,0.047391655934963,-0.00211381193917261,0.0842466361435343,0.0109101617286628,0.00873045474626061,-0.020989408779253,0.0247362452044233,-0.0200012504500286,0.0392301528942356,-0.00625615315876894,0.0523997953233751,0.0283932144808447,0.0909719346785669,0.0205835242868137
0.0186005684749929,-0.0387825766092828,0.0486993868082544,-0.0289176469004551,0.0794431524654804,0.0139942023169079,0.0919867504012447,0.00548772036326393,0.104812653900206,-0.0101157784268766,0.0190985772496786,-0.0286385523691643,0.0443304053034208,-0.0125097012198859,0.0623363678066062,0.0301648406692952,0.0560296018393579,0.0293242150949188,0.0901465946485973,0.0183601942126685
0.00675301678875573,-0.0317170683280684,0.0323809424809721,-0.0371993837873058,0.043808422452789,-0.0312608756112698,0.0539137589119783,-0.0138289777033363,0.0775105400260691,0.0192980661499444,0.0197889217180617,-0.0256367366756637,0.0344057573942206,0.00186392830252999,0.0328399826453566,0.021104304943202,0.0512648580415366,0.0382921859383643,0.0815016392071615,0.0137881059132061
0.00922250652184378,-0.0315308577391617,0.0286255121280444,-0.0377756532503791,0.0475025969723434,-0.0295775397671322,0.0624423885121432,0.030172952870125,0.0883871390443111,0.0212040467652357,0.00820054109789497,-0.0211617806668821,0.0250053780898651,-0.0206012688608308,0.0429595921990307,-0.00919016027584742,0.0557801778783694,0.0283998931916289,0.0879642428984172,0.0230567652031157
0.0166415769558965,-0.0388978749734479,0.0463552977374713,-0.028056259087685,0.0635733346663889,0.0340129446893464,0.0832364326561767,0.0106668955164477,0.0989050543804225,-0.000924412610423354,0.00936887025481268,-0.017690497085896,0.0342472279198492,-0.0316823902527018,0.0495104966720468,0.00382991743333526,0.0547313138914038,0.0314180235276601,0.0931288909048723,0.0116521998289144
0.0162223752691036,-0.0386957341029221,0.0428828257389674,-0.0344060919029667,0.0546607570942215,0.0123921731760438,0.0798963940243799,0.0198530153049908,0.0866669052585181,0.0149169545589191,0.0142924660001984,-0.0315580292988563,0.0418977740861528,-0.0229179047387866,0.0513079488260179,0.0156891503713795,0.0499772252410777,0.0284822019816446,0.0818968340289722,0.0278611963917145
0.0224883130174541,0.004185182171813,0.0398014388702044,-0.00282655920046275,0.0496132435803488,-0.0112790862593578,0.0482510174754007,-0.0245054494047851,0.0845317712621532,-0.0285976820207199,0.0225710620270375,0.0185234259670501,0.0444889346753269,0.0266894958312671,0.0574332041497195,0.026293060262626,0.0801006661888594,0.00402873734893778,0.096842588487511,-0.00296876295008212
0.00767987315575512,-0.0408584616468306,0.0362830738261225,-0.0419054215795874,0.0511881025179675,-0.0312864180942469,0.0512894861293821,0.0200129529816603,0.0842540732018947,0.0332664189857939,0.0195851778353774,-9.48014418868425e-05,0.0391584211087432,0.0164700624823474,0.0514033302282368,0.0320265920503549,0.0862966274737277,0.0240071295338135,0.0990579708614555,-0.00114964291686819
0.00678343167577435,-0.0228004178727145,0.0413659093954937,-0.0427584463869709,0.0502796339538359,-0.0327017911646443,0.0523090039168365,0.0272162921805123,0.085157794518597,0.0306510612750462,0.0233480654943979,-0.014067902443837,0.0269857458036776,-0.0197819650144258,0.0596112744431865,-0.0374341683129189,0.0524533409806342,0.0024865794687314,0.0726141211739509,0.0390802501131879
0.0233687326348598,-0.0428566870843123,0.0457208293148741,-0.0386716005488511,0.0543099719566931,-0.0188797601689337,0.0542243560542696,0.0252612453643089,0.0779947575148494,0.0327484974845689,0.0195761717818415,-0.0385458641565601,0.0476260762114496,-0.041894247175411,0.0540535800570639,-0.0234542645748406,0.0479313166471403,0.0131377745815256,0.0670445618262618,0.0350285792981431
0.0267869220411909,-0.0431302664024199,0.0422995576832264,-0.041271665576621,0.0481988455223157,-0.0345132325432559,0.0462674203189763,0.0134400283734926,0.0662308903839543,0.0360710255089533,0.0101300976848065,-0.00754251744835875,0.0254427520909376,-0.0420277497921026,0.0436644409523759,-0.0414624708611654,0.0472075187834442,-0.0088026462122376,0.059180920248703,0.0368474318847166
0.00148330177479088,-0.0329510639966456,0.0265409710390106,-0.041212201750069,0.051607336857868,-0.027694323539227,0.0594064710099378,0.0232804195383402,0.0912651359144551,0.0167083274705381,0.0180396811416751,-0.00821883595270077,0.0388749593928779,-0.0199059173351486,0.0505522644128373,-0.00757253246059883,0.0453116561399936,0.0289552603327731,0.0695534388783023,0.0384611440497989
0.00692670080079716,-0.0319601054044829,0.0450053411714257,-0.0382575088869248,0.0568694923852587,0.00947685989925082,0.0680425772045083,0.0353349940433263,0.0858632326272843,0.0334239512013162,0.0118833878558546,-0.0278963718686716,0.0484660582586916,-0.0291130333026378,0.0549980042166366,0.0144640368109205,0.0598686665639642,0.0406031788095934,0.0867430109227162,0.0325708629896741
0.00816511194281675,-0.0186903679141237,0.0438765897192042,-0.037573913899665,0.0540844916592886,-0.00594487580096831,0.0584680884405072,0.0360342796516281,0.0813283041183985,0.0339048226916945,0.0158063034476246,-0.018941959095499,0.0492338399943739,-0.0375313434498591,0.0543674877047877,-0.000231729193784515,0.0539443015112943,0.0375650238339295,0.0854168390224778,0.0310497525258798
0.00523844958362969,-0.0384328347543019,0.0448429647304706,-0.0409465150833195,0.0477927256054193,0.00337126095885284,0.0628096288030235,0.0443622460436211,0.0922377999173626,0.0109832327757354,0.00550359877584078,-0.0179578276183289,0.0434948473378011,-0.0396956146626458,0.0548643794451198,-0.00649558491527469,0.0546913761172336,0.036061183554147,0.0929418352896786,0.0134136022153004
0.00497436221768403,-0.00847993512568851,0.0290834528199687,-0.0389305270059285,0.0451946987835186,-0.0192516566517226,0.0452618051031824,0.033023825399921,0.0783645002878761,0.0325378868163795,0.00818903357661396,-0.0100354278185409,0.0203192462839229,-0.0359814724766148,0.0467989207372868,-0.021371569287504,0.0466010626913656,0.0240041190745216,0.0713789642658514,0.0345072774614244
0.0247281305675397,-0.0370192138741523,0.0469305103910259,-0.0372884429729792,0.0401346201938447,0.00305093731603129,0.0457015163770947,0.0376786821908894,0.0917428544629168,0.0211235701873694,0.0212012182039032,-0.0317091942862385,0.0517759064344058,-0.0320995871114224,0.0477266964238334,-0.00457461074053804,0.0422968421059866,0.0228697439854073,0.0820673960228754,0.0332571364480733
0.012526978132144,-0.0409149345183575,0.0396482118742148,-0.0363251350318199,0.0520662770864495,-0.00303635678982622,0.0709726492228249,0.0385992455050259,0.10137539668276,-0.00675310995665324,0.0116493454077697,-0.0344104906801795,0.0383425946525195,-0.0330016421548147,0.0505707145495298,-0.0011264514809325,0.0542539262265111,0.0319711732382244,0.0846422931246349,0.0328877144834203
0.00750093728809132,-0.0282029920943977,0.0321778275043059,-0.0414747009552024,0.049816555505804,-0.0296204197463926,0.0537444088725044,0.0292509958427205,0.086553211828109,0.0266585957645423,0.00936398247473468,-0.0254363333396266,0.0406537322983912,-0.0316711520109237,0.0527110059330671,-0.00672850124308381,0.0507593222649444,0.0264100323548133,0.0850242668981135,0.0279641351641153
0.0203436476280711,-0.0416794874421141,0.0425715023387866,-0.0390942627415536,0.0508699604280511,-0.024558279396895,0.0529743138868179,0.0364983287123826,0.0859909740146542,0.0303565451720107,0.026897670048099,-0.00605326321336337,0.0491712330579954,0.0204356802385958,0.0555798436450652,0.0319477161743568,0.0813156968335078,0.0289852198406657,0.0911270269732579,0.0183125904643187
0.0396850259531582,-0.04267389500887,0.0452654644080633,-0.0404861639090967,0.0511241665253924,-0.0137603675868299,0.0521364115495963,0.0347018817239576,0.0835929597404321,0.0330872037408473,0.0151635675682932,-0.0219480341139635,0.0464431304704332,-0.0378896529220703,0.0453795218153489,-0.0223348502223553,0.049658918100156,0.0204328936152723,0.0773848011225918,0.0320285088296931
0.0158717210090477,-0.0393838986528472,0.0383602002395181,-0.0359491934270456,0.051985848070664,-0.0240059003882042,0.0486606309413121,0.0255511202975376,0.0770712555480134,0.0331250653884173,0.0161800496949374,0.000206986055276588,0.0370906252401487,0.0235817233312319,0.053986621054414,0.0312293165331416,0.0783476295638987,0.0210419337471267,0.0968124463802548,0.00373082338336725
0.00931946967233702,-0.0378028226337,0.0472909114193964,-0.0436166054295479,0.0515998082709774,-0.00859023334648219,0.0637975749714985,0.0429766289573805,0.0856729293894371,0.0288483928598649,0.0153093361968118,-0.0397023138305893,0.0504553805134034,-0.0403596674382562,0.0541657877506479,-0.00130308951873084,0.06010981772894,0.0409752677664627,0.0858607025114758,0.0280692869043351
0.0103486135046519,-0.0403773405280628,0.0423401002266074,-0.0401305319763184,0.0483943677839066,-0.00952817914717618,0.06261962336997,0.0405170717924778,0.0894723854293756,0.0210250431795882,0.0136706676573186,-0.0380722977496381,0.0454643132270032,-0.0323495396154931,0.0507457759763303,-0.00796496568228824,0.0535347637274873,0.0340351673541162,0.0853365302058157,0.0235463961162491
0.010409268130583,-0.0260838734579112,0.0433300439369032,-0.042426623175758,0.053033299384286,-0.000141200230966256,0.0666711607166747,0.0340560166421769,0.0857416919126868,0.031090199463323,0.0233281171960916,-0.0405540211947455,0.0492947579399338,-0.0285512152618857,0.0526279992841621,0.0161089243342139,0.0641660111116999,0.0345712313783332,0.0863275407078903,0.0295510840479547
0.00970622941144028,-0.0222104874922708,0.0427539740688468,-0.0383920810580665,0.0508626852014647,-0.0035606705172931,0.0608341574989141,0.0363671102012292,0.0883344708588593,0.0225854904285746,0.0184460941515065,-0.028233892868652,0.0460973853546084,-0.0303959617013745,0.0516292860905312,0.0049280275499857,0.0570435103388118,0.0356000898767763,0.0867204141714693,0.0239378805186166
0.0120075093024038,-0.0197047767163828,0.0443725696463646,-0.0385216605338751,0.0483004209972684,-0.0349160782985301,0.048064273085089,0.0210993371717136,0.0764176632943851,0.037375840583217,0.0220749394952106,-0.0227697161125466,0.0476040080304181,-0.0396335392635022,0.0490306116092138,-0.0344276323598725,0.0468485089017977,0.0225061343707946,0.073587107774054,0.035691185190294
0.00662427185706637,-0.0417616524575312,0.0445094215765053,-0.0400009417963277,0.0490449791612899,0.0178455815464806,0.0720107508027689,0.0414534149224581,0.0923255803513024,0.0129347261162601,0.0331023494135492,-0.0394375385164978,0.0503761638490732,0.0153762035990658,0.0846983204537186,0.0299634618521285,0.0940799547181511,0.000253373728582928,0.0945953383990942,-0.00197232956695047
0.006491974927988,-0.0310735983276292,0.0447338780318991,-0.0413628981887277,0.0493950549472082,-0.00680630900443623,0.062772619725136,0.0409298798008992,0.0878585787129972,0.0262945601609208,0.0115417119483762,-0.0356614995756888,0.0473149171240104,-0.0369454007568692,0.0514916947554895,0.000611661322257118,0.0606990303163861,0.0378472334175162,0.0864865367674265,0.0266771978929713
0.0100759538082548,-0.0391240647248869,0.04717113456348,-0.0388647412300519,0.045439123330551,0.00533426247161054,0.0632881926730925,0.0439093047423768,0.0812781997309056,0.029570638867452,0.0211256863280335,-0.0417827056248709,0.0497097868794165,-0.0278625450411794,0.0496166414721924,0.0102697816169467,0.0648956032208558,0.0395098252136659,0.0810962648147614,0.0321779870027288
0.00375933271223072,-0.0226348567124986,0.0214504299788135,-0.04142929886089,0.0474456845029122,-0.0264493203130981,0.041746782135073,0.0284271837786226,0.0837144528600158,0.0291741160426498,0.00776022521619875,-0.0309680788811238,0.0297927265635639,-0.0309214881469086,0.0482673986465236,-0.00149395009736626,0.0474543629709064,0.0271125335914789,0.0824880602730288,0.0323882858263019
0.00650897830997908,-0.0227818791985643,0.0290183731500077,-0.0415326404875184,0.0483625865593912,-0.0301750597158509,0.0419424006636038,0.0138586463051774,0.0671793471499189,0.0364750889527154,0.00882272442028019,-0.0311344118832999,0.0377799397343665,-0.0345375798036426,0.053350227663117,-0.0119502393689033,0.0475250875819285,0.0169797743688829,0.0674812728258102,0.0374685742014875
0.00916269097807853,-0.034778945461959,0.0357531821488682,-0.0403588667821509,0.0446210975181233,-0.00950995522232452,0.0461082989401585,0.0298731726839724,0.0855239668381143,0.0212564837362444,0.0150583298471066,-0.0242157760967997,0.0329724894380279,-0.0331299035431358,0.0506817376026616,-0.00247350023210354,0.0494221922078281,0.0242716220835035,0.0835666602780154,0.0220339669689105
0.00812982070102022,-0.0216859857430542,0.018209103634933,-0.0408759366798934,0.0416027774408226,-0.0313638246067797,0.0486238241511608,0.0120298634097307,0.0713685638689711,0.0304257148514658,0.0179900235930719,-0.0373431920764689,0.035733364011608,-0.0228390372148457,0.0505922717606273,0.00540673726582737,0.0517838175279204,0.0274535037606308,0.0801301322670726,0.03027557919246
0.00744427565832263,-0.0339105734499151,0.0355897947506078,-0.0413144015798313,0.0496962163618982,-0.0332692533542419,0.0453427274209862,0.00938023460820045,0.069012411597301,0.0360105509270496,0.0160314590321828,-0.0299296030371022,0.0437897562150335,-0.0187265097872477,0.0543071335032526,-0.011603329078054,0.0484132142502653,0.0164519966624836,0.0701099751102437,0.0365179543514748
0.00864857507259601,-0.0252976219572761,0.0350789150783312,-0.0378737470449744,0.0477949795820203,-0.0221916352332276,0.0511493446420936,0.0190307775741707,0.0822502019483053,0.0275004014489088,0.0215392428093847,-0.0142714280331117,0.0388732430067551,-0.0369294913967441,0.0540151456363182,-0.012586907761733,0.0517835322975532,0.0205437255197193,0.0767068275060894,0.0344038785850394
0.0135377398058374,-0.0301406564411861,0.032374398909994,-0.0431480246720257,0.0490788180291372,-0.0330295859710231,0.0478591636165148,-0.00870486781538673,0.0619604162959012,0.0354502523039386,0.0289813401191056,-0.0414391598273436,0.0446114621763514,-0.0305151963090727,0.052974138861832,-0.013162601743214,0.0491541539709829,0.01715487938645,0.0706799927730252,0.0327291641478189
0.0113887788791258,-0.0364437648653821,0.0393557343415908,-0.0374674240541539,0.047561581471217,-0.0324478122825243,0.0563079275028169,0.00344402530359535,0.0789403519718935,0.0269121265089002,0.0114217621681242,-0.0027326919607893,0.0176935566325833,-0.00344542707097697,0.0441312366505194,0.0184144685669358,0.0509608369980968,0.0266211913862268,0.0821281799522579,0.0230346184400739
0.0178921415296754,-0.0382526262777891,0.0424384200847154,-0.0391201225148581,0.0455124965993848,-0.0332576010422403,0.0520008989325666,-0.0110643696260549,0.0659827123313648,0.0288670688558626,0.0327307205076547,-0.0190435331198903,0.0467394478611148,-0.0248547823508348,0.0496380581149599,-0.0202453355325035,0.054742110612391,0.00858334748641867,0.0599612184573332,0.0325134070151737
0.00243354045983455,-0.0160317626243196,0.0261503294810058,-0.0391094823099998,0.0514074949752744,-0.0158888239095148,0.0675676216726466,0.0283637873691709,0.10117154892062,-0.0039146397283284,0.0106526878259549,-0.0107754850428364,0.0410924625718295,-0.0194617703593611,0.0538898708582046,0.00684461437247566,0.0556209968653721,0.0294065616100367,0.0975098665734793,-4.63010669832628e-05
0.00486302775934431,-0.0224356630009546,0.0284165365178027,-0.0404543325364677,0.0486641836849136,-0.019115075276459,0.0545546815409785,0.0329155997789265,0.0875470160113902,0.0231279553258586,0.0095402319780338,-0.012451186479728,0.0358065411663065,-0.0232302860828065,0.0519513533465554,0.00120850518657212,0.0537392403165539,0.0330902027245306,0.0855946157465166,0.0261704184951663
0.0179802632559534,-0.0411912463159439,0.0435780923311437,-0.0369937779791917,0.0463623889645172,-0.0120113586513226,0.0504553037959058,0.0473349001394427,0.079648618609375,0.0181978748538752,0.0309055884249373,-0.000400498175779636,0.0642022402781224,0.0320449017460612,0.102558529633339,-0.000584756021759752,0.100805452215881,-5.33615082563185e-05,0.100698094643627,-0.000179255786616811
0.0146855449978795,-0.0410709649479403,0.014147720573757,0.0111005947732234,0.0458460104840564,0.0505516275146433,0.0440554060540905,-0.0191935448980817,0.0879144234294552,-0.032347274524209,0.0076122436391226,-0.010889090343929,0.00477854729222563,-0.0126780003205211,0.0208282363812973,0.0228706557726554,0.055453471731301,0.023388612778568,0.074524346159302,-0.031664090163858
0.00477589553957034,-0.0213560475476512,0.0377777886282514,-0.043234357253312,0.0483266908306897,-0.0289645750689965,0.0478484678067895,0.0261302935599856,0.079324861281455,0.0354894346272835,0.0100072991686485,-0.00585945567079734,0.0282950510357205,-0.0395580765330803,0.051588989141947,-0.0281014125013725,0.0499302483312942,0.00980275748937077,0.0717276540223121,0.0353376692392469
0.0269315732819297,-0.042563112266837,0.0452439262462174,-0.0322972386112363,0.0431023591509806,0.0074047214857007,0.0493434279337747,0.0539485613155009,0.0917996445137518,0.0140387392096988,0.0182792551100485,0.00369541012760367,0.0362926802820987,0.0134737574713108,0.0445343340085026,0.0245010953832454,0.0613806320433392,0.0268092810383788,0.0830997342298649,0.0173986867410702
0.0113258872099034,-0.0402270369263586,0.0436069112991981,-0.0380540673779929,0.0499031263075683,-0.0202044231557458,0.0391798791599687,0.0236516899887849,0.0839670684125284,0.022869813371239,0.0121161880707298,-0.000658163281647004,0.0272261285904859,0.0115347733092388,0.0448355512869913,0.0246499739549553,0.0622162269112726,0.0256425995632881,0.0834214655572053,0.0155212051381301
0.0145957616221579,-0.0377599357036065,0.0535280440831113,-0.0363400272736282,0.0501959564860116,-0.0256390867591937,0.0377785511495063,0.026478740442688,0.0793148226994048,0.0270406316322348,0.0212676181175628,-0.0292969672573225,0.0593914683014325,-0.0232248623537637,0.0551295252750577,-0.0117691588572216,0.0443633097019275,0.0216652658546741,0.0767631720100345,0.0261170872599482
0.0123717363794793,-0.0369288665443951,0.0434055133019866,-0.0369482565458511,0.0510583319552402,-0.0135056711929258,0.0578787544655993,0.033877957518006,0.0871474812170078,0.0296664665887286,0.018295765124024,-0.0373707632976864,0.0478685069659419,-0.031600259300281,0.0536832588928332,-0.00530035340965564,0.0574151337435367,0.0326226528407556,0.0841879752020922,0.0313828750538259
0.00688566904348367,-0.0338482815443408,0.0417434255607971,-0.0352427980454704,0.0504584228528508,-0.00616157483716684,0.0579425044651823,0.042426827609047,0.0869976243336853,0.0219161765617413,0.0111978729593337,-0.0295875185574925,0.0457580496583176,-0.0297151965417395,0.0535537152005231,0.000672843717591713,0.0554864619117137,0.0343293877194937,0.0839472978832847,0.0277244112767812
0.00773452895224198,-0.0276826545440105,0.0370105936354141,-0.0381641631964101,0.052637388199595,-0.0208172170072217,0.0445363202434497,0.0232706374509366,0.0692174466904047,0.0349984173047168,0.0140511047870537,-0.0278926002533094,0.0441809443523034,-0.0352624305288315,0.0566785631498405,-0.00895882053366617,0.048875812914063,0.0190232802926886,0.0683716432982617,0.0330833644677112
0.00556280635848493,-0.0187773672688898,0.0254430945297523,-0.0417550676712058,0.047159893243519,-0.0220809503296793,0.0479743772791655,0.0138247461927677,0.0727281848845936,0.0349316005650024,0.0063755484342682,-0.0229257903179698,0.0347539181906716,-0.0295333111120144,0.0493663679408196,-0.000988933479627134,0.0500185699331367,0.0239642312695568,0.0772547119040025,0.0329596584406682
0.00263948384673413,-0.0254096310553895,0.0209693928683658,-0.0375056213219545,0.0453505003788834,-0.0289366658847289,0.0542788078043954,-0.00262544146825684,0.0633223898735233,0.042458817066307,0.00789219616195214,-0.0195623130388955,0.0400047494240699,-0.0179376510086546,0.0504236135513798,0.00157240621821175,0.0540325113972085,0.020071468703685,0.0686809836488494,0.0408151745860844
0.0163061542455525,-0.0395202707428815,0.0448253117695353,-0.0340527843772829,0.0493486169869855,-0.0300993067521464,0.048699812118646,-0.0103565348447467,0.0730678354314317,0.0223702761987961,0.0240257511503313,-0.0410691243137429,0.0463840545529396,-0.012454768994449,0.0517971136341664,-0.0152997075964957,0.0523500141190557,0.000810421788472249,0.0675834930065493,0.0305767913701349
0.028342471876859,-0.0428512726784263,0.0472870786726299,-0.0347677658359695,0.04842658119292,-0.026476038401665,0.0398169041880167,0.0214787936641051,0.0829259124141279,0.0191526922057564,0.0335308496370614,-0.0409140948202422,0.0510203401222503,-0.018686652902156,0.0494008837452452,-0.00487735479078773,0.0506570145111101,-0.00120456788413516,0.0697241206119851,0.0356937233259451
0.0333031424643492,-0.043365006739641,0.0474332046987043,-0.0333362674299881,0.0505001221140525,-0.0232850754677536,0.0492931228061611,0.0297479869415319,0.0850287834788601,0.0195642858479714,0.00347475013775789,-0.000554956740638564,0.00461179540701177,0.000274212165940507,0.00468204674701497,0.000276691705033581,0.00477618583857042,0.000247632047878123,0.0101083112239081,0.00503379497481086
0.0288687400192349,-0.0431734524128817,0.0480293660386407,-0.037799154965998,0.0502577994523572,-0.0329175807667357,0.0491572125033655,-0.0265347877372878,0.0463826813043099,0.0386736396378364,0.0169569589842287,-0.0355479387742409,0.0500731725179316,-0.0278216155688053,0.0550682773810759,-0.0157790572323538,0.0552356479885987,-0.00382568889695962,0.0485276928429947,0.0270812637288633
0.0248205061836175,-0.0423250096414686,0.0496298258887055,-0.0394477292350108,0.0491390379773001,-0.0326860676092946,0.0460443919614002,-0.0202942892360439,0.0529042600488054,0.0317083382967953,0.0139255095119577,-0.0390367960430396,0.0554958463320544,-0.0368791429835307,0.0573278096107511,-0.0141709436547391,0.0538767123168399,-0.00545126936748325,0.056153353193604,0.0310506069094774
0.0287561664906742,-0.0412030235461353,0.046515904223721,-0.0331001507366835,0.0484262965495868,-0.0291161205675667,0.0564155112000492,-0.00582695668211444,0.0783504187518769,0.0353165038540247,0.0288675815070555,-0.00638296737904524,0.0512215315052706,0.0279156471027946,0.0929749386593837,0.0138753296077522,0.0975048973068261,-0.00164549189853851,0.0944388114885562,-0.00487917358924903
0.0197674820074192,-0.0416641354046988,0.0448398610099609,-0.0321662111855345,0.0487144639637972,-0.0278696858409604,0.0501818744363181,-0.0270541170133312,0.0413056039555079,0.0301691176797258,0.0173590691318499,-0.0403036483117753,0.0490713143025332,-0.0145773487604867,0.0518539934044408,0.00303748544781976,0.0540642821778536,0.0106659112839139,0.0504508183604171,0.021422793240405
0.0103160530972244,-0.0413272766277138,0.0424126777607403,-0.0405742667687548,0.0498148734993895,-0.0292028477584323,0.0482300674018989,-0.0229176505029503,0.057426830901963,0.038181128739917,0.0169891145126514,-0.0404163750872775,0.049694298011227,-0.0208791606010683,0.0533100547392051,-0.00558118093207944,0.0552966661418047,-0.0130046140237123,0.0600381133123181,0.0379037163383043
0.0293591639344681,-0.0417577190508586,0.0429674658590206,-0.0369952421401079,0.0476248700975834,-0.0292297954109382,0.0415140263339179,0.00393819012249612,0.0672925585628896,0.0322667070126028,0.0372905376892849,-0.0374895120121288,0.0481882191868328,-0.027479801730148,0.0532158176397396,-0.0098638720612955,0.0490844903583622,0.0128296030261863,0.0670884665188626,0.037873686391184
0.00996301786147286,-0.0309611822264508,0.0370742702381385,-0.0439594088168826,0.049149632398802,-0.0314671323378138,0.0388599051405704,0.02565191179979,0.0773895381847391,0.0258742325325825,0.0130939119196368,-0.0221634787459398,0.044308353875946,-0.0407684221170456,0.0532164086236169,-0.0147206539202836,0.0491283098199792,0.020951803378133,0.0762315287638626,0.0337772924603569
0.00854612617207709,-0.0337892339932725,0.0355594873241326,-0.043061309461944,0.047980324888441,-0.0307375817491508,0.0382872900155742,0.00982178367031098,0.0699768304709194,0.029454883277955,0.0228636367824279,-0.0318824148041866,0.0534343983879646,-0.0323167889083429,0.0540189740056291,-0.00153852316838291,0.0489456739575041,0.0203071671853493,0.0755429113268525,0.0348359274796942
0.0116825992690321,-0.0398973735643772,0.0386960786977728,-0.0377747198802645,0.0528449421180395,-0.0300986755283946,0.042445653017918,0.0215211177303898,0.0684822329702975,0.0235415364690681,0.0207480893242637,-0.032536079610107,0.0428134845936045,-0.0157706959339879,0.0576130105953431,-0.00404707011907054,0.0516282467051533,0.00977213924931827,0.0659691934232979,0.0348904576797361
0.0210137337339098,-0.0377109106104816,0.0495308327307367,-0.0354118692402789,0.0457682198964874,-0.0159575247478559,0.0681139765524483,0.0238730668642043,0.0735262069025783,0.0227533146624823,0.0317776779873089,-0.038564019960094,0.0554727213372088,-0.0211881118478447,0.0537993471967688,0.00425251443804114,0.0547378279987987,0.0282169560799,0.073692807673428,0.0305725156741596
0.0249374471418333,-0.0427667029569635,0.0474661004154103,-0.0424930064528322,0.0503124704657803,-0.0306417222681467,0.0482843651198839,-0.0167864835014269,0.0670564846973512,0.0373277834180474,0.0180355730413796,-0.0260304135753462,0.0483215177513193,-0.0423644817393932,0.0565279781553903,-0.0138569385174039,0.0591758187642994,0.00128102379391493,0.0582296208737631,0.0424987995446684
0.0348907001084822,-0.0435351303493549,0.0470414111975586,-0.0380752552259069,0.0488994079181963,-0.0304877100763007,0.0373059694298662,0.0085856559322124,0.0689722649404818,0.0420368801401732,0.0396317725374875,0.0238029801626118,0.0767152677297039,0.016637051264146,0.0975576121789683,-0.000392618265621336,0.0950286945240387,-0.00317964899589282,0.0945538588924615,-0.00369958584753613
0.00317956082787104,-0.0245515024227497,0.0348031714152865,-0.0438749358341278,0.0500232018929753,-0.0300647831313775,0.0399185035435298,0.01989010272725,0.0743972872259647,0.0297460543296316,0.00989822339594251,-0.00650773207920594,0.0243803979056994,-0.040654544964987,0.0543603643300282,-0.0143198583752136,0.0496744411554619,0.0131067460915938,0.0705822893287722,0.034300474748345
0.0241887515020801,-0.0435350092630474,0.0475203975423318,-0.0374757884194066,0.0486192044758782,-0.0290708540395459,0.0308109792868385,0.000242802170469662,0.071654258077601,0.0405258574285109,0.0198141215354689,-0.0265604080220133,0.0560373616219065,-0.00327429710525313,0.0511223697148991,0.0154979601810422,0.0519719545440691,0.0325303338753157,0.0832197552960479,0.0315423817239623
0.00523583484479586,-0.0136303735381572,0.00836397485959924,-0.0427278084724957,0.0462514275866031,-0.0321132840863974,0.0511561156308106,-0.0121822990316344,0.0437007714436005,0.0427495776744604,0.0165286743665625,-0.0396630722412208,0.0490334129874198,-0.00729244181564081,0.0556916692864682,0.00506462069582817,0.0508285887370782,0.011354439364522,0.0626654221060387,0.0397292470358005
0.0121383184677771,-0.0277579968863063,0.0508148860213602,-0.045217592160163,0.0487896554812455,-0.0154564002363077,0.04699169709433,0.0390992158061837,0.0933245423350877,0.00394513282249535,0.0152256770914316,-0.0153297329442665,0.0499590445473981,-0.0402078292834685,0.0575439306782665,-0.00766615902756082,0.0486418208551531,0.0227807205830912,0.0812565205947361,0.0295025169273247
0.00856340562219807,-0.0321403113439294,0.0431581082150681,-0.0414203316423696,0.0515823200221636,-0.0243353059181712,0.0402588900826383,0.0215561497478576,0.0764258549223462,0.0293968864057618,0.00776647889468007,-0.0165857888365819,0.0395988980040627,-0.0367194733566047,0.0590815986193102,-0.0052915254685344,0.0514243525639447,0.023703078712261,0.0778107390252314,0.0351583459731469
0.00372256902781726,-0.0318405853971652,0.0350546701083813,-0.0436856654773838,0.0485954841730164,-0.0282980028631725,0.0363093135908397,0.0224901395986812,0.0648006404300247,0.0298457944140067,0.0120815841172312,-0.0280575148602829,0.0435091027438017,-0.0366293589644254,0.0563331643785709,-0.00612838302428749,0.0503221445379029,0.024873646057521,0.0802816877349649,0.0261657562898059
0.00862901516557148,-0.0253926015696738,0.0406582236334638,-0.0446043380067776,0.047168491988265,-0.0401680580478913,0.0474170849852671,-0.00466127834854366,0.0693496113925879,0.0360106020423871,0.0217844288401981,-0.0306823722333531,0.0566447084270403,-0.0372970108429205,0.0540128050395452,-0.0224018201200751,0.0516047880254495,0.0166581839052804,0.0769699262294281,0.0361687608298923
0.0332042155897337,-0.0439933438701883,0.0451941881777828,-0.043367637453855,0.0478531906318992,-0.0216916920641572,0.0539330422620007,0.0403511940380055,0.0896514633259838,0.0176885858167467,0.0133486153798356,-0.0375484897087085,0.0523663788957453,-0.0421412043142909,0.0512670670574763,-0.0111332828921975,0.0492974502181072,0.0285891610768339,0.0822691088157461,0.0275790770705804
0.0232350901494151,-0.042991280621391,0.0459805069086168,-0.0439352852700342,0.0521850318781643,-0.0257350764001363,0.0386462584871091,0.0261735756798851,0.0827986233401348,0.0231832425557394,0.00709656249998428,-0.0391785508591059,0.0519254532861934,-0.0424866184476455,0.0544419108470408,-0.0161340596619164,0.0460795273160556,0.0194807517524507,0.0745048420741075,0.0288913380868282
0.0111290474852634,-0.0421094263348052,0.0487596891958555,-0.0429257287897843,0.0490631461414235,-0.0266545790456693,0.0541266199270178,0.033884813493384,0.0861890984856961,0.0266956748402535,0.00932816093230393,-0.038013743685602,0.0548125465648438,-0.0416437307282701,0.0556373989967789,-0.011341434898517,0.0532684540523162,0.031325730985379,0.0841558480326969,0.0322999824003548
0.0047061996075069,-0.037370147527315,0.0349489868067749,-0.0439691490057426,0.0504971800214468,-0.0288035307403456,0.043376506895746,0.0202830471215497,0.0853529212118542,0.0294757467667017,0.00412911014841921,-0.0309375562894827,0.0375359651658145,-0.0397476982824149,0.0572001304973988,-0.0113503393182025,0.0522075674121874,0.0217215968141581,0.0842790931512382,0.0334584494106621
0.00542294792979163,-0.0436911769286512,0.0287069085172907,-0.0448801526800528,0.0632693918360717,-0.0420687428782499,0.072205813244738,0.0237782292744352,0.0816487523724018,0.0297962837788552,0.0102620385197059,-0.0269506709270138,0.0292288912983025,-0.0407272253496016,0.0569294746880257,-0.0223289757119975,0.0811648257018697,0.0272614663272656,0.0869230945391814,0.0293916581713002
0.0169602680632112,-0.0449974386729382,0.0394691038909881,-0.0422808780261886,0.0464685402544755,-0.0278739528345667,0.039486489095702,0.0099154527674251,0.075747119503873,0.0306098104143873,0.0164988919661167,-0.00429854102320875,0.0275099617164174,-0.0412279287893601,0.0503760379388765,-0.0102147529019635,0.0536093485609119,0.0182378425229428,0.0783600182482325,0.0380221567848939
0.0221986750179271,-0.0380223953837979,0.0416341274081796,-0.0328105323356678,0.047430551266013,-0.0264276737709289,0.0404434158079929,0.0119473888562788,0.0822315365556395,0.0125724840707,0.0175417526028041,-0.0190481283444281,0.0340374737341875,-0.0410458909181054,0.0503565092998161,0.00198907506426042,0.0507686987158793,0.020408734211576,0.0683604117201774,0.0375330024018257
0.00097263103705008,-0.027483334506143,0.0305067282135408,-0.0452658402953725,0.0482114238848462,-0.0352167503779336,0.0436199860721722,-0.0183889529795425,0.0573612340156598,0.0366126474157798,0.00593773346148305,-0.033858196776231,0.0453799027406486,-0.0352347363929346,0.0550037492217683,0.000540239080478798,0.0496180119062906,0.0205617497446727,0.0772697300513235,0.0364673147765808
0.0207718961899092,-0.0431117219988427,0.044735303564906,-0.0377913098297432,0.0469397998326794,-0.0314229344401182,0.0399185988847538,-0.0121148618172163,0.0634246619188149,0.0450788791230411,0.0675010628997282,0.00127202757831825,0.0669702419989619,0.0348580040657808,0.0996573748383042,-0.00094949481095014,0.0996277380593756,-0.000977349135877795,0.0994878401901061,-0.000124277291063419
0.00727987092617334,-0.0410293467016667,0.0393793910553173,-0.042487272619671,0.0495543512894313,-0.0305621075286022,0.031611948579212,0.0114873086240656,0.0676824571633783,0.0379592581163861,0.00842978476717136,-0.033343955421498,0.0372672023420346,-0.0377306815047613,0.0499799515162175,-0.00461085782982802,0.0477727358233387,0.0188727298656434,0.0665615867471499,0.0371587584042533
0.0089012625806996,-0.0419753534344083,0.0375598423298107,-0.0396569734974414,0.0489296899696307,-0.0257136879971936,0.0341329159403386,0.0195664939124173,0.0574518007431388,0.0398149688945725,0.00998207476496649,-0.0406971997408997,0.0389084501953973,-0.0260509321365333,0.0524282033926755,0.00285332969084473,0.04958106985368,0.0297074711593809,0.073825692694253,0.0396647404318996
0.00434336321369642,-0.031997105609999,0.0387449025486075,-0.0439079471446092,0.0491450599156751,-0.0294663693192312,0.0304010041518723,0.00779993997103998,0.0645890886949191,0.0372669938100897,0.00497863860594575,-0.0197482772784142,0.0386178399092389,-0.0420424401737657,0.0546155588487479,-0.0115109880082336,0.0500875352907497,0.010310787562854,0.0594838188340382,0.0380373928246536
0.00172320137335941,-0.0324431687247062,0.0391826383357313,-0.0442318426224917,0.0498592402160273,-0.0238408435734777,0.0299082801443208,0.0281299274961176,0.0781100161023626,0.0232966890356069,0.00678372542048593,-0.0298045651218195,0.0444408206263528,-0.0391818628849814,0.0575217062761261,0.00131431573868317,0.0477981092771518,0.0265341960295748,0.0885721385730626,0.0215078418861677
0.0342497400302008,-0.0408057674993406,0.0501897036803023,-0.0281835810861156,0.0196778488687749,0.0286889136795412,0.064193365887908,0.0453460186478917,0.0907343132591223,0.0193408881240757,0.0556606511707114,-0.0120870591689865,0.0510409374288719,0.031079963441591,0.0993656989853681,-0.00147594902426185,0.0993409211282632,-0.00136626135919849,0.099482309365116,-0.00146779076422831
0.0114750773125129,-0.0422037680054475,0.0470003069477676,-0.0416051140021185,0.0461667156177699,-0.0207786304776023,0.0345786171048759,0.0349360878309092,0.0665772158193223,0.0344405989875254,0.017308596642444,-0.0402301648231456,0.0500775000437746,-0.0252647338621568,0.0542455716624188,-0.000842144191984149,0.0470489994396611,0.0286459977814371,0.0606680788009835,0.0334694828728198
0.0475314239438305,-0.0418213900602118,0.045814123419735,-0.0286693065307313,0.0569749554422971,0.0488206165302899,0.078624167579485,0.0207721498580212,0.0532644619567222,0.0182144819754092,0.0475768842001785,-0.0390935886261603,0.0493638573381551,-0.0277639206691151,0.0544551345034923,0.0521143699804265,0.0539140122611655,0.0283711442575458,0.0605699650465118,0.0144114523955085
0.0307113288317618,-0.0160886992105802,0.0195026985746377,0.00192898817944086,0.0419232580902261,-0.0186580467643274,0.0417992741063696,-0.0357941128909477,0.0308469446120455,0.0368892355849995,0.0370982458516944,-0.00624490111211727,0.0370256317293397,-0.0205544329048658,0.053160794849019,0.0110081843029064,0.0539485353497796,-0.042874252789447,0.0506787734233898,0.0352819598395366
0.00483698887860564,-0.0390440012089679,0.039574244966165,-0.0422485163392197,0.0490615703058906,-0.026441384099886,0.0392117881388494,0.00458327657349421,0.0599117678462009,0.0347049247270544,0.0113093528224702,-0.0374910484409167,0.0443167787806995,-0.0367755975210709,0.0549016315997323,-0.00418394192025566,0.0502916263762164,0.0184807919676902,0.0691760759261827,0.0321029262341204
0.00645578898966333,-0.0380386450465859,0.0404292265975721,-0.0435535942546737,0.049079278036928,-0.0274962596950701,0.0300545005422234,0.0199034789345471,0.070194865397017,0.0326373882716854,0.00455188713698224,-0.0334613575422884,0.0394409373736379,-0.0420605968443818,0.0582738559006953,-0.0121912121387028,0.0378496324611003,0.01225930091346,0.0643874702347418,0.0287007684703586
0.0202882644166699,-0.03613284490381,0.04973930551655,-0.0322706623067656,0.0225266066582032,0.0160414780428778,0.0529860116804673,0.0476131036034535,0.075776963828908,0.0361385263595768,0.014917438240711,-0.0317055349799154,0.0521589441207103,-0.0339892591738281,0.0267869061418045,0.0120702838694302,0.0459922431559186,0.0353113914460458,0.0769931903193458,0.0154787786213084
0.0280694378341754,-0.0427699146637439,0.0393154086479858,-0.0124579574617907,0.0600972804487612,0.0493875054889665,0.077742067040584,0.0234613566149858,0.0604932391124008,-0.00691411567172693,0.0343410106523749,-0.0392417664931023,0.0394791749646762,-0.0103038687164173,0.0461297838033709,0.0454195194140709,0.056099204322955,0.0289911746123899,0.0594972514910621,0.00659791894042189
0.00569049624930221,-0.0371762813515527,0.0412000874251191,-0.0411309895202802,0.0489617377985168,-0.0240595935218953,0.0332285097999932,0.0206100882912841,0.070517504262166,0.0349461014410116,0.00578269651092264,-0.0306321446752517,0.0442424909259497,-0.0349041518098364,0.0506334992870542,-0.00929901476481747,0.0411300429479199,0.02517642050338,0.075566680538258,0.0156805959551117
0.00754864493422188,-0.0235187387170104,0.0469537818313842,-0.0401227522682734,0.0503485497397893,-0.0246911955125869,0.0261789603457285,0.0235261755546096,0.067955150394841,0.0352057508347619,0.00872568201618933,-0.00796271844238525,0.0355239025939666,-0.0371951724790781,0.0576592279449174,-0.0232437630597347,0.0361892707007138,0.00385225843481208,0.0477879686758355,0.0313038263346985
0.00579359322345663,-0.03265137834398,0.0448293849528834,-0.0388363869080065,0.034729967958779,0.00249582877970268,0.0315927872123871,0.0274193655866239,0.0548832989988273,0.0288240162389766,0.0163826387773905,-0.0392016515531492,0.0492819568965624,-0.0223383532453121,0.0331641525490919,0.00253785922149935,0.0352747978107954,0.0239322563496667,0.0579377121959805,0.0268132508029755
0.0348220483547864,-0.0439703538868573,0.04546516880313,-0.0263292877499488,0.0461474945237714,-0.0259006827066609,0.0455137134311874,-0.00547955712787149,0.0589949289360921,0.0321763844761022,0.0422473338443937,-0.0427171146805546,0.0393266202902874,-0.0143437883509034,0.037674705037562,-0.00400836384424294,0.0537419869759022,-0.0103363909165396,0.0527498258056365,0.0281412481719794
0.0135441189184405,-0.0389465503512086,0.0411740203258211,-0.0346065499005285,0.0494224924030769,-0.0295083494472787,0.0476077223946876,0.0128907902536269,0.0925639452231686,0.0228995262701819,0.0229384176287152,-0.0111962786734067,0.0469943882544194,-0.0168518549069301,0.0518227486257646,0.00659018559259487,0.049789777329484,0.0270900953772831,0.0680485321672717,0.0253498122019006
0.0249880708270487,-0.0426003422487254,0.0457917850679262,-0.0391365080813048,0.0499544602577154,-0.0253460205310848,0.0287431398481284,0.0385875169602908,0.0752166286123601,0.0300953091686302,0.0176602590862675,-0.00371544787135786,0.0452766003326002,-0.00157855511328136,0.0471909858778749,0.0142437854273508,0.0499656926212341,0.0256279399767359,0.0686549553400896,0.0250924498024793
0.0332269758378838,-0.0434970222430961,0.0473584004211128,-0.0443975414189012,0.049005513085116,-0.0284926550057836,0.0343374608921046,0.00480296523387507,0.0676229958872714,0.0307525874582044,0.0375215849072165,-0.040370975741452,0.0487875124449472,-0.0418620080579744,0.05126745722089,-0.0221303475885346,0.0458185716778047,-0.000133336876147015,0.060010004680807,0.0300040727423998
0.0348907001084822,-0.0435351303493549,0.0470414111975586,-0.0380752552259069,0.0488994079181963,-0.0304877100763007,0.0373059694298662,0.0085856559322124,0.0689722649404818,0.0420368801401732,0.0396317725374875,0.0238029801626118,0.0767152677297039,0.016637051264146,0.0975576121789683,-0.000392618265621336,0.0950286945240387,-0.00317964899589282,0.0945538588924615,-0.00369958584753613
0.00317956082787104,-0.0245515024227497,0.0348031714152865,-0.0438749358341278,0.0500232018929753,-0.0300647831313775,0.0399185035435298,0.01989010272725,0.0743972872259647,0.0297460543296316,0.00989822339594251,-0.00650773207920594,0.0243803979056994,-0.040654544964987,0.0543603643300282,-0.0143198583752136,0.0496744411554619,0.0131067460915938,0.0705822893287722,0.034300474748345
0.0241887515020801,-0.0435350092630474,0.0475203975423318,-0.0374757884194066,0.0486192044758782,-0.0290708540395459,0.0308109792868385,0.000242802170469662,0.071654258077601,0.0405258574285109,0.0198141215354689,-0.0265604080220133,0.0560373616219065,-0.00327429710525313,0.0511223697148991,0.0154979601810422,0.0519719545440691,0.0325303338753157,0.0832197552960479,0.0315423817239623
0.00523583484479586,-0.0136303735381572,0.00836397485959924,-0.0427278084724957,0.0462514275866031,-0.0321132840863974,0.0511561156308106,-0.0121822990316344,0.0437007714436005,0.0427495776744604,0.0165286743665625,-0.0396630722412208,0.0490334129874198,-0.00729244181564081,0.0556916692864682,0.00506462069582817,0.0508285887370782,0.011354439364522,0.0626654221060387,0.0397292470358005
0.0121383184677771,-0.0277579968863063,0.0508148860213602,-0.045217592160163,0.0487896554812455,-0.0154564002363077,0.04699169709433,0.0390992158061837,0.0933245423350877,0.00394513282249535,0.0152256770914316,-0.0153297329442665,0.0499590445473981,-0.0402078292834685,0.0575439306782665,-0.00766615902756082,0.0486418208551531,0.0227807205830912,0.0812565205947361,0.0295025169273247
0.00856340562219807,-0.0321403113439294,0.0431581082150681,-0.0414203316423696,0.0515823200221636,-0.0243353059181712,0.0402588900826383,0.0215561497478576,0.0764258549223462,0.0293968864057618,0.00776647889468007,-0.0165857888365819,0.0395988980040627,-0.0367194733566047,0.0590815986193102,-0.0052915254685344,0.0514243525639447,0.023703078712261,0.0778107390252314,0.0351583459731469
0.00372256902781726,-0.0318405853971652,0.0350546701083813,-0.0436856654773838,0.0485954841730164,-0.0282980028631725,0.0363093135908397,0.0224901395986812,0.0648006404300247,0.0298457944140067,0.0120815841172312,-0.0280575148602829,0.0435091027438017,-0.0366293589644254,0.0563331643785709,-0.00612838302428749,0.0503221445379029,0.024873646057521,0.0802816877349649,0.0261657562898059
0.00862901516557148,-0.0253926015696738,0.0406582236334638,-0.0446043380067776,0.047168491988265,-0.0401680580478913,0.0474170849852671,-0.00466127834854366,0.0693496113925879,0.0360106020423871,0.0217844288401981,-0.0306823722333531,0.0566447084270403,-0.0372970108429205,0.0540128050395452,-0.0224018201200751,0.0516047880254495,0.0166581839052804,0.0769699262294281,0.0361687608298923
0.0332042155897337,-0.0439933438701883,0.0451941881777828,-0.043367637453855,0.0478531906318992,-0.0216916920641572,0.0539330422620007,0.0403511940380055,0.0896514633259838,0.0176885858167467,0.0133486153798356,-0.0375484897087085,0.0523663788957453,-0.0421412043142909,0.0512670670574763,-0.0111332828921975,0.0492974502181072,0.0285891610768339,0.0822691088157461,0.0275790770705804
0.0232350901494151,-0.042991280621391,0.0459805069086168,-0.0439352852700342,0.0521850318781643,-0.0257350764001363,0.0386462584871091,0.0261735756798851,0.0827986233401348,0.0231832425557394,0.00709656249998428,-0.0391785508591059,0.0519254532861934,-0.0424866184476455,0.0544419108470408,-0.0161340596619164,0.0460795273160556,0.0194807517524507,0.0745048420741075,0.0288913380868282
0.0111290474852634,-0.0421094263348052,0.0487596891958555,-0.0429257287897843,0.0490631461414235,-0.0266545790456693,0.0541266199270178,0.033884813493384,0.0861890984856961,0.0266956748402535,0.00932816093230393,-0.038013743685602,0.0548125465648438,-0.0416437307282701,0.0556373989967789,-0.011341434898517,0.0532684540523162,0.031325730985379,0.0841558480326969,0.0322999824003548
0.0047061996075069,-0.037370147527315,0.0349489868067749,-0.0439691490057426,0.0504971800214468,-0.0288035307403456,0.043376506895746,0.0202830471215497,0.0853529212118542,0.0294757467667017,0.00412911014841921,-0.0309375562894827,0.0375359651658145,-0.0397476982824149,0.0572001304973988,-0.0113503393182025,0.0522075674121874,0.0217215968141581,0.0842790931512382,0.0334584494106621
0.0153261968034315,-0.0428404498535217,0.0395511073072586,-0.0403320160855436,0.0506225130847659,-0.0274532755804063,0.0379423982715437,0.0295135041686518,0.0842500259881178,0.0252446456892324,0.00918433737855408,-0.0373426401663578,0.0282285279967926,-0.0309482885086158,0.0529404952273828,-0.00773167908506843,0.0503205474139921,0.00968453904074533,0.0657282859315565,0.0325239848948065
0.00263361692590416,-0.0232821335422756,0.0274114904054238,-0.0430969019259438,0.0525488257036358,-0.0272905532523956,0.0392419927123794,0.0163784441195391,0.0687260970662183,0.0388729748316215,0.00511176444753657,-0.0233837872564693,0.0351853707742476,-0.0325560393916178,0.0565659715058803,-0.00377611060558799,0.0479594312019398,0.0144137770909744,0.061657976807878,0.0319127662761409
0.00895745558266317,-0.0441081797643622,0.0413486180799204,-0.03585050165388,0.050304021034637,-0.0239458288375556,0.0444880834261766,-0.00342639974006312,0.0624847063054615,0.033019869285341,0.0273831857676227,-0.0337267098251144,0.0446820643836411,-0.00921243203412196,0.0563808606953282,-0.0130677227334214,0.0479533099061794,0.00309253754885634,0.057810595200021,0.0282538448977364
0.0620818511523282,-0.031233084629327,0.0803563648703013,-0.0327223866782669,0.0829981683764326,-0.030598554448131,0.0682732034803285,0.00207823660844214,0.0551831761137756,0.0424678497071917,0.0609248328976073,-0.0244597325804798,0.0742584590177249,-0.0255813648415401,0.0754950865014598,-0.0346685032917234,0.0777477612992104,-0.0162377875421981,0.0444737680101111,0.0255680124929224
0.0336689784893109,-0.0440621804521079,0.0496731110819945,-0.0405507955434308,0.0486397931571938,-0.0323384064187292,0.029519972436453,0.0188483799246924,0.061640908103267,0.0440611647953506,0.0106483644896169,-0.0391328292638762,0.0519786079573654,-0.044687482667585,0.0520627815557061,-0.0434649988305813,0.0475391158696067,-0.007153761136827,0.0546565057510587,0.0334961563635864
0.0380808817584033,-0.0409206850827572,0.0365624056682446,-0.0144505455398228,0.0494984706584689,0.0488681082708077,0.0707624994980937,0.024007567980827,0.103517340637638,-0.0130097813627985,0.0453882189044057,-0.0419252588785459,0.0437291220907832,-0.0139019630025797,0.0453843464286213,0.0370997021345201,0.0628827755434854,0.0183914062761445,0.0994241386897209,-0.0032565873947137
0.0150755426572137,-0.0428793889393523,0.0475558347696678,-0.043474372744478,0.0488612280595951,-0.0308796337452954,0.0272748253432812,0.0322159015008093,0.0799286797755105,0.028951716164814,0.0130415438246757,-0.010952381132975,0.0526615066891627,-0.0239588591809037,0.0586138436912599,-0.00207255727258351,0.0512835841773149,0.0208690713595998,0.0704958772810856,0.0202398841102157
0.0424150495700209,-0.044275813876185,0.0544028554714292,-0.0366492332866331,0.0257950433629583,0.00436517482575105,0.0620909304149339,0.0437204092380576,0.0733150218822697,0.0324634228256459,0.046389746691947,-0.0415216426287665,0.0548286671632579,-0.0393171332164455,0.0331267227888216,-0.00358525608330653,0.046925128604425,0.0404647044127319,0.0566988328225719,0.0276696774307297
0.017883351149311,-0.0432530077281075,0.0615556855035663,-0.040315577438429,0.0463365727684334,-0.0217259064894224,0.028548857197756,0.0456046911731248,0.0772488400483864,0.0209774952964047,0.0126627385173285,-0.0411053858610929,0.0631172958026068,-0.0397803142701276,0.0560276184329952,-0.004883929357182,0.0278968076210757,0.0301087878436712,0.0572667394865253,0.0274758241962625
0.0142007081490481,-0.0340509881396045,0.0455523212273704,-0.0412491887677644,0.048480154405032,-0.0211293042680735,0.0354068182714685,0.0386062658638597,0.0784786744293194,0.0362793714651896,0.0263011029207482,-0.0384691297530996,0.0500554657213468,-0.0407923669260724,0.0470925594062212,-0.015779022567447,0.0382585566441261,0.0319062580764933,0.060810594322523,0.0272227953345446
0.00826682161670902,-0.0420768003897533,0.0397290514163956,-0.0422554297228776,0.0509393611712045,-0.0250928258495178,0.0365581710461642,0.0198117950676395,0.0728133938205658,0.0399322944047759,0.0129300863732013,-0.0415711039147685,0.0387111276922989,-0.0404508115545846,0.0506749507780913,-0.0192726753456332,0.0428462879230993,0.0122235729533566,0.0502066430001637,0.0341086936271947
0.0205375675576474,-0.042965197131463,0.0496055394500222,-0.0225190945832677,0.0501431757658047,0.0571861867613746,0.0969532511068694,0.00448948075966671,0.0977544073487422,-0.00308820489625308,0.0132065661794874,-0.0277668691660265,0.0524046204523228,-0.0381049958033462,0.0551969051412216,-0.00213450215415917,0.0494374462916487,0.0217212547549977,0.0607197255542747,0.0265227735177774
0.0100561041682501,-0.0437134265977403,0.0392592136414435,-0.0391338138278807,0.0498039839778574,-0.0249681055886816,0.0329055147419083,0.0194960631778224,0.0759923975573369,0.0292236917542707,0.0213839748502097,0.0122292464151185,0.0231320963280778,-0.0405239759032197,0.0503239398581298,-0.0137540871616853,0.0483421038775167,0.0150138267080187,0.0613503318606325,0.0360516916345612
0.00432149883865699,-0.0351300588641023,0.030416696657892,-0.0425282062742006,0.0478971723026707,-0.0275067546355741,0.0416857477026197,0.00966544961826399,0.0671854425004405,0.0341395238662521,0.00719801926178758,-0.0336456437530054,0.0349165750353521,-0.0349831880806758,0.0492140721762967,-0.0112448906661743,0.0498530418266534,0.0139695269918003,0.0629512470234423,0.0304541961856613
0.00293693957879775,-0.0335077065703715,0.0218739736319671,-0.0427203297963764,0.0481119021414473,-0.0323253203644801,0.0397828375566049,0.0170930064036253,0.0750962674114418,0.0199804400526173,0.00777803297656011,-0.0397931118005534,0.0349458710056335,-0.0343161260149295,0.0525424069260478,-0.00411955237230793,0.0488443480269733,0.0183116281533999,0.0659375354025787,0.0267486900792939
0.037084283031536,-0.0315993584005217,0.0514586801996533,-0.00398248177244306,0.0398316531478501,-0.0328897004653049,0.0511769588952235,-0.0270351228409928,0.0559798471342286,0.0418717706936899,0.0289963131772399,-0.0360248948577986,0.0520724537387816,0.014747801401404,0.033679202730062,0.00437546483306616,0.0573078532100407,-0.0110670521920682,0.0454459971634235,0.0270911121895917
0.00463675359341801,-0.0272764667864637,0.0395125387168441,-0.0419612968193415,0.0480585803675658,-0.0280279473679242,0.0301372353583179,0.0206274509106393,0.0707831289165189,0.0274417355113441,0.00959024113463051,-0.0336185179809726,0.0444851119125566,-0.0333816342442161,0.0538860494110052,-0.0131124902222327,0.0425317776703394,0.0168761281748184,0.0644198266558928,0.0254911157666996
0.00268053802721015,-0.0186182206977705,0.0252026252589256,-0.0422832928775254,0.0524208438843878,-0.0283746058485123,0.0340857702997897,0.0246452679587633,0.0772780190258444,0.0171786003300437,0.00689077576447163,-0.0360845430020426,0.045823963213099,-0.0390001695123321,0.0585835211629463,-0.0034022487443376,0.0486787662885133,0.0241183757361447,0.0847398316390026,0.0114215757965433
0.00468075860544922,-0.0423817309482594,0.044780958112878,-0.038236501613869,0.0458607349482879,-0.0219507058769885,0.0462164496733148,0.0505246932198442,0.0869103361497774,0.00902101264638384,0.00946234480454756,-0.0152323041411881,0.0575389174508938,-0.0150094388404547,0.0542021383740545,0.0196708232862666,0.0528261118141607,0.0272244706472326,0.0915599834213473,0.0087312944204593
0.00813854933249907,-0.0382464743279131,0.0509687366415659,-0.0436618463286622,0.047545637661552,-0.0268885469421522,0.0374166155475402,0.0397414481330777,0.072693057647275,0.0257049429398993,0.0116321189635015,-0.0354731759930021,0.0615379108628243,-0.0338015258123825,0.0538094574411746,-0.00377122791162239,0.0436393724889759,0.0323677066652251,0.0650339171663306,0.0213967919135817
0.00266709140091462,-0.0300079091483563,0.0129759116328041,-0.0431169950773114,0.0497474217115275,-0.0403239322065901,0.044009230315813,-0.0203662550512799,0.04824946511196,0.0369133364935145,0.00891163710928923,-0.0395436019126859,0.0362659321416492,-0.0417325901536181,0.0583275713348885,-0.0143626618770318,0.0486844969829848,0.00368878540198475,0.0557940115702419,0.0300305485028337
0.00618056521920535,-0.0286296474590065,0.0432097045341414,-0.0440362509380207,0.050677246909197,-0.0258714571308237,0.0345099519785745,0.020873892863305,0.0815921283592349,0.0297862855245951,0.00810429147490534,-0.0256925644880386,0.0516126351012963,-0.0301160594534875,0.0553203659222952,-0.000696623229258342,0.0483204858687714,0.0239095335043267,0.0871107137296177,0.0205665277158737
0.0124407006205403,-0.0311270580967873,0.0281933601009478,-0.0457663959562171,0.0553674791984083,-0.0139991397064763,0.0520306357150443,0.0147552360081076,0.0661811312837831,0.0168661353530734,0.0168353832286073,-0.0406539492762495,0.0448134006490523,-0.0268065996184323,0.0603035669700676,0.00685364819945849,0.0522486674040033,0.0229269734748437,0.0620757648346848,0.0287394213632541
0.0219671003264772,-0.0430914241443529,0.050937420598511,-0.0392787900981623,0.0456589660073151,-0.0266226730255078,0.0281012639004258,0.0483727835226289,0.0770616805102577,0.0182387526260006,0.0584776014990695,-0.0196281086761414,0.0540917622711842,0.0281621042275226,0.0975588166007096,-0.00101862896685079,0.0995638539844881,-0.00226496296975715,0.100014832179437,-0.00274904646503714
0.00244767795468184,-0.0264561283861656,0.0290955821824276,-0.0436298311534979,0.0481515172873777,-0.0322821874396795,0.0427364810071725,0.00168072369769437,0.059029067332005,0.0347832169312745,0.0105920377030542,-0.0304943598813448,0.0442866694584773,-0.0350180011658369,0.0556875521354751,-0.00239786341904416,0.0461068987709145,0.0242037869598163,0.0564255475489932,0.0315968223895696
0.00339740807416885,-0.0290487055057367,0.0367452186023986,-0.0439241257224927,0.0482983789435486,-0.0299240144490058,0.0366037555985051,0.0104673220479878,0.0622578457749218,0.0353420656113938,0.00974276525235571,-0.0294178943908376,0.0466067875213629,-0.0287281085102721,0.0549532765817422,0.00111817805758902,0.0475081277868664,0.0209089430407289,0.0608029891115919,0.032205229988379
0.00320346465146312,-0.0287354519662215,0.0274074822972564,-0.0429480889852859,0.0482491561697094,-0.0256250362262626,0.0391495150410184,0.035532911530652,0.0859883492200648,0.0131777362854138,0.0101450227707358,-0.0381515861986605,0.0440255015448313,-0.0299198055887669,0.0573024872764759,0.00523865773332843,0.0472523458011395,0.0276628006632643,0.0775381371943981,0.0226308878504165
0.012608850572885,-0.0393998675693445,0.0419804692996714,-0.0316055653990852,0.0463544932582155,-0.00897601738453525,0.0762905720657719,0.018170160062149,0.0948153400194025,-0.00311419395838825,0.0224420257285982,-0.0341626638503235,0.0423158127896859,-0.00520457178262072,0.050855262754209,0.0175544527706847,0.0507272991457051,0.0321655094485891,0.0929343873189967,0.00824983656422792
0.0397173378978118,-0.0409576471270163,0.0486487432605789,-0.0362410608647016,0.0457318439557248,-0.0211906584732762,0.0408198489510009,0.0544452180183645,0.0803282653521851,0.0185350210380177,0.057416262351701,-0.00682344571816481,0.0556797846482449,0.0269198428889501,0.099976738610879,-0.000310196509660864,0.100007557354601,-0.000576795716668465,0.0999340891334677,-0.000617565595323138
0.00425241982737148,-0.0142806261012615,0.0236417987084019,-0.0348802019437268,0.0518663103443298,-0.0307788368551896,0.034540991062091,0.0395800844912139,0.0761875702319975,0.0219538275629118,0.0263805911905706,-0.0178738855779152,0.0592333317885258,-0.0231691711721298,0.0560318145955632,0.0142695519686179,0.0493420686427536,0.0373206285985476,0.0681540622322398,0.0163536449638306
0.0035897385443014,-0.0272517170355891,0.03948179679929,-0.0445450878026181,0.0519100232476064,-0.0205903139279277,0.0452299888583433,0.0418773770757991,0.093331443473596,-0.00432527363052033,0.00799113218560247,-0.0226325607753723,0.0468592007415564,-0.0340348830856722,0.0559407272496481,0.00465084148684123,0.0452906883069262,0.0234975241369981,0.0600812590036704,0.0303659332947988
0.00471362552974211,-0.0314239210052407,0.0437571214142772,-0.0418748697573019,0.0458573349253345,-0.014994144769878,0.0469190400654202,0.0350479528847804,0.0914708452242815,-0.000962072739263255,0.0195631056401227,-0.0385089648226069,0.0490152572726794,-0.0232900227172182,0.0582023068570025,-0.000717801232298197,0.0507683713870998,0.0216155455768739,0.0714491303872481,0.0311312396163011
0.0310067924879826,-0.0275520586623571,0.0451550155930539,-0.024899434270679,0.0489093775660645,-0.0267878145304641,0.0690215330982735,-0.00493302186677225,0.0864854960651524,-0.00674207589267513,0.0373269911665964,-0.0242497504442763,0.0487317081324631,0.00807573325483693,0.0521309062932124,0.0237973992973095,0.0943481911848896,0.00833187668164163,0.0992075386925738,-0.00163418684459945
0.0376496573333918,-0.0445041513537642,0.0458078092939832,-0.0399324551107772,0.0494195662816756,-0.0268319614416183,0.0263106438341076,0.0341413521221332,0.0772199556172487,0.0280846972764574,0.0151456966285971,-0.0321264983140074,0.0723610896684682,-0.00731662900209847,0.0495454598738147,0.0198091027192111,0.0520311575997908,0.0298497724193325,0.100270341908498,-0.000573272244013894
0.0119375120037814,-0.0308525001851296,0.0523858468894945,-0.0436936701060789,0.0472057750630419,-0.0268505180464436,0.0316771686375044,0.0457860367999288,0.0818403727578198,0.00895083899706338,0.0243167042113181,-0.029894204266294,0.064684375361447,-0.0424749881747385,0.0633936492036068,-0.0153017721328165,0.0322193598223929,0.0127067832168822,0.0529067031341374,0.0292820685953046
0.00480158164573297,-0.013151559071952,0.038707337400442,-0.0417974292330856,0.0439960552661643,-0.0244219831370078,0.0320530206697464,0.0466556147862767,0.0745627793950198,0.0145899488785998,0.0147047159319456,-0.0308542268819222,0.0546153834324795,-0.0418516573346628,0.0524588198145572,-0.0118906984610097,0.0302487404353808,0.0236569602868464,0.0602392891186259,0.0255763265376219
0.0385504770414423,-0.0380397757691344,0.0478289921900595,-0.0318250175989753,0.0370693625916944,-0.0132994449553505,0.0437972179031431,0.0358113395083123,0.0784281203544811,0.0312556897318178,0.0177781794455153,-0.0162739137420886,0.0860783829946544,-0.0248136129367934,0.0608410269163235,0.0146111943465277,0.0500191894512587,0.0254853231391871,0.0835258177537681,0.0120240932477698
0.0416344628466677,-0.037568263283471,0.0480654356147242,-0.0324661003466805,0.0447226223069749,-0.0139144274933767,0.0392084056471831,0.0524713283516495,0.085595708603679,0.0200345543280793,0.0202156580154885,0.000790136584604989,0.0650096309922752,-0.0129347164120516,0.0738516231160949,0.00284726640072422,0.0499129838148808,0.0256920229591492,0.0662814414784292,0.0295862606925087
0.0347004099277398,-0.0417535348667102,0.0522334118196872,-0.0342213886749694,0.0370315274720997,-0.0198159330142891,0.0419717372648212,0.0561645454812769,0.0815201931905336,0.0172211302306431,0.0458553295479779,0.00586064158657952,0.0527510956812746,0.008076426070866,0.0519374078169504,0.0230343946381492,0.0537625600245211,0.0292798184831224,0.0729368872164749,0.0189418905840564
0.0317158331744625,-0.0408569363474173,0.0462243302944852,-0.0336358759023035,0.052733768217119,-0.0196287214455972,0.029260396068894,0.0407013837070262,0.0785122956403826,0.0207884282462665,0.0329227560720215,0.00232257459578765,0.0595982908433375,0.0036036967018445,0.0504688488090407,0.0234071709634072,0.0575810832411853,0.0280751220319192,0.0803109228123179,0.0123988929524914
0.0393814340758649,-0.0396669927194891,0.0503180263759995,-0.0331010730979114,0.0430254834903406,-0.0196231354326404,0.0212785403070672,0.0392911261911634,0.0841420459561814,0.0233223677650252,0.015060013263425,0.00262124654542505,0.0405452056234823,0.0102432053767604,0.0513496414527267,0.0236572467940856,0.0582536769755177,0.0291473130483183,0.0794705444587051,0.0194114755189115
0.0380396878401738,-0.0409862661131807,0.0506745617696712,-0.0329470337391428,0.0372581370795797,-0.0153471571177813,0.028675673838472,0.0506993606945654,0.0857785449861012,0.02201046651969,0.0332722065291221,-0.00750204190623671,0.0642614646379748,-0.0126710207809191,0.0636448709918779,0.0126183782266008,0.0485168282037971,0.0266557987745275,0.0681022698636922,0.0270481085509006
0.03551240704666,-0.0417441102600764,0.0494550396191211,-0.0390516701829682,0.0515938036683314,-0.030990931283612,0.0263783869443782,-0.00148667146898545,0.0572489448749924,0.0509679562195203,0.0324340062542742,-0.00951871923258862,0.0700906747933847,-0.0158572209656418,0.0607370019388866,0.0120594378030235,0.0479282130868318,0.025212891105929,0.0561542449836544,0.0307347925671863
0.0331768929429041,-0.038571804131526,0.0467564858339107,-0.0316335598571435,0.0393773414536353,-0.0114953385053144,0.0285901261385906,0.0416774184136999,0.0834721910461745,0.0283634309054966,0.0303153019092005,-0.00887265207469313,0.0689132471125826,0.00330139183697014,0.0511651249013335,0.0248368977941882,0.0661277631190603,0.0330878957150809,0.098684522677675,-0.00298123288999892
0.0342777415405791,-0.034383282354165,0.0475877461758725,-0.0309352357086294,0.0621043893489092,-0.0136916988330412,0.0385397036141796,0.0219930681420463,0.0614318129573216,0.0465446841733167,0.0210524896244313,-0.0060901961684594,0.0555220077560894,-0.0139022482907847,0.0698639181528489,0.00268528000810463,0.0497649305607217,0.0242352744232039,0.0594835042779743,0.0308469182629536
0.0465971798390267,-0.0305199793602391,0.0487322762345502,-0.00753633983153665,0.0441403326431968,0.0579359315932678,0.107416217296265,-0.0206898668814039,0.0282124227061708,-0.0456954403348356,0.0614192362517911,-0.0156117387771722,0.0492356678977347,0.0270998774640567,0.0972996542468613,-0.000511199436005506,0.0984328912323961,-0.00187104906743116,0.098493296453718,-0.00233686256526653
0.0364409194809053,-0.0416467324344764,0.0491191209999409,-0.037391276722774,0.0449250454161124,-0.0181299205151163,0.0435952433691233,0.0582207233280855,0.0976490889020309,0.010481713729579,0.0171496416629413,-0.00595421232245283,0.0609600615409709,-0.0160919643382368,0.0613642813227122,0.0127249029201882,0.0503352919237476,0.0281218270871658,0.0759950860828852,0.0242365123900379
0.0124451168807259,-0.0171565492473214,0.0314541541617341,-0.0345393366307929,0.0481737882738135,-0.0300184351488858,0.0329765541267634,-0.000139230803530314,0.0463571142920136,0.0579152120676248,0.0107798195468082,-0.000571057637122164,0.0574576760303916,-0.00710779406469179,0.0554893337123859,0.0138239916986374,0.051326989091543,0.0290948342093518,0.0872957899640076,0.0175672345781249
0.0331919409513161,-0.0382108654388493,0.0477062298979507,-0.0319081940461181,0.0386759469625126,-0.00525803539234163,0.0405445708306975,0.063217900054783,0.0802288315927307,0.0200844733391338,0.00470491789856452,-0.0212230077777002,0.00176449683012358,-0.00534328198441074,0.0157756557895019,0.0121359457057629,0.00228207110650588,-0.00401990735637848,0.0475697416243026,0.015179271504629
0.0360863998232516,-0.0383568607407297,0.0491740084070351,-0.0360111422817538,0.05099826351744,-0.0286851312946094,0.0146879672968597,0.0360688076315611,0.0841618393155489,0.0165046484827834,0.0225270665262019,-0.0141484658598128,0.0429109557066588,0.00675027991115359,0.05122953376128,0.0274183268503706,0.0668828025196456,0.0344514216005614,0.0987936563325287,0.00218881721080322
0.0112640408570737,-0.0262524673256527,0.0312474947302957,-0.0425081218470305,0.0467914425900227,-0.0332463617957181,0.0382137354163102,-0.00515201046545084,0.0608287881419454,0.0494742739568729,0.0123043484715821,-0.0227650963842734,0.0548737302633277,0.00287260288051075,0.0498273343467709,0.0275002875338839,0.0828931357755744,0.0231567122102166,0.0989426475348303,-0.0018031965544538
0.0183952841830549,-0.0309783280726202,0.0447927428913752,-0.038528023557188,0.0487210360745251,-0.0235309283672264,0.0286763143996148,0.048470394741767,0.0828046313659644,0.019132863979189,0.0134642803837055,-0.0183320419643618,0.045161253431046,-0.0286078899172831,0.056866142231694,0.0153616916292711,0.0531414790791169,0.0319301404443034,0.0913513125836381,0.0175798924016804
0.0227785513890383,-0.0309590998425125,0.0486809641749539,-0.0370967063336513,0.0394256643362965,-0.0179073434751303,0.0811326797636331,0.0287947377081293,0.0953980604694604,-0.00580297632168477,0.00969410532143144,-0.0089624770252906,0.0414620043553549,-0.0321889425955608,0.0600941344971931,0.0117281993759286,0.0502564741437903,0.0282249369808387,0.0758060406275228,0.0294370702421239
0.0144137916204091,-0.0339593222769686,0.0369472058448145,-0.0420484352376192,0.0472036564842093,-0.0294289004125776,0.0324324470612635,0.02144116803728,0.095062569517789,0.0178399367480086,0.0126852102024148,-0.0181870354576145,0.0394238594591339,-0.0266510384853504,0.0549385291380399,0.0177347785845059,0.0469738183417481,0.0309721805219097,0.0748091578921414,0.0347593078126802
0.0374130886294129,-0.037117504984636,0.0674202041359582,0.0443436618514882,0.107959288685349,-0.0179495934321501,0.107072981664091,-0.0177076651336654,0.106501902007684,-0.0175486569579339,0.0163462936441702,-0.0207166419656963,0.0641165311500645,-0.00791990830459039,0.0513331367279899,0.0192791678173235,0.052404350524917,0.0300486233326807,0.0861594564867403,0.0246097286136463
0.00894153915177364,-0.0287701394006325,0.0325520550045987,-0.0394098760176636,0.0480604120072055,-0.0332625874268655,0.0507643572521357,-0.0124884763056218,0.0348125478109864,0.0490089248225408,0.00910908841668851,-0.0129917367568973,0.042615615465706,-0.0239912409000329,0.0500098701576245,0.0151706861543246,0.0528413912203123,0.0306962331440356,0.0867970194857077,0.0223821104183044
0.013057958166098,-0.0240853596997508,0.027993671243704,-0.0349342699180797,0.0443596665928414,-0.0339907217158984,0.0510552479359052,-0.0218298815795427,0.0214858675534062,0.0273937293427259,0.0229912968768458,-0.0243350773208463,0.0510604906418243,0.00217975965423877,0.0518308651390719,0.0246908173214851,0.0748995374011361,0.0366054352082896,0.100460524660402,-0.0029460825234329
0.0272771869024539,-0.0327401750505665,0.0545853007680546,-0.017768076838311,0.0969294756512119,-0.0139342945525236,0.0944312195840339,-0.0289785830208127,0.0944635482206544,-0.0289824540898513,0.0073388650531797,-0.0209447442253537,0.0318421232975107,-0.0159752989675511,0.041025291934148,0.0140940529553586,0.0493841613876398,0.0269431202450266,0.0849937382496376,0.0209663517071676
0.0198572913013736,-0.0235888365433641,0.0433600416555961,-0.0353425453033749,0.0540655118570749,-0.0173972901602114,0.019562801134559,0.0387494328612464,0.0915663860537446,0.00654726782406843,0.00825515043027524,-0.0253349176521669,0.0349606639831228,-0.0106056197802882,0.0384511405865887,0.0135449273721128,0.0493749196509873,0.0274914995306206,0.0818254608831498,0.0258750004278002
0.00808153318084163,-0.0186560118227324,0.0236532272380277,-0.0339486135122678,0.0430955098776381,-0.035712380071128,0.0506106731891545,-0.0237624277626667,0.0312571953766401,0.0502384536374377,0.00588420310844084,-0.0260843756828539,0.0357804960562481,-0.0327788684469202,0.0434729929609188,0.00710769207594463,0.0470121015547612,0.0258085434513064,0.0716543158025749,0.0309969073195452
