u1_1,u1_2,u1_3,u1_4,u1_5,u1_6,u1_7,u1_8,u1_9,u1_10,u2_1,u2_2,u2_3,u2_4,u2_5,u2_6,u2_7,u2_8,u2_9,u2_10
0.0362432013823236,-0.0178739137902579,0.04716645183376,-0.0247281837284779,0.0482235129783273,-0.0292038724367819,0.0662748958063669,-0.0204898908313052,0.0906925689906566,-0.0134058953497966,0.0282564283289976,0.0205918326872379,0.0451683884458134,0.0288795587741784,0.0474211409152671,0.0300281306662773,0.070775662700026,0.0212510488803727,0.0933310170378259,0.0140681463802257
0.032980919289533,-0.0145422535857929,0.0437353695701595,-0.02494625540271,0.0488280173067073,-0.029132144759648,0.0631658603338535,-0.0291306269947762,0.0892028081196763,-0.0167348711189102,0.016040329955019,0.0107776854711929,0.0380209303768337,0.0253083147239587,0.0518157778619642,0.0306226445866708,0.0617469414766045,0.0250037110528212,0.0842408461034115,0.0153260599556204
0.0257334151336142,-0.0145184665243802,0.0421819913718297,-0.0247275075758192,0.0491956860818005,-0.0284894117320093,0.0577086462633554,-0.0245128464304985,0.0848850286386839,-0.0120530439402093,0.0229377711774754,0.00827535566088202,0.0416103961561326,0.0238775838804073,0.050334549306679,0.0317347181688974,0.0745747000166014,0.016585050587405,0.0950817883821378,0.00523783230003089
0.016869350518546,-0.00453148657153274,0.0347352582773054,-0.0149185760603848,0.0476408057139257,-0.0254599127177067,0.049210565297875,-0.0281939913152751,0.0742580669487131,-0.0121742744529423,0.030456702023455,0.0159079465103131,0.0480118337173516,0.0273056833171038,0.0530889192907415,0.0304280766932455,0.076025872668737,0.0173105422943319,0.0903132045165709,0.00968801289514206
0.0321291763461246,-0.0158367520718285,0.0489859784625079,-0.0266156233164315,0.0508263551307785,-0.02736118082818,0.0793607066720296,-0.012890350387707,0.099722683726976,-0.0033348177229421,0.0302511357694645,0.0169002002271621,0.0477747405929605,0.0274979185771015,0.0542616618256892,0.029391366783367,0.0587241468506859,0.0265365314667767,0.0902642850103301,0.0102575579706696
0.0168992533226871,-0.00485275415002522,0.0368672956561723,-0.0189279449243208,0.0471231352136817,-0.0286860930571467,0.048026055998603,-0.028982493239585,0.0764160265767325,-0.0130623204761313,0.0324923736725266,0.0148946786059927,0.0485243237142005,0.0271156930630992,0.0486902722576174,0.0317356787425937,0.0663889957713946,0.0253627780648092,0.091254876076626,0.012069055480237
0.0128060412435764,-0.00138580016277629,0.0376792949970437,-0.0137621415475182,0.046504661772788,-0.0262595144755989,0.048786656885357,-0.0284237913401973,0.0822187913000767,-0.0093754080357335,0.0277354494789329,0.0193574035524316,0.0473669081909857,0.0291814310076868,0.0516331360308856,0.0283534260402044,0.061981255037766,0.0237438199300637,0.0896821377112548,0.00783636731022373
0.0124662620112835,-0.00263281783888389,0.0461744976328863,-0.0153038240034544,0.0529612481946417,-0.0249888295939523,0.0536048403721959,-0.0251570431762485,0.0886533017658778,-0.0103964152624894,0.0269495551580432,0.018487949214887,0.0448985694208482,0.0248028904090625,0.0507673859598266,0.030759697239004,0.0592790149965383,0.0265620888724259,0.0872159341280788,0.0114688215091287
0.0219899439863573,-0.0220747861385996,0.0334784107826543,-0.0275924092896124,0.0453793837130294,-0.030797849169018,0.0470286927605682,-0.0303089831902391,0.0689244440674681,-0.0149300235688226,0.0423146265084626,0.0253994901066135,0.0512296999767415,0.0289664461590206,0.0818043385834371,0.0105124768828408,0.097256672279437,-0.000439990884630712,0.099854989332538,-0.00524203708986827
0.0277829148725218,-0.0158827086862755,0.0428773319718241,-0.023088910897474,0.0477896708587051,-0.0304637375138286,0.0569152250233119,-0.0255673295880591,0.085093853943676,-0.00869281692569223,0.0381411506640979,0.0215615566934754,0.0496587870381891,0.0295360177228388,0.0643660270998996,0.0216209088192521,0.0914490155852549,0.00833527349088044,0.09576098189797,0.00340066821388054
0.029062407467064,-0.0133663587765271,0.0379039784355263,-0.0257190344517105,0.048076837160413,-0.0283453171311604,0.0500191036423775,-0.0269162650751199,0.0854622592973422,-0.00579971401016956,0.0264313977777069,0.030652191396718,0.0457391350977661,0.0371878591779248,0.0496489168934468,0.0309684278009216,0.0575348749854007,0.0252180287550113,0.0837114820885005,0.00805386633147921
0.0143635900354263,-0.0045028269120259,0.0422531828560186,-0.0154352384950988,0.0488214368609452,-0.0249945150574247,0.0507979742203087,-0.0272551698300905,0.0799975336177567,-0.0158271343512071,0.0249655813118699,0.0263050324129657,0.0479747532541905,0.027743651533313,0.0552163115298457,0.0263991410077127,0.07987121670468,0.00900178062791745,0.0969646805813746,-0.00232189750483583
0.0426903215229249,-0.0152391166420263,0.0502805605741768,-0.0324071526079748,0.0774818741481468,-0.0105551831411269,0.0990638330430459,-0.00126689259256841,0.0975301410695586,0.00049363962837908,0.0286831027099614,0.0129333193611537,0.0493016860208084,0.0223017685819494,0.0608418830831483,0.0238236964998167,0.0504392019693141,0.0289886351233263,0.0700265289667684,0.0229243975089535
0.0166877662603514,-0.00281168743271912,0.0332773143521282,-0.0123826068626593,0.0394750472244341,-0.024349111518391,0.0472254052391497,-0.0280342514587608,0.0687023572938635,-0.0152518185215034,0.0267718621331499,0.010318237021995,0.0443401458361194,0.0229132095689992,0.0489656910324145,0.0261190561381374,0.0509955591770283,0.0283007777946191,0.0907767258487584,0.0145235797074463
0.0248535042508036,-0.0138671728600396,0.0461245074029683,-0.0264353662087382,0.0766610313015076,-0.0105787320710821,0.10113720983116,-0.00386228426587677,0.103406313063327,-0.00761218165265858,0.0274921309216399,0.00587338134363834,0.0438910651228248,0.0203562845710513,0.05068752283774,0.0284625960853306,0.0574424558544199,0.0328940082218394,0.0937257635132512,0.00980518027068486
0.0219973366534635,-0.014425920673808,0.0454080796550309,-0.0309271256488537,0.0858930786801979,0.00662724212423591,0.0991420744986775,-0.00418549934990172,0.0991505922256043,-0.00147687661901617,0.0202668951631805,0.00822591475690193,0.0429169849268407,0.0136585488888521,0.059432318341654,0.0333314179738146,0.0557644646655468,0.0292628561145256,0.0857896435382227,0.0140831344851898
0.0185088560337058,-0.0114542514705101,0.0474314888167994,-0.0291210713455926,0.0912335851297263,0.00454356880019592,0.0962424537832928,0.00343349676841416,0.0993388771241176,-0.00252264329157558,0.021556220327042,0.0101590289137478,0.0346540824443805,0.0213061964513637,0.0531683917191178,0.0370576461744478,0.0574664596763715,0.0254585776370678,0.0826304848096093,0.011853006602288
0.0285534378289227,-0.0155143828324726,0.0407637385596696,-0.0248693189945746,0.0504849653533175,-0.0279216469426004,0.0550903609668863,-0.0276936587283103,0.0824714323833411,-0.00882500175947293,0.0306793875703238,0.0184678140593977,0.0490329322680136,0.0303085913669465,0.0588839117525274,0.0273418802586169,0.0906755898817744,0.00974139643897235,0.0982368400860677,0.000834596547346907
0.0264201189606401,-0.00874071193650214,0.0393393105480932,-0.0144691776611621,0.0473225198092302,-0.0219422112636603,0.0575764191941607,-0.0286281232230613,0.0863591016841731,-0.0160631387265872,0.0213308016157603,0.0122705782394202,0.0363259419743577,0.0250431350272561,0.0475682809604873,0.0311294244600911,0.0671334192397345,0.0197359536899833,0.0921148756786803,0.00886487819296688
0.0131307494732149,-0.0078136532696338,0.0320036725637687,-0.014074408586544,0.0452635607979563,-0.0234240843504945,0.0535033293962923,-0.0273186056955701,0.0758626836955488,-0.015910879486322,0.0161905953674302,0.00851919974025448,0.036348876142484,0.0198360820205862,0.0484791721540128,0.0299173352766724,0.0615399614337609,0.0235803822187838,0.0931181183536953,0.0103763157941994
0.0212371127774914,-0.00470243230827978,0.0454662856628134,-0.0249835958273316,0.0467893710373041,-0.0305063252262926,0.0533507651060338,-0.0236134300539223,0.0733016691616395,-0.00519031558930174,0.0296062498819608,0.0228754827276105,0.0515862442850492,0.0258639236268313,0.0499137783054517,0.027998273731202,0.0508971951257773,0.0282738449723068,0.0737246276723858,0.0197859723317276
0.0107010093427519,-0.00595804188847206,0.0354586784369153,-0.0172096269651427,0.0484549391485245,-0.0253236792549783,0.0512975439385246,-0.0280830150576824,0.0734472023263154,-0.0120297313857176,0.0233571654427032,0.0125872841944682,0.0419313712364574,0.0241428667748773,0.0515248104843665,0.028920956036903,0.0497196012098073,0.0311938655158718,0.0866452371217528,0.0133283086992676
0.0194506756036906,-0.0090860962474009,0.0383177690656324,-0.0214934218209133,0.0499510687608958,-0.0280533739336714,0.0539959888823721,-0.0228550721737131,0.0845506701560863,-0.0123073077440531,0.0215216906866337,0.0133547760678623,0.0442877928124362,0.0233790215164786,0.049918115775048,0.0259768281990994,0.0569286725574528,0.0280231333449575,0.0948161412539659,0.00918416683179554
0.00925695344291063,-0.0277126321916792,0.0323614548914497,-0.0248470638181429,0.0489106219111287,-0.0248290845375087,0.0526859708841522,-0.0259534474507424,0.0932114807308632,0.00516078507184665,0.0321751366280543,0.0190742287155473,0.049838454184284,0.0317895856376055,0.0453382349459091,0.0289322308089936,0.0739395610953709,0.0166937037988878,0.0963124229571556,0.00155436335407534
0.0309508008978511,-0.0126162303098178,0.0443405036808865,-0.0232824987157642,0.0472361146527546,-0.0278740400089994,0.0536524197041463,-0.0249957275934519,0.081258828487727,-0.00889995899635048,0.0212422870205275,0.0124492000896788,0.0378175188681955,0.0245287799167698,0.0468498789458574,0.0290788287252703,0.0520412258551194,0.0318595314355728,0.075580833325187,0.021602505930968
0.0203059920420691,-0.00705831965824549,0.03443426407715,-0.0181867000223789,0.0476328731096997,-0.0276254244804459,0.0583661319078358,-0.0306952033476079,0.0879970112492676,-0.0185667191468947,0.022463502334169,0.0111412028834625,0.0383788196490072,0.0222262338774434,0.0520460079226535,0.0294425256056843,0.0654256459718882,0.0153901674551837,0.0917689085394213,0.00675650982971798
0.0122198471117062,-0.00394159138811533,0.0296801333584609,-0.0174130331069877,0.0440638806894901,-0.0262716186260365,0.05200574498957,-0.0281733464106066,0.0789071279700451,-0.0163624728489266,0.022062973223691,0.0142005628363608,0.041998093393533,0.0234159726322889,0.0516149324699266,0.0300532474965117,0.0615912926929609,0.0226891706131762,0.0939237597422697,0.00773771906996987
0.0224850508924683,-0.00802208339440167,0.0378155542586755,-0.0191953836184165,0.0474265763093146,-0.0278470226378956,0.0576077671899336,-0.0233117711064637,0.0860093307625335,-0.0158419286839195,0.0267222827835973,0.0114919123850064,0.0390503595004983,0.0191069640853936,0.0512254667573677,0.0295439561569922,0.0512486218526909,0.029780024484926,0.0756822946628968,0.014998601258224
0.0182451537190109,-0.0201469404648617,0.0332705204337107,-0.0208505216325823,0.0476610112888051,-0.0242339431265796,0.0499794596028074,-0.0248071388626726,0.0776492736159294,-0.0102839244003204,0.0280381861648905,0.0234146460282914,0.0490155465788793,0.0322021413168782,0.0560108124427153,0.0266787250823312,0.0938569130301452,0.00341676680437619,0.100909201336596,-0.00579895524438177
0.0200498342552284,-0.00721469881303726,0.0369332308539484,-0.0161370674797759,0.0445691379137924,-0.0261465976475087,0.0567310009200108,-0.0295170016770698,0.0786718554114639,-0.0140259404781455,0.0272282843819884,0.0107898568456519,0.044105388550048,0.0258862575143731,0.0516523235110746,0.030096133378787,0.084307179692914,0.00964531722836069,0.0971410630769818,0.00347056782929909
0.0342941185300108,-0.0127337614196947,0.0409734411240809,-0.0208389437414935,0.0481588966097327,-0.0254078881456662,0.0509457605444093,-0.0234683111150107,0.0835338216602647,-0.0167006638022596,0.0302944264264149,0.0203634061897536,0.0474070083876419,0.0270857819377767,0.0560021986318542,0.0288882413492006,0.0528937714628839,0.0284703351052265,0.0944098034650939,0.00851170843216584
0.0178340647291382,-0.00713564220278337,0.0402957559450475,-0.0219312197764657,0.046074038387406,-0.0266562619215733,0.049524848820334,-0.0280888882985592,0.0741058373792785,-0.0221249225915553,0.026742166868753,0.0140260269233904,0.0481007835830459,0.0264121549032787,0.0526897248652934,0.0294460046239231,0.0534561702647686,0.0275275354894297,0.093021190268086,0.00800400917928766
0.0124668456716214,-0.00169974738507819,0.0360595624166591,-0.0156909567940969,0.04567626395305,-0.0300533050296128,0.047754293390565,-0.0310365455825068,0.0761222919913351,-0.0148004882280716,0.0239027928447421,0.0173865651310377,0.0453409764868528,0.0251856753682929,0.0519716828238938,0.0277817116781258,0.0548754066372365,0.0297095807460513,0.0926056902279154,0.0124503980473456
0.0286404556851344,-0.0123554354885796,0.0450348299148232,-0.023819666626466,0.0493465218861064,-0.0304218649188602,0.0709048823225758,-0.0212424365425752,0.0967298302447009,0.00594350226323943,0.0203974508597637,0.00809957239014787,0.0347602140772178,0.0184787033577992,0.0482078078048617,0.0281893893621621,0.0550531905765028,0.0281832833569829,0.0955370392578567,0.00709291834025073
0.00656282498184826,-0.0236111333001296,0.0400260488547033,-0.0189493286254575,0.0499056895827277,-0.025927619977585,0.0569237019727952,-0.0213250917228003,0.0800414079951058,-0.00838880453356727,0.0355668145190044,0.0188992318243409,0.0528440693974682,0.0353191080551597,0.0505798964763159,0.0297972591151263,0.0695022598452846,0.0161688762577405,0.0969889156871523,0.00125879817906795
0.0213417181312672,-0.00921779861923397,0.0401197604370305,-0.0212709263975301,0.0495144312772268,-0.0264284121317952,0.0634694553122366,-0.0198322158438767,0.0952649397393873,0.000942186893664265,0.0249551112631776,0.0136878328439569,0.0428799818043765,0.0261427817863989,0.0529450950200959,0.0303855193878043,0.0667245830038597,0.020196563262832,0.0925263102458236,0.0114422407836716
0.0241767054498997,-0.00722952781172485,0.0393905605614198,-0.0190556573628379,0.050518551313609,-0.0270384235614251,0.0508529655947865,-0.0276565879049708,0.0787562818295186,-0.0162909815916747,0.0143986240192757,0.00835622279576293,0.0425491164983075,0.0242893491403412,0.0536088193366278,0.0300652116295044,0.0661026368078236,0.0199955732448776,0.0927297300763684,0.00975170643530236
0.0142435960091435,-0.0104214225016129,0.0332933871604935,-0.0121034976617506,0.0462869181063804,-0.0214825744352767,0.0491141311282127,-0.0285267314075389,0.075352074148195,-0.0154017792273889,0.0175142807851113,0.00840684805719825,0.0358801701278144,0.0230892327985068,0.0499432295433462,0.0288591859151058,0.0647167500659202,0.0232948087248662,0.0931338696873783,0.00876030556147058
0.0208090086775138,-0.0102766490504614,0.0348448102701765,-0.0291557106082806,0.0476504110101409,-0.0283483386584397,0.0499823031870918,-0.0258707130039663,0.0816318646564678,-0.0156915299869032,0.0237075246792045,0.00924749535882248,0.0375923123278043,0.016601496093053,0.0475716491799547,0.0307031134433076,0.0644325401397946,0.0236868686534802,0.0907196060361251,0.0143892364142597
0.0158808770516898,-0.015584427499089,0.0379932467333632,-0.0235064083448641,0.0492931070098397,-0.0285870631206971,0.0803208298476271,-0.00357391094489512,0.0991291876905105,-0.000694054882919824,0.0129196881039269,0.00413732577501233,0.0339570461984226,0.0187017817148574,0.046303425218856,0.0302111663789587,0.0590022822238951,0.02962411317987,0.0825839145344159,0.0133305947435269
0.0222105660935007,-0.0140787738549533,0.0546952690368658,-0.0289199085529827,0.0504472473653983,-0.0283119879714715,0.0920510224999217,-0.00348653514300669,0.0967872577495646,0.00436338818059312,0.0116016909370728,-0.00635588226364476,0.0397423400933629,0.0012999633175845,0.0453540556096304,0.0306000657658132,0.0529265258799122,0.0274682515553208,0.0789779555130917,0.0107336481079065
0.0364763093859893,-0.0210774190627228,0.0520191278194419,-0.0272896249984659,0.0530064995493218,-0.0257300022084987,0.0814472048583324,-0.00615672619425565,0.0963796611267853,0.00543222741329967,0.013417999546843,-0.0086121581878256,0.0319866489417201,-0.0127411327204778,0.042840852778744,0.01204338521808,0.049484152210871,0.0301662033612076,0.0696316402832382,0.0187773040402518
0.0422839246471649,-0.0280241521747881,0.0696188615836728,-0.0127133552527866,0.0960978745690677,0.00101714239043069,0.0927349771628587,0.00601157017143705,0.100507295388924,-0.00381252081885471,0.0346984270119848,-0.0219465060316501,0.0530169560346125,-0.0125527512574695,0.0438406644490388,0.0200649922902463,0.0650344304721246,0.0203555747919649,0.092352204427871,-0.0058728107117746
0.0412785155741166,-0.0264737188188032,0.0624019359789355,-0.0166040864577588,0.0920803607190155,0.000411572096513091,0.100114277356998,-0.00175625445013362,0.100518843351454,-0.00285483339722171,0.0383702217234129,-0.024861155114109,0.0445192988519333,-0.0091169042006611,0.0449225268943444,0.0192824027402366,0.0713674018021465,0.0208718564214255,0.088022412852084,-0.0057442859958999
0.0306149818945914,-0.00340885953534748,0.0497414461347318,-0.0253765375775857,0.0521801813239929,-0.028160152263272,0.091150647995286,-0.000925608407072082,0.102054253038959,-0.00556239709159317,0.0158967927250304,0.025980075621288,0.0377994079015295,0.0375391945529925,0.0495553782226445,0.0267883528764229,0.0593970546497741,0.0312888313662942,0.0904441769568097,0.0139714116783002
0.00918004456782862,-0.0115402541597061,0.0329246150054294,-0.0210645599918018,0.0485944753377962,-0.0279281066129111,0.0575958305420738,-0.0198242968367247,0.0838366656964279,-0.00192155607875766,0.0224010128865468,-0.0199900215191843,0.0495388932265896,-0.0160521639381147,0.0548524348444753,0.0193398194489176,0.0524304533714779,0.0301107721675708,0.0680334885346678,0.0215668705211809
0.0325795175086569,-0.0185410892911347,0.0569762199838029,-0.0243473998717611,0.0956594430304839,0.00366941438509824,0.101195907776133,-0.0055081209684338,0.103710789999369,-0.0100396100780474,0.0237146153006409,-0.0084405621477649,0.0437380214558764,-0.00202449958064785,0.0529899856764413,0.0304509097196407,0.0805951616941871,0.0137425173438133,0.0980929915621788,-0.00227660305441126
0.0244266108731463,0.0205344460352048,0.045118469904018,0.00307382123673373,0.0501502361442193,-0.0173640857018691,0.0577942726972657,-0.0288731735083368,0.0960093671188064,-0.0227427671417968,0.0195719338377531,0.0348139562980515,0.0375434202611905,0.0528827837833455,0.0522948762751443,0.0326183849994185,0.066934333402643,0.0163580406771408,0.0972160383617656,-0.000190360351332492
0.0100315935399064,-0.0187853260217784,0.0392050259312669,-0.028418562354102,0.0506862977482474,-0.0294987217118645,0.0671671927375878,-0.0317656080823596,0.104145663250719,-0.0158234073088231,0.010840381097364,0.00503500451270254,0.0358284953010602,0.0219012852095799,0.0489671876384562,0.0289888943867147,0.0692380319901004,0.0256723230197611,0.0937969462666492,0.0122540010941477
0.0215126404088382,-0.0392425438081699,0.0550772524324942,-0.0234920416754864,0.104417086771072,-0.011657468366261,0.0955670991524074,0.00186899712943936,0.104571571991618,-0.0106037076011032,0.023818666736149,-0.0196662912444228,0.0468474456202509,0.0121965683393397,0.0617543268065635,0.0310968017633819,0.0587053656183513,0.0284338721049638,0.0984900444207131,-0.00111824890105321
0.0364938099021231,-0.0337058610783442,0.0566117222064607,-0.0311239494253589,0.0882335272677104,0.00524194312507668,0.0969399409888338,-0.00175383019625253,0.100499444994691,-0.00256603572524136,0.0126502564073217,-0.0136634823614087,0.0532340105624481,-0.00277922112659418,0.0554937364079983,0.0180774076394018,0.0552588304976208,0.0285490298374487,0.073170195770402,0.0176861870227766
0.0151514042663733,-0.0279875913259101,0.0438937170766841,-0.0253711823435665,0.0780853643054747,-0.0290868846589439,0.0952591988042365,0.00280701769471378,0.103326700670535,-0.00851704507484797,0.0184791238638927,0.00310111052756502,0.0363021649063818,0.0229075583469891,0.0492757410739936,0.0298411999745975,0.0673856025536535,0.0291405330879965,0.0923577505558962,0.0106518802675585
0.0249142410773044,0.00660316014066028,0.0384414064073762,-0.0178668076123696,0.0510328762511709,-0.0268447755645591,0.0761602638321916,0.000492877307478818,0.104151449221527,-0.00952850793380034,0.0299491708677368,0.0192541228227253,0.0403070064605864,0.0302921039238861,0.065597839416917,0.0263588040139435,0.0510891332953827,0.0283876829057635,0.0800563372170125,0.0120230590415138
0.0523406859850026,-0.0217456116148659,0.0981396092884821,0.000514022806819188,0.101236460984937,-0.00515805888951304,0.0506393647069923,-0.0276195982539771,0.0514728616489023,-0.0284674770898932,0.0434750267558205,-0.0164827523162771,0.0540622965294448,0.0266548492596515,0.0705609205662211,0.00452452781460308,0.0843554307888651,-0.00290662215275909,0.0983410175154836,-0.0021734197293101
0.0209734355293211,-0.0396020379464468,0.0512193453164613,-0.029909654432914,0.0743382092137542,-0.0369527505900013,0.103656664511805,-0.0186274278698949,0.0933202836547753,-0.00408573057270834,0.0334152309168513,-0.00427873278986094,0.0444432136110485,0.0241452525678377,0.0528984898099941,0.0326516795319618,0.0706782624878712,0.0185638106583051,0.0977517861250188,0.000824629053940321
0.0266798746672354,-0.0310315500044572,0.0491771099256976,-0.0256750174214772,0.0794389418022565,-0.0310795135151257,0.090685255962196,0.0101719518282437,0.102852637299108,-0.00636902415837818,0.0305432127427581,-0.00591741951416655,0.0448993281531702,0.0142217697353726,0.0516713500984759,0.0249513253367605,0.0564140804907971,0.02814195762829,0.0959264637778247,0.00322889931818473
0.0382493161540972,0.00206094573185566,0.0464664849546914,-0.0126077014473554,0.0489155151210077,-0.0287709825576878,0.0722695569664322,-0.0112237616912035,0.0960671821611943,0.00421169196142034,0.0176718489422744,-0.0133773819191069,0.0448054301054315,0.0109386878816921,0.0489017337924012,0.0275738019457137,0.0629988467409262,-0.00633446830152587,0.0921323971680412,0.0128930979249406
0.0157658800190709,0.00644567614932044,0.0443218343336213,-0.00917057343780098,0.0503942728831028,-0.0251688820756725,0.0555129406011269,-0.0163677293834515,0.0833046241630408,0.0120839142866097,0.0216694454061013,-0.00819902175958295,0.0413643125996505,0.00735544577101866,0.0437927714310274,0.014687204017486,0.0513552986570056,0.027817430467988,0.0577300674396716,0.0177293456785935
0.0127958517190969,-0.0057191484356974,0.052584354498348,-0.0402999465204264,0.0590970119769913,-0.0326315477143028,0.100519627826813,0.00222510417495427,0.0968754343662937,0.00450225312915744,0.0252397183813094,0.00838230206883526,0.0419412056681433,0.0222533943045884,0.049299671123288,0.0285288386535029,0.0507585304977712,0.0261513638325991,0.0727689772684104,0.0028972393453051
0.0361525676461145,-0.0170367074089021,0.0539614784534236,-0.0202785185680203,0.0959499388289867,-0.000871776980989019,0.0954743585195461,0.00168649968460957,0.100238546111231,-0.00573401347715839,0.0342751212464629,-0.00159036479250533,0.0462991157810935,0.006182673799639,0.058217437768917,0.025696681932105,0.0496332771753958,0.029994499239832,0.083529590402654,-0.000334467048776791
0.024626273343978,-0.0181235103945793,0.0426804582151082,-0.0272563769399407,0.0515256659796492,-0.0305064085388648,0.0875957064453707,-0.00853134977236499,0.0972211286547283,0.0063453409632146,0.0228791229085442,0.00362569924896576,0.00412549984323837,-0.00109945452011278,0.00387091643063278,-0.00278485210549797,0.00258579451287204,-0.00407744591887766,0.0588724179874297,0.0162156818561006
0.0216028400913258,-0.0112854366830466,0.0459200006498203,-0.0189163992580353,0.051644710247575,-0.0242716750063768,0.0514471689063533,-0.029874871207874,0.0966226914611442,-0.0141128103279498,0.0209367451419756,0.0100165374042744,0.0403554582936662,0.0287077773986799,0.0499955817234133,0.0287448928300518,0.0716460030877666,0.0123627656003242,0.0977704380055314,0.00507201477638455
0.0237617730484416,-0.0307320132533328,0.054400703437217,-0.0094201585735866,0.0602504954166471,-0.029080328170757,0.100881883591414,-0.0179920761550053,0.0968056414651824,0.00517009044015789,0.0245206472693803,-0.00891293775745665,0.0485353290055255,0.0239863170985749,0.0619501479091711,0.0212668209607589,0.09812769475577,0.00142327348642128,0.0952053286344006,0.0101875168426761
0.0674107329330442,-0.0214337955176943,0.0921546164789843,-0.0259059498646687,0.0978408722015547,-0.0135026692650984,0.0983329145794203,-0.0131085913066951,0.096451722911121,-0.0148301919776726,0.0409817336707788,0.0110311868956042,0.0979568769730597,-0.00170103793655609,0.0989465037079107,-0.00065354540760425,0.0994968970387012,-0.00104334985569652,0.0997379242819484,-0.00237038995892577
0.0379167743437813,-0.0294953841813095,0.0517875184601959,-0.0303680600217596,0.0942063673523046,-0.00750656380557786,0.0977984744432616,0.000673080330862509,0.100888123339886,-0.00483557499383285,0.0311362482525838,-0.0310763821692507,0.0468960700629165,0.0133097059077163,0.0607697131255876,0.0323913013754987,0.0545360490017089,0.0273249119881245,0.0834439266592345,-0.0102399046979532
0.0151598171572982,-0.00590878639040157,0.0507902830182202,-0.0321702905548627,0.0981611403163284,-0.000260541943882595,0.0979960912143051,5.32545294326037e-05,0.0969471585156609,0.00200631983437134,0.0221657227187569,0.0394847892127225,0.0403416620614387,0.0524744096394873,0.0525860349572781,0.0321032101341977,0.0498830852915989,0.0315400628417894,0.075279052060969,0.0235171778419513
0.0161414133666555,0.0108957388924751,0.0401114233411505,-0.0205185554094879,0.0519232604272721,-0.0300901187287395,0.0841303715371158,0.00396763516330235,0.101976395664985,-0.00467544643547385,0.0231733554505472,0.0370901141085603,0.0507179003818745,0.0261353461936832,0.0501441986187665,0.0236715234294807,0.0610909260250294,0.0336853828206967,0.0940118057060486,0.0079302588491174
0.0274670031297549,-0.0179849829695413,0.0430913709695514,-0.0379950263987777,0.0546618534572349,-0.024900026523409,0.0969359817438379,0.001001875030933,0.101092136847526,-0.00427557526195201,0.0144702621614614,0.0269844056396569,0.0222272146797657,0.0290388872289586,0.0486886041409774,0.0302540049625791,0.0528804661803964,0.033078082094832,0.093204056913568,0.00823912906933626
0.00897701909306994,-0.0340639834034886,0.0394507889918418,-0.0258128136746461,0.050918909145927,-0.0287453009033712,0.10126511777246,-0.000873309505005491,0.099417533933599,0.00348605273952816,0.00499787573194676,0.0136051384418494,0.03589024651068,0.0560450490501371,0.0533650740099759,0.0378647387284236,0.0514287531405953,0.0275434371392705,0.0537800909786988,0.0264184211789218
0.00715074896594034,-0.00821573524011956,0.022265618943897,-0.0164200599181761,0.0439975547484912,-0.0259369898314423,0.0516671749896876,-0.0288020793749344,0.0601491877811013,-0.033584882682723,0.0341203314033284,0.0348100119369376,0.0483327922159208,0.0276425329501129,0.0543164742058859,0.0284968978187699,0.0621193014754672,0.0191359245991853,0.0958368728008451,0.00376107460021765
0.0459959275681043,0.023815982327014,0.0974791142499565,-0.0208809405674225,0.0986552652543146,-0.0197016048823025,0.053909691085368,-0.0211567394238091,0.0493109584289052,-0.0311051324440258,0.0521967822296965,0.0383856946165995,0.100474155453115,-0.00601130714651446,0.100040777981762,-0.000592637155771549,0.0979754829185711,0.00304756585791945,0.0982454362764566,0.00132249530832782
0.0242940925788121,-0.020466994984941,0.0502635501535804,-0.0061156578261545,0.0510289339033549,-0.0264828321383791,0.0733547293643546,-0.0231957373084847,0.0924639978510892,-0.0124372670937598,0.00439436692389485,-0.00501585847097157,0.0415151304249098,0.0251702655249083,0.0562427299671769,0.0193197349951356,0.0943958480832182,0.00509324530969685,0.0986303794560124,-0.000816140067908368
0.00562598785768061,-0.020856900281676,0.00791548834592752,-0.0247767619941067,0.00615857300787359,-0.0146871827447941,0.0433559097180258,-0.0233413589152303,0.0536152089737026,-0.0301055301419729,0.0207138798163037,0.0150837176631729,0.0422234920847272,0.0294547191427629,0.0502189672722875,0.0297196855698634,0.0710446803416799,0.0187741662528815,0.0952380662988173,0.00498718219365449
0.0203716500300784,-0.0370448561590557,0.0350284247863681,-0.0387236540738271,0.0540268868407123,-0.024417853819903,0.0495802344553029,-0.0290464206730118,0.0857997359418812,-0.0256138133059632,0.0344263555021516,0.055321213764694,0.0503885236136635,0.0453318639809486,0.0516177346011371,0.0291133595107933,0.093411790966435,0.0091611922294683,0.0998782797013183,-0.00178115229913944
0.0106405553154022,-0.00907614020316866,0.0518734002420187,-0.0280364501886732,0.0482845781456153,-0.0202642244858969,0.0799116822581749,0.000250800605491556,0.101205675202976,-0.00566728367459392,0.0153391373153614,-0.0171314977343006,0.0377782280075139,-0.0167949721120313,0.0492413571756654,0.000818922400147954,0.0494959665658666,0.0253612448558171,0.0814219898270713,0.0202717602760737
0.0187383892598909,-0.0201473268165643,0.0430440592722854,-0.0284002900889044,0.0824772106374786,-0.0121329056113488,0.0968161888928769,0.00223697638855157,0.10400719601526,-0.0069138361635955,0.037535150241399,-0.0236777975376962,0.0573671098075036,0.00426304549611098,0.0530496497995415,0.0242335792145853,0.0762356691012903,0.0162711170021903,0.0995063645837046,-0.00359892066433096
0.0148486973384845,-0.0198719408717625,0.0534605392086798,-0.0289466525739173,0.0806213964010593,-0.0101534633329187,0.097098853164385,0.00117078964682708,0.0998770239695567,-0.0010787280531359,0.0257182975963376,-0.0199293347600212,0.0439378884463701,-0.00339434413485495,0.0512039338833635,0.0229351878589977,0.0644376869382893,0.0270267422604343,0.0927916320650071,0.00971301090550258
0.0166909468137098,-0.0094684829426407,0.0551664589555183,-0.0269670187692696,0.0859481981182563,-0.0230810933335992,0.0982868252911052,-0.00104875909891389,0.0972338639244146,0.00249500853729403,0.00818832343927182,-0.0162559029015347,0.0424251741441863,-0.0170927026238835,0.0489424503900334,0.0218539285030876,0.054349873708752,0.0268983395334179,0.0872539489375459,0.00150185759261071
0.0109675767268564,-0.0124533516407234,0.0443123902260395,-0.02659779120653,0.0660296505611498,-0.0216063559676285,0.0822342413725495,-0.00470197814230499,0.09706995016038,-5.18456682422584e-05,0.0231816020664522,-0.0190279791445864,0.0473988138089277,-0.000608524424139492,0.048770399532783,0.0197027066779069,0.0640289161694794,0.0271717816882554,0.0945526507318322,0.00604316246480479
0.0189353313692583,-0.0113373379805531,0.0443947297910133,-0.0256744585492708,0.0643810574732468,-0.0237948012229857,0.0756040429718008,-0.0150083982451691,0.0905387453963859,-0.00293771188277197,0.0375623167150924,-0.009208979027804,0.0529334427491771,0.00986319550776564,0.0528825920573989,0.0244290924299977,0.060548230440737,0.0248718919261107,0.0889402404395655,0.010624957757705
0.00837241888010881,-0.0181887753938098,0.0416020226205603,-0.0273730447387721,0.0639845879204177,-0.0229033723158307,0.0816963599136996,-0.00784746466449906,0.0934665575715449,-0.000104521342466691,0.0173668795411925,-0.0174329913744311,0.0515240553944735,-0.00258481696938566,0.0516290333422343,0.0221499300121866,0.0546650958391369,0.0273193688840043,0.0911782304082007,0.0101522859221308
0.0139326537510496,-0.0239051363248332,0.0516526510089661,-0.030679901524554,0.0798148201120519,-0.00745040436407144,0.0932212982193773,0.00197870286070253,0.0996232491408601,-0.00314664994257226,0.0217252012529307,-0.0217704577821451,0.0461400159323832,-0.0051808495958399,0.0501980603967207,0.0272997321431973,0.058917702600252,0.0177948519592325,0.0925165893528797,0.00533265303423416
0.0298948937681024,-0.0411895372629928,0.0794416244010158,-0.00392311883534483,0.0975392354607421,0.00232404331008816,0.0977821659057574,0.00128081936874667,0.101485245578685,-0.00915338349992555,0.0344756539491276,-0.0375445715330166,0.0557746396813438,0.00601828277235153,0.0486202518062298,0.0250956316977463,0.0538817031706116,0.0299517348548972,0.0834294974513474,-0.0107695626432001
0.0185399039454221,-0.0256229282418509,0.0585548515750515,-0.0143853106485757,0.0974110325331149,0.00309123213529241,0.100232035278489,-0.00129052101544459,0.102526900320391,-0.00466307592256968,0.0179238802406302,-0.0276109543928545,0.0437053132199865,-0.00384023059158026,0.05370847652683,0.0304627053931158,0.057062320509785,0.0282893939681871,0.0924359230271084,0.0126511954738379
0.00544531508795732,-0.0172609708132348,0.0049820458352671,-0.0126226823363797,0.0145838861183213,-0.0201264779351895,0.0454368826479368,-0.0285525393899688,0.0774286129477728,-0.0125040833321874,0.0162568149393341,0.00470420624575605,0.0391001930304127,0.0182137634698021,0.0506978038648408,0.0342472417198003,0.0663403648894063,0.0238466835235285,0.0929760059247101,0.00836524317581888
0.00220718464259861,0.0109298722275928,0.00248442596301696,0.00886059413671397,0.0160162876015944,-0.0297406145815308,0.0500277426584577,-0.0366129662700107,0.0762194632269297,-0.0180963333486619,0.0176698354378394,-0.0141457627692383,0.0507733516242919,0.0106758319152202,0.042893023195989,0.0309050796553577,0.0603533304601369,0.0219014811760121,0.0973122238253323,-0.00775435039416467
0.0178200700893655,-0.0188838881210641,0.0444657165999899,-0.0259983714611478,0.0605314293722879,-0.0219227159704009,0.0938571762726274,0.00445087452318433,0.102456857955515,-0.00655579633303397,0.0147860945529488,-0.0199197344418275,0.0415316028306567,-0.00428972177909519,0.0461346566306709,0.0168629476831422,0.0571216200234324,0.0355279822295214,0.0851783761958555,0.00597117194208747
0.00935099799430724,-0.0223165041420705,0.041996412675695,-0.0430833728665972,0.0536165116167493,-0.0412895789781095,0.0864207465823426,-0.0253468193787114,0.0922213035238788,-0.00100165484977991,0.0149493349872468,-0.0159779502841624,0.040978041810352,0.0134158224499884,0.0505205069474597,0.0322126503743432,0.0476318668054018,0.026438073235457,0.0810279388380557,0.00418440317343344
0.0365293569348266,-0.0152362618183375,0.0506730385382418,-0.0253391921911998,0.0780230667799358,-0.0109200039156031,0.0975933474387636,0.00145412616270965,0.102092126194602,-0.00589730056180388,0.0383688193321833,0.00364325001259091,0.0410010956654519,0.0155078455642764,0.0558144010952026,0.0279123268779827,0.052965331204591,0.0312465402823279,0.0845299364790653,0.0097292812389664
0.0247589860781299,-0.0127169686837546,0.0517095033304769,-0.0240699198507248,0.0529289256527891,-0.0245691450487949,0.0842694787194331,-0.000314136283771251,0.104698608918202,-0.0100942963492622,0.0367115975373329,0.00907037630624551,0.0454997106367224,0.020520472289675,0.0494150564687932,0.0268810852920951,0.0567300711436033,0.0291540713681057,0.0989573560548553,-0.000690724985835861
0.0157375884806303,-0.0279765347971621,0.0455619260010367,-0.0306176498475855,0.0628869629794401,-0.0242426678375631,0.0927486693816855,-0.0033166134544082,0.10288882183858,-0.00701126210812912,0.0135451969150564,-0.0244309995701261,0.0430958863324347,-0.00015082379020494,0.0431726368142315,0.0202337765100816,0.0651807839446322,0.020619815426805,0.0949786740568994,0.00572026085738984
0.0157243516454707,-0.0214154178646464,0.0395548952749582,-0.0346136847484999,0.0648153368565892,-0.0241565701300537,0.0849713798812734,-0.000991627566190407,0.0987584666599065,0.0012414252080367,0.00739558939397759,-0.00981906879269379,0.0382584662443108,-0.00132683190193566,0.0468139301767867,0.017874152921082,0.0529246296149843,0.0325047296641397,0.0894881958998077,0.0152260999145978
0.0276855200474396,-0.0348785985229456,0.0522766976347887,-0.0228963632470651,0.0841562401845991,-0.00703484763108054,0.0978251567469746,0.00129819866559978,0.100119818430703,-0.00156320047690561,0.0107346599818438,-0.0292619218596535,0.0387019889365947,0.00910937817658832,0.0649415953982755,0.0448949540501511,0.0553870522166994,0.0283194343123488,0.0922380538569983,0.00704423143034063
0.0181514467897907,-0.00881055096676039,0.0421039142311553,-0.0274556869909837,0.0679866408203881,-0.0236436076077899,0.0957292196056492,-0.00150174902480831,0.0982698616138376,0.000601940461823896,0.0182767699417064,-0.00321110253733273,0.0396303528743335,0.00418261546587086,0.0519466455829728,0.0239426872334325,0.0519753076087065,0.0301351254680199,0.0713560299445831,0.0167584248429553
0.0167606158113209,-0.0139405284935298,0.0501970263834336,-0.0276326741745186,0.0766521066108707,-0.0170522561265921,0.0958444399328637,0.00031990000342539,0.100720699867732,-0.00417738662477846,0.00194495649581567,-0.00281107390517823,0.0453275727997945,-0.0210091516536707,0.0495617176405153,0.015177005247534,0.0498289177000024,0.0308255490677597,0.0787350830014633,0.0137193352688876
0.0181388258659742,-0.0098099506470026,0.0436866223985874,-0.024110103637451,0.0525200683262323,-0.025071152294451,0.0796112509659118,-0.0104899356936372,0.096428468746036,0.000225860512972458,0.0304627745519124,-0.0117963840788405,0.0539773294865256,-0.00101608867749654,0.0495417847559255,0.0219040403907109,0.0542893851706338,0.034557923570042,0.0789881213349054,0.0138758723203976
0.037447571647469,-0.0170324038668616,0.0426953592127516,-0.0248417305459835,0.0506742762793828,-0.0237725332811576,0.0549133235237087,-0.0302241828233895,0.0958331888644724,-0.0181318464047934,0.0319451123493173,-0.000371262136667733,0.0401270052383532,0.0181605330812741,0.0508880296911681,0.0352925799832947,0.0644256649651179,0.0151013561655384,0.0975057668356506,0.00269877018183305
0.0215303649999681,-0.0240621364384761,0.0701918940357224,-0.0291067134230924,0.0991347203780345,0.000845848925324509,0.0982486861041021,0.00269081235282965,0.103348700711829,-0.00616837299512643,0.0180336671644303,-0.0295936454206445,0.051256086075978,-0.00252592585210998,0.0598118644473437,0.0306952432103426,0.0590717858258118,0.0289049912622792,0.100224130131658,-0.00477285170477766
0.0128231988807481,-0.0132408132926209,0.0364319112413078,-0.0213979443961579,0.0495547311470899,-0.0303127861767286,0.0778418332656625,-0.0258396236845136,0.103554754731228,-0.0108652140530834,0.0106193796740584,0.0120737965076777,0.0312040766961445,0.0239004001341487,0.0478322395494938,0.0279916090458652,0.0716248211246688,0.0226090521225492,0.0956806719783254,0.00835052193411781
0.00532427555884964,-0.00705071040685443,0.0396467887625718,-0.0222818804585931,0.0476110399542918,-0.0244808447675925,0.0520187627883358,-0.0285091209191364,0.0941010881375787,-0.00892442716808679,0.0112381960433286,-0.0199163227768226,0.0463906740529114,-0.00107610747246004,0.0420656712540616,0.0212834619736912,0.0493440153913559,0.0310217420083091,0.0900227572515621,0.01692215551187
0.00974826209965239,-0.0178320069637914,0.0398214180189773,-0.0273675178651137,0.0620607601553787,-0.0288767689650673,0.0818859145542924,-0.0140152604400869,0.0902726545342093,0.00275622648710499,0.0134070992598683,-0.0143094799319628,0.0517784766578201,-0.00152573986660544,0.0525245062751111,0.020014975969442,0.0509209997309525,0.0377305303279429,0.0920083046312184,0.0141056358126347
0.00951060431971966,-0.0312863801343634,0.035298138659099,-0.0297020264565804,0.0471518786374401,-0.0242610213935647,0.0578077148287839,-0.025307291309318,0.0965197538309041,-0.0155684594728704,0.00905187971460132,-0.0337299248910665,0.0445438674603573,-0.0112117165019583,0.041883982057608,0.0217770127645571,0.0523674048516047,0.0283130541155765,0.0934432677283549,0.0103182511386572
0.0167700406167593,-0.0168306681196611,0.0408623735393322,-0.0244371762719845,0.066358590907387,-0.029914505549175,0.0989039487501851,-0.00390349379945528,0.0966050058138986,0.00541399482121441,0.0252471469266912,0.0130874239085636,0.038583065424343,-0.0102334438275502,0.0651386408866994,0.021779289914193,0.0498601053446759,0.0277114048500208,0.0885556637128826,0.00798796122266178
0.022930635013754,-0.00957328888606273,0.0550614203174862,-0.0396594304047453,0.0541802365368969,-0.0322626261283821,0.0447661207187249,-0.0317032955888171,0.0840994465816083,-0.0200981705357485,0.00542002069015046,9.8469547425081e-05,0.030564658746012,-0.0105529368384761,0.0408403537085573,0.0302153333381113,0.0513330436453841,0.0316379043012523,0.0862009831577834,0.0104402265230275
0.0216679440354484,-0.0172857451859894,0.0500262972821504,-0.0321171947273506,0.0785081336098767,-0.0211435921767855,0.0972381036987734,0.00341195848498754,0.093020376565806,0.0116054452058099,0.0363101990644364,-0.0205984610003209,0.0591342873426771,0.000198489474500874,0.0575696273029006,0.0189893714200535,0.0540825632966939,0.0320704014267576,0.083053817996357,0.00894733722713179
0.0223606571134799,-0.0120554551009358,0.0433766470396999,-0.033467785783919,0.0496973791312222,-0.025494386387987,0.081057677034252,-0.00528943042195106,0.106573250479917,-0.0123224563028503,0.0233226817472884,-0.0212659532065497,0.0511798017708903,-0.00661253694701029,0.0496608100325048,0.0100062863349,0.0504413141059884,0.0323864053157598,0.0960081453464447,0.0045380630518869
0.0182800672616116,-0.0212239819378403,0.0470008138595065,-0.0346059608327863,0.0897599653146509,-0.0209615490551171,0.0932221998442312,0.0131862675437712,0.0957022891304646,0.00471810327796777,0.0188095559124971,-0.0196217304709087,0.0504381446249519,-0.017232289405191,0.0615353504718079,0.0084293269466964,0.0494588755337795,0.0273698135165914,0.0691410790296104,0.0178607924986772
0.00734114309791332,-0.014699254794244,0.0296416379004247,-0.0271326817043268,0.0563796346853582,-0.0312116951073309,0.10319114744187,-0.00849987052204737,0.0978756364622528,0.00537585931676144,0.0191121057514833,-0.00461057454483381,0.0481272567757302,-0.00211502076549356,0.0457276238818728,0.0342128366570569,0.0524472975185126,0.0328572586331554,0.0819994382994603,0.0160305080033257
0.0178171379141994,-0.011095268252528,0.0324729931741538,-0.0259288942742267,0.0609467585707511,-0.0264035034833268,0.0962515518869222,-0.000931533026096549,0.102460368674659,-0.00865406017852876,0.0305483512513236,-0.0124469659336476,0.0423130058450792,0.0127778083498726,0.0529512152302829,0.0382157336006458,0.0808310361330971,0.0139511303543393,0.0991027564948717,-0.00356643036956239
0.0106852043142238,-0.0154859510177793,0.0425888374542722,-0.0341856616291411,0.0647191007840963,-0.0241122873192615,0.0881087196561011,-0.00915499368961915,0.0983890153403822,-0.00148060931857261,0.0139807096460963,-0.0244548360772147,0.0449264900199367,-0.00409951828987368,0.0495066438361177,0.0223196396089342,0.0622900334760262,0.028213007163356,0.0946850060722496,0.0078577790579581
0.0155435159213106,-0.0111104749082301,0.044653020520071,-0.0236962970839449,0.0466191262957695,-0.0333412193792218,0.0635134018658965,-0.0260450219179992,0.0945807052227785,-0.0109929568183233,0.0111442724229691,-0.0182344697360014,0.0454909971366632,0.00553254128578698,0.0450765072520283,0.030286078581656,0.0515636019548683,0.0288771101612107,0.0871196236693896,0.0084463808943274
0.0168905000651129,-0.0169322840317126,0.0367360033011304,-0.0332947418875541,0.0490211115834589,-0.0314561361073491,0.069979890134985,-0.0234316587728579,0.100314174984738,-0.00674286845882995,0.0417559874003516,0.00806884683285894,0.0428420348793571,0.0293252554870656,0.0513813266035962,0.0330273357308928,0.0493476467460093,0.0300926928443939,0.0719014975626965,0.0194509259650982
0.0251294912089372,-0.0134090851852707,0.0421829279777174,-0.0228498226930017,0.0539464248723275,-0.0252434680091398,0.0788702510527571,-0.0173244816193031,0.0930005842836523,0.00139546071444705,0.0304478191548578,0.00102925405753844,0.0462326978500056,0.0147145366989118,0.0531786255867779,0.0242859553430609,0.0534121187480731,0.0320635850432438,0.0888377824572776,0.0121826552156094
0.00884915266358611,-0.0145161850095721,0.0250550019967669,-0.0279212464604328,0.0499305213499769,-0.0278382997983079,0.0762274667063277,-0.0178180010265728,0.0931661452794227,0.0118692698391227,0.0046973758372351,0.00749262102942256,0.00617110665459415,-0.00489084647112288,0.0374718937646,-0.00743196483188095,0.0510833023188951,0.0220079968301244,0.0508672472148173,0.0375790024883303
0.0226257156280177,-0.00959831185001029,0.0377039238333094,-0.0206083286037325,0.0471072240225271,-0.0271069712252528,0.0518071022820725,-0.0318417185049666,0.0799584711230013,-0.0102097511541947,0.0359086959700063,0.0173780497872574,0.0465536850327093,0.0273234163785071,0.0500972917120896,0.0241603320017673,0.0587294632066941,0.0329278825013145,0.0938043521757891,0.00822111542082632
0.0329561667266028,-0.0131718317453173,0.0500588822389723,-0.0254515732990519,0.0559053192220773,-0.0228424326276515,0.0980179813247045,0.001161271270345,0.101350783674846,-0.00440693016901646,0.0173767464507348,-0.0132467453325271,0.0558501839326575,0.0036856340779162,0.0431173790461674,0.0205665164083785,0.0551724448310165,0.0301609061626868,0.0815164479536859,0.0212828558805134
0.0105881186634632,-0.0254466967041683,0.0477674675216413,-0.0350832189387906,0.0796329768122994,-0.0152191205214148,0.0986168379907922,-0.00101641099536083,0.0968308345602708,0.00415990140730811,0.0119089086596752,-0.0230016688137652,0.0488230039895564,-0.00415421781398038,0.0497410702914681,0.0227203087212912,0.0514177070085089,0.0287914794236417,0.0627290259074907,0.0196633979476355
0.0232491867357727,-0.0156801314371565,0.0505886507148699,-0.0278793618001134,0.0963035575353318,0.00909862448010531,0.096887083549624,0.00159037799527705,0.10179554560448,-0.00511052867491643,0.0268272147304366,0.00518873529115829,0.0453961715924226,0.0168483687408557,0.0533098033140962,0.0278770465016957,0.0538917483208598,0.0334972280758965,0.0946750787188255,0.0070662920962305
0.0226284527604739,-0.0419035151998572,0.0566240971339744,-0.0292868992368278,0.0724849916720497,-0.028121963532541,0.0999499536768259,-0.00386393230952942,0.10250476484413,-0.00652957221868451,0.0199920227271307,-0.0374078567185715,0.0518835478226496,0.00441914923420745,0.044628926048122,0.0241281135999462,0.0760461306533663,0.0209878462895199,0.0988796729807344,-0.00189180571829329
0.0341462813124206,-0.030783362563756,0.0496656111633892,-0.0257462439722864,0.0711854731838209,-0.033051534539718,0.095618091729837,0.00709548326176319,0.101447384247781,-0.00453790662252695,0.0340914914398409,-0.00957769603485623,0.0403462482284463,0.0171856786424521,0.0460337267443203,0.0247769794299072,0.0504578420611969,0.0348336487207807,0.0951391169507912,0.00759200719944531
0.0141888973958462,-0.01923771277299,0.0354469756691775,-0.0283710970029998,0.0478938441542888,-0.0302970912618719,0.0534497143521179,-0.0280591651846664,0.0799741808617059,-0.0189410627097342,0.0144213108482237,-0.00849322221252526,0.0473914368951764,0.000497595616953843,0.0477611865038647,0.0325264727898307,0.051653192379203,0.0315326679636057,0.0753122538315649,0.0147371787668374
0.0113409083771173,-0.0168510453721511,0.041862349760949,-0.0227361598129174,0.0472687620151678,-0.0192451994359148,0.0513323650899119,-0.0293360005923797,0.0800851647741182,-0.027836394113034,0.0167675161044908,-0.0161010320860457,0.046863335510006,0.00303609619023023,0.0454780198474664,0.0262168223807632,0.0595507926078847,0.0206525464166863,0.0920378845235441,0.00324073380000012
0.0140872211923759,-0.0163651890787218,0.0387663442531013,-0.022093419799407,0.0434917495253442,-0.0256710636496508,0.05140188972872,-0.0283353197610667,0.0884519413620628,-0.0211050062895305,0.0225619228582942,-0.0182178350172123,0.0399664667632122,0.00180283428019544,0.04227298677172,0.0257502112239115,0.0584014071962975,0.0215238909852043,0.0923015623074075,0.0116334273319659
0.0130245843592564,-0.00881649101215254,0.0278872392499034,-0.0243752279787671,0.0457823176157961,-0.0288903704913471,0.0651554668936801,-0.0247146790752033,0.0945413687547386,-0.0097762188328267,0.0274547802854979,-0.015477576381702,0.050504948370283,0.0231946247300643,0.0490676261650445,0.0239216643070399,0.087587193863766,-0.00996377508283981,0.0953638539118846,0.00516153128111855
0.0132927008667377,-0.0141001542546721,0.0378121429289179,-0.0226264684035847,0.0478232594237028,-0.0244439294660656,0.0643960776265114,-0.0171935018711061,0.0858710820154286,-0.00907151366391959,0.022808274540772,-0.018640483828093,0.045913153673484,-0.00343906339854569,0.0443526042522694,0.0223835031708495,0.0532408092088906,0.0266304022597648,0.0887751095438958,-0.00560752346649188
0.0235921930841046,-0.022423305489814,0.051863261798504,-0.0278740820017241,0.0752580499891267,-0.00893733864938933,0.0969493480521113,-0.000939983614122219,0.0944038493210577,0.0029626233388591,0.0289954406548341,-0.020026660443069,0.0504024672920284,0.00319124992649283,0.0545571949387765,0.0244197716163101,0.0536657621109498,0.0265066894546101,0.0626606908121037,0.00314723383719197
0.0193275049135841,-0.0144667169126469,0.0495044777102396,-0.0267072984453703,0.0625604539089183,-0.0200286623520189,0.0923442422822699,-0.000660399533003449,0.101791810180018,-0.00585122691999005,0.0163490900186751,-0.00389160807023532,0.0507858270285329,4.5005189921052e-05,0.0482268722459222,0.0248539113752829,0.0593627558272669,0.02291139170859,0.0823529454810913,0.00016838273314362
0.0363444033960519,-0.0298067677477751,0.0611403053550245,-0.0207326468559074,0.0999012128435616,-0.00323729083964659,0.0943551420450431,0.0065021413461969,0.100982871886844,-0.00619971289857277,0.027004977024655,-0.0250812828267219,0.0545373428190376,0.0117129412875744,0.0565545389133019,0.0256968140177641,0.0508941974233051,0.0183132450392141,0.0904420777541102,-0.00834598268714098
0.0302095249527367,-0.016145288154457,0.0578140798001489,-0.0285433426850321,0.0928597042538768,0.00727842610996305,0.0947602362323992,0.00346360972815652,0.101970929875856,-0.00590740144534798,0.0197022989706185,-0.00596597800524765,0.0560674866122069,-0.0147835000584096,0.0595350787582703,0.012008706467374,0.0517890529856146,0.0262115763186352,0.061501259949994,0.0217120928750496
0.0148013237568799,-0.00886510122533195,0.0441345930728277,-0.0240043601616489,0.0686876250235674,-0.0226705414180289,0.0858290875950196,0.00497890038965831,0.0960795561405457,-0.0025714565411593,0.00325323289362347,-0.00603974528480579,0.0345902165114665,-0.003556645953722,0.0456887938789815,0.0131839448753559,0.0500802115386776,0.0321630563853563,0.0702129340396118,0.0108096872953167
0.0270530538218207,-0.0141890610869578,0.055465860189281,-0.0331556422449438,0.0906676947264823,-0.01068010902044,0.0938699314324599,0.01333754113048,0.0953429829127316,0.00641150626701616,0.0260963901414655,-0.0111540549633092,0.0548038958837919,-0.0214967184255329,0.0647432437665702,0.0204723941183569,0.04846769221234,0.0269702937745349,0.0914752869457702,-0.000245393973469353
0.0170972972365231,-0.0103379842249743,0.0474691339160408,-0.0283126740453567,0.0615844931180655,-0.0253351597328113,0.091806810426801,-0.00107383362955623,0.0953093535329269,0.00624549075045309,0.0209552973975036,-0.0062897826748907,0.0464100834128225,-0.0194721581819229,0.0486707219273813,0.00439962806144188,0.0513493758498021,0.0328408560719363,0.0716253273253655,0.0177321172721712
0.0580273621789708,-0.0149880793378126,0.0496929703157441,-0.0362059028585399,0.0441399444101871,-0.0424408578362275,0.0631701145509058,-0.00994090868475533,0.101083272396436,-0.00781176429726534,0.0207099062580204,-0.0154379130657246,0.0438064585943964,-0.00325896254111649,0.0467186063436583,0.0341440824444902,0.0520607656297927,0.0260951878503166,0.0943000270079255,-0.00455780637578235
0.0201165179260189,-0.0147901061861483,0.0443862802890587,-0.0260944451612738,0.0494616138353096,-0.027511874483955,0.0724123260488006,-0.00937458553517741,0.0901049801519501,0.00243519901850407,0.0277208754422826,-0.010492613224613,0.0465002275298154,-0.0137565489219258,0.0471512975195353,0.0112742864206049,0.0541565431902191,0.0308399278310401,0.0789618912847703,0.0173493936596019
0.0226999377851014,-0.0178890972036403,0.0494642019093899,-0.0413895809714096,0.0490382784833436,-0.0388913831627783,0.0518231436483153,-0.0314377761795203,0.0746750850657819,-0.0133078909483502,0.0470219263186269,0.0020227257553893,0.0550428916526018,0.0269752114788126,0.0996558151793087,-0.00481538651258925,0.0992939432032282,-0.00351295989218175,0.0965787274821149,0.00293405322253466
0.0339474995618749,-0.0145861041900645,0.0440989592011631,-0.028755068107143,0.0541239468009184,-0.0237223982665413,0.070488451499532,-0.0110414564567149,0.0961004666328463,-0.0111136324029333,0.0292193813226874,-4.35722144860772e-05,0.0440262036050073,-0.0142498146555308,0.0462963743134319,0.00985949826079648,0.0492739092459315,0.026814587729383,0.0686698941145178,0.0184024478048784
0.0149906328616859,-0.00474220388014989,0.0261318090571574,-0.0278458386922485,0.0507703650748243,-0.0298885027984169,0.0729140979590348,-0.0122930611842759,0.0924947049264729,-0.00248278696847015,0.00343771427594665,0.00295630334598567,0.0158051330693304,-0.0140397927227077,0.0493742145467815,-0.021428199743074,0.0483804397274627,0.0119612752429566,0.0555264308558136,0.0261468671504008
0.0139985024403743,-0.0157478548361075,0.0478165300448866,-0.0256134783136183,0.0587205839690259,-0.0245627166554751,0.088392932269835,-0.00153763677019218,0.102493516515131,-0.0064350802731753,0.0139002537601112,-0.00572291062688665,0.049966993232973,-0.0152322087424097,0.0508443527812407,0.00190628352350308,0.0554719471650958,0.0258076020634696,0.0749620778556935,0.0212090777917367
0.022652791388712,-0.00910817723217842,0.0413017528956369,-0.0141249115346613,0.0449952240245478,-0.0295712154879826,0.0544722855969779,-0.0317656634792814,0.0989830415806566,-0.00680415939033746,0.0254951852201,0.0182873225128886,0.0446876596966028,0.0289610592581692,0.0428360869678586,-0.000555834549428333,0.0577181024814091,-0.01392553391584,0.0924891376813773,-0.0062526507342604
0.0285880848173522,-0.0191543797792198,0.0536339548726356,-0.0206876639812813,0.0527149026656711,0.00838555193887482,0.0832098423023891,0.00835690308282576,0.105928904669887,-0.0146562800266459,0.0268449800008791,-0.0164054916144992,0.05054781577626,0.00682481376865635,0.0409531618134405,0.0276365984993424,0.0743851811587926,0.019144710976514,0.10348813057234,-0.0122101050305821
0.0133703602584046,-0.0226389059067654,0.0412792568186386,-0.0304169891087668,0.0441235494639908,-0.027923310274376,0.0700476897360502,-0.00954625725646098,0.0967136725124059,0.00877264555051955,0.0103267742881175,-0.0158752121148341,0.0392173742895747,-0.0134304057913057,0.0359603944736155,0.00966000148651167,0.046991434524646,0.0251652709571487,0.0849565774735205,0.0316444120783004
0.0530830029535845,-0.028578819223608,0.0979120255232685,-0.000979544934060239,0.0956360651658233,0.00235386051744826,0.0967869162270028,0.00418648808846305,0.0312698105025356,0.00291879826120126,0.0041817901557035,-0.00175957461209591,0.0437194694211197,-0.0111788116409863,0.00617785653617127,-0.00122746247603742,0.0423680155702402,0.0263455909245801,0.0724887389356509,0.0113662347645058
0.0161129876366714,-0.03205429495454,0.0658529803490464,-0.0355641754469481,0.0458136817993006,-0.00742857312782245,0.0820570955729472,-0.00355133001510442,0.106137411257302,-0.0122941731128286,0.0134512554639082,-0.0136851131398193,0.0464148359923497,0.0104341940212089,0.0389405064172677,0.0372328467523019,0.0482094577297604,0.0274691637001474,0.092397745035769,0.0111611008724355
0.0141194844789045,-0.0196731672260079,0.0539618727958813,-0.0233211810088305,0.0452915095390911,-0.0269609349359045,0.0519894831111397,-0.0277037430857205,0.0998532324494452,-0.0199437033163432,0.0399806712354932,-0.00564518756593688,0.0541710613130241,0.0183404017937919,0.0439406842653766,0.0271956524265801,0.0593710362146619,0.0186987392224156,0.0974071301211195,0.00306202793878652
0.0239154926266507,-0.0180111688327797,0.0380904711355283,-0.0294054021146207,0.0468548746509499,-0.0277073258510261,0.0740811748013739,-0.0113144268792717,0.096367200930159,0.00419820812962684,0.0290822782788301,0.0112456330930495,0.0521244621407073,0.00198488370557666,0.0465798382853016,0.00469144787079886,0.00771347614655277,-0.00869593931261821,0.00698522693118785,6.64246140807796e-05
0.00486073566077071,-0.00446486675688417,0.038582855075208,-0.0192008050085446,0.0518787253439333,-0.0255317676091342,0.0505861797523275,-0.0268580850043472,0.0863917318348432,-0.023900490744785,0.00886172141078111,-0.00818863406733219,0.0380831315882983,-0.00561830736794624,0.0548266853372383,0.0231753585792142,0.0511538742984528,0.0197550650306702,0.0870998633919529,0.000756014675905295
0.0122356250526902,-0.0132706619276509,0.0418254817847469,-0.0275802429582806,0.0510761052201785,-0.0324230523712939,0.0820981554903593,-0.00917843754948843,0.0963217552322102,0.00539145348867748,0.0154588580227015,-0.0170435076747221,0.0520373735260506,-0.0315030944415633,0.0503111936538964,0.000840631648770417,0.0645118409510646,0.033194302049918,0.083270564857311,0.0165608255097008
0.0302773183192662,-0.0141709021173534,0.0516079329799422,-0.0215399598276036,0.044414949840176,-0.0246443330791091,0.05283910111947,-0.0261710985476808,0.093105282739633,-0.0101521392687612,0.048003135175617,-0.0182630299225123,0.0496837039827976,0.013336859366166,0.0416036402220071,0.0305454083879745,0.0644568012409379,0.021834305626694,0.0967079408705473,0.00668290431807328
0.0176776924554083,-0.0148423882197928,0.0567663332953327,-0.0269164290868398,0.0487536490719453,-0.0230653134790278,0.0465879771054915,-0.0267539728244527,0.0911825816678141,-0.0154686938805332,0.0170092900295969,-0.0106142885649796,0.0694375389527976,-0.00396564594814028,0.0525846085200854,0.0262756853125019,0.0519055334870204,0.026689937040033,0.0911298430905123,0.000443669420451887
0.0133838691178663,-0.00541808640281246,0.0391262713396047,-0.0253059329873456,0.0530836553457612,-0.0228620118869083,0.06203403489965,-0.016306347795782,0.0956174599270411,0.00042715652727316,0.0140708389898682,-0.00725800913845382,0.0551319093617761,-0.0179832356133354,0.059250000338471,0.00973870325243163,0.0526001005867459,0.0254584649834564,0.0862171138603441,0.0174321923208874
0.000206131452788146,-0.00833292710703998,0.00315625365000311,-0.0271515450142839,0.0308087838161893,-0.0397625009802875,0.0463770588661433,-0.0331872404489812,0.0733858532231265,-0.0187296859490111,0.0113142124684537,-0.0123297282330631,0.0436987081491291,-0.00777711888517667,0.0505264615579979,0.0428374660121975,0.0480433823345424,0.0384277688949386,0.0818005831920654,0.0163279882925332
0.0104313753553335,-0.0129767501627283,0.0395646822723741,-0.0259910662393605,0.0658236602559407,-0.0242731811018779,0.0960427681210863,0.000505360475073945,0.0954134094110414,0.00722173044806118,0.0219769199408782,-0.0113000854044885,0.0500365046972284,0.00255434373473778,0.0542889331343007,0.0240119576600109,0.0603700179621863,0.0302406904617743,0.0959418535043837,0.00377441174078005
0.0119230670096863,-0.0195095619346012,0.052083331135719,-0.0290508283175856,0.0987636221806173,-0.00120391223706008,0.0983928943359999,-0.000612648161499856,0.0973773311455272,0.00117116489916655,0.0132705124512144,-0.0165930559054845,0.0589628857906841,-0.00358594670239201,0.0621564212489092,0.0234127356885128,0.0536844071417935,0.0248607941520905,0.0643569410977776,0.0219469064179141
0.0210979015348745,-0.0205132762323871,0.0481340375874269,-0.0265088305758844,0.0591648461321352,-0.0235172760411986,0.0979166255753769,-0.000825165141551969,0.0971486381069655,0.00325924039663034,0.0395292744150818,-0.00824534931318781,0.0379043986102815,0.00904599442185139,0.0476444378839248,0.026926343688873,0.0578108979956055,0.0345390743807964,0.0759083872585501,0.0175231218160831
0.0170344948700427,-0.00807223195047678,0.0282396118680947,-0.0218193165801931,0.0498417210564167,-0.0304178029623826,0.0577179548690464,-0.0195066293407528,0.0968130229350748,0.00755046901683818,0.00345989116762178,0.0010567606339469,0.00706383463828361,-0.00544249311576026,0.0394907564561586,-0.0185471732497099,0.0378745772339572,0.0199304769716333,0.0741757402678111,0.0324803224009466
0.0303157749540464,-0.00853068170998997,0.0493871832482118,-0.0309412681013224,0.0750345381096449,-0.0189379484746266,0.101463719851316,-0.00470762465199285,0.100341106024205,-0.00148325816044025,0.0433768239405358,0.00428665799250195,0.0485742398327847,0.0240533944680415,0.0433856947653387,0.0278392008561347,0.0457338440185056,0.0333313430948512,0.0937535685419965,0.0115936897485886
0.00299010374807215,0.00550855726040332,0.00902377661890221,-0.0206851622071144,0.0257330039875385,-0.0257684060978821,0.0609966673225902,-0.0278833103023633,0.102287316482772,-0.00618601417291073,0.00739056340588644,-0.00181774861731993,0.00391717402500932,-0.00196572591801335,0.00347219019688289,-0.000651280022027122,0.0525310113649498,-0.0101123481844655,0.0762746599438428,0.0259683679058911
0.0234463681790153,-0.012927032567074,0.0437510732062351,-0.0245991131625785,0.0500593021953679,-0.0276685371925388,0.0787183100991417,-0.0213527452536936,0.102829131084033,-0.00899041484227559,0.0275532784977324,-0.00830715890038984,0.0490239002542243,0.00529863780346803,0.0499443181903918,0.0202629744773038,0.047734134430765,0.0317843573792533,0.0878128323442631,0.0122726842096873
0.0113728332316421,-0.00816938004748805,0.04570616922555,-0.0235818660688248,0.0481736878349005,-0.0253555854136115,0.0542180661869097,-0.0289044919919548,0.103512660857641,-0.00596162874460068,0.0274338683510756,-0.0110802063269888,0.0522488058496938,0.0113067044016031,0.0525826073340268,0.0245179636292236,0.0704706421158258,0.013672947238505,0.0983862776889509,0.0020295394584899
0.0297300756580192,-0.0161162338424393,0.0433914468401883,-0.023179025294405,0.0490347197209545,-0.0251215718827761,0.0772512539068195,-0.0270027455507647,0.0936795040289446,-0.00661481754568096,0.0373237338986054,-0.0105683702866386,0.0486648554479565,0.0262662554329489,0.0594787284090152,0.0285895566526438,0.0831275361218311,0.00622476918651153,0.0982782527692075,0.000354179203089886
0.0276338842945978,-0.0243761981932491,0.0478698493454979,-0.0292060825111022,0.0831195537149127,0.000424586905163999,0.100012233849407,-0.00287905578629312,0.104233007960771,-0.00965071155677322,0.0191743845468418,-0.017148414819594,0.0520272122481438,0.000212300093491742,0.0550906327925736,0.0344226163133758,0.0858099633624744,0.0150724445267777,0.102627577311909,-0.0082985430026399
0.0170676092653703,-0.0295314985392553,0.0442153565547329,-0.0383209915208502,0.0499272875088988,-0.0274108595387001,0.0725706060628966,-0.0163436222707375,0.100518604234731,0.000148129722915326,0.0476477578107827,-0.0282494482687089,0.0458825276505809,0.018149088716322,0.0739015971724913,0.0408497785047598,0.0962180915073153,0.00778568720174076,0.100256398717738,-0.00258210464911117
0.00638870927769369,-0.0159671871845803,0.0264023204140621,-0.0414783183471477,0.0433913359831063,-0.0228428718629649,0.0523483558642888,-0.0220014811623181,0.0775671506930331,-0.010762906892325,0.00947394407238843,-0.0264500718995963,0.032675439093793,-0.018075720166184,0.040074474331385,0.013605121710709,0.0636839319015456,0.0353708319605558,0.0929736727241747,0.0199978812075465
0.0340485655117409,-0.0352380821232056,0.0594210367236569,-0.0226358175180455,0.1002909983902,0.00257652795012119,0.0990529034889321,0.00139834986882165,0.103062343187883,-0.00658485206248452,0.0257690036013165,-0.0170733742670028,0.0589089467793281,0.00870166838288338,0.0525030916849712,0.0287887270403671,0.0706663347692884,0.0296217266874253,0.0985547102755342,0.00109888058526603
0.00658654315730609,-0.0092624084785598,0.0236990656739952,-0.0258818076892934,0.0470722016603758,-0.0305079700044257,0.0663900465425439,-0.0255292109243582,0.0976449808773503,0.00334441323263486,0.0137523727474717,-0.00908024984480263,0.0521819168379937,0.010498780024308,0.0500072692706193,0.0316514984467432,0.0816295342006545,0.028432684877871,0.0926289257547555,0.0112131796618319
0.0245939433392191,-0.0332538193704756,0.0448979523622476,-0.0411062474661104,0.0515082785798684,-0.0316101185492719,0.0605188638560478,-0.0280968958193507,0.0959061898686423,0.0100634459469422,0.0402331010375416,-0.00789132480415937,0.0488897961276917,0.029255308490872,0.0527768765480676,0.0313141280891979,0.0963911364556101,0.00228673051884568,0.0999709432930048,-0.00555243399839387
0.0080122384093124,-0.023292886615821,0.0275632825643769,-0.0407985700965708,0.0399721463024876,-0.0383502994016464,0.0511622483431474,-0.0300303848529201,0.0773471229386046,-0.0203115728374029,0.00450274084177784,0.000456379881866639,0.00971505427671118,-0.00482667148613886,0.0589066494960416,0.0096508142880254,0.0422524718803835,0.0292383792689524,0.058861928058153,0.0264155638388939
0.0147967076304293,-0.0201166751605535,0.0491073878017591,-0.0342343929580483,0.0603983651811759,-0.0215721729469504,0.0973788212650348,0.00604927669037837,0.103035437481748,-0.00737028574879885,0.0107124505555528,-0.0109013816073075,0.0466221352798299,-0.00462482624110989,0.0433804245068398,0.0201243855251988,0.0754732277453139,0.0311632513303832,0.0999271992535088,-0.00378819697049374
0.00599036272289936,-0.00709580986542922,0.00606199905301821,-0.00615288218289291,0.0183354595265656,-0.00846103619860309,0.0360103323382665,-0.0245251647941239,0.0529640197149605,-0.0218629930370338,0.00698198198312594,-0.00172252804801643,0.0176724476961963,-0.0105219288893241,0.0511731567182534,-0.00734558650840771,0.0477754824721529,0.0233493797055127,0.0868749307574914,0.0201995770830238
0.014567969702323,-0.0256410770467384,0.0432854452087291,-0.0268700010918624,0.0551953558328362,-0.0201102664393761,0.0783813492260911,-0.0065702991422983,0.101245994683368,-0.0026913002985889,0.021757991156978,-0.0144588828023354,0.0507742318423877,-0.00417146068254823,0.0500102034980324,0.0223803779466046,0.0700143748620618,0.0262879166015809,0.0972937279340613,0.0048131834211341
0.0357765571311785,-0.0294003973880272,0.044651950999636,-0.043414377701211,0.056318507421589,-0.0357010903875407,0.0494531074746084,-0.0317234529930224,0.094102922448833,0.00187876536824582,0.0353541321905699,0.0373033931409218,0.0433865569172511,-0.000501411945631805,0.0411447969573236,0.0230524041892484,0.0696808526423881,0.0158447187198408,0.0998069614538806,-0.00553010048809821
0.00949244517589459,-0.00783348875315104,0.028454528266686,-0.0263980680962568,0.0429739855098101,-0.0284996090185777,0.0520461453299284,-0.0235853831059986,0.0786040197213884,-0.0118095648793388,0.0249580470335904,-0.0163128604067512,0.0448843127758412,-0.00211128056154211,0.0430479549645947,0.0207632492685303,0.0715342025655277,0.0209736820702974,0.0973975633328048,0.00284773000125571
0.0175708374029047,-0.00689557029681272,0.0391691192347233,-0.0139766045695033,0.049189072006579,-0.0232581385893389,0.0509583780138092,-0.0313714168322982,0.0829750700560778,-0.01893501359864,0.0254771756232009,-0.00632631062939771,0.0432369159780133,0.0205225326025751,0.0531525492308941,0.0244651670857564,0.0752652112069449,0.000698107965019783,0.0955323799005436,0.00567400241399099
0.0223276251662454,-0.0123438076473592,0.0452405096326804,-0.0289181326753234,0.0465254305310113,-0.0260993251278791,0.0771669067900586,-0.00513555138165219,0.098345398195201,0.00206397166100846,0.0201886179743263,-0.00777002803061597,0.0503288762510682,-0.0204944969901418,0.0490306089279742,0.0107883485663722,0.056223630143915,0.0293906414973723,0.0934420626672657,0.010056549153804
0.0208475120303243,-0.00952798593634085,0.0442514383680379,-0.0206792474291907,0.0481672754713333,-0.0282890222090252,0.0844238584287635,0.00177501009429179,0.101901423379209,-0.00628823779523011,0.027992786479867,-0.00696763887492261,0.0532488198490924,0.0157578478031273,0.0472089143473216,0.0230324453839544,0.0653037164472258,0.0274246511225724,0.0948252463912526,0.00717492153917544
0.00217940139110505,0.00222212729589363,0.022211511469903,-0.0211273928799345,0.050021764001756,-0.0250731251298253,0.0680775965629281,-0.0155910068118353,0.098476572072554,-0.00236968702309447,0.00592961560355514,-0.00132015914844504,0.0359644224096464,-0.00231460400962481,0.0441834326432468,0.00723297994025465,0.0483589028956962,0.0287601821552167,0.0804572716215855,0.0184312800747308
0.0167956740777994,-0.0147353414030231,0.0447428952441824,-0.0369777079545507,0.0449029139580006,-0.0339073285938426,0.0509101722306177,-0.0290385780669704,0.0768273949344311,-0.0174706297510647,0.0175756349964727,-0.0143161937737468,0.0664249134954804,-0.00196422951007098,0.0480080428950662,0.0218313386331673,0.0564663167539262,0.0251587634523398,0.10095035654077,-0.00572424246389268
0.0264863366640918,-0.0169275153351764,0.051886294584773,-0.0253662049175441,0.0481995752901624,-0.022580457520675,0.0495504727249603,-0.0224584577693679,0.0801648883350792,-0.00420728020208292,0.0307922558559897,-0.0105706809406576,0.0580912787255776,-0.000975027883081185,0.0477499532234962,0.0218343714591302,0.0520456742688299,0.0248764264348379,0.0865140726329553,0.0166485056477676
0.0119281569583581,-0.00630805870095858,0.0405466970743313,-0.0221856023981534,0.0507756028448317,-0.0254850976180857,0.0593847566488278,-0.0161506643084714,0.0920205237542813,-0.00252373719271249,0.0135486043304842,-0.0138010120000523,0.046870453501231,-0.00998794292988501,0.0470901203901246,0.0140269006597795,0.0557765157954544,0.0319394869428974,0.0854845610693441,0.00247515066186327
0.0174632740007263,-0.00781354385897399,0.0417358332110267,-0.0203024698942462,0.0474536488172561,-0.0297245096644529,0.0547493643581308,-0.0249338398177447,0.0883746080148895,-0.0105852578606508,0.0273577953498312,-0.0146697642815787,0.045676388685876,0.00130526241932707,0.0444196452417183,0.0185601381434474,0.0510187708098044,0.0279418920886604,0.0856371056216937,0.0122473526627738
0.0239154926266507,-0.0180111688327797,0.0380904711355283,-0.0294054021146207,0.0468548746509499,-0.0277073258510261,0.0740811748013739,-0.0113144268792717,0.096367200930159,0.00419820812962684,0.0290822782788301,0.0112456330930495,0.0521244621407073,0.00198488370557666,0.0465798382853016,0.00469144787079886,0.00771347614655277,-0.00869593931261821,0.00698522693118785,6.64246140807796e-05
0.00486073566077071,-0.00446486675688417,0.038582855075208,-0.0192008050085446,0.0518787253439333,-0.0255317676091342,0.0505861797523275,-0.0268580850043472,0.0863917318348432,-0.023900490744785,0.00886172141078111,-0.00818863406733219,0.0380831315882983,-0.00561830736794624,0.0548266853372383,0.0231753585792142,0.0511538742984528,0.0197550650306702,0.0870998633919529,0.000756014675905295
0.0122356250526902,-0.0132706619276509,0.0418254817847469,-0.0275802429582806,0.0510761052201785,-0.0324230523712939,0.0820981554903593,-0.00917843754948843,0.0963217552322102,0.00539145348867748,0.0154588580227015,-0.0170435076747221,0.0520373735260506,-0.0315030944415633,0.0503111936538964,0.000840631648770417,0.0645118409510646,0.033194302049918,0.083270564857311,0.0165608255097008
0.0302773183192662,-0.0141709021173534,0.0516079329799422,-0.0215399598276036,0.044414949840176,-0.0246443330791091,0.05283910111947,-0.0261710985476808,0.093105282739633,-0.0101521392687612,0.048003135175617,-0.0182630299225123,0.0496837039827976,0.013336859366166,0.0416036402220071,0.0305454083879745,0.0644568012409379,0.021834305626694,0.0967079408705473,0.00668290431807328
0.0176776924554083,-0.0148423882197928,0.0567663332953327,-0.0269164290868398,0.0487536490719453,-0.0230653134790278,0.0465879771054915,-0.0267539728244527,0.0911825816678141,-0.0154686938805332,0.0170092900295969,-0.0106142885649796,0.0694375389527976,-0.00396564594814028,0.0525846085200854,0.0262756853125019,0.0519055334870204,0.026689937040033,0.0911298430905123,0.000443669420451887
0.0133838691178663,-0.00541808640281246,0.0391262713396047,-0.0253059329873456,0.0530836553457612,-0.0228620118869083,0.06203403489965,-0.016306347795782,0.0956174599270411,0.00042715652727316,0.0140708389898682,-0.00725800913845382,0.0551319093617761,-0.0179832356133354,0.059250000338471,0.00973870325243163,0.0526001005867459,0.0254584649834564,0.0862171138603441,0.0174321923208874
0.000206131452788146,-0.00833292710703998,0.00315625365000311,-0.0271515450142839,0.0308087838161893,-0.0397625009802875,0.0463770588661433,-0.0331872404489812,0.0733858532231265,-0.0187296859490111,0.0113142124684537,-0.0123297282330631,0.0436987081491291,-0.00777711888517667,0.0505264615579979,0.0428374660121975,0.0480433823345424,0.0384277688949386,0.0818005831920654,0.0163279882925332
0.0104313753553335,-0.0129767501627283,0.0395646822723741,-0.0259910662393605,0.0658236602559407,-0.0242731811018779,0.0960427681210863,0.000505360475073945,0.0954134094110414,0.00722173044806118,0.0219769199408782,-0.0113000854044885,0.0500365046972284,0.00255434373473778,0.0542889331343007,0.0240119576600109,0.0603700179621863,0.0302406904617743,0.0959418535043837,0.00377441174078005
0.0119230670096863,-0.0195095619346012,0.052083331135719,-0.0290508283175856,0.0987636221806173,-0.00120391223706008,0.0983928943359999,-0.000612648161499856,0.0973773311455272,0.00117116489916655,0.0132705124512144,-0.0165930559054845,0.0589628857906841,-0.00358594670239201,0.0621564212489092,0.0234127356885128,0.0536844071417935,0.0248607941520905,0.0643569410977776,0.0219469064179141
0.0210979015348745,-0.0205132762323871,0.0481340375874269,-0.0265088305758844,0.0591648461321352,-0.0235172760411986,0.0979166255753769,-0.000825165141551969,0.0971486381069655,0.00325924039663034,0.0395292744150818,-0.00824534931318781,0.0379043986102815,0.00904599442185139,0.0476444378839248,0.026926343688873,0.0578108979956055,0.0345390743807964,0.0759083872585501,0.0175231218160831
0.0170344948700427,-0.00807223195047678,0.0282396118680947,-0.0218193165801931,0.0498417210564167,-0.0304178029623826,0.0577179548690464,-0.0195066293407528,0.0968130229350748,0.00755046901683818,0.00345989116762178,0.0010567606339469,0.00706383463828361,-0.00544249311576026,0.0394907564561586,-0.0185471732497099,0.0378745772339572,0.0199304769716333,0.0741757402678111,0.0324803224009466
0.0303157749540464,-0.00853068170998997,0.0493871832482118,-0.0309412681013224,0.0750345381096449,-0.0189379484746266,0.101463719851316,-0.00470762465199285,0.100341106024205,-0.00148325816044025,0.0433768239405358,0.00428665799250195,0.0485742398327847,0.0240533944680415,0.0433856947653387,0.0278392008561347,0.0457338440185056,0.0333313430948512,0.0937535685419965,0.0115936897485886
0.00457462664257235,-0.00833723768144087,0.00455087144968722,-0.00832998306405208,0.00460306361286823,-0.00841330816449713,0.0208756244901622,-0.0201152285787939,0.0450555907207854,-0.0343892106104321,0.0058603869888634,-0.025000490528833,0.00958988023125452,-0.0194531435263249,0.0241841527222713,-0.00542720083320196,0.00535883732846659,-0.000994025469529854,0.0586307285614845,-0.00559044275365356
0.0114531665109186,-0.0200656119547383,0.0437688449615063,-0.0197662998615961,0.0509674585316013,-0.0232475091935649,0.0534050972509293,-0.024231771307027,0.102476608234936,-0.00654755451903137,0.0139179868188892,-0.0250747702759275,0.048308801569264,0.00648664625595421,0.046549507761465,0.0245820136575119,0.0544372521436167,0.024284544748753,0.0974220615655288,0.00290934273493657
0.0596236082376206,-0.0151150648020176,0.101280191686578,-0.00427817031189622,0.0901076107922963,0.00790896905101212,0.00724231939549853,0.00421720934608408,0.0628862669832965,-0.0163934673254013,0.0626591481435005,0.00598387406974874,0.0998062673329985,-0.00273835380439458,0.0423229235652536,0.00879519505797063,0.0375326699772179,0.00634698877838248,0.0749879906266965,0.00527162892607225
0.0122864992654259,-0.0133304734025556,0.0458337190341598,-0.0339480000656223,0.0545986865357479,-0.0251783769414191,0.0712659536411838,-0.015996946065888,0.100480296311599,-0.00492247850761193,0.0138745636782578,-0.0229009526066212,0.0569378152565587,-0.00248314951182095,0.0469886421683702,0.0247731851265905,0.0561213105293441,0.0315652298176535,0.0940806803794419,0.00892808106732754
0.00100059138618833,-0.0034827404645369,0.00652911361685019,-0.0186284397338535,0.0214238224059527,-0.0338973234400545,0.0533906539873771,-0.0252662868183704,0.0683952390270524,-0.0204862668308348,0.00469627951057966,-0.00268204861010517,0.00464185677597626,-0.00529702675139716,0.00255466692900099,-0.00974081590177652,0.0510535825886099,0.00366026415814421,0.0535661874785272,0.0289874049606476
0.0173829640876724,-0.0215133092340137,0.0484351045147041,-0.0265396773729936,0.0578148852064236,-0.0284872336133263,0.0971179035786926,-0.0150213755262963,0.10299720768927,-0.00721457101095871,0.0240128862690331,-0.00424051948278743,0.0499699861599406,0.0132324106152838,0.0492663757644978,0.0265221648712368,0.0871876952631004,0.00928966834766046,0.101438566363726,-0.00630726837010315
0.0154937670856337,-0.0196362812862849,0.0375864187636934,-0.0255834493709171,0.0471991249669667,-0.0302634359356409,0.0499867034460458,-0.0305795762887254,0.0947405543618146,-0.00992163737291639,0.00731355851938661,0.00228482687718601,0.044269698202429,-0.0166375182534045,0.0491457576479604,0.0240267350536384,0.0550326638599546,0.0245222339712614,0.102070546339585,-0.00782076914282818
0.0149681612381357,-0.0204332447157012,0.0429545677184621,-0.0215254827724996,0.0519255198138951,-0.0246423850343629,0.052305661444177,-0.0238275037321006,0.0796089810138019,-0.0137668727411788,0.0112944706640917,-0.0198752818169593,0.0454841232981789,0.00229855530992314,0.0478597794968212,0.0241237661610443,0.0521418962764924,0.0244839100030999,0.0939916754594065,0.0182911811509519
0.0123649878743904,-0.010020256105068,0.0357186632380167,-0.031086916956769,0.0465209260925837,-0.0253462785178517,0.0686601439530936,-0.020385735210163,0.0992662449457602,0.00151566964401891,0.00998421294498981,-0.0192867412045256,0.0413560057183763,-0.0120143322942793,0.0485952157144674,0.0167181892287741,0.0525636651158575,0.0276290751696362,0.0919094258788822,0.0157439567536122
0.00707222242528477,-0.00685347439863512,0.0347088127573009,-0.0165669997655289,0.0537262377150434,-0.0183876198558202,0.0776857870012581,-0.0223711921137834,0.103262918762694,-0.0160758298338802,0.0161161094761536,-0.0128528793226529,0.0436917359475573,0.00702114400277974,0.0498051368715466,0.0279068825712706,0.077975047557325,0.00848603231506756,0.101885697522184,-0.00769213282901971
0.0115321253368239,-0.0129342447490127,0.0405596484556335,-0.0232759839104382,0.0482903862532996,-0.027338983851352,0.0564213272333019,-0.0344411113983417,0.0935663894642734,-0.0136454730167077,0.0290651281642892,0.00674919836771468,0.0414562689263272,0.0190982021203557,0.0475621413835765,0.0326540237158766,0.0648360679018622,0.0186666076368497,0.0973277294820342,0.000441175077678301
0.008291866153929,-0.0187810331384855,0.0354537037190352,-0.0313741774241534,0.0443808652140204,-0.0321319081674492,0.0581237007178678,-0.0292841080653745,0.0881676263617183,-0.0100113918694026,0.00773299717003757,-0.0136434294074662,0.061961910383571,-0.014627618851373,0.0623953201641971,0.0287282156827498,0.0469913382867362,0.0381253755820183,0.0751949591521868,0.0131069576380199
0.0166068578034145,-0.013780228013297,0.0318605233487687,-0.027347355080074,0.0549577885230186,-0.0263843313335526,0.0625956187209383,-0.0191853071480967,0.0988114175328583,-0.00579016947150527,0.00480458883844424,0.0140209710609677,0.00503970161163389,0.0126721326673903,0.00443213307554293,0.00397074937777427,0.0183708409931972,-0.0234299272541073,0.0476678694801045,0.030786433571952
0.0196243051195386,-0.0164550475450315,0.049825144665539,-0.0219363957495175,0.052621623801063,-0.0272210954981618,0.0602516519646882,-0.0288417203745913,0.0971948781438711,0.0062682046187942,0.0259605213369738,-0.0140191063683829,0.0498217626591119,0.020496865090522,0.0674828083197504,0.0167371739886215,0.0903307148456234,-0.00592475209688577,0.0965984384379437,0.0071800652634861
0.00253050767941854,-0.000691460457696814,0.00253050767941854,-0.000691460457696814,0.0102516086931063,-0.0167325239451662,0.0485649187851878,-0.0255407259552073,0.0920903775445932,0.000428868143804491,0.0200741721543662,-0.0173607268724715,0.0540101787254111,0.00338096095143353,0.0510611581621717,0.0222431080352242,0.0608427979451251,0.0328310713776691,0.09083503551053,0.0149403679616028
0.00871338557915363,-0.00801388484683255,0.0379030974758462,-0.024403185049721,0.0538729260481934,-0.021930199967794,0.087177672944497,-0.00279720624948427,0.0987595987852466,1.22640488923007e-06,0.0128729633495868,-0.0140189122210239,0.04574517943365,-0.00494891746780949,0.0507780152742399,0.0256378828197282,0.0507244269043252,0.0362469991202885,0.0927758211437806,0.0094699786381742
0.0129620790886683,-0.0135373638494245,0.0313891055890013,-0.0272482342476504,0.0496282919948532,-0.0316522692004113,0.069485374782394,-0.019902359037257,0.103568656073342,-0.00859048144587949,0.023914926467709,-0.0111847210271963,0.0588857279162874,-0.00647392451268847,0.0454605342013819,0.0289738059132508,0.0481829097787046,0.0476865804223731,0.074147326210664,0.0200313932945068
0.0772772291151237,0.00191559364528902,0.000933472136209937,-0.0021601471496306,0.00304194500983438,4.66507441752545e-05,0.00214272881792835,-1.77937925867336e-05,0.00545137574572177,0.00141902602798791,0.0809571734797166,0.00690811152266284,-0.000938396581995744,-0.00602281471212581,0.00231391739406782,0.000768455408985951,0.000845924145234198,-0.000877997019211358,0.00434376234063313,-0.00421245888815786
0.0191104461695244,-0.0178378320246747,0.0411420705120716,-0.0263012870985353,0.0612701194880087,-0.0299593743862383,0.0846698859312487,-0.00566085471802687,0.0948385664760392,0.00614752101736662,0.0121030647561425,-0.00509240758511416,0.0609364087229629,-0.0145954272114045,0.0587224908457609,0.015593801296975,0.0529748304351388,0.0309300493595775,0.0719328692260291,0.0227437339871389
0.0246203879374997,-0.0163088450398099,0.0335793181232376,-0.026183114834401,0.0562396854785332,-0.0280127882342752,0.0988058338431633,-0.00781130503324895,0.0974996643440071,0.000575992444712641,0.0114960906932418,-0.0103455416300607,0.0598596960823996,-0.0090489497244919,0.0558731948143543,0.0251657094066624,0.0522964600652651,0.0294650496774331,0.0947947239252055,0.00728630260545227
0.00842757175761363,-0.0247175686137492,0.0330291313550564,-0.0301265111175198,0.0643478685308131,-0.0213683871815456,0.100162643120466,8.48243084760976e-05,0.0979610857731109,0.00430623309973254,0.00480723662314519,-0.000289674122175014,0.00377594997099191,-0.0104548696561072,0.0489901255978793,-0.0143794030214362,0.0553259854741431,0.0282393641634327,0.0524545845799522,0.0263520084818111
0.0175249350293702,-0.0115527781893288,0.0430917725648125,-0.0234824288112757,0.0544892821147707,-0.032205375388637,0.0747633803528389,-0.0228419885465253,0.0967350469699415,-0.0119216597817538,0.00637805575419986,0.00833287823502763,0.00442676415066715,-0.00445345048431683,0.0319064989044098,-0.0258220162557046,0.0485161882441282,0.0317074882941218,0.0574677458014784,0.031926287847901
0.014008150829777,-0.00568980540344869,0.0209242522754456,-0.0200711334462012,0.0546058101045719,-0.0276140746058773,0.066267927936743,0.000278698643595544,0.0815888338189697,0.00942013921067747,0.0133317865287228,-0.0192127915149532,0.0534345966251062,-0.0203505886034832,0.0471184061503365,0.00907875428398092,0.0496567007966799,0.0371037968187003,0.0738944729969347,0.0224458935356392
0.050407488454617,-0.0213502387592801,0.0967522774018513,-0.00714658941733925,0.022721244249052,-0.00305423487251749,0.027768116907583,0.000128514549314504,0.0524834660751326,-0.0225508382209403,0.0483700013049188,0.0185439119701722,0.098613850701528,0.000245838163221822,0.00131599264177815,-0.00768335213176841,0.0487336421311488,-0.00651926323215558,0.0508165667252689,0.0228025569039278
0.0163126764834112,-0.00372041235028294,0.0358368866154702,-0.0239431588861878,0.0501419940512352,-0.0295969208478556,0.050991473507646,-0.0330590793056,0.0844494082779275,-0.0169504835710572,0.0153485478147682,-0.0136849307987113,0.0566872088484024,-0.0158289587757245,0.0549835688121985,0.019271373533529,0.0491309894137977,0.0277288714252233,0.0773156017279176,0.0119076580016155
0.0225746217826202,-0.0207223407814892,0.0402946379829689,-0.0315032159029508,0.04582896567739,-0.0332232020257074,0.0501246585526202,-0.0336458970363024,0.0667068323539716,-0.0212396984424869,0.0266639602857146,-0.0346790356642206,0.027639318287781,-0.0341381916247439,0.0576804393682423,0.0107647075536358,0.0490618020693147,0.0309125508438709,0.0655473693571668,0.022159974076721
0.0136047992164304,-0.010084552356511,0.0333666367315683,-0.0196665278718324,0.0454240500017829,-0.0307389768824913,0.051451671985152,-0.0319778550216835,0.0757125138443442,-0.0174259478275023,0.00565006044560888,0.00129274886127494,0.0366177607020586,-0.0157904329984157,0.0515551035180706,0.0092891111807983,0.049543488698716,0.0274703039910149,0.079208721404023,0.00921909186016744
0.0226654395675382,-0.0116435841317939,0.0430483300392492,-0.0345378623959541,0.0466656232538939,-0.037587398112046,0.0543979364295662,-0.0298143226105887,0.0718482771351427,-0.0180879522555514,0.00875048916074909,-0.0277926405851289,0.054529348457865,-0.0169541671481972,0.046355099340812,0.0276950288611253,0.0512494557253321,0.0360282403003162,0.0767431065116672,0.0218405012787888
0.0191955975315082,-0.00592442542238991,0.0469742699438447,-0.0251423268453451,0.0493903639657922,-0.0307341222808794,0.0552127891600082,-0.0289524408118111,0.0964767247795631,-0.0104341422199342,0.0063786764901209,-0.00170622208557977,0.00441454419213497,-0.00146348468375286,0.0229893581814531,-0.0252237716758488,0.0409401919508408,0.0238613047670138,0.0502896677794375,0.0331716500760649
0.0156997915669298,-0.0117285246159086,0.0417580946312683,-0.0236279775073243,0.0475060994225509,-0.0298664901070538,0.0535384632217183,-0.0311761802018533,0.082640005253967,-0.013253969143027,0.00968868577504656,-0.0274584331296889,0.0446391949749283,0.00814126355100848,0.0530792935197393,0.0279962144828271,0.0529623351765017,0.0266181873408146,0.0946668990335564,0.0106320412490261
0.0211265571096149,-0.00994554412249226,0.0431004862064473,-0.0281305964353925,0.048554932675915,-0.0348909069791314,0.0493093929645257,-0.0305784618690316,0.0739384601273815,-0.016487245881654,0.0314083486763665,-0.0194575378345776,0.0431371658890141,0.00486697541420429,0.0427996875669927,0.0270964868983666,0.0530288841063057,0.0367276491893713,0.052962214311149,0.0276457860084546
0.0179516405354698,-0.00934440339105043,0.0404217340815531,-0.0173171958075373,0.0444542500857252,-0.0314428949259318,0.0471715862293545,-0.0304063976000863,0.074087671699651,-0.015857442479206,0.0187937176885209,0.0133041820330304,0.0457545636597145,0.0240516944054262,0.0397992526151742,0.0297415289032911,0.0556825200650313,0.0264121547424968,0.0779608431876103,0.0118280592520941
0.00885007265239913,-0.00394240993343919,0.032454318670698,-0.0134999365655745,0.0482913478821067,-0.0315022876237535,0.0592413045962512,-0.0242425634276701,0.0976214257866334,-0.0113927965422591,0.00453427525045424,0.0023197926671954,0.0344544980290108,-0.0132498158577587,0.0500894820658248,0.0271806012805208,0.0586397136880801,0.0256640819847289,0.0966902753220194,0.00698880461553037
0.0141362039455095,-0.00141514741435866,0.0400576804163465,-0.0197130518676174,0.0514872591514274,-0.0357199390147191,0.0603414161588974,-0.0275380301172407,0.0869402572196487,-0.00953396015504931,0.0212352465945049,-0.00546155033484068,0.0542472490871758,-0.00912756697225726,0.0452745832682774,0.0250442803409792,0.0550904739951634,0.0368222166088431,0.0675673009164829,0.0142469615298962
0.0215992191906593,-0.00456011438803646,0.0383171739231372,-0.0240740547470677,0.0451213383841542,-0.0290003098640324,0.0541316635299901,-0.0281756250466165,0.0938804575711801,-0.0106549776154781,0.00714793867874924,-0.0146610638774781,0.0468610558600711,-0.0150718013067966,0.0515223291616762,0.0154462520772358,0.0504485562613936,0.0262302884133204,0.0766155601836885,0.0159656333636486
0.00799251590083704,-0.00665589413650003,0.0283934945093477,-0.0154913854753752,0.0507345594629883,-0.0254015768925419,0.0592437332966657,-0.0352024958409068,0.0815452867961314,-0.0183078599017537,0.00569263755188439,-0.00942590844945756,0.0497365051027683,-0.0140252337943595,0.0553736827096709,0.0207011979065018,0.0405837328990038,0.0470913978916988,0.0649136586521105,0.025882871363376
0.0045549438685285,-0.00198517060237256,0.0506304396177591,-0.0385783180882422,0.0839244706248006,-0.0315826247315085,0.0886332855106605,-0.0278437069129075,0.0572008864071696,-0.0186420763886207,0.00438129264402005,-0.00238598619395098,0.00550829200907354,-0.00154367316160742,0.00438815836315806,0.00390640795054398,0.0165345907370051,-0.0126270169391828,0.0810349050792082,0.0108989688615761
0.0261228058322653,-0.0112775112054633,0.0483015034760411,-0.0314207529689071,0.0501876340682116,-0.0302161015134407,0.0814664871056397,-0.0121213186046358,0.0985186197364485,0.00485992269947008,0.0337242571829365,-0.0148644875048922,0.0510434212107951,0.014965956834525,0.0491285375697889,0.0300757133547538,0.0940907676986963,0.00041605991082202,0.101343789438791,-0.00583698413175499
0.0176503016098868,-0.00987827135042469,0.0369663038711126,-0.0194054131767053,0.0512016583253399,-0.0291764251609637,0.0569348266291576,-0.0310185936185747,0.0919903046672151,-0.0124555046880998,0.0249805940057197,-0.00957633409407884,0.0530096625610246,0.00854814172539268,0.0510119475121789,0.0201826921422416,0.0428170806868341,0.0264978224071598,0.0988619739126139,-0.00606259845073197
0.0238322237580003,-0.0162241580267604,0.0411074067197926,-0.0268587841276428,0.048895751294664,-0.0303040927498928,0.0689878263275637,-0.0234458014193299,0.102396977480142,-0.00815028027576939,0.0569194356832264,-0.0123760704323625,0.0556562793411317,0.0244507306790011,0.0974691086710622,0.000308987754292138,0.0714488657865657,-0.00131900207270906,0.100790670080796,-0.00747944295839567
0.0247254478644208,-0.00760177904484411,0.0509478583044563,-0.0262050010522245,0.0516613951609945,-0.0291535671998896,0.0504303617009602,-0.0290872031685945,0.0841275772141339,-0.015009090223434,0.022739907653364,-0.011315902833325,0.0592867199188884,0.00827493891976309,0.0501754755994743,0.0315307112682895,0.0847011973791704,0.00758978871343279,0.0964457482723964,0.00283928843164835
0.0192298821580899,-0.00908801020171077,0.0381894136594037,-0.0162659069502142,0.044964813415085,-0.0252895344521854,0.0506533585824878,-0.0286328876224345,0.06238082057676,-0.0193447541477122,0.0425709681577764,-0.0127101927615356,0.0516918875590912,0.0281480148731759,0.0587824513014781,0.0284108426624111,0.0961004477254648,0.00218911518271376,0.0992668457222369,-0.00300142313209057
0.0170552520399797,-0.00899475086046024,0.0388795140935368,-0.0203147453389583,0.0485627643050562,-0.0334507982302617,0.0498202735934261,-0.02899701111383,0.0781091025107856,-0.0158423191040975,0.0390133646855102,-0.00951322828163943,0.0611110360410575,0.0160887810719991,0.0489322998745512,0.0320630417213574,0.0679721773377295,0.0169943474444549,0.0966220528007772,0.00458940432904013
0.0155723645873784,-0.00604044193243526,0.0419977334345102,-0.0192909229100527,0.0474036897906858,-0.028405359333985,0.0519268107702,-0.0297262943005079,0.0728406385931955,-0.0123894653493977,0.0204077918007503,-0.0155351028570723,0.0691491145512091,-0.013211983486428,0.0593729365725772,0.0195507657999351,0.0484617058385636,0.0296325151159626,0.0706740797038922,0.015893377674192
0.0155605969823586,-0.00532615922201533,0.0404082410965053,-0.0168976527651008,0.0490345941610744,-0.0282464436246461,0.0607335486687511,-0.0293477092337924,0.0860219578757994,-0.00840734064402077,0.0237425948670241,-0.00983789184401903,0.066824206296465,-0.0131628569367193,0.0572131700005857,0.0270508936112448,0.0504340988163905,0.0279683671025908,0.0721752769511933,0.0134368628578432
0.0159810174355827,-0.00500253880688229,0.0418945348648179,-0.0202282118994213,0.0485738586719952,-0.029442938712887,0.0549724338249618,-0.0297655383226061,0.0844744109942729,-0.00644204997780229,0.0402625327983373,-0.00837308886645392,0.06119206305228,-0.0153494665481993,0.0493563761289337,0.0205297601988091,0.055649476077433,0.0340962231429633,0.0775615986696988,0.0113344770999305
0.0173954040312437,-0.00248398480608334,0.0444349566080003,-0.0163306407169949,0.0499159212067352,-0.0317915745865814,0.0559625837346271,-0.0259259051600192,0.0890715455368422,-0.00632113513789872,0.0274635373064742,-0.0111312562127542,0.0615525558356989,-0.0199217428284457,0.0494561485054478,0.0200394872926204,0.0519306905394256,0.0356864118943729,0.0724239509093979,0.0125409791989898
0.0162773776173477,-0.00507556147810877,0.0438264935744064,-0.0195853509744752,0.0482058674178604,-0.0275247258604893,0.0585972685322092,-0.0256802014659094,0.0940870471919607,-0.00794361537172219,0.0208855981838511,-0.00653779535711687,0.0536398898397662,-0.0171862931205945,0.0451830385414197,0.0157756234529896,0.0450153702490984,0.0337881465681083,0.0670771625263243,0.0163133659770377
