u1_1,u1_2,u1_3,u1_4,u1_5,u1_6,u1_7,u1_8,u1_9,u1_10,u2_1,u2_2,u2_3,u2_4,u2_5,u2_6,u2_7,u2_8,u2_9,u2_10
0.0375794139891038,-0.0194210597192808,0.0491358942151187,-0.0295621126444507,0.0506091352424148,-0.0298247241334933,0.0509743197023576,-0.0307116931853559,0.0700097705346414,-0.023111431015121,0.0557884653917305,0.0351207042995481,0.0976354609163219,-5.06483699796327e-05,0.00416906751958581,0.00368947394888326,0.00507117752717807,-0.000692610133277115,0.0537877481054736,0.0252635996864058
0.0366796803118795,-0.0209926996310323,0.0476031459204128,-0.0281563219330262,0.049612621578331,-0.0304248143757226,0.0540933481804938,-0.0293516388794651,0.0941473335452952,-0.00593657859904541,0.028370121308593,0.0109212902449103,0.0494836536022083,0.0222629887979398,0.0499485660671418,0.0270121882770084,0.0514309249977895,0.0311204407349364,0.0753404347101086,0.0142647395261506
0.0322335319027481,-0.0227537964939379,0.0505384319083141,-0.0288082872691825,0.0537941779214347,-0.031166660131898,0.0846195384631889,-0.0136175658366297,0.0988871558095421,0.00134537178383578,0.0249627361543398,0.0127969302264537,0.0451916066883953,0.0200636383425138,0.0497160657983602,0.029205410218621,0.0507524816952413,0.0306105602400025,0.0691779943635604,0.0171373954556391
0.030460817619226,-0.0165175078915517,0.0466182500380746,-0.0250113310579599,0.049289295366565,-0.0294899956015752,0.0622797415235463,-0.0218184869543007,0.0868979007047398,-0.00795661009989208,0.0225805994706561,0.00636923709281751,0.0423456957441259,0.0176296024908044,0.052895872605543,0.0304344267650843,0.0517351628083347,0.0309502189069831,0.0701656693678427,0.0128573249431022
0.0248831390776888,-0.0161596767248849,0.0461879132070686,-0.0242615674670701,0.0497076666698335,-0.0296966587564373,0.0603339420959467,-0.0246209681016219,0.0861528167124088,-0.00973574934374683,0.0324061312787702,0.0132786257422049,0.0514018384609088,0.02339311496441,0.0519156735354987,0.0301466219254074,0.0543046102547951,0.0276523847168289,0.080239872140284,0.00766751203167746
0.0235626106726988,-0.0113066487592126,0.0427519493453556,-0.0246004934946011,0.0506519131962051,-0.0300976762498909,0.060970417054724,-0.0217869920512986,0.0908249062089097,-0.00941405110832398,0.0236051739762195,0.0111843547191165,0.0397431403727554,0.0236202353731746,0.0477629738724304,0.0308001627600068,0.0528342482565248,0.0286444740108519,0.0868612244818973,0.00470073766246776
0.0265345947270235,-0.00848097378369465,0.0417731080482693,-0.0238746196857595,0.0507036988462368,-0.0279514712868883,0.0502311564136892,-0.0281755118600932,0.0730341638285273,-0.0154067507022902,0.014213450409075,0.0119195028830401,0.0388873624960662,0.018246297484623,0.0500307407323167,0.0285623583398712,0.0519646756400766,0.028232896340442,0.0786051327808683,0.00956061511627279
0.0209557712911937,-0.0112422683776195,0.0409489409995516,-0.02390444636282,0.0499448827674039,-0.0280364477608384,0.058537078711207,-0.0262551517783567,0.0858846308554291,-0.00931177296235904,0.0184453356575302,0.00930901888267777,0.0442681871896905,0.0213737432446907,0.050032544473774,0.0288525475732816,0.0508207218907419,0.0289392783132367,0.0735084663133215,0.0143267235702766
0.0216279346769759,-0.0102079653156138,0.0422954966167075,-0.0241113061821676,0.0496718221846995,-0.0269555876284418,0.0524945774254258,-0.0280998481738506,0.0812382390495469,-0.00989834539866477,0.0215733543590539,0.00947400859190948,0.0450043195656138,0.0227662160467262,0.0483921539195373,0.0319525572454735,0.0526981066907957,0.0296736216342508,0.087350496988773,0.00678310184567952
0.0278248090964184,-0.0148203506081728,0.0466989830820375,-0.0277798734417649,0.0507323018197241,-0.0296382505257528,0.0692274450587236,-0.015992890574197,0.0933604931276809,-0.00609976315564129,0.0175116846082783,0.00736027875306267,0.0402054825699238,0.0221440851475868,0.0499178560580071,0.0331993922874453,0.0543445910055095,0.0297351119171588,0.0830995668597473,0.0111950266910303
0.0255125543091111,-0.00856288065607983,0.0432927643067373,-0.0256878388168696,0.0493364866318471,-0.0293129759137912,0.0574840431992344,-0.0224488635819577,0.0834899104496925,-0.00843013481189313,0.0223547523516532,0.00861623718408093,0.0467596011184762,0.0212659135943898,0.0503940016999164,0.0315264343704304,0.065639673779004,0.0235339264759063,0.0925699186583158,0.00682501994422939
0.037109718713803,-0.0207158718026435,0.0494215780485324,-0.0270271273397086,0.0483800019058403,-0.0276256914941288,0.0617375749433791,-0.0206181193286422,0.0925992487696766,-0.00705515459984916,0.0402401533222312,0.017785240137171,0.0550063913456766,0.0236254325730978,0.0502101131798517,0.0405491201366621,0.0517740584353492,0.0314495222973702,0.0813125639693159,0.0139282756828901
0.00768464427166594,0.00251009612943103,0.0514181626855995,-0.0259881330998682,0.0500629568183486,-0.0311699278991195,0.0733484423407794,-0.0202073531424079,0.0924773849090602,0.00253030335703106,0.0194094117713926,0.00805416622615279,0.0453858437900019,0.0276681878617476,0.0555543817313587,0.0140786895296747,0.0853782859690876,0.00685713287714307,0.0975285976354491,0.00285804846365609
0.0262607496852857,-0.0120662725136792,0.0444818963013724,-0.0261562899506609,0.0503323307133514,-0.0291344555435985,0.0642007630910545,-0.0218945815464998,0.0902266757199961,-0.0121334936022731,0.0252267841111333,0.00954804328115991,0.0501146305719653,0.0206872489191589,0.0491721242276225,0.028265977234719,0.0551498240950421,0.030241713196414,0.0891726871108066,0.0181889444348603
0.0264775403904597,-0.0191648926417573,0.0592907209447567,-0.0228655625234801,0.0508427891862011,-0.0253856040909703,0.0532281305938804,-0.0286335013977991,0.0717538443284287,-0.0221491553667425,0.023805444726635,0.00776024896871154,0.0483476469868526,0.0281006754172075,0.0464827808093463,0.0292656882605058,0.0517748362360772,0.0300621300599982,0.0712611126009038,0.0086740742162417
0.0239036297950851,-0.0154067478928309,0.0447296787816774,-0.0272748981732505,0.052773995829619,-0.0286788032853189,0.0658750316429213,-0.0198712543982451,0.0979282082923876,-0.00296843224623779,0.0327043028384831,0.0160712780410685,0.0427694652117974,0.0280965768340084,0.051172238803418,0.0325889475395538,0.0631931781627878,0.0255219458544954,0.0924407864870181,0.00996618695903874
0.0155257834490932,-0.0133208660802667,0.0409439767057565,-0.0294276497512294,0.0536055414772347,-0.0282849882757265,0.0531194628337487,-0.027391057506483,0.0874754235448595,-0.0138003758667216,0.0202124327809792,0.0068440169773209,0.0399354194648575,0.0243597963956385,0.0483625740092486,0.0315519312167159,0.0588234114917841,0.0263268433530413,0.0912915216702872,0.0101538564238826
0.0311930112091622,-0.0228538294776437,0.0469690750011511,-0.0344720018095722,0.0498488769080633,-0.0334355705882451,0.0847771607479317,-0.00891467486143801,0.0990358369878159,0.00572303944269086,0.0269076092747892,0.02666145437036,0.0466804530944173,0.0418604585068531,0.050856819679243,0.0299722429437421,0.0532804468205866,0.0273748956004591,0.0826995220640256,0.00278939457630221
0.0197715314545694,-0.0197158355076156,0.0395450259141118,-0.0255379795226688,0.048859852717259,-0.0257704453186748,0.0748987734393714,-0.0177666459769769,0.099926980160428,-0.000846757996478951,0.0167211733437626,0.000148801467155287,0.0338699883354226,0.0197668617210519,0.046929641962615,0.0297369219653048,0.0641561586202315,0.0297211338842388,0.095586170931253,0.00502421302801047
0.0179629436178244,-0.0204728846283404,0.0432025265365128,-0.0316151985308332,0.0549302905556722,-0.0301626394136848,0.0824659713103791,-0.0199726320106798,0.0894539716862457,-0.00423325091716946,0.0131791867252432,0.00194866725970597,0.0301567966660146,0.0221319479497738,0.0429273667606871,0.0321904702018896,0.0534908914259232,0.0329306650260957,0.0774372943089603,0.0133427451930067
0.0179574505383615,-0.0170159864402066,0.0422660922136791,-0.02588035129596,0.0529659513333516,-0.0283902407006461,0.0725018735847414,-0.0227416098641131,0.0949668420749221,-0.0100261277864446,0.0252851789726113,0.0158568791037747,0.0428909750331939,0.0306009316747916,0.0498546720961356,0.0287340870989693,0.0812020029250062,0.0162713068279715,0.0951331979951196,0.00406462359344099
0.0298405017410383,-0.0138506586843619,0.0439338725445749,-0.0247819918491673,0.0499798205603625,-0.0285988703539476,0.0671217292827907,-0.0217330139273208,0.0975719692588967,-0.00910720986734232,0.0114231585030144,0.011079301267776,0.0440290647138504,0.0251860622315282,0.048038027876791,0.029762717175537,0.0545232650046708,0.024848029458612,0.0893011981550051,0.00525015320576784
0.0190235830485008,-0.018161191547305,0.0377968542143491,-0.0252772394621217,0.0511691888294305,-0.0279378196436852,0.0633400001081222,-0.0220768461337062,0.0836516078785997,-0.0022131593144268,0.0120312586839652,0.00406765696776179,0.0318720757561194,0.0203167602092986,0.0477219474796918,0.0305139334164517,0.0533800035609666,0.0321367450521523,0.0803857391032947,0.0171532409510894
0.0140390331609969,-0.0144832734203734,0.0462815212953493,-0.0259020853686635,0.0483546317557087,-0.0309709272464162,0.052316187703668,-0.0268933929326459,0.0935909698649784,-0.00943018119909325,0.0111610718169699,0.00912741410931037,0.0406504085210224,0.0342616606000243,0.0475591206035823,0.0298663468498585,0.0553393002504523,0.0254870239752928,0.0885247401234674,-0.00041860158207016
0.0162695966325271,-0.00660079167082588,0.0395993841635535,-0.0255743932008295,0.0501053445036889,-0.0312495654583495,0.0575399482598998,-0.0253141514298815,0.0905150806509907,-0.00859181982858094,0.0264168110973798,0.0186476460992986,0.0405853255421407,0.0215635067067637,0.049260344055132,0.0292996692673028,0.0531449827266261,0.0272737899876887,0.0910738278041071,0.0100630877441345
0.0241831806635325,-0.0198511505695173,0.0464462611464869,-0.0278623978870318,0.0513595699656154,-0.0270860842109572,0.083606316778991,-0.00117751437552677,0.0897666839683107,0.00194652035727196,0.0136992923077408,0.00468456271981483,0.0343575622605428,0.0175209402243595,0.0489595248316235,0.0333872307583481,0.0524693584154089,0.0319954362238514,0.0736591567088831,0.0150415284960011
0.0224292305058422,-0.0168953165985512,0.0424373071204372,-0.0287971536822336,0.0509809624777226,-0.0308484811210727,0.0776906521566356,-0.0191824626335137,0.0959821375402892,-0.00703922644266654,0.0217990515233162,0.00794948892873692,0.0406138280535293,0.0222834916304798,0.0514607510631686,0.0334762464965131,0.0592312804041577,0.0304966927454407,0.0832579048265909,0.0126088824499819
0.00951772476508354,0.000804232354749053,0.0502476838420856,-0.0178309654978095,0.0502814025609839,-0.0293980545831044,0.0528569364739508,-0.0263546547359452,0.087577480605717,-0.0151630505083493,0.0189754842439467,0.0157319231360653,0.0447946862205002,0.0239699891194819,0.0467556222546874,0.0275098692379863,0.0487454501586883,0.0288573126369866,0.0710671587133121,0.0143795920414563
0.0267382397033305,-0.0222585539658631,0.0450853573802202,-0.0372439074907511,0.0504466040062392,-0.0332358171293534,0.0672573404143793,-0.022652341499348,0.0992421706971509,0.00631318045570485,0.0272889249646468,0.0218364760482801,0.0425287079609389,0.0404627611676177,0.047935164547888,0.0342444027773798,0.0501094716003961,0.0308387988222128,0.0703453361506931,0.0156587295011131
0.0290211937746802,-0.0140938464086875,0.0476096056459374,-0.0293344537740233,0.0543230713530258,-0.0266687527220098,0.0699344565770785,-0.0216790761135068,0.0926651161999812,-0.00864466826090511,0.0253957430547719,0.0100754365170984,0.0449573504779262,0.0235974268469693,0.0535913914468992,0.0326045452365464,0.0579057489778332,0.0239399663907804,0.0900485255424906,0.0113504387459724
0.0187318034565865,-0.0185922583843004,0.0396233844725453,-0.0277699189605625,0.053322227145719,-0.0251441530592922,0.0656587950107619,-0.021251117079848,0.0882792811596794,-0.00749632430006167,0.0251427274631634,0.0148116279558626,0.0437253258325656,0.0279040734523614,0.0500906636272502,0.0291797263620549,0.0782623551845149,0.0155984756136076,0.0964910514887302,0.00446989032704639
0.0218473283411817,-0.0203103816476923,0.0422441026059036,-0.026798573105322,0.0524980361071138,-0.0282186528239843,0.0565136528546993,-0.0263265240585956,0.0817502378279352,-0.00978734670237962,0.0107084281885043,0.00150045623279361,0.0330120550739922,0.0123115237288325,0.0458121342434999,0.0245378665362646,0.0522924890862281,0.0319105405026922,0.0743264045514163,0.0192836024955276
0.0253612819608119,-0.0142515044577158,0.04144523026679,-0.024751206792564,0.0492218800921342,-0.0261803579247339,0.0526341880629533,-0.0266145772673841,0.0853922050441919,-0.0135016118689374,0.0173731860423287,0.0117553103603846,0.0411837759051955,0.0246809586058314,0.047918038832005,0.0277530900925735,0.0528689916204214,0.0279302674036933,0.0891603284621753,0.0104020425589334
0.0387937014462952,-0.0248916839328601,0.0545454311815858,-0.0269151068526787,0.0958023243178587,-0.0148955749037722,0.100234996871565,-0.00226463869222855,0.0953686736259318,0.000576778757457684,0.0351832054882001,0.0175072960710453,0.052318456151345,0.0304514029768514,0.095020450104595,0.00351495603219564,0.0897282191013855,0.00558316389174471,0.0394729949742239,0.00503604211936337
0.0113614056762664,-0.0182181984384242,0.048471984727226,-0.0306921961538753,0.0476248779276756,-0.0288071281990398,0.0689039744306284,-0.0246062691095135,0.0947751236522865,-0.0096641395551205,0.0223278598526864,0.0224040947340977,0.0411907078514706,0.0283747240256834,0.0469126156519475,0.0310981398703443,0.0516905401741889,0.0304904879001394,0.0747429008393196,0.0102826596302637
0.0256450546899387,-0.0155997727398347,0.0442965342329642,-0.0284156206628957,0.0530823732901997,-0.0273393978500157,0.0706126013030492,-0.0152311505906122,0.0939074080084003,-0.010106521832895,0.0203375735045255,0.00947813885253945,0.0409040024379797,0.0184260270295064,0.0536847639220178,0.0338335188859788,0.0543539150039738,0.0302757978934179,0.0803498321754308,0.010370935883691
0.0285678260854022,-0.0106468807474131,0.0405509029619464,-0.0230238296206289,0.0503812034672278,-0.0279034797173977,0.0658675792545963,-0.022820108628821,0.0918816722407395,-0.00603756974083794,0.0221726378792943,0.0186043091588153,0.0393998008387151,0.0233132469430141,0.0479152112882035,0.0294711519828357,0.0620280233180276,0.0147644061600094,0.0823546983160532,0.00724290716838936
0.0167501026974257,-0.0184896645602312,0.0340803061027878,-0.0269451572307779,0.0506056594890447,-0.0249642941484025,0.0524125169945814,-0.0256057086082318,0.0894170109471153,-0.0103995219357262,0.0214557179011549,0.0110752868207185,0.0457260132840461,0.0279435670410882,0.0515551881182399,0.0318088697387429,0.069595884129343,0.016612705977438,0.0948867343070559,0.0079661952718444
0.0251751263540008,-0.0191285094239492,0.0418350012468985,-0.0272054035271696,0.0517531681096535,-0.0284788642850978,0.0651550528385419,-0.0220763902956037,0.0980947071593559,-0.0100616729686455,0.0228013317850534,0.00670754134451448,0.0414065799685749,0.0167422640667413,0.0507370002617877,0.0330709975552986,0.056062907300214,0.0255909105679332,0.093642534958871,0.00715732749619086
0.0144154134278257,-0.0118553338248676,0.0366969201952922,-0.0238674158393957,0.0501077496399318,-0.0274157887725724,0.0523759121300933,-0.0255548156298567,0.0793133751421688,-0.010447901011705,0.0230927825044527,0.00641609203772925,0.0459884355925202,0.0191165167552533,0.0475916669765717,0.0281880557101768,0.0562600632792201,0.0274476308448814,0.0936331177741856,0.00892801932741611
0.0241486224937458,-0.0130332586585416,0.0479577916118216,-0.0261618494745359,0.0510534447977971,-0.0297227998771596,0.0731795374470848,-0.0182768506339815,0.0979656837541811,-0.00698109797148182,0.0174883604109159,0.0133101688376491,0.0462251450822567,0.041884927785359,0.0521858803997365,0.0322147829078161,0.0594470998329544,0.0250550339721267,0.094819468372702,-0.00176320430905042
0.0215854383083661,-0.0157959187884548,0.042900746534404,-0.0271761685120187,0.0486352740778373,-0.0299343366673027,0.0587761156991505,-0.0241188146917006,0.0857615368184037,-0.00665136540875774,0.0127179927966491,0.0103396136098859,0.0439029141985362,0.0268985181320569,0.0475909709709305,0.0300254322421765,0.0518810295016338,0.030549101932916,0.0801611113266686,0.00812416964692304
0.0244926318269793,-0.0190019650366542,0.0392881015810138,-0.0267073345855732,0.0467128915122889,-0.0306445011748327,0.0539765665025268,-0.0290740897084203,0.0777989713507207,-0.00720034753235854,0.00634730852100587,0.00276410711212006,0.0354633101353327,0.0177094175216497,0.0460864079113961,0.0308436166006437,0.0579728623994261,0.0348427925688855,0.0889382476462954,0.00859661820624711
0.0227705302361104,-0.0138427281769385,0.0437246598867552,-0.0239905788934784,0.0503370861069842,-0.0269165851755972,0.0532411032933322,-0.0228761188996478,0.0862623364253452,-0.00827677709291839,0.0260170027748109,0.0151419687271814,0.044439857063192,0.026320967342332,0.0486139048402797,0.0287474810897696,0.0530496709618504,0.0282456727173993,0.0902205814040141,0.010681498392807
0.0176320377040124,-0.0112857877696177,0.03986010205059,-0.0222730950570739,0.0505860831119613,-0.0275730085424013,0.0611183446290695,-0.0225511396622676,0.0892528818238098,-0.00582218024961814,0.0190326594841151,0.0134405606831026,0.0393398726411487,0.0223634694933678,0.0515399274525265,0.0300363041747051,0.062825570272032,0.0219166150899773,0.0928945981273225,0.00706429576206792
0.0274229217564073,-0.0190445258858822,0.0503975715262516,-0.0242746547165317,0.048071750260133,-0.026630094127705,0.0580255598218056,-0.0265552076042903,0.0898138333916603,-0.0112080357541226,0.0151046404461133,0.00448561999045134,0.043194728352847,0.0239070622968495,0.0534187192566922,0.0331573635939175,0.0625205302779133,0.0135631781356352,0.0843870857124824,0.00272249178679795
0.0199007144566166,-0.0145370428674342,0.0399330626793954,-0.0188372030980099,0.0501708493380156,-0.0277762431633995,0.0557442099078574,-0.0280402865780908,0.0921035864178795,-0.00789815613258269,0.0224590108635224,0.011964742965148,0.0444080367612344,0.0285103007693048,0.0524650843167659,0.0273535504540443,0.0726657014825782,0.00637294346598212,0.0974524464200148,0.0005934183177539
0.0294956517710905,-0.0194727699081607,0.046928401691841,-0.030626284067886,0.0550497732634248,-0.0253355314087008,0.0992124930548306,0.00122150777954909,0.0975252343783601,-0.00251736877441614,0.02180589405375,0.0118026127189125,0.0479380695510162,0.0256308612157608,0.0639436608112511,0.037409487835929,0.0707011743039619,0.0286980614456393,0.0933394298156624,0.00889487468885708
0.0320459899618863,-0.00418460108260284,0.044810627413445,-0.0225134099326842,0.0484538494855658,-0.0291180347756088,0.0504327332307023,-0.0299511151305796,0.0811538104897637,-0.0119559225639752,0.027673422468555,0.0210525736495751,0.0491425244227468,0.0253950451820247,0.0484324843878046,0.0259991314673539,0.0515161264061357,0.0290911506260502,0.0830516530487405,0.00329793331483861
0.0180880673467056,-0.0165121931634414,0.0458442874673539,-0.0240078664754486,0.0503667199666852,-0.0254655595386357,0.0536845169096024,-0.0278185777433653,0.0870056231405986,-0.0136535069225492,0.0188634714353925,0.0141163819928596,0.0536126281462617,0.0314082580582608,0.0562166248476658,0.0233524349181916,0.0913553372146516,0.00340176543671163,0.0974794966165677,-0.000332504897992004
0.0233594991549887,-0.0132583421060524,0.0413042648116633,-0.0256315049811388,0.0525362287816896,-0.026468132738438,0.0528962400950943,-0.0269613177671878,0.0868290511228896,-0.0138239674688873,0.0174592073493465,0.00795351065594587,0.0425750029472826,0.0251601483800609,0.053371458847465,0.0353298470660018,0.0703614535977953,0.0174518949403113,0.0938247444363878,0.0110724883271997
0.028158795568553,-0.0199777288619572,0.047529777589228,-0.0280008425555545,0.0524609664446376,-0.0275749094359169,0.0607535781561748,-0.0237904658595749,0.0953646417133632,-0.0121631409874243,0.00873978678914784,-0.00108812547128166,0.0300710355399516,0.0150634174267996,0.0501487397369068,0.0307906593608516,0.0521899067722074,0.0301354513251177,0.0802353200621536,0.0121116965394411
0.0192930503890728,-0.00995816025234945,0.0380813907037193,-0.0212998247223305,0.0502063435264732,-0.0303310879096469,0.0647481555148629,-0.0287720522146302,0.0877666078093256,-0.00453127296192088,0.0236899288786375,0.0140363650758833,0.0423371283645535,0.0244031634495966,0.0518553188952058,0.0274033304599669,0.0625321568867608,0.013221511743203,0.0851250882848635,0.000655001241928232
0.0114447929818552,-0.0114721867566052,0.0421409375656327,-0.0197357817473092,0.0510062344546217,-0.028138904660979,0.0526151966107817,-0.0285900323435233,0.0811978060306725,-0.00914335622089481,0.0120963837434046,0.00317265590245275,0.0401686713613853,0.0181178059933645,0.0516066456266163,0.0305380327025352,0.0595963798570821,0.0172851540040133,0.0815244848971578,0.00473141685920315
0.0132205709897631,-0.0141804606225994,0.0386659098182376,-0.0251005312602816,0.0455215650953133,-0.0308533717767775,0.0511594664829975,-0.0305826197034835,0.0779270740360356,-0.018699767346239,0.0178890047295238,0.0184785558723432,0.0528693922303752,0.0429236180999171,0.0552655788497758,0.0345147064333522,0.0511000549284017,0.0303277873949634,0.0683562395176306,0.0195018316787704
0.0309090616402154,-0.022202526310616,0.0404970868175983,-0.0273885284102362,0.0533857863771822,-0.0254176501310031,0.0538509735087268,-0.029068289715279,0.0832004325360083,-0.0211833566525007,0.015114621573525,0.00922226154119068,0.0373233167751464,0.0267559760553517,0.0501900994511985,0.0315269080808902,0.0640151856537263,0.0172428193584399,0.0790529287542542,0.00131917424277421
0.02424025869661,-0.0130772456188186,0.0468192054222555,-0.0220747638672051,0.0489402675734774,-0.0274118064063596,0.0544271728262265,-0.0284160570997489,0.0834683157108106,-0.0100864723814668,0.0170570589855333,0.00933070643143216,0.0438049767017159,0.0300211747194985,0.05038617157926,0.0274782394009089,0.0778785667472558,0.00133729888484252,0.0919732322429143,0.00122961164637847
0.0156634261278083,-0.013079792774571,0.0350368597345822,-0.0268253099960176,0.0457990661313582,-0.0289717442331882,0.0493605348940409,-0.030468867058108,0.0856610106255533,-0.0156807475833518,0.0124939449735213,0.00155501171875017,0.0373275119555632,0.013568018872707,0.0538189905634903,0.0327694491693642,0.0549600340970584,0.0269630932923259,0.0824021786503157,0.0104235021418695
0.0346752033139177,-0.0231915636211122,0.0435017435856695,-0.0319233648609792,0.0505074543205196,-0.0328901437311571,0.0680723482144441,-0.0242082164863635,0.0857698396655247,-0.00444252495933087,0.0141617630741027,0.0177177523653384,0.0392189342199805,0.0305692174092112,0.0533759838331558,0.0354034472413795,0.0563641057324052,0.0299544373201303,0.0886642934551209,0.0102135841307355
0.0244498657653691,-0.0206242554152315,0.0430297322655936,-0.0248360421960196,0.051815251886088,-0.0279513042298894,0.0706466096928469,-0.0236933123448093,0.0865980986133816,-0.010085225400891,0.0197707569609167,0.00756457595714103,0.0439056004705929,0.0261700017711264,0.0510992806377017,0.0287585570231622,0.0738595038910654,0.00713502913311258,0.0948654727868684,-0.00112303998303373
0.00206790308920052,0.00120514125066337,0.0234202037119268,-0.00501599483744155,0.0437470193634593,-0.0254617079139572,0.0490150014850072,-0.0284357811339628,0.071453931788571,-0.0225835796074942,0.020062687617528,0.0150712618220711,0.0410984453498442,0.026636568149651,0.05024432395786,0.0284065150193003,0.0579076778209107,0.0239633143112895,0.082631431990103,0.0061664501177007
0.0353193743159038,-0.0293954458548906,0.0422266869767371,-0.0346980624560587,0.0478379405750627,-0.0296199039345157,0.0612630474680753,-0.0274110829024195,0.0836594224902837,-0.00787034185392953,0.00473016150581379,-0.00182387684771095,0.0189857503872869,0.00958701147801401,0.0469926947553947,0.0235251300409823,0.0545553621712391,0.0343164275799911,0.090703114206238,0.0120763501178073
0.0171064273332945,-0.0129764436090908,0.0405060430704925,-0.0244026741510354,0.0470374889407104,-0.0292042349739784,0.0558975907038065,-0.0298005226504728,0.0855449885876396,-0.013919753434654,0.0115623406303266,0.0047153287941298,0.035885875196192,0.020785037472232,0.0472722332610527,0.0309748664973784,0.0550176926073273,0.025773300999022,0.0820909116924868,0.00877659787476829
0.0139652170277646,-0.0192523227645453,0.0379836883850824,-0.0247487372204813,0.0475894969942087,-0.0292323792449797,0.0637544979699777,-0.0306397851763267,0.0894310756491006,-0.009143974348713,0.0100459202352256,0.00178428906368952,0.033078456963279,0.0195795950372279,0.0478956181039907,0.0324386700606161,0.0560365686565208,0.024947997612902,0.0821707094818813,0.00435034177623674
0.0133226012853291,-0.0180755222105661,0.0387080633493665,-0.0219205636272861,0.0498940858748378,-0.0279752948730673,0.0567274957715002,-0.0291627468424418,0.0919238442332514,-0.015966630872365,0.0105122307354454,0.00039665400344318,0.0447457291687648,0.0260323628009451,0.0559258753271376,0.0332817956276187,0.0734152331332367,0.0137483274959144,0.0961011216511132,0.00225945605260676
0.0099304910678135,-0.0112173112117733,0.0395749748016697,-0.0276779069082119,0.0475627590242147,-0.0317033146182867,0.058890839621428,-0.0268682470175131,0.0858861007661625,-0.00444197067678358,0.0303353533345042,0.0261403273948985,0.0461342817127548,0.037777289845449,0.0468286300989147,0.0322206959985483,0.051922757384917,0.0297763426787434,0.0748584025122369,0.0140186956980888
0.0277934400199102,-0.0253214041340073,0.0432265818227288,-0.0176437717112098,0.0478856915511685,-0.023941726934054,0.0539732520287403,-0.0279809977012964,0.0761590135335911,-0.0131384831131023,0.0144845171044271,0.00884840668933788,0.0412299539211419,0.0236099819875109,0.0489503301140421,0.0319707330750002,0.0607846144207844,0.0231193798267775,0.086219769044605,0.00896763321303778
0.0218754653242734,-0.0137247771314725,0.036136504911996,-0.0203792449332787,0.0491259983345193,-0.0270368288741644,0.0671672758202661,-0.022528431102006,0.0846058324513472,-0.0116004686418954,0.0213999593203846,0.0136564097724007,0.0425213873582878,0.0263239726830476,0.0529885317052439,0.0317156652427232,0.0611268059781114,0.0235651491944828,0.0820378463112439,0.0133895553537057
0.0229586266542765,-0.0104044231605137,0.0381036465826017,-0.0257324266873359,0.048612514269527,-0.0288828497084988,0.0731696583174544,-0.0208782304094847,0.0968601284359486,-0.00878662148551206,0.0156000189498261,0.0134897968683389,0.0478340190907067,0.0416683159508221,0.049655974012888,0.0331869750719639,0.0517963455054406,0.0312062538680669,0.074330333285476,0.0165826592380672
0.0183578395941107,-0.00215661723857109,0.0371393923590425,-0.0164468225547739,0.0447232896722915,-0.0252176180391056,0.0524687456908585,-0.0284805508666384,0.077727997502098,-0.0121794226494733,0.0284085506694846,0.0187762332512386,0.0462321991495284,0.0277292593049105,0.051619638750514,0.0261713546980257,0.0496465445025335,0.0286316202248426,0.0721840439032469,0.0138286221446629
0.0290037170608278,-0.0086223439546248,0.0461659334033493,-0.0229333294264339,0.047641595688043,-0.0260777223906265,0.0557014945850662,-0.0276181915440924,0.0805375131261532,-0.00833619753526744,0.0271228270917875,0.0173890637232309,0.0484190534402278,0.0279899154042627,0.0519196743812381,0.0273601549660779,0.0878207648883996,0.00505857882979752,0.0947988781291364,0.00119419753152853
0.0185077719725851,-0.0150113816222504,0.03895978830718,-0.0216665398361506,0.0494923368935915,-0.0244709303295319,0.0490920502351393,-0.0264532314290267,0.0759812386513553,-0.0125402715164877,0.0203712624602325,0.00724969378780406,0.0451473234788492,0.0268967323458635,0.052292621524144,0.0271352868386884,0.0778660921714935,0.00639714780102054,0.0951255615907096,0.00386645908993676
0.00377671010685815,-3.13623216681713e-05,0.0161742267280078,-0.00417424783276299,0.0422924027653269,-0.0261677924468085,0.0476377061292749,-0.0288570876482874,0.0796639251518121,-0.0105027535831975,0.0178866922599504,0.0115484779635369,0.0458745842725586,0.0175244157598267,0.0516329533087795,0.0305561964430714,0.0526521700540763,0.0283982614152542,0.0909636047501481,0.0133372505272755
0.0420434892693303,-0.0210048521505166,0.0451581726416587,-0.0307925166379058,0.0472366021754131,-0.0317024317601537,0.0602551128463531,-0.0245442150790701,0.08947368465877,-0.00642005973383125,0.021510150395136,0.014880807503435,0.0464813423414255,0.0351790962030966,0.050353441178101,0.0352196338474867,0.0536871989247566,0.0299551751200511,0.0794474264138514,0.0183501347129526
0.0322537447220086,-0.0251529933848752,0.0434418595807273,-0.0284359007074235,0.0523719213720741,-0.0291862504338519,0.0590357339082623,-0.0245379199114354,0.0814828459502949,-0.0073767562775466,0.0075170388408817,-0.00108527580365238,0.0284550540151261,0.0155196918454012,0.0461923191760722,0.0299155104841619,0.0521945766155855,0.0287061257453001,0.0844010938839666,0.0155434287219993
0.0293705973384419,-0.011635034672056,0.0459567056986046,-0.0227534008369323,0.0522615244737998,-0.0276814750969103,0.0548116106244256,-0.0236635758548713,0.0895314551098034,-0.0089960231207132,0.0133599351274105,0.00663312258163287,0.0337682563453677,0.0167153939533054,0.0473694548395249,0.0276108786044161,0.0524081889803918,0.0278879079209012,0.0836542026788705,0.0107680057283001
0.031814491251856,-0.020195419125574,0.0403779557650516,-0.0279977560384862,0.0479563357953538,-0.0287808360591329,0.0629881232779099,-0.0227223470188234,0.0916259232369269,-0.00453442427378276,0.00891282545384941,-0.00151991104430237,0.0325358505938846,0.0174842506300643,0.0502880618025638,0.0332145919637858,0.0587198896500929,0.0309863638307865,0.0883215437359356,0.014328065747182
0.0338651306272534,-0.0150245396944089,0.0581053904310036,-0.0317331869105361,0.0487379508485554,-0.0279498387708939,0.0828446838042705,-0.0144849729086677,0.102229566748766,-0.0079861300318677,0.0437491131487374,0.0394257657192187,0.0719116536481202,0.0176847378560474,0.093839781561226,-0.00427348024096458,0.00792935530164674,-0.0120586411974756,0.0468603006833684,-0.00214701092840034
0.0320176291307665,-0.0209978520331009,0.0434880813857793,-0.0288313057768631,0.051772514576572,-0.0266867686691869,0.0854669318566605,-0.00556312969314055,0.0985230165055359,0.00186230853051083,0.0155854645066694,0.0131313950323338,0.0467838403764125,0.0253235200763768,0.0496986241270496,0.0268583383434331,0.054851535500512,0.0290482290815272,0.0876706397445673,0.00835225918742952
0.0231625714824238,-0.00709421291319307,0.0425234340131391,-0.0220006092653792,0.0488060272029062,-0.0287464495430161,0.0529844286216515,-0.0266591212462607,0.0948777870263337,-0.00948557369719311,0.0165433461611047,0.010662992493971,0.0412765535252138,0.0193270417715008,0.0457937939747937,0.0252815717945124,0.0524140248378978,0.0272961547897453,0.095458524028708,0.00503815383215435
0.0327167852024697,-0.0164928956187991,0.038295405881132,-0.0297253460126932,0.0531546826458533,-0.0262873295658668,0.0816609838066807,-0.0109837262579788,0.101050257774317,-0.00515548127391549,0.00832628793744201,0.000794789411061172,0.0268972336208338,0.016763564735541,0.0513500295827328,0.0276941564999404,0.0533721500613846,0.0307028350464816,0.086633685344931,0.0171758176178505
0.0429908879514619,-0.0265645740406635,0.0480092142473096,-0.0291429397996507,0.0626315980636148,-0.0223954453498927,0.0890577551029483,-0.00509936843583445,0.0970329682572098,-0.000401478530327382,0.0188057290879176,0.0124821550755456,0.0439520507256559,0.0218997474951505,0.0563902630283503,0.0333266259871295,0.0563164598058605,0.0286610176890041,0.0800636686357079,0.0160146437902111
0.0262677389304674,-0.0106061622714145,0.043518543725652,-0.0275073853436887,0.0518049134095037,-0.0288954885407095,0.0584004343662629,-0.0245727406070314,0.0840605091020246,-0.00445000878707346,0.00463621765718676,-0.00381215129327169,0.0184068560875029,0.0154822976692734,0.045159535291915,0.0269146789923141,0.0541533870978049,0.0309227738602246,0.0771328899878197,0.015908640561715
0.0185105013598519,-0.00688679869390069,0.0430152906142729,-0.0219552273854941,0.0500340642749003,-0.0270656052098523,0.0552649203400362,-0.0249235289793581,0.0833181709770891,-0.00794831164319133,0.00812727471379639,0.000774885189100405,0.0326664255794186,0.0203720563059611,0.0511351181968319,0.0300105359244301,0.0563039959063888,0.0300677408442351,0.0874839989850692,0.00848040768947316
0.0354649671960575,-0.0123476402602713,0.0460301423376883,-0.0297738143346421,0.0470457485313966,-0.0290506903117283,0.0678321537091591,-0.0163328197850907,0.0949623001892582,-0.00871436766098588,0.0175341498686924,0.0176830928902616,0.043641474075734,0.0233102881009426,0.0496507065825317,0.0289258722674553,0.0535793188673205,0.0264136961435587,0.0898486621549506,0.0117530143440735
0.0410749569801594,-0.0170003154262066,0.0620262898950986,-0.0319966289729956,0.0531211468959712,-0.0253616415720531,0.0636498117771023,-0.0167070006205174,0.0894817320086987,-0.00520950779829529,0.0505329592220024,0.0317404317916658,0.0627808117242353,0.0192352695387294,0.0983681770520796,-0.00306371053080698,0.0840047405661767,-0.00325802063088077,0.0202964938775272,-0.0097284856000416
0.0268541850558,-0.018778180764357,0.0397078629484816,-0.0281305071889464,0.0505986106353779,-0.0249649690767923,0.0682510660326559,-0.0132419176848902,0.0922068558637712,-0.00273917163348069,0.00617129434534757,-0.00286447543799798,0.0315438965891033,0.0149607698448136,0.0447260712041958,0.0281216444406695,0.0527472516161029,0.0305696168293536,0.0759474012754569,0.0216447014421644
0.03110196489219,-0.0126477045127099,0.054406356677381,-0.0247941066873142,0.0514452806623446,-0.0265543247346697,0.0663595586316383,-0.0142406599670915,0.0942258609920881,-0.00429128982561829,0.0254627911533834,0.0205101760672217,0.0472822291588356,0.0353092066763809,0.0481028681496505,0.0296222671337988,0.0521489625373467,0.0313142171805745,0.0782337910806963,0.011961167455902
0.0206397186551749,-0.0100108906265374,0.0359036293617787,-0.0236926778408768,0.0515178569200746,-0.0263508902409073,0.0706033135809811,-0.0110306866169309,0.0868251296408666,-0.00101372240409939,0.00902048767923876,-0.000355385027731819,0.0373822895063573,0.0178871517780061,0.0470158147227736,0.0250514707040437,0.0556873032616935,0.0293461488743429,0.0851356702904291,0.0157780390156336
0.0228689885349459,-0.00664889173246401,0.0416185946490034,-0.0215487394803209,0.0512759468497913,-0.0253704299019324,0.0614944069886128,-0.0206966752149285,0.0840952411528783,-0.00450774192443685,0.0212218014238036,0.0141807803310832,0.0445923207787322,0.0240730721593553,0.0529782122459024,0.0297451199980755,0.0709349858663834,0.0227227176922704,0.0961437060432767,0.0046597712332415
0.0282969808653592,-0.0132921219619864,0.0460601113984272,-0.0294191073630978,0.0620342175777839,-0.0201409325884027,0.087504874259892,-0.00166630600604488,0.0960505179189122,-0.00226500315170158,0.0168948104904083,0.0060239049721747,0.0372503829550191,0.0193557287632142,0.0524112833086198,0.029295991168078,0.0568529294061461,0.0294749635789607,0.0828100021337013,0.0146649461494795
0.0344313173829237,-0.0125464544248151,0.0489380318834538,-0.0250798395175805,0.0670583293862328,-0.0186301709953892,0.0911043211838165,-0.000495359789429395,0.0979985009676556,-0.000205318335865479,0.0213845265932122,0.0102920154486187,0.0404267884211518,0.0205451353655315,0.0468409297094125,0.0278000267723573,0.0540592047261556,0.0303139793843553,0.08230234527627,0.0157372439879219
0.0434719052988595,-0.0243451673351353,0.0500316133657466,-0.0297449269327115,0.0921880238375268,-0.0108454601545532,0.0957654275960964,0.00218166601986465,0.0976741713444325,-0.000819114510180676,0.0294104025698572,0.0231114756256027,0.0563589327521694,0.0292262113431955,0.0517563100095909,0.0279045764458443,0.058879798058337,0.0283731449695344,0.090706288690699,0.00885485736967941
0.0275888821260977,-0.0207765339176493,0.0436584064956186,-0.0292498315893559,0.0865858340574552,-0.0096201609381361,0.0990865454674267,0.00261563834594169,0.0986109041778479,0.00260052910868973,0.00850607069943224,-0.00138682799611398,0.0355320003394194,0.0258514360229029,0.052853500146573,0.0377282146911705,0.0534165492251064,0.0308603071264145,0.0675593462415272,0.0211501415107269
0.0234030626289666,-0.0176352775590403,0.0471887365669808,-0.0277585585313452,0.0523522187561248,-0.0276454579865404,0.0947772815605714,-0.00632823043298994,0.0988759800855092,0.00194573431464909,0.0105692347191433,0.00235916746551732,0.0360549237640282,0.020222662650477,0.0451515193475854,0.0286998445673116,0.0556380568524417,0.0343146175997806,0.0728684032851509,0.019436269627306
0.0206537984509817,-0.0143773164669701,0.0486093799767749,-0.0272968062027713,0.0532267620600206,-0.025721683886214,0.0890067285997272,-0.00634279127441587,0.0992680820775675,-0.00103791623840912,0.021118067094497,0.0066030955524271,0.0383252012479152,0.0204942913793493,0.0451414168865197,0.0278011129522922,0.053594537645109,0.0325179520235193,0.0767120741715875,0.0129133669846661
0.00271032900368028,-0.000901861793328364,0.0328863947190432,-0.00954901408694609,0.0445507408236601,-0.0265674108364703,0.0509540004928915,-0.0269729250589545,0.0929452064122507,-0.0108108294538674,0.0174908553613363,0.0159471410723829,0.0415777814187382,0.0221941689104493,0.0503119485665534,0.0304718014497042,0.0588860241559333,0.0211616124534652,0.0947616528580707,0.00355831833578229
0.0424709464813522,-0.0264520008789855,0.0545004974113292,-0.0260274583549344,0.091833171136327,-0.00540377098158127,0.100371749870867,-0.00601825227057675,0.100295673927809,-0.00554526512174494,0.0219494609930679,0.0102736574560358,0.0433007705115591,0.0229416657130935,0.0478106961146794,0.02435978188137,0.0562322608663424,0.0298045077371039,0.0905025267201872,0.00640145139417336
0.0393316409659693,-0.0192041861035045,0.0504263919255289,-0.0287686820399656,0.0801063951726695,-0.0103776161355507,0.0921345585395478,-0.00231315067484574,0.0967443507060426,-0.00137973946584398,0.00574589801748811,-0.0013448840887138,0.0347097109367646,0.026697503109779,0.0511641297103139,0.034195714766546,0.05137641393031,0.0307708333005809,0.0596912365802149,0.0264599122362834
0.0396629234947688,-0.0190142682238037,0.0489433822251609,-0.0296906312926549,0.0787539064949898,-0.0126947051816381,0.0951686795099741,0.00102962031507146,0.097726609197532,0.000216438968048661,0.0111167017728641,-0.000300252352006639,0.0344706596981113,0.0178558347214764,0.0555813384913403,0.0347907240927937,0.0539118956592513,0.0272587469588809,0.0840824891998642,0.00828363145305913
0.0506594515364976,-0.0183869309793598,0.0545924468772115,-0.0268435333570463,0.0519615369111432,-0.0254201212667416,0.0905310482915912,-0.00447232644745764,0.0997273233165149,-0.00605186815171826,0.0226059408327235,0.0162498738446793,0.042043202138109,0.0173701745633546,0.046191924427953,0.0270891710111706,0.0527483775516507,0.0305161743022363,0.0772560694206186,0.0138676712378317
0.0288791979919012,-0.0193497640917501,0.0469085139445497,-0.0251219986422431,0.0573431968520536,-0.0249503775854481,0.0885224541304856,0.00556518242230113,0.0970167776200394,0.00453650859938269,0.0131970994775063,0.00517667576149291,0.0316270705922616,0.02094982734202,0.0492720906822023,0.0299349611365734,0.0543630959299657,0.0319113991832322,0.0790813856665567,0.0131152213860598
0.0326814542018453,-0.0200790033682946,0.0534345181752359,-0.0267446908511817,0.0516148268383601,-0.0242287421855248,0.0960858107100165,-0.0047246681905523,0.0981847354267286,0.00103638488637902,0.0212688029249111,0.00916160220804432,0.042596025581708,0.0240193486418585,0.048418375034128,0.0271155130046491,0.0552033853787966,0.0295891340336023,0.062042091571653,0.0181936828646888
0.0330937071350782,-0.0159237032798717,0.0543783560440292,-0.0295010512150321,0.048804173285877,-0.0284950312465698,0.0673263214012607,-0.0185916288622066,0.0972738004532705,-0.00793195291586772,0.0199435348942164,0.0152171752637944,0.0424039307350832,0.0223867211903585,0.0496561325929653,0.0279012262931151,0.0493709555145617,0.0272253634640829,0.0733941266623338,0.0137139992534761
0.0226012002955134,-0.0120499198545931,0.0466513550802886,-0.0265888755919844,0.0496596721113147,-0.0290782743486023,0.0825304518912823,-0.0100705346018602,0.0933742050155394,-0.00191920255972967,0.015677122615715,0.00828021713972396,0.0383473703399146,0.0194566228149867,0.0456018105844881,0.0246959179814923,0.0522967261421252,0.0276449719288612,0.0739285343922641,0.0151462537625058
0.0421106092460467,-0.0261225769118651,0.0470291003214776,-0.0288573122011894,0.0555883172665664,-0.022814563691932,0.0879446590529289,-0.00318919394594147,0.0958287377140252,-0.00164306560480441,0.00568333865890963,-0.00277938989447905,0.00536255337420165,-0.00182653188070264,0.0348120257056308,0.0246919224086995,0.0505107493566778,0.0310736762380405,0.067556700374614,0.0179482922758382
0.0348218576960451,-0.0144503347545725,0.044360750304772,-0.0303924513013587,0.0531925038641965,-0.0287040447477237,0.0840442497390363,-0.0103645461857988,0.093259122214011,-0.00218254543561366,0.00770166949398159,-0.000584417812075264,0.0349045992014471,0.0257738955318014,0.0480791059677979,0.0304090344555089,0.0531331275339925,0.0316389842344907,0.0794767584627264,0.0110155446836643
0.0229109845661557,-0.0172030874619327,0.0621530750551707,-0.0310041902622444,0.0511324232623984,-0.0276878044740163,0.0595946895167664,-0.0224127210185492,0.100772188314762,-0.00851039096425652,0.0243846850540629,0.0291053218615261,0.0472596058049957,0.0334237736285739,0.0482326095118235,0.0284555305739391,0.0573167170866355,0.0242560300425871,0.0974164965505174,-0.00660388706473269
0.0257654430505651,-0.0131570026752614,0.0379748668624339,-0.0238994546733059,0.0509857425081084,-0.0283838247150278,0.0647757563580695,-0.020975624901146,0.0991950335335795,-0.00687053771187275,0.0135110075790388,0.0137549923308671,0.0383257798224898,0.0283753899014209,0.0473837622999074,0.0278610770606844,0.0742502488953533,0.0220949870940348,0.0952512795566274,0.0040176981938186
0.0272159780297945,-0.015753630482018,0.0449261854180415,-0.0249323134065342,0.050871423330516,-0.0266300610493557,0.0598018351435725,-0.0167624834975928,0.0876352695539614,-0.00257638009882243,0.0199546477269144,0.0115519025290424,0.0430918014898177,0.023123518242187,0.0493122199250888,0.0277096726716528,0.049310770282456,0.0270545917383821,0.0834945283380726,0.0138827452572187
0.0249575716913481,-0.00761967556235436,0.0561350887663486,-0.0244686398030433,0.0490997787035405,-0.0285851734293797,0.0614222102376606,-0.0204828288049169,0.0984523153443677,-0.00731667574899377,0.0465716337547408,0.0562921071653777,0.0499831680809907,0.0314733655487363,0.0574652255812692,0.0262905053047454,0.107359498496019,-0.0113769607496287,0.0956254978324362,-0.00587138123119391
0.0215917112990309,-0.00826965079643743,0.0512515329207131,-0.0265839131583859,0.0516115226555289,-0.029087542229975,0.0752427303001571,-0.0140161780667489,0.0971712173437284,-0.00576157712943611,0.0216271482364616,0.0270947697250962,0.0569817599716485,0.0451198987264891,0.0480587866404571,0.0274108734932237,0.049679992332883,0.0275786262790484,0.070672045281492,0.0170426014708276
0.0204761219184443,-0.011280259257755,0.0422620336334022,-0.0225778276847299,0.0484148495020216,-0.0264091116068893,0.0707935762914516,-0.0139014335332097,0.0914825186489379,0.00124726943976705,0.0153433702660233,0.00737643468179617,0.0385211749233565,0.0195009203134201,0.0438532044766505,0.0299182751143389,0.0542556659163571,0.028097263992749,0.0712766533377032,0.0213365020686706
0.0306982251185716,-0.0190822069532929,0.0501959601725765,-0.0305470762516577,0.0734832989220875,-0.0165066123415868,0.0927986628112214,0.00427697835628913,0.0971474834058419,-0.000957220121976133,0.0201900892646925,0.00378249191180741,0.0398419018251932,0.0196854189795134,0.0543707286324798,0.0327233782538921,0.0508339538997034,0.0292875121195332,0.085557390708705,0.00578238266662472
0.0277440538070975,-0.0137391321238875,0.0461779710269922,-0.0277010860909014,0.0521920851745185,-0.0289970839955046,0.0863690178408312,-0.0118545603714509,0.0976285593284281,-0.0018537272338634,0.00613253605106252,0.00756296263137861,0.0329434761306502,0.0294216894728116,0.0482229627379767,0.0273480075132711,0.0606524055757473,0.0303864400809629,0.0811443050028944,0.0213216939316233
0.0297094276070768,-0.0190679390143327,0.0481420340811407,-0.0298042312997017,0.0693698493402855,-0.0214093050673834,0.0985786955095603,0.000361085495761013,0.0994880427415596,0.000122887021150899,0.0123863810044777,0.00245043815469697,0.0381450466286048,0.0239729794525605,0.0520447892287056,0.0290495272478131,0.0593368337254157,0.0279978411255671,0.092042600681532,0.0103470708406725
0.0192357991014486,-0.017627010569758,0.0454422529186139,-0.0284455975441074,0.0491111825841272,-0.0294526479254225,0.0820806912486164,-0.0104013399141747,0.0954078288003816,0.00467773696536023,0.0216100935331762,0.0162122552190462,0.0372616510176594,0.0276873817132595,0.0475304578403411,0.0282483388481102,0.0549693402875909,0.0354055043677051,0.0664219791626006,0.0221145174038471
0.0264946280797928,-0.0192432305431686,0.0417644970458061,-0.0292861868694945,0.0513987486981101,-0.0297530878928921,0.0754938804916665,-0.0204957069393433,0.0972785192074601,-0.00720393702076062,0.00978389845494863,0.00238022594947904,0.0371145588799303,0.0271239555833584,0.0462227645613158,0.030138604108813,0.0554420166169658,0.0295307171739985,0.0895035935963826,0.00690464984704066
0.026992882090519,-0.0136310091131233,0.0462348831591055,-0.0244471702704934,0.050281494928339,-0.0277133150844444,0.0846759560947165,-0.0100669829879322,0.0986213214929031,-0.000907107949901416,0.00381035364744574,0.0015407451000403,0.0292816232935234,0.018577240019247,0.0432659281813848,0.0247004027600488,0.0497691283106344,0.0303777064732221,0.0639844815854394,0.0238397319230739
0.0236270858309878,-0.0125585460589766,0.0414623516767746,-0.0287005147706063,0.0512572664656479,-0.0290649596910611,0.0787594961462407,-0.0135933915197141,0.097064780435808,-0.00240963168218583,0.0120444159727076,0.00444252576218549,0.0374341867361241,0.0245308213929144,0.0455977929104201,0.0278994993344157,0.0525171176731806,0.0312470734951879,0.0794705763459599,0.013344743350426
0.0213240430256875,-0.0162249109218285,0.0426925204825923,-0.0264898029175775,0.0468217190971966,-0.0291287863810062,0.0659647013727397,-0.0247920966553297,0.102883115625877,-0.0132695355071054,0.0294043564963635,0.0429469802431323,0.0441386138103378,0.0506322267512861,0.0494832959029632,0.0328272497800506,0.049112578120583,0.0251412095782725,0.0653597732308421,0.0242404258654946
0.0210935213000611,-0.0115489879461859,0.0478085463451519,-0.0274398705759512,0.0560186392844738,-0.0236425406386726,0.0880242532547916,-0.0076276126603635,0.100653232560681,-0.0071358795194617,0.017943000420254,0.00880511380128798,0.0410787759712755,0.02348249995941,0.0493248274730441,0.0302917103790081,0.0543331425312343,0.0280229868641109,0.0909308160239586,0.00789192702278022
0.00525613421629409,-0.00328618224749582,0.0543328614072375,-0.0204164138141449,0.0531665900491382,-0.0269379813247939,0.0615482991913989,-0.0215362485049485,0.0938229520309044,-0.0038356571908398,0.0227073708783628,0.0214118303557991,0.0449087267511248,0.0212053889706739,0.0481255084805387,0.0277006524256578,0.0583029221508456,0.0288635072369517,0.0948007916977618,0.00515389226841627
0.0536824788568789,-0.0246510930323626,0.0586598788537944,-0.0270657220018577,0.0511188107070555,-0.0257634520288795,0.0655498600581201,-0.017724587751905,0.0991224790998836,-0.00725684783164056,0.0196971526600755,0.0222227657809354,0.0433051812529167,0.0329464733742951,0.0514764653727202,0.0313328732382502,0.0532159762917124,0.0297178639440794,0.0671176111019707,0.0154347006108239
0.0362472307069514,-0.0120749010840763,0.0499739969915541,-0.0267734473618937,0.0597955258779495,-0.0207780979809526,0.090146902187344,0.00165287354448785,0.0960988566326002,8.58163056357493e-05,0.0290467322694343,0.0170801537351463,0.0453643383592637,0.0245817981266347,0.0505917115889973,0.0308719738194183,0.0554903436072331,0.031287056905882,0.0700649204233629,0.0211413756090999
0.0244296477034574,-0.00978057577537432,0.0451939648164907,-0.0253927502006907,0.0536605288302282,-0.0270321990476193,0.075334918702345,-0.0156764493135407,0.095450899333309,-0.00498648492173244,0.0200763087224469,0.0163262372125726,0.0422305778379807,0.0281589183681568,0.049314215018812,0.02839115416792,0.0557026167391601,0.0312418830970243,0.0767125293857865,0.0156094558146674
0.0212878396499411,-0.0102009179303375,0.0418746655178765,-0.0278936187231779,0.0522475983955804,-0.0305383392921299,0.0799617795872883,-0.0163237617811931,0.0949495271487987,-0.00370899466358242,0.0121680918142871,0.00506832029221692,0.036505771102636,0.0184396443479875,0.0464801080077524,0.0253554476148878,0.0538637585718925,0.0291912414087965,0.0841973137806931,0.0128722875650105
0.0354743243286696,-0.0120381723916293,0.0463716671069879,-0.0246313403389109,0.0484720785579369,-0.0262927775203155,0.072602432649509,-0.0155566697018328,0.101822139354283,-0.00493969873210961,0.0158233654619092,0.0150109353218509,0.0442210050699762,0.0246359243415515,0.047529870810166,0.0288949042322377,0.0516034559800391,0.0278287192101008,0.086945226102544,0.0137965129307165
0.0181979580640999,-0.0137454995035414,0.0395236908692155,-0.0270370396127764,0.0524235013240802,-0.0272069608396441,0.082268346985427,-0.0125623393240092,0.0965985151122455,-0.00102997601344365,0.0134828239216538,0.00424258254712009,0.0400519711208831,0.0239165688177758,0.0487615182239831,0.0322913425270746,0.0541004722561087,0.0323560135012258,0.0876255872366229,0.0130028775738772
0.0164872268863614,-0.00896881287769298,0.04092157437814,-0.0238428923476903,0.0485650227541951,-0.0278170997821588,0.0516830103314623,-0.0276273292993171,0.0775687083988689,-0.0110354337312774,0.0249815510591312,0.0104592036677913,0.0441596309598408,0.0267522968502668,0.0479047695762327,0.0292965842445362,0.0750096805144316,0.0286604183746241,0.0934335307178881,0.00878601125983046
0.0299516050382641,-0.0236019075460062,0.044464726470875,-0.0270167263799562,0.0506093696329509,-0.0270149934957312,0.0605295044030987,-0.0226192937753257,0.0915001852466296,-0.00716521554071209,0.0097730022298504,0.00109725436758134,0.0393394603691882,0.0262816906107707,0.0482112137948203,0.0312499423133989,0.0585313436435673,0.0298315620145152,0.0920397510834456,0.0113948214421927
0.0146277185504193,-0.00272842943796657,0.0314919165823636,-0.0212019338195007,0.0539526452950782,-0.0257664115663254,0.0550255518966282,-0.0244455253995269,0.0896305475999249,-0.00672482348295856,0.0229385628950879,0.018305865288018,0.0507460575814304,0.0280040705584631,0.0497761440415671,0.0259960098519216,0.069133891578087,0.0202218975780764,0.0936979844908993,0.00682222387612137
0.0188931113617383,-0.00853825983505792,0.043515375947385,-0.0278251026949258,0.047228073616683,-0.0300972884108591,0.062246250912392,-0.0228190621795102,0.103172951528185,-0.00998662550961715,0.0473790508284168,0.050994841469069,0.0441080592423264,0.0420553938565795,0.0523074998955134,0.0304518755289922,0.047442059253597,0.0261059740327089,0.0819939650354129,0.00734265583243595
0.0226377527271745,-0.00792456690917572,0.0452226774458325,-0.0209695439929938,0.0491956815886386,-0.0232466525781871,0.0506046320101099,-0.0252532813186737,0.0817425060357855,-0.00140556048167207,0.0213860900005382,0.0160987366589329,0.0448559071156715,0.0265409787736877,0.0470637531774787,0.0286894346539263,0.0520658036296219,0.0265388142201493,0.0868651481454824,0.0107067696812546
0.0241330301503293,-0.0101906970017008,0.0596899748527813,-0.0284101750500512,0.0506116195342141,-0.0261607076482894,0.0590769185927032,-0.0210838677757624,0.0966635164150237,-0.00476491792420417,0.0293210471081405,0.027379459425144,0.0522705727591104,0.0338818625298327,0.0449335953707768,0.0323287075811028,0.0505050329530968,0.0294433333622134,0.0869112884966556,0.00491673427255106
0.0203167503546388,-0.0144243872162817,0.0429003388144934,-0.0285144344136989,0.0508180359465872,-0.0282042227665347,0.0878677640983356,-0.00878306764256738,0.097228457403455,0.00173998685932277,0.00759612214922331,0.000216818712210868,0.0248661092625288,0.00475690520179369,0.0429902926547157,0.0184547389343347,0.0535731458849589,0.0326040645212568,0.0687479484027682,0.0196841190485308
0.018633831554496,-0.0082727677975909,0.0417169214509253,-0.0241293507528149,0.0501339638076713,-0.0275621200362398,0.0536473949445361,-0.0248318467634367,0.0858563183244931,-0.00368825523896299,0.0228630327218944,0.0158760281192976,0.0427268625145668,0.0260410218984558,0.048071091896554,0.0287555265479331,0.0595059751849936,0.0283919715804146,0.0915832405030984,0.00622428144031441
0.0185013621688411,-0.0112604630657751,0.0408998861250339,-0.0215670947526478,0.0461992142731992,-0.0269529728767025,0.0519286850821433,-0.0253177912466459,0.0865103248102439,-0.00941671451691145,0.0171782526560679,0.00621866934204662,0.040937971013881,0.022822577443207,0.0508486967094752,0.0297398507925295,0.0766325427020074,0.0240364819916168,0.0932073121783066,0.00589383717522041
0.0198596873989308,-0.0156126126464078,0.038404897927614,-0.0250745745136511,0.0483363849002918,-0.0271029147816305,0.065861143730575,-0.0178876783309428,0.0942684987674212,-0.00154603045851443,0.0128515556138037,0.00419326029193,0.0391214250442757,0.0229377548235235,0.0460846391929505,0.0315305520385234,0.0560873301638679,0.0315738560241025,0.0934044319744156,0.00889716753018441
0.0270295828061417,-0.0185615473173322,0.0441670302387688,-0.0284339133542215,0.0760653085415147,-0.0195274694704499,0.096759841449758,-0.00116343895235933,0.096764634094845,-0.000162582112676152,0.0220269449466918,0.0143536491679849,0.044101246238908,0.032716262111398,0.0625658957885249,0.0326181105507031,0.0513976985993224,0.0293758296361489,0.0937032024976195,0.00749913835372721
0.0262534844097017,-0.0157715216855778,0.0424784261455136,-0.0234667440147303,0.0507451026370002,-0.0248130227034376,0.0684743381829199,-0.0174411605729781,0.0968626651074882,0.00028077920627175,0.0286744100032804,0.0138472119771948,0.0451517477102207,0.0279989310667314,0.0556658047751847,0.0322769506907047,0.0942072337443476,0.00696030667897701,0.0947722221205506,0.000158723321289992
0.0278428089770501,-0.0145237925750519,0.0431939222980789,-0.026299443552847,0.0515275018388634,-0.0277308955617011,0.0765733490471098,-0.0202982891825817,0.0991751138821073,-0.00225721412422582,0.0139761914991262,0.00515273200103596,0.029805665107852,0.022328268753728,0.0454652376118004,0.0289652245658157,0.0599639445854473,0.0321163793853454,0.0890462774904402,0.00994926897588986
0.027592997141717,-0.0078683133116581,0.0470621594222392,-0.022915705970295,0.0529186525745854,-0.024911862818254,0.0749335136292847,-0.0115360853837146,0.0963829486598779,-0.000836038537454774,0.0164087856369691,0.0102088685217343,0.0435715945939121,0.0328652145373093,0.0515162483553568,0.0305541809498552,0.0734981170517875,0.022342635513886,0.0930322193457708,0.00628283973332576
0.0240148214903178,-0.0165276503182212,0.0393076546719142,-0.03134920421205,0.0552224994776201,-0.025610325727875,0.0870868016959257,-0.0115032041297098,0.100563477476405,-0.00628185819849387,0.0113919180122394,0.00420715514197386,0.0427149176192835,0.0263818046390946,0.0514502673711273,0.0312416328982555,0.0884038995832351,0.00774992414260477,0.0938387448614007,-0.00152305463265123
0.0211564224408463,-0.0146307722045524,0.0434008362951659,-0.0245515153823217,0.0504124893665332,-0.0272090919138885,0.0641565589927026,-0.0214035269459623,0.0978116501796883,-0.000941384119390775,0.00917182935868938,0.00390784352663851,0.0350865551870366,0.0196487525887779,0.0442884035964852,0.0276763455860645,0.0509849002471128,0.0292846054736835,0.0771591711703891,0.0144827100040662
0.0232791349711374,-0.0129949976538244,0.0413521801714455,-0.0291273989709097,0.0645143470399939,-0.0286466363260301,0.0877425088105172,-0.013440195582744,0.0957885333427193,-0.00325540112641703,0.0030714970786968,-0.000160774361538044,0.0169021584689883,0.0082604701238394,0.05032722826376,0.02290773196176,0.050343562564125,0.0275920203659375,0.0550569140143064,0.0293825784151578
0.025432895412586,-0.00925147026119752,0.0508244591085617,-0.0284488166563059,0.05335500896762,-0.0288540516972929,0.0867685805255375,-0.009386929208229,0.0969886424712477,-0.000817490836010834,0.0230340100407156,0.0248564871101649,0.041395427541021,0.0190762179177143,0.0517207006621509,0.0270965397557577,0.056263055145062,0.0288307067711553,0.0934232275254671,0.00467277041385105
0.0192669610917361,-0.00690434323860363,0.0412788105326171,-0.0263094378220088,0.0540606641810936,-0.027029339453415,0.0610713392481411,-0.0216474507869885,0.0859961182301992,-0.00416067931394852,0.00957241008635872,0.00323966558297799,0.0336740620747366,0.022849231189059,0.0430381060275783,0.0258164694250063,0.0536441322315666,0.0321342352978786,0.0616799617316282,0.0286391082891805
0.0271681205512586,-0.00927962710137833,0.0649036471359779,-0.0239919432561522,0.0507398784632892,-0.0250189694058318,0.0526305997222552,-0.0239964411869855,0.0904406204176497,-0.00709626746507196,0.0350690877597479,0.0475810352759449,0.0441292610508317,0.0404526523761169,0.0537669349100928,0.0307873938038738,0.0459594427331839,0.026896901701752,0.0820880472279764,0.0126624899251625
0.027200572662616,-0.0108086154975902,0.0392323291169115,-0.0219168412239737,0.0478692319261525,-0.023918433238712,0.0564121969727458,-0.020901957176221,0.0870433823632108,-0.0051584059343655,0.0178644479598336,0.0205912337133901,0.0434545426328158,0.032331194983741,0.046824957741642,0.0232451281049952,0.0491448101172673,0.02528197569736,0.0664290281143534,0.0242565595603145
0.0344263600509895,-0.019782933848351,0.0487954352445422,-0.0294726420706022,0.0802303776823264,-0.014815236010973,0.0966483394747533,0.000149672731609332,0.0965622201973145,0.00104596448218917,0.0184698172169439,0.0193418208885074,0.0409020751875063,0.0324368492032001,0.0627601833244803,0.0290761972630563,0.0542471131384054,0.0265767141050973,0.0614514490984883,0.0220244622195168
0.0160396967916647,-0.00058024278286535,0.0538242869184418,-0.0256966651133532,0.0487090672003238,-0.0268532044749833,0.0759921981076921,-0.010506017264674,0.0966509237341293,-0.00423771307377354,0.0179861330899355,0.0227892544842164,0.0572896313273437,0.0242631084489959,0.0438243322755676,0.0189088058381109,0.0505259957971108,0.0277625218345785,0.0797673830586533,0.0113452331974041
0.0336970652353717,-0.0144924232907255,0.0506292719173633,-0.0282305557688304,0.0621306407210279,-0.0198041157041802,0.0938092845154133,0.0001543694197357,0.0971190506994169,0.00184063590552532,0.00994100971500243,0.0117537519857105,0.0492714603171143,0.0156536323141739,0.0464047591993996,0.023200177155015,0.0637945004198606,0.032531298855698,0.0610127072422769,0.0295757204876454
0.0225933301132432,-0.0179014948354808,0.0486068789714334,-0.0249779426694615,0.048911944638676,-0.0271204575324418,0.0508500281742337,-0.0272843807534625,0.101552640099895,-0.0101108028260335,0.0319981792556384,0.0341645607645234,0.0368832106487731,0.0388257293575598,0.0487106781905289,0.0309029891385259,0.0504300805221731,0.0276402036709126,0.0918567906146218,0.00308212070886217
0.0258584386537339,-0.012180974524193,0.043428429602523,-0.0257314173539413,0.0494737807634925,-0.0265617383958849,0.061086687666417,-0.0198561216266208,0.0890390298868843,-0.0012269588214708,0.00696974953993144,0.00501025912222485,0.0323194504367514,0.0122768136234819,0.0446160686227081,0.0226705490704115,0.0497368613789018,0.0277495323986482,0.0798730067458148,0.0196403313908603
0.024417357312805,-0.0120616639317315,0.0426787716649288,-0.0261177712032597,0.0547242178439007,-0.0262784942765625,0.0689307104023021,-0.0172720938762222,0.0929963149851632,-0.00113106865421121,0.00805707802126165,-0.00223603434521693,0.0391260008474701,0.0201057072807319,0.048711226184354,0.0275642270265679,0.0671701855266451,0.0251335192930808,0.0895247433540633,0.00347922492182457
0.0216503713922331,-0.0160241183074576,0.0411989814441942,-0.0252356311590356,0.0510720447981049,-0.024320269066997,0.0792028106253967,-0.00788457944925965,0.0961357569441734,0.00574834311338285,0.00747874597940251,-0.000232255438121836,0.0393198587059316,0.0208124142645887,0.0445289946919625,0.026737603417109,0.0583953124018482,0.0332746938536237,0.0933426565978667,0.0049571605926319
0.0241378233322048,-0.0162300784825438,0.0385293061539735,-0.0282367838546853,0.0518487203003585,-0.0272781985255589,0.0568370741752049,-0.0262156552161331,0.0810952467672528,-0.00957358902602054,0.00765792341133721,-0.0010776955884511,0.0365591478895873,0.0281540672409165,0.0465912691033124,0.0291614522757496,0.0557985164570314,0.0290442061463541,0.0926196459005963,0.00789520454913326
0.0284285078006372,-0.0132833585924397,0.0458320019050215,-0.0237792836463742,0.0525349430299302,-0.0240936698290185,0.0582993392533347,-0.0203530173828584,0.0921167780285678,-0.00320665286804559,0.00806202725687163,0.000231008754463864,0.0457152301845811,0.0246847565813863,0.0460436827062757,0.0246811358844046,0.0478659673347702,0.0293738003465703,0.082483796437731,0.00968163620407539
0.0206772201990845,-0.01295361384017,0.0398614129781493,-0.024423886876612,0.0464749228760083,-0.0280143881877056,0.0522332867823786,-0.0266083951099119,0.0820061690615876,-0.0104914357719611,0.00946176537583511,7.44467637387795e-05,0.0282874859187981,0.01012691648825,0.0426978562256288,0.0259790904036767,0.0455937255796532,0.0275854144068079,0.0648732053521396,0.0270781817393309
0.0251756673882403,-0.0091009446361074,0.0437122426293782,-0.021517034287847,0.0499220597816756,-0.02520762873933,0.0545937526123013,-0.0247122806859301,0.0826876916068389,-0.00601390027622661,0.0259361541698852,0.0123888984483126,0.0367229675432702,0.0200879200261696,0.0462504517887935,0.0305451410706863,0.0486352099552106,0.0294953929637369,0.0835261831116925,0.0132681768660601
0.0255748582270125,-0.00892575582815215,0.0442228766710638,-0.0227433939426991,0.0490429576260065,-0.0258700980117425,0.0539749259591209,-0.0236145692621744,0.0784318500580782,-0.00129105870248586,0.0125718636516128,0.0040843441334164,0.0433760325647986,0.0172627821428838,0.0440229959992723,0.023591160110236,0.0473858936103879,0.0275898354131755,0.0709558558745954,0.0223778413012899
0.0242382260412669,-0.0132277598019932,0.0435220474835,-0.0217126543168288,0.0521290007884482,-0.0241891841352028,0.067469897828978,-0.0133511049421857,0.0918658319328315,-0.00289181976088393,0.013524234264766,0.0053270930330236,0.0389642330458354,0.0291108490368522,0.0433363723454062,0.0293283068166757,0.0492249219968544,0.0277752646129449,0.0839834223646157,0.0128229492574889
0.0100691120480709,0.00550624949390544,0.0419420483880385,-0.01847498231927,0.0491776167307602,-0.027443135885308,0.0543225702668394,-0.0274848582279612,0.0822975624384785,-0.0115692376804885,0.0280012761498187,0.0348218391041721,0.0473853620139763,0.0324194831058968,0.05284073231749,0.0202839319995952,0.0654077952865492,0.0116424056607013,0.0833049295615682,0.00169125995889587
0.0331298285791435,-0.00945192725229428,0.0458016482100035,-0.0256485137967805,0.04661778702534,-0.0276551494634614,0.0545126509009196,-0.0257554755972655,0.0891022575959324,-0.0116867071581839,0.0398257051496621,0.0323091194826703,0.0581809661418696,0.0205040294680617,0.0476964584899296,0.0231130068691117,0.0612177819934511,0.02152334451199,0.0944283767163142,0.00593171347236695
0.0128435718265426,-0.0144711880918699,0.0396102871001459,-0.0246799588619681,0.0466746568424508,-0.0296104768914885,0.0562411236841741,-0.0279924576442677,0.0947629663779576,-0.0126680305078424,0.0140628776547216,0.0211941588411023,0.0463306887861594,0.0493356443837926,0.0540214523363711,0.0318057721522822,0.0459448806601219,0.0208111357132968,0.0928675638135212,0.00376129451571127
0.0165363397400576,-0.016570612874884,0.0423293328910167,-0.0246054301363026,0.046660570201061,-0.03016751196216,0.0512770334124834,-0.0295666751366707,0.0867993820284076,-0.0159310197433869,0.0223817920363005,0.029005289270479,0.0466395926604465,0.0410091820782008,0.0546092796272849,0.0316012503294438,0.0498073951780224,0.0280630480380244,0.0768799907064692,0.0101275361140045
0.0169149252420925,-0.00417578182916936,0.0430180778766042,-0.0233691408526134,0.0487963512417193,-0.0270276210114178,0.0584681858489849,-0.0198078024615421,0.089091877606474,3.43203296599446e-05,0.0165235648900902,0.0175325068630348,0.0406294912629021,0.0177530775779356,0.046537163088507,0.0156741077985848,0.0502040224634636,0.0264542574093974,0.0612711591790952,0.0315121308945424
0.0233025148154824,-0.0126765012248478,0.0454775147052074,-0.0223302294794453,0.0482899959133844,-0.0253827069561841,0.0603521962630212,-0.0179981405987326,0.0947991703033964,0.00559024129719003,0.0187145652847429,0.011704911954766,0.039873608322106,0.0286020131617008,0.0444434508519311,0.0287065882831401,0.0558900024733942,0.0327544796193366,0.0891301214842705,0.0117635037713894
0.0356883649183326,-0.0233152812169217,0.045202809334949,-0.0302982600220096,0.0624854463659418,-0.0202623767388429,0.0960296612103044,-0.00186212169832222,0.0974343691966079,0.00131286453201962,0.00385880072509109,-0.00496136825002946,0.003465228701783,0.000125848423274002,0.0483727008490755,0.0269797914403691,0.0506892386932221,0.0312692253640991,0.0797375373432445,0.0122938148648924
0.0209005502872838,-0.00429193334255686,0.0534602284993953,-0.0282933408885322,0.0529426633264366,-0.0298604016340435,0.0519373129329559,-0.0276161126672737,0.0976261142344173,-0.0100688389782283,0.0140681643052819,0.0197353702804519,0.0393666695030959,0.0386860579169455,0.0497029192535383,0.0285082128186929,0.052203708237496,0.0249707327590286,0.0819382247239221,0.00704280611072448
0.0223645565657764,-0.00481628590306555,0.0469991429829759,-0.0254278020885191,0.0489405748777759,-0.0264093651204867,0.0790415604442866,-0.0102719640956191,0.0993397860255858,-0.00288365697864947,0.0192022968171263,0.0115791604572464,0.0449283219135543,0.0193534553364382,0.0462594258813686,0.0285074635603169,0.0615516015577435,0.0232453038873641,0.096110009641907,0.00337004931446475
0.016032115107496,-0.011586376788124,0.0437266923882441,-0.0217118778723725,0.0530952385531465,-0.0270765493501073,0.0510056793164406,-0.0258628499462379,0.0756917556433627,-0.0103728733119816,0.0255512992996581,0.0138821500807761,0.045598023830177,0.0249255751609967,0.0476861115109875,0.0264197847585421,0.0603138128545054,0.0286200178421498,0.0937032331603297,0.00778618244351386
0.0236518770347517,-0.00768505343429249,0.0442601856584899,-0.0236447151287008,0.0498154275317603,-0.0277287206723945,0.0545480539800029,-0.0239004002325629,0.0927032698391538,-0.00744357774959328,0.0138647132368466,0.0128720219623396,0.0442804447275924,0.0181455056971181,0.049282044839587,0.0275351596134254,0.0501116199151967,0.0271938044477108,0.0809502807839531,0.0120778631713563
0.019113368153303,-0.0112782865990751,0.0384544127011752,-0.0233927382808604,0.0480626525405894,-0.0269286108651134,0.0498936494994908,-0.0272938736060962,0.0816068082436218,-0.00819760787202043,0.0135763309944533,0.0106247100255912,0.037241075628711,0.0214735896437068,0.0498130536415951,0.0277795883253462,0.0513682963274413,0.0271167972516979,0.0794481383723672,0.0149188729450612
0.0188516898158692,-0.0123168932905486,0.038383281109931,-0.0251603607351141,0.0506594312643323,-0.0275625987686062,0.0586727579636103,-0.0247320909674788,0.091568453079011,-0.00363400057414065,0.00705663958677728,-0.000892780250607127,0.0337524281084908,0.0215885293994347,0.0477532886346679,0.0279212221211959,0.0552194927392405,0.0280590725084793,0.0883440841449326,0.0140161742412965
0.0248190706519311,-0.0201870831371446,0.0447713454104661,-0.0259132791616441,0.0471865271261139,-0.0292130510463892,0.051977172784504,-0.0289054721278855,0.0920974822458579,-0.0124435777542871,0.0321591275600828,0.0438364489638817,0.0432014733422421,0.0273337253625825,0.0494501162425065,0.0277533906073524,0.0594474265165916,0.0223683447790307,0.107469503990316,-0.0116944999982223
0.0148321767875068,-0.00929970769825463,0.03984826126817,-0.0232194786568608,0.0475031075308766,-0.0279643548892327,0.0536162852564567,-0.026815122373111,0.081503589506449,-0.00860280927976586,0.00240040245505489,0.00115879192316053,0.0338504249232203,0.0107773059199781,0.0493160199770847,0.0249006064941587,0.0491184126922884,0.0264274251872942,0.0642931264289278,0.0227101177574038
0.0210332338133473,-0.0138127278850228,0.0455661604204792,-0.0262680196165996,0.0490824180457737,-0.0271975320633046,0.0756887452069876,-0.00947569319791873,0.0904526779414881,0.000352068914677584,0.017469819997089,0.00594837487939341,0.0397646843095998,0.0271553509365468,0.048923380009347,0.0285963692457678,0.0566470373631943,0.0316233971631201,0.0890352162626484,0.00929968076297786
0.0209944784746545,-0.013342043115961,0.039891209440423,-0.0282580940941157,0.0502487975692669,-0.0291168157235816,0.0657140559942072,-0.0193130646063273,0.093418903087611,-0.00122282773188536,0.0115502709951232,-0.00260371041912916,0.0312386263882712,0.0129373529350748,0.0434085470031486,0.0227418445766766,0.0513564283702776,0.0312358644387842,0.0691042421153348,0.0235249974200548
0.023126094903374,-0.0138551705491552,0.0430696583105113,-0.0233331473234751,0.0495881083585103,-0.0282342394847598,0.0555254001299255,-0.0233052595251366,0.0957586956731221,-0.00699380620664778,0.0161299323951626,0.00741035518309248,0.0465568674643122,0.02113393429752,0.0502960952783503,0.0275307016518051,0.0663001230517605,0.0225938193596601,0.093867797471636,0.00821794176894305
0.0249296579060193,-0.00683038291311308,0.0501275707969874,-0.0223290924542492,0.0503020422966425,-0.0264883488290731,0.052912005536708,-0.0235699252757173,0.0868223151548594,-0.00711987810937857,0.0279046459592653,0.0152127837948989,0.0532316734837885,0.0184064413232219,0.0500304037104404,0.0290042520744309,0.0529906714836331,0.0215905599334216,0.0915301244915242,0.0103352030902091
0.0188499256204309,-0.00996838619864961,0.044147369118674,-0.0232822316414232,0.0529343829001465,-0.0280389700479316,0.053341437001795,-0.0257187901125042,0.0859771299732669,-0.00602456540824971,0.00541660801344291,-2.88836416918325e-05,0.0433395465726514,0.0248591427442653,0.0528182741516228,0.0303977972985244,0.0616670966210711,0.0213093973763121,0.0929872610766782,0.00978568168888671
0.0105769040569732,-0.00378058107469767,0.0350854700670525,-0.0219688262416355,0.0496786816697568,-0.0277307626983497,0.063696496606447,-0.0224637228323494,0.0983521326001035,-0.00721367108056379,0.0144392773836914,0.0110566122499348,0.0437353790697827,0.0246381187849861,0.0495734646877822,0.026917621655706,0.059500490142153,0.028139493646044,0.0946326209229756,0.00549258397087037
0.0212294965867233,-0.00915987693130498,0.0441166929858984,-0.0218116317801325,0.0542504321919989,-0.0270886738846282,0.0544311200227412,-0.0236618843275343,0.0889098742389992,-0.00764637617003584,0.0173194238141787,0.0166027002884219,0.0530130517340724,0.0274981699286364,0.0498097131307497,0.0289348121555251,0.0748069667553925,0.0134432300812772,0.0945817721515266,0.00613279134319491
0.0247328615934536,-0.0136411230094534,0.045521972281029,-0.0267803374885432,0.0541503663170007,-0.0298267001407502,0.0741690917569855,-0.0131529843001656,0.0989142395344038,-0.00726276979171039,0.0176538961384001,0.00903121247432679,0.0432153089898818,0.0227554577354709,0.0499318473113078,0.0301642596266003,0.0573146248263043,0.027824793109272,0.0919303593367894,0.010033522614626
0.0283105936956429,-0.0148632726821332,0.0452442728282292,-0.0278080160474801,0.0478313898955107,-0.0304011312886331,0.0677611214017539,-0.0219656629523959,0.0988317439306003,-0.00828882993295938,0.0167313557307322,0.0261373154398296,0.0419236077985836,0.0476325132623121,0.0527226098351847,0.0348360001327395,0.0483822983329669,0.0270699918750094,0.0774102367236898,0.0102471700456692
0.0169578283142088,-0.00893875161716211,0.0390162223457389,-0.0220570272784449,0.0493109075814497,-0.0265868198148528,0.0575211055136884,-0.0241182788522571,0.0882780069540026,-0.00746306068460228,0.0252910207610943,0.0139075588245779,0.0426113383937178,0.0222075461928432,0.05068370093075,0.0299988595602212,0.0521917401185841,0.0222748850482616,0.0942916115631976,0.00659114296369226
0.023789870070244,-0.0183729081935205,0.0378850617509939,-0.027768371894846,0.0490508799961918,-0.0273385862487593,0.0545572487554943,-0.0233849944342472,0.0852116448430847,-0.00184306441859811,0.00494597218936745,0.000111677879923969,0.016114918780253,0.00267052445696907,0.045189188835781,0.0278046025750923,0.0493140551682498,0.0307040543822013,0.0942132808230055,0.00787332537866133
0.0213498568990057,-0.0141521817055158,0.0404269100676152,-0.0236694810176791,0.0484044972792941,-0.0275149776034199,0.0561482392682976,-0.0243208004706622,0.08863041593724,-0.00796048697716461,0.0148804802231674,0.00767436162171847,0.0469761706442049,0.0258643656970306,0.0485801897273307,0.0285056423700513,0.0756436423021573,0.0135480431469771,0.0947458267289776,0.00714235080617702
0.0170107821095266,-0.0097257393615009,0.0432290537117904,-0.024120871355551,0.0548029742872088,-0.0285178295794145,0.0612603687914197,-0.0219369349457363,0.0871551997978952,-0.00464934619411134,0.00773616675188383,0.00856745808798736,0.038346008180673,0.0250627807877047,0.0536233424431633,0.0257349458956254,0.0495214589514523,0.027824033793935,0.0717664884970581,0.0245788428721116
0.0278322801836214,-0.0136890467378159,0.0479911562025659,-0.0225470718832989,0.0486632173194068,-0.0277905522619817,0.0554501096416322,-0.0241444179815806,0.0898765637525508,-0.00948928449439218,0.0348103507994258,0.0422785405120865,0.0529508169821675,0.0353924322019834,0.0503589386186508,0.0281568296322416,0.0963107991513426,-0.00390489948904557,0.0998996679418426,-0.00754117430019926
0.0205351144422996,-0.013820557163149,0.0363788445578809,-0.0229749801647381,0.0495719860728699,-0.0270824671471836,0.0536242768578504,-0.0236122123004274,0.0861527347191361,-0.00389485985081865,0.0112769465734341,0.00234358791107944,0.0451742737440231,0.021846357319632,0.0489142746835592,0.0306172130422508,0.0605018889246007,0.025962598454797,0.0941455728617022,0.00738331512399608
0.018322212060556,-0.00741407340501741,0.0480886150972592,-0.0236428786165547,0.0494300639396794,-0.0267304951802916,0.0536149135116258,-0.0227753931872606,0.0933398112480689,-0.00997943428946623,0.0326450155995638,0.0209346228247114,0.056511422687412,0.0268278700871106,0.0518328976007903,0.0276530618399544,0.0890539743784998,0.0053300752568899,0.0957566171145357,0.00435521848676744
0.029733016265687,-0.00472955442013382,0.0557688300085721,-0.0212126813326644,0.0491893525814041,-0.0240213995960387,0.0524529718099136,-0.0278804955741005,0.084689329131335,-0.00700149993304928,0.0294127418977042,0.0350321955107875,0.0569468271555909,0.0304235458666406,0.0498550922264482,0.0274031699546076,0.0804762972786373,0.00501182228332406,0.0949790746671079,0.00628800863202755
0.0187187045225143,-0.00994092042529032,0.0453391870142784,-0.0228528460606447,0.0483949893883102,-0.0280740977209003,0.0549956247434021,-0.0225602651476422,0.0945193689420958,-0.00764860017924767,0.0214641715592061,0.0205961243541006,0.0502491745244083,0.0272978965562619,0.0503433460625001,0.0276446099575798,0.0748818277393374,0.00890537012551858,0.0927898567070441,0.00901320723893318
0.00582133414768137,-0.00178751562881003,0.028996968167717,-0.0134775059513062,0.0515566534487564,-0.0296629831792811,0.0521672954867169,-0.0258857415082225,0.0818541388820013,-0.00748591005247977,0.0193704548062326,0.0239299717702935,0.05800965454651,0.0285966453191133,0.0514879344629969,0.0278392369813528,0.0714316308725769,0.0164295917194636,0.0958708979757937,0.00217646820961023
0.0185281475505003,-0.00898275529178551,0.0416553613317314,-0.0210724115249058,0.0529778317663751,-0.027933075439911,0.0521998477205017,-0.0246839233968365,0.0758557879626656,-0.00767209138954791,0.0142449344465861,0.000798000751738572,0.0495020605223631,0.0227213424643558,0.0512043104440161,0.0288109112605959,0.0485937384552078,0.0288153166879781,0.0764323448070081,0.0111598037023952
0.0245633600412601,-0.00834304420110192,0.0439404853120235,-0.0289753693392855,0.0483519519160747,-0.0284893237771266,0.0507892454647345,-0.021193157734838,0.0929391243986509,-0.00416503385815381,0.033233619918706,0.0580691939604751,0.0536580550770521,0.0399453313443112,0.0456135684531578,0.0246785686926725,0.0505783576346074,0.0269447979966808,0.105798273912141,-0.0162580715305997
0.0275471818947462,-0.0103117631084817,0.0469707215657679,-0.0255721132233832,0.0505117369148146,-0.0268486976125331,0.0538029256514418,-0.0249920398213437,0.0866983886328313,-0.00610590026139666,0.0251360809144634,0.0162001636526971,0.0462386432745709,0.0333075698361871,0.0453788116258894,0.0250687036034076,0.0717667197110777,0.0287221026672894,0.0958231383289781,0.00328606763154702
0.0211179555721422,-0.00906135397209181,0.0411942963741401,-0.0235888551951061,0.0515160769759795,-0.0277513559363832,0.0505512969707617,-0.0274674483383488,0.0786524290100827,-0.00988898402632157,0.018015798135072,0.021913661635181,0.0449704340468181,0.0329861784631273,0.0436215741362502,0.0274989875885082,0.0471224594199005,0.0279382064083847,0.0811676814622952,0.0234009062814689
0.0208105413500152,-0.0117542167480436,0.0397405564873746,-0.0263382822190317,0.0490268388135711,-0.0282857853956563,0.0552932248444471,-0.0254655845617984,0.0817629002946877,-0.00769274260034236,0.0133591989827094,0.00161835132208632,0.0407165115799621,0.0195554687745076,0.0489989046116496,0.0321743086019159,0.065751963228415,0.0258855252578067,0.0950924246936503,0.00469962528069345
0.0214024045775341,-0.00999307455947227,0.0411922340982815,-0.0249665767325814,0.0489913665985369,-0.028730928624562,0.0507756833117287,-0.0263439509091246,0.0876817322191296,-0.00756433334715137,0.0157333751481333,0.00734781852566679,0.0266128071132616,0.0207802133578942,0.041193703684664,0.031034830792451,0.0484095016689668,0.0303245419513016,0.0941482842406693,0.00818843546669688
0.0248288273882855,-0.0129309791704971,0.0497314456141285,-0.0292065003730856,0.0492978835391731,-0.0292223457357625,0.0715839923656344,-0.0140789849642836,0.0937281411044664,-0.00634352226162219,0.0155864179701055,0.0285616241426982,0.0429121479696539,0.0533719565279848,0.0496451477878018,0.0351465454768028,0.0514272274014823,0.0223224502112359,0.0948812976958963,-0.00234809454966464
0.0273342600250307,-0.00745487350476035,0.0399697227725984,-0.0222328975308943,0.0479010198747726,-0.0265674651014316,0.0502937644007608,-0.0282131736781803,0.0872974022098193,-0.0115811083893457,0.0103509739358676,0.00931655321560147,0.0447640807784508,0.0206792627552798,0.0485737510239539,0.0254525017758432,0.0510836701829211,0.0242099639371119,0.0861495908824284,0.00297632762923058
0.0249013243614122,-0.00552579180798646,0.0464237663495334,-0.0227395588718479,0.0483060382011339,-0.0282111781031532,0.0590992532527207,-0.0234621831107468,0.093442670279243,-0.00754896908826593,0.00945544316575551,0.0195607678866072,0.051794107247882,0.0290090897879455,0.046908678053212,0.02381914748072,0.0636420333576089,0.0219651042901256,0.0937673476853117,0.00744225671602613
0.0202063073726751,-0.00906643040636997,0.0437491032979217,-0.0253116418112969,0.0550041916999086,-0.0279478058338426,0.053334807259936,-0.0254592096400663,0.0828435902244801,-0.00631148985495309,0.0149027122483157,0.0195362636964564,0.0533512153565606,0.023875912279053,0.0544489327108206,0.0280614981372459,0.0530907117537018,0.0283272607255806,0.093883665239134,0.00670450193419865
0.0128963555385585,-0.00536504333585709,0.0326113241704184,-0.0202920197370683,0.0540627300416631,-0.0250691439516374,0.0503413301986362,-0.026934341347298,0.0727730883269509,-0.0118138143829741,0.0104810694610008,0.00730836484732175,0.054083835720982,0.0294271938104262,0.0477699580634649,0.0291136480887862,0.0722856493340546,0.0107073779359364,0.0948976351811754,0.00505141550185538
0.0183228679304924,-0.00632619795920451,0.0447201079032496,-0.0263385767869869,0.0487155283031246,-0.0281232630586707,0.058940254101925,-0.023928689506139,0.0916121719273582,-0.0071214787129993,0.017053944395266,0.0241741583263631,0.0486181981663497,0.0494749337498388,0.0548265034224428,0.0339443252369417,0.05066321029501,0.028921283773778,0.0735241726417787,0.01195127782142
0.018235250953021,-0.0111099080111305,0.0404638293416754,-0.0235513825209336,0.0487046765489945,-0.0280743691339004,0.0577056621823918,-0.0235370483792198,0.0803951308360913,-0.00128042159887366,0.015574287057443,0.010041936118332,0.0430695431631811,0.0125387787010784,0.0513315977686567,0.0217097243785118,0.0571226766782935,0.0309291504675941,0.0933497507887311,0.00700077630471425
0.0251321209853421,-0.0106289637742251,0.0442347566924769,-0.0263843018731918,0.0611823946133304,-0.0240219956059093,0.0836108131607145,-0.00292033701881945,0.0930410934669098,-0.000714220692873928,0.0182928552093876,0.00751204970609034,0.0586374412314058,-0.000752471010546932,0.0572047697350992,0.0294748691150405,0.0538679592901432,0.0318180946237559,0.096148782149281,0.00448153992224021
0.0191982717753097,-0.0102584016184055,0.041795926780208,-0.0214329518151053,0.0459965856072421,-0.023503204186265,0.0619034892325239,-0.0218027831646941,0.0959238941692338,-0.00838399860774709,0.0159986733594697,0.00290689309885769,0.0437488837958386,0.019519321312398,0.0458304561252608,0.0293308883369643,0.0729196670956163,0.0205448936967522,0.0952670364382588,0.00467036656728004
0.0211218155961574,-0.00547406211245852,0.0430526428310036,-0.0206780952474647,0.0525825333693788,-0.0274601170696914,0.0580255044913452,-0.0232559899247502,0.0918714551243052,-0.00872201793046914,0.00630794480491359,0.0107751670712776,0.0278885869170196,0.0239396575434809,0.0525380166413709,0.0325407943235987,0.0510732320518842,0.0198943357769767,0.0938557980958921,0.00538623939490177
0.0195729430290188,-0.00831122023629723,0.045830396195311,-0.0254540781871041,0.0475991312574034,-0.0284310848811188,0.0600355096715333,-0.0254667397413976,0.0897074721195132,-0.00883345135909067,0.0307469573317411,0.0517082353731419,0.0451678575472355,0.0528432313667115,0.0509626345832799,0.029986702063084,0.0502380556594906,0.029599917719315,0.0776124141501319,0.0153936370980786
0.019451560481228,-0.0132529707954749,0.0396680565938309,-0.0205944939331662,0.0495698577128627,-0.0252839683494769,0.0623217487305913,-0.0233315657347594,0.0956062514932226,-0.0104649239410675,0.00701327439305676,0.00144904245128101,0.0294510446000506,0.021608973732359,0.0450313218644251,0.0299716281239631,0.0516336173026252,0.0260976254380774,0.0812048830538588,0.00503396771563039
0.0208199937073236,-0.0145873695045242,0.0371812132938395,-0.0272906633750721,0.0464604693604047,-0.0257450025090476,0.0577320025730286,-0.0271514996948498,0.0934469327269081,-0.0122586068276118,0.00668735353903734,-0.0034258394907233,0.01779716876212,-0.00504440641050424,0.0393956506276143,0.0229218136096007,0.045086313090273,0.0307901646348864,0.0600019698787247,0.022969844563686
0.0265481983885644,-0.0166751246076681,0.0425497776261465,-0.0302967775084761,0.0465239226979522,-0.0321762008034689,0.051213203490945,-0.028418561218766,0.0846000996156332,-0.00829020365624376,0.0165792599673811,0.0227357253287176,0.0373341514057398,0.0373909558263189,0.047357231345031,0.0279519886927663,0.0521389262915355,0.0272344539626157,0.0807741631925679,0.00761131148664842
0.0247900258441224,-0.00666588992830643,0.0482961071170375,-0.0256461247767603,0.0494444808771338,-0.0275987910448059,0.0696094399608691,-0.017983644044705,0.089635120849729,-0.00449275111826905,0.0107174067738401,0.013666579417917,0.0381021332300423,0.0392588460778867,0.0462978131122087,0.0300314105244179,0.0537720811390057,0.0285051620988859,0.0721168095430545,0.0111854346070862
0.0247409720376135,-0.00672846735769647,0.042601628491328,-0.0303039587685445,0.0469438032236577,-0.0300101316735206,0.0549205075039134,-0.0251159631486864,0.0901005702361438,-0.00452851699160973,0.00656922588178133,0.0053914503372219,0.037836835005558,0.0391682964518144,0.0506112215488907,0.0298722787390972,0.0526313304937853,0.0264809597566249,0.0860206568837767,0.00725430776507294
0.0184455187213248,-0.005376499978471,0.0422783662465441,-0.0155497204044541,0.0504527352993086,-0.0303730170788027,0.0539166964170449,-0.0247575793570075,0.0793533286846177,-0.00375080212467142,0.0273797113965802,0.0374612868683376,0.0474578069486406,0.0317773420816814,0.0503622706150354,0.0300454729856962,0.0622810648748275,0.0199852164007934,0.0917250034268167,0.00454016995504134
0.0483869932072227,-0.0209602264488655,0.0503222835800655,-0.0277813630903448,0.0883032206388108,-0.0074321262059204,0.0991149465964256,-0.00134216159951866,0.0986053718911305,-0.00120556229389994,0.00893815953312928,0.00886707287271848,0.0440486170539427,0.0339462724584409,0.0500412885428755,0.0270956652763036,0.0617440667805986,0.0199620225660876,0.093954248481829,-0.000255391879305826
0.0275825210582502,-0.00754132196628739,0.0486204163806653,-0.0233964315912522,0.0498766030878644,-0.0260038489112318,0.0501614320535955,-0.0276866396315948,0.0775226284814426,-0.0120647268080798,0.0142797260427588,0.0138823605073291,0.0425332079841871,0.0379936575743995,0.0532313554891574,0.0255615788883518,0.0551020886896972,0.0251467818749779,0.0780655780168376,0.00814864832000888
0.0198927865935513,-0.00601769709698059,0.045459648370803,-0.0234888091516589,0.0488962201514674,-0.0283089025382262,0.0520166001668784,-0.0282752696699538,0.089996686391559,-0.0105288011043343,0.009644209212504,0.010419630036902,0.0338459858932275,0.0298060989357136,0.054028397727418,0.0303649190726613,0.0466954611898717,0.0274820802592145,0.0797970924027964,0.00940788430230503
0.0190791911511045,-0.00710166975415354,0.0523372254278693,-0.0265495427318873,0.0508297624937961,-0.0277500800216806,0.0522081759625806,-0.0261402835517769,0.0833293972136181,-0.00668785944115713,0.0140187871573505,0.00933176913066199,0.0402663868032641,0.0254978877725402,0.0478970219768737,0.0267461739366318,0.0557616431458729,0.0246912816210798,0.0897184090442023,0.00515627220404116
0.0277416891822744,-0.00968120610034707,0.0461604359598952,-0.0240082604553402,0.0477212419012003,-0.0284358522138502,0.0551269937088461,-0.0263222809470476,0.0886498320779415,-0.00898225777316395,0.0123214026598573,0.0103578638504884,0.037129871619236,0.0314444619624305,0.0502576960219026,0.0290310002660626,0.0536970363661086,0.0265793687157495,0.0844647927592529,0.00775672963671603
0.0236473233022068,-0.00753588665544788,0.0441247305273269,-0.0245919005053739,0.0533296843170197,-0.0300007159210279,0.0535884447788411,-0.0276453388260571,0.0863857763615009,-0.00992218556794866,0.0143240751160482,0.0122481616798204,0.0494647022775787,0.0328155988223292,0.0522601247533723,0.0298000009809734,0.0515272823019667,0.0274250066105758,0.0841858293276988,0.00917350610881596
0.0189443064165127,-0.00961692004806803,0.0419872340388538,-0.0186075793376625,0.0511085012836794,-0.0272761572438393,0.0510409149347222,-0.0267157417877905,0.0828981990758648,-0.00355697219224117,0.0128570950466995,0.00893036562141232,0.042590628956974,0.0265846737508291,0.0475328974954011,0.0257954937265943,0.0556739390824196,0.0263024222500038,0.0851553534955996,0.00550286524387624
0.0135802780863541,-0.0109243486276314,0.0398585928463159,-0.0226101499655407,0.0493741491320494,-0.0288030318893718,0.052012052466464,-0.0275259665591034,0.0906876214545828,-0.00998257490307508,0.0275142353044047,0.0159202455595307,0.0477614189741977,0.0268128206467439,0.0503272761449588,0.0271961052316716,0.0706679893536354,0.0153502098893447,0.0934681931286105,0.00362685629219374
0.0215581835976181,-0.00851312760309274,0.0426472957937901,-0.0250915959331101,0.0480578662422622,-0.0277192440003748,0.0522993152283491,-0.0268661783136844,0.0904081827507331,-0.00901480526181848,0.0172091086705508,0.0128430887921007,0.0481773109064526,0.0425530812437004,0.0483999537490486,0.027276685956246,0.0559885444907164,0.0245603105571356,0.0971033236058183,-3.14398294392821e-05
0.0182490874541406,-0.00430329196753946,0.0466989744441145,-0.0203298235536067,0.0489467340133779,-0.0275989488506973,0.0509656852528066,-0.0263456870837618,0.0847318896925948,-0.00538012310355565,0.0068937451263863,0.00219723842504104,0.0365559636230457,0.031275614839246,0.0508741105750699,0.031019903884935,0.0536092000687695,0.0270459005630599,0.0730891666458801,0.0115509896007181
0.0506290324561792,-0.0245393219485667,0.0599347771234322,-0.0204873482674884,0.0977171644653899,0.00150708134746425,0.0974787450479752,0.00171643225884584,0.0974787450479752,0.00171643225884584,0.0527896118529978,0.0256836488159816,0.103168623443405,-0.00485791504019519,0.0568254331984368,-0.00244548512632127,0.0052168861115523,-0.00363940466376774,0.079533084262911,0.000832850871212793
0.0233258462310851,-0.00714440052406832,0.0501757069675864,-0.0210650701784478,0.0511961568300741,-0.0265947552845495,0.0518013157461026,-0.0249399696879829,0.0813990346158843,-0.00743185150901109,0.0117090613239409,0.00670167895712149,0.0380823551250985,0.0312901105998404,0.0538458651448324,0.0307682861339929,0.0556346738605365,0.025490749983131,0.0853896176459441,0.00564210488973354
0.0201073596121155,-0.00671151989015695,0.0455977793807771,-0.0226363834086819,0.0500443872524641,-0.027884957685835,0.0520934874740858,-0.0245867206283422,0.0920013807680042,-0.00594527390327683,0.0209625802652451,0.0182745068551482,0.0466895636613405,0.0323855453779005,0.0511361389136467,0.0286039875068196,0.0639336743979685,0.0211574738452696,0.0931491916491109,0.00572101947477419
0.022860787496434,-0.0102708953691614,0.0499205128989941,-0.023907810940476,0.0520918734763191,-0.0285896629529441,0.0532749953061001,-0.0251060643164779,0.0873047884119407,-0.00641931265623918,0.0065223808802506,0.00185744147961803,0.0374701020734858,0.0323418575418912,0.0525803828338596,0.0281561515233443,0.0558902204155402,0.0261714092691077,0.0812891636078267,0.00882420449469083
0.0231435641499999,-0.00882109203322895,0.0456244483402165,-0.0211817073520599,0.0501817123455464,-0.0297850293578154,0.0552631152680659,-0.0268705645689165,0.0981001733810289,-0.00870175521061482,0.0351004663824165,0.0259129826834783,0.0507202737753368,0.0269774312252279,0.0520297979907944,0.0253661725825556,0.0704754978734822,0.0140901290528707,0.0929722830825264,0.00323707840430354
0.0156284406218405,-0.0042714506418096,0.0482402712104346,-0.0258631339780997,0.051791957926737,-0.0275833089264192,0.0557493034958233,-0.0240835745067089,0.0885668389263967,-0.00381700172599654,0.0110367336683736,0.00712444317697289,0.0409901412556889,0.0414902153755197,0.0498943971617627,0.0322687219107946,0.0537865413779838,0.0291125092880787,0.0659793860995994,0.0180054642201834
0.0179088516386049,-0.00536532913953553,0.047406520273555,-0.0233425104809747,0.0535475776687109,-0.0283375065548681,0.0525813021917235,-0.0279020546228444,0.0787553697977775,-0.00667434152972658,0.00948891181030917,0.00294450487298146,0.0367772553096111,0.0274359419801223,0.0513016871255249,0.0295961600633995,0.0551195913975426,0.024890458376223,0.0789996210594355,0.00725918506930792
0.0156890558708078,-0.0091489422522932,0.0425058834700201,-0.021840416803524,0.0520349399010611,-0.0287771827057936,0.0529878124389439,-0.0278641664231433,0.0893248691105352,-0.00988467864413438,0.0164185877344941,0.00714673245939388,0.047545796834441,0.0323070144744445,0.0533809028263583,0.0299148230560874,0.0513303681934183,0.0282948839974515,0.069908734179818,0.0116712853466344
0.0238403826817125,-0.0078438898227191,0.053057253234851,-0.0254532755203939,0.0527647637528,-0.0272751610717506,0.0527991663803426,-0.0259155245568945,0.0881464677055001,-0.00679060380211474,0.0123541351431663,0.00243554125670399,0.0405287073173137,0.0224097752116168,0.0487937129448044,0.0261919279220804,0.052337475127361,0.0261402603434857,0.0759542001526887,0.0101324704226977
0.0308736722926152,-0.0149201465462415,0.045118629692075,-0.0255923882346883,0.0480253921026884,-0.0306039667972692,0.0594787728113937,-0.0244502691997719,0.100919432335204,-0.00986236066823756,0.0151492300288053,0.00795676912047728,0.0473307175357924,0.0281138825725741,0.0522690563596552,0.0276618673543695,0.0562328360146484,0.0238690128838432,0.0819012231260292,0.00699003176536012
