u1_1,u1_2,u1_3,u1_4,u1_5,u1_6,u1_7,u1_8,u1_9,u1_10,u2_1,u2_2,u2_3,u2_4,u2_5,u2_6,u2_7,u2_8,u2_9,u2_10
0.035219792661802,-0.0184475643048242,0.0487752734029528,-0.0279584167957524,0.0492526331662929,-0.0294091265981015,0.0546281449363808,-0.0265228275441008,0.0850348303043847,-0.0137165985455419,0.0518460779950352,0.0297558157071835,0.05196550762441,0.0251345573954833,0.0976788161523149,-0.000727392603004512,0.0778777770418819,0.00192023483237937,0.012204960296698,0.0133285544270323
0.0497008245047808,-0.0279004858313783,0.0981898651189251,-0.00134516797791213,0.0990817740591591,-0.000192426453546673,0.098968188475279,-0.000353780216778133,0.0987594073468305,-0.000570839650954022,0.0987588458392669,0.00224725825325458,0.0052015099732385,0.000631986912797686,0.00147483789179643,0.00247466409183988,0.00806047813089412,0.0159945669397016,0.0434247601821229,0.0342839187855563
0.0308917382861483,-0.017119721049924,0.0459091660082585,-0.0260175807233689,0.0492501917491257,-0.0283531823393176,0.0634428980475712,-0.0222128977668288,0.0902694529471433,-0.00934959398986289,0.00446777789974075,0.00971782989407255,0.0328124998220678,0.0277018624145798,0.0525300946164985,0.0299551881150954,0.056896349028498,0.0352368968955517,0.0828562264565307,0.018784125376803
0.0414619433902928,-0.0218472933127807,0.0499253125181434,-0.0280213662926259,0.0658083150912971,-0.020397207965914,0.0967366385379067,-0.00751403907607996,0.0984284215469504,-0.00112230118383079,0.0821221106826701,0.0210085534180104,0.046048526048331,-0.0131323727246628,0.00178184774999789,0.00117166794601202,0.00751348310527843,0.0083969568439415,0.0528145339264545,0.0327227049144681
0.0294646164490491,-0.0171325081758652,0.0447393361836687,-0.024907320761062,0.0492995079508312,-0.0280546935222077,0.0637659441824888,-0.0213739338983647,0.0842844484328643,-0.0100561519034782,0.0486492360498693,0.029835034357667,0.0932542400260029,0.00953673006366324,0.0786923535963196,-0.0034794561394681,0.00946026992350447,0.00843865324856012,0.0504760906688267,0.0311398340742748
0.0336749010055057,-0.0160310256487971,0.0499104935551689,-0.0278643158032751,0.0487627543025027,-0.0282931069432692,0.0729565171807479,-0.0176486899043648,0.0990871379307408,-0.00341646398789022,0.051385079893681,0.0310730882854603,0.0934517703997651,0.0065061998237601,0.0975942134284438,-0.000872216094455098,0.0994087492322155,-0.000526293420395383,0.092489721238883,0.000243947964230808
0.0261238354026095,-0.0147171380864146,0.045284784013267,-0.0224575032244281,0.0489544369073256,-0.0273758102658176,0.0576603736010484,-0.0222998230172631,0.0862408432283791,-0.00873506742785565,0.0240749015262377,0.0238654601175882,0.0446581397905123,0.029867262764879,0.0512703887077878,0.0306445048404329,0.0741483306563527,0.0194007524389115,0.0871543797211897,0.00613742553538891
0.0501928257573696,-0.0278056873221749,0.0861519118207486,-0.00667920435717828,0.100029618281288,-0.0036769547413944,0.097832155675514,0.000689136425180887,0.0985122182869976,-0.00174544578297102,0.0506082921537587,0.0317213147988662,0.0984524481775478,-0.00153613692047156,0.00357852301237469,0.000728867032673835,0.00322901892657485,0.00117298050483816,0.051488009255092,0.0316171506307463
0.0414669526893037,-0.0231574858164946,0.0573010379360609,-0.0240034645014179,0.0977142390230512,-0.00234771844166519,0.0982193254092317,-0.000310552175418555,0.0972214915895418,0.00113568914171306,0.0946460098275607,0.00160699763369658,0.0435810343287056,0.000829520558999675,0.0033743032173683,0.00137382690957544,0.00366482210077932,0.000823981975861995,0.0498454705755529,0.0270284846333081
0.030544458726937,-0.0158705028819275,0.0452157682419028,-0.0239842602151195,0.0490488354457597,-0.0273646968421024,0.0510709866165293,-0.0264247139470517,0.0812718258047349,-0.0139171256358043,0.0355976868002669,0.0267316348349139,0.0509159262012564,0.0259475925931139,0.0507126225313516,0.0282601195517325,0.0512013502422754,0.0282553953825023,0.0657109424841584,0.0230407082581123
0.0281103736864619,-0.0222532817362003,0.0477267988922215,-0.0267166383859522,0.0491075566151401,-0.0277556230280621,0.0617898736567649,-0.0223845104132627,0.0869405778538909,-0.00601888313280166,0.0327612912164859,0.0276935480316826,0.0499390830582734,0.0283937642276751,0.0507110634457394,0.0281046769139015,0.050855083892413,0.0278677763668518,0.0715205086736143,0.0129034010452787
0.0293988327515594,-0.0179240523147658,0.0443638902639503,-0.0246275213593924,0.0488130405933612,-0.0264302375036116,0.066674128948514,-0.0186520285610804,0.0899654945905958,-0.00297500945117772,0.025061281822512,0.0272659250784079,0.0476990541335526,0.0300977330308153,0.0512180717275001,0.0286544235023063,0.0509728028193679,0.0276806482642773,0.0686164670253143,0.0228915022476358
0.0337625496106773,-0.014211004535872,0.0423174974968693,-0.022244332040116,0.0505392216924276,-0.0273680078149802,0.068138043979407,-0.0206370035636878,0.0891477124977898,-0.012949358411784,0.0383491355344063,0.0197997194053065,0.0512990429010228,0.0268124030661429,0.0530946101917446,0.0274510400899196,0.0605948430971249,0.0242580986106275,0.0958159979092331,0.00438136254826252
0.0417500866973211,-0.0229545252260686,0.0510681963528882,-0.0268241630100485,0.091604327299146,-0.0144262364418608,0.0976955581867579,-0.00873044204583088,0.0942464861999521,-0.00136347037661498,0.0517806040997553,0.025234517438554,0.0503297776715244,0.0280860322947792,0.0910365301765982,0.0111374095813701,0.0970077178394564,0.00160181800724426,0.0364733349278197,0.000674459656382115
0.00848712505466392,0.00230940254222182,0.0239604199925428,-0.0141270418207809,0.0504464880714633,-0.027744770187652,0.0544122408130834,-0.0283853657498868,0.0838509407318594,-0.0229957952110546,0.0391398612284439,0.0265597638965331,0.0510817365110864,0.0273599406746291,0.0541737678917553,0.0264454652965976,0.09674098569954,0.00172962248880785,0.0983365350520559,-0.000367161762523459
0.027620321378517,-0.0143075299091775,0.0443502054177315,-0.0237200290628332,0.0498738565956508,-0.0277039763047583,0.0768053935525642,-0.0205754431913703,0.10421209452415,-0.0143677835730468,0.0364342351993519,0.0224478285841435,0.0497691622472191,0.0276452399606932,0.0520006763426692,0.0294173481420036,0.0524955436055488,0.0301155621164772,0.0778397767712593,0.0210912259632799
0.0343349708277659,-0.0247539897557436,0.046926218701105,-0.0267005291174765,0.0857712877203417,-0.0234781429299185,0.101545269852973,-0.00699154395857,0.0979587909436949,0.000118366853752872,0.0364835763855741,0.0209005369600293,0.0372989393471193,0.0254005473216085,0.0517790020584031,0.0288421495050323,0.0501728933790925,0.0294304384284005,0.050465789472727,0.0285693204515371
0.0471427996854646,-0.0261769069279437,0.0765838668383858,-0.0203187589407457,0.0978350466080289,0.000342379475653087,0.0982149200918845,-0.000412803347928416,0.0977000458614686,0.000642108706287531,0.0511118597145541,0.028052915997356,0.0973137514364761,-0.00148860506227345,0.040005256524896,-0.000533075405953568,0.00309109502185961,-0.000821056003975213,0.0382870191460002,0.0254368354788163
0.0323980756841982,-0.0189032504022814,0.0416033354329952,-0.0244515395930515,0.0506449026361845,-0.0259062070516365,0.0528491521167364,-0.025771531613818,0.0836793976416504,-0.00988390126594072,0.0392514690773159,0.00761771200569111,0.0329150119576877,0.0248432836564019,0.0496610042597182,0.0301441025241156,0.0520623111770982,0.0298131471599544,0.0616095883448772,0.0276055573083319
0.0405897729032548,-0.018476088707356,0.0729487833758434,-0.0227492524870151,0.0992732091783784,0.00287441675092626,0.0954915164301835,7.3133205878947e-05,0.097613690393784,-0.00103416078930722,0.0419606942538788,0.0114979499326355,0.0722790930898454,0.0212204809491081,0.064934186992512,0.0413898693074694,0.0505839827354601,0.0289672686629858,0.0503855392352409,0.0294834341740537
0.0533187581415636,-0.0275525515067734,0.0698838593658546,-0.0169849232126116,0.074090706010484,0.0225930081592894,0.0870357294967177,0.0132072266766838,0.0885739595821197,0.00436927338935234,0.0595643951115548,0.0193387576491482,0.0385380135549133,0.0179865897237261,0.0539553960215271,0.0376034015690358,0.0509749470153635,0.028347030669911,0.050528301165154,0.0309568725670003
0.0117798768804955,-0.00532023090220898,0.0365959817238613,-0.0237855580836586,0.0475315124901125,-0.0301340690103678,0.0508175608782254,-0.0265775192522425,0.0871144011619835,-0.0142140143744179,0.0306544470302807,0.0129536045215719,0.0424952478256388,0.0278411419012627,0.0512227142888629,0.0296273951197167,0.0513953056222677,0.0299727572955225,0.0675824191538401,0.0249207144190996
0.035121623018982,-0.0085617089704392,0.0436143553974112,-0.0283125375604957,0.0604308855567864,-0.023433072306411,0.0849071272474846,0.0192265899365814,0.0965214681112441,9.87955675414411e-05,0.0312635568937872,0.0202155875763151,0.00684924900095258,0.0131545751623767,0.0485233918905738,0.032152881831832,0.0551537552473234,0.028877756178857,0.0509276174043958,0.0286987028495631
0.0194221671881896,-0.0301941928766738,0.0381450848237653,-0.00331040105988554,0.049044268172782,-0.0238865865642593,0.0496493680610091,-0.027917638055155,0.0721973575879753,-0.0285713404420065,0.0155391587458419,0.0277786743742712,0.0356249353731899,0.0510518224041592,0.0505936595068713,0.0256651958593962,0.0510503249687955,0.0276812808066531,0.0555693699074592,0.027335122937311
0.0305184782719274,-0.0212687846474922,0.0408188799294137,-0.0199964429319105,0.0501568453650484,-0.0279100708743382,0.0741162425256015,-0.0037358183453539,0.0903315734160624,0.0103090407383642,0.0139607355337383,0.000608922541412928,0.0176534863476794,0.0109095635805323,0.0299155641252083,0.0111587789457172,0.0509205713973576,0.0299292800568198,0.0542342539086323,0.0295087945099121
0.0157517998560513,-0.0234021943649711,0.0372409917288369,-0.0136916136718006,0.045495357836307,-0.0235286623005148,0.0511555928105488,-0.0273479825987759,0.0821272464832494,-0.00876275667507488,0.016919553752363,0.0144693792884505,0.046888357913044,0.0262809027395622,0.0501150768048271,0.0283906055056834,0.0512369884813721,0.0291065574264585,0.083233115336913,0.014829067652459
0.0468343790859679,-0.0272148764688882,0.0824149568056341,-0.0243847839644839,0.09311262494231,0.000301700873279221,0.0563921535847291,0.0210005651869341,0.0528323258818612,-0.0065595432416901,0.0441984237416193,0.0235914286036174,0.0768397934476983,0.0129257197504934,0.0977848933733154,-0.000724739329193891,0.00707329830457784,0.00637446287482045,0.00360264944374185,0.000441824402301131
0.0268834978008512,-0.0132410403405835,0.034644657800575,-0.0222341796489872,0.0465170034350463,-0.026520925060812,0.0598855955927467,-0.0227625729056229,0.0766730679282732,-0.00988817416271864,0.00559116968483613,0.00145451418893877,0.0137349923025665,0.0146035349015761,0.0268613588870756,0.0144046811347336,0.0468226651834216,0.0280549898672101,0.0545444868126965,0.0285472475600918
0.0204277914296647,-0.0269629903635989,0.0418326494974203,-0.0324035240318191,0.0489446047942413,-0.0287685253941535,0.0709568770451331,-0.0180099080899645,0.0930325069046157,-0.00671307270606357,0.0407067337417228,0.0264067703521049,0.0493895843347099,0.0293301293990282,0.05151754918855,0.0299601828695909,0.0509028722633121,0.0290954705363373,0.0601573612535249,0.0249637042199934
0.0223297134631772,-0.00325391370221486,0.0395813117809885,-0.0186956169159156,0.0462609072356413,-0.0257782406688702,0.0529822282762707,-0.0274796483523042,0.0857455836635676,-0.016988746083769,0.0225762329672848,0.018093436541234,0.0397791942743138,0.0221392015173123,0.0477521440442484,0.0304260377673542,0.0504056855131272,0.0304693674306126,0.0824981484227081,0.014521382621032
0.0303933277921898,-0.00984646426287981,0.0453063738974184,-0.0207770888269494,0.0482862604953302,-0.0267683326274569,0.0737849021406485,-0.0286134423195443,0.0962090403240822,-0.0179878931137487,0.0315289994255018,0.0185575208994139,0.0441918160577669,0.0285655446758617,0.0501417955330265,0.0293233006751523,0.0557090137292295,0.0268900190409284,0.0929498922228223,0.00664628894072777
0.0297512956919894,-0.0104123999076315,0.040771076284051,-0.0192033144919195,0.0484710520003305,-0.0263564878550213,0.0502927586496269,-0.0285627187206118,0.0801314945948832,-0.0199523941257543,0.036663689386335,0.019526074514572,0.0475214336751356,0.0331765395098479,0.0502708308241515,0.0278006117986404,0.0515107060019636,0.0288340466777958,0.088116476290091,0.00943076116396485
0.0223900179401011,-0.0141449940258167,0.042944718944545,-0.0259686415044714,0.0497585208832178,-0.0277964173572364,0.0615153028789936,-0.0184749231361247,0.0912033546229319,-0.0106133421952585,0.028537294717606,0.017738317939981,0.0468140041015233,0.0256377865606147,0.0514678123573662,0.0284852947430001,0.0514367660299302,0.0304031499074863,0.0807367187013987,0.0182462164041423
0.0188491743065195,-0.0165917101687403,0.0437817579894677,-0.0187645497868107,0.0476984443894877,-0.0261849614779934,0.0631395142197328,-0.0232897130450699,0.0919573310654044,-0.00765659358752306,0.0327263408170191,0.0144390974377163,0.0480679949995489,0.0270552443914392,0.0510933557562041,0.0298988860970171,0.0556593634095411,0.0274034785349021,0.0895187359735676,0.0106035418208314
0.0282141606426959,-0.0244539392069826,0.0438568077581268,-0.0292081837414626,0.0502031540934349,-0.0297905410795674,0.0736330636505269,-0.016365938647254,0.0901816830066159,0.000876108971595735,0.0396017946892707,0.0286070904915666,0.0503955417469869,0.027177608231523,0.0505135729185409,0.0295287819935877,0.0814152089431418,0.00601898405217623,0.0967570122880243,0.0017659533004757
0.0309528115014237,-0.0130705847986073,0.0432802490449949,-0.0202956219646731,0.0477607358906674,-0.0250756537266262,0.0594520980951385,-0.0268600143881086,0.0883304186402545,-0.0160863751829133,0.0401004994115506,0.0164618437809537,0.050218268013969,0.0279905871519352,0.0515474572732362,0.0292694284197531,0.0612916246852525,0.0209375210268803,0.0959525801170977,0.00270227211624813
0.00788783468633664,0.00755837394026992,0.0144100961751327,0.0132906451404192,0.00285629469455739,0.00157455707552421,0.0171363936777736,-0.00522124693606306,0.0495236717683593,-0.0279707493729749,0.00847580242002949,0.00460005774301806,0.00970928483195826,0.00672123592982999,0.0107076515856916,0.0076719393063842,0.0173644422601919,0.0177086815445402,0.0466640588344383,0.0254596538868872
0.0251480890832571,-0.0101569262787298,0.0410662547463582,-0.021579349283301,0.0457068659813063,-0.0260094222129192,0.0753497204598972,-0.0254929239414184,0.0924271434997017,-0.0145426014198947,0.00628764319136067,0.00337143936457288,0.0413425813313075,0.020447148741596,0.0503639444781862,0.030336059337699,0.067974028221675,0.0177550907343443,0.096825233413303,0.00167568380352013
0.0176154940815634,0.0129617890209575,0.0348147004179824,-0.015348832426004,0.044400626945974,-0.0251449230045539,0.0629936942908861,-0.0283196813111958,0.0891555999212506,-0.0169669613033976,0.0263813184171227,0.0243247114870116,0.0471396491135914,0.0286962204398224,0.050772835559975,0.0290966623179847,0.0769543860820807,0.0136732623901561,0.0971446049360158,0.000624586778219584
0.0139116472752346,-0.00457304837141273,0.0372112515308905,-0.0182148109741898,0.0451275535392877,-0.0233330940293874,0.0663861526479026,-0.0270208828278001,0.0939630163284458,-0.0166393669197082,0.021239111747928,0.0167284907224968,0.0456365363196726,0.0258048734003512,0.0508159322190819,0.0295591266947541,0.0760358655964331,0.0166068818966518,0.0971631373824652,0.0019535559620389
0.0133971016317105,-0.01916184237708,0.0397010746313334,-0.0253217183500209,0.0483004062867254,-0.0281113385912112,0.0716269241028187,-0.0248329745447057,0.0896932142735355,-0.0142655516690787,0.031370524138222,0.0392329010107362,0.040236839276334,0.036487806803222,0.0511625924198508,0.0292027157200516,0.0587405443643103,0.0269832358257329,0.0987644556972379,-8.11441155328335e-05
0.0145407337650947,-0.0135324830533146,0.0361230649967908,-0.0246405954511044,0.0483793238976863,-0.0292006926965763,0.0715721638383837,-0.0226709972821982,0.0906100184222038,-0.00904372376636986,0.0227256031668846,0.033600879326477,0.0448696852209008,0.03232326632393,0.0510437539649054,0.0292042716654771,0.0503250027280357,0.0285561121479598,0.0565587485923119,0.0251044843187217
0.02228578699512,-0.0105291214897672,0.0367973837861945,-0.0186303860092749,0.0494032954014957,-0.0255295799418907,0.0597648178089552,-0.026799168330552,0.0928158542055957,-0.0184019469404153,0.0346129629675125,0.0109677900231772,0.041879786053565,0.0274388696427511,0.0508836265399315,0.0260710610802166,0.0542350923585097,0.0287938807220838,0.0938156071200945,0.00480338413606033
0.0220096472401314,-0.0160212495691344,0.0378067635027354,-0.019317220238582,0.0490322299042344,-0.0251601022034658,0.0626615841017073,-0.023918274781076,0.0921237850712797,-0.0145296215680146,0.0082312071278563,0.00702667321008465,0.0263725379676418,0.0247799880308566,0.0481078369627244,0.0294196246861283,0.0501656269570211,0.029880117153102,0.0833594793448383,0.0134651129504006
0.0180535282350705,-0.00707566506347143,0.0434174593143496,-0.0161411640088802,0.0492847939443128,-0.0242853139904069,0.0632110984811714,-0.0262936892740196,0.0935646599536273,-0.0181249570181486,0.0312689302996359,0.0205805478723586,0.049433845775771,0.0302484851868188,0.0505256513359483,0.0282767000743846,0.0683603851302416,0.0216977113960239,0.0962902719800219,0.00425558627758535
0.0116819660476834,-0.011008972467881,0.0382883526293785,-0.0186327892510488,0.0471412166257019,-0.0251141852694726,0.0566239772042672,-0.0255948656159596,0.090874732336753,-0.0153928549300733,0.0308499738634635,0.0202965692994107,0.0514619383743249,0.0293594108212507,0.0508305050954968,0.0298741337342088,0.0541382456757342,0.0302105173624023,0.0933433983481554,0.00981071910576429
0.014628102104271,-0.0119021003671538,0.041980184654356,-0.0196652577925447,0.049989113179105,-0.0255122050714574,0.0546689184029179,-0.0252293013270728,0.0894042051480927,-0.0154057359050857,0.0368316193022936,0.0223826617684831,0.0474137073224223,0.0317256059460139,0.0519680891369,0.0293796552529742,0.0514522941661535,0.030925848452977,0.0918452602442127,0.011364809645015
0.025338125720506,-0.0105456938898224,0.0402223402717135,-0.0234018971231159,0.0469426117046383,-0.0279882119909741,0.0695954125550768,-0.026928590176755,0.0898031098358675,-0.011297514514926,0.0283732975475432,0.0181787232538929,0.0465833586386328,0.0264011415383923,0.0508162455055646,0.0295560233343728,0.0538972864044284,0.0283533723013233,0.09306481053986,0.00644249358519493
0.00192839034128135,0.00202350420404863,0.0121688705279925,0.0113309718198947,0.00301594078970889,0.00691505863396042,0.0254049098492595,-0.00759239953791576,0.0600426740336586,-0.0264739909062872,0.0138418504876886,-0.00227880754976958,0.0135481498908479,-0.00130788303667167,0.0135210075519758,-0.00109194636334743,0.030317412792048,0.0203509625099979,0.0530266719569609,0.0293801307997371
0.0248277961534795,-0.0130335213408651,0.0385341940034145,-0.0227193701187099,0.0502862241996797,-0.0268276019494616,0.0652970162502793,-0.021785546161104,0.0923844317630813,-0.0129932044183733,0.0162259251486351,0.0147764739373643,0.0347000978740241,0.0306475604380272,0.0523867524532099,0.0274921504536381,0.0520239332842625,0.0295714707350902,0.0812717792033951,0.0134605539827784
0.0304005428101593,-0.0118173291508392,0.0445550198371474,-0.0191689784975976,0.0462940358368214,-0.0236300074884414,0.0539277508634196,-0.0301331557577123,0.0730577753587574,-0.0190644156622806,0.0253815994802772,0.0212288823607166,0.0449951753708025,0.0269420693302209,0.0514171911518865,0.0299741054543631,0.0766661268493525,0.0120297108259581,0.096175564090018,0.00362274340265962
0.0146909357198526,-0.00309369462587849,0.0328522760475153,-0.0234106717512946,0.0409650762516593,-0.0286214179320457,0.0479514883578664,-0.027113723021486,0.0751009872288926,-0.0213923310328924,0.0310432644281739,0.0237399653371321,0.0487148325323741,0.0276535037313015,0.0514821643998702,0.032096554403754,0.0522005881125373,0.0311308957565084,0.0869102958867668,0.0124985522119524
0.00973667751205399,-0.0150679006733116,0.0286510550140956,-0.0207013740707589,0.0456130726747662,-0.0276819117872142,0.0611328697227107,-0.0203558962661856,0.0847185663651999,-0.0101728803991769,0.0185238738458523,0.0108790460886417,0.043312874104892,0.0275516195757752,0.0517443218237751,0.0292290447666722,0.0533042822840892,0.0303797517503703,0.091609743183661,0.0111911056586231
0.0129129616703129,-0.0157760399747686,0.0393167508859315,-0.0254982293731774,0.0493340577036436,-0.0274058476354949,0.0709103220537751,-0.0154206747610188,0.0856278928295015,-0.00686490642463987,0.0339094054648687,0.0183320563395472,0.0472945994370372,0.0268526547622206,0.0494249926921195,0.0282354052049414,0.0539549159782686,0.0321483381898829,0.080574288430872,0.0193743989629492
0.0272392692307357,-0.0207795651760864,0.0450246430641931,-0.0315678772786529,0.0804645197455824,-0.015948836674386,0.097655814473675,-0.00176196637400159,0.0968500201743079,0.00207730069268226,0.0444733155431091,0.031841129090554,0.0566123962610919,0.027412960271628,0.0984371430503149,0.00015219332281958,0.0106955424450449,-0.0034045247795575,0.00427233365929573,0.000968951794960994
0.0162320683857535,-0.00841273284816478,0.0397328658952038,-0.0194416312267988,0.0474228550511555,-0.0299198890412526,0.0658365816623118,-0.0198858447714274,0.0870693397749722,-0.0132460074376333,0.0265052270045266,0.0187087528960623,0.0460162079318383,0.0274915786349329,0.0535159460149114,0.0294289448475123,0.0504847707665121,0.0311611116988641,0.0777038300825255,0.0162942702117861
0.0197444010860864,-0.0177178265177597,0.0471911065973099,-0.0213513037036848,0.0563522066365488,-0.028937957288928,0.096637222904922,-0.0194370657276361,0.0979066449102698,-2.19171467484062e-05,0.0268399784674674,0.0211749175727667,0.0502243758156633,0.0294657980613211,0.0648152448768207,0.0213794026632623,0.0989572108825765,0.000234057266426799,0.0855324896995539,0.00298647474497645
0.0153493074942498,-0.0130122948133336,0.0350217942989088,-0.0149919939619342,0.0472925735976036,-0.026308544707069,0.066531742750305,-0.0221988220738322,0.094643856573427,-0.0140653687314968,0.0247652939254493,0.0177106317796023,0.0412553674861719,0.0262247969112554,0.0512429807723654,0.0293066216480167,0.0530008888368307,0.0317438945341017,0.0872087468053282,0.00798497797526257
0.0256450180335438,-0.0304834652608803,0.0367017741838043,-0.0326500296282696,0.0506346174616458,-0.0298639643783466,0.0753706928839696,-0.021306687240059,0.100182236255832,-0.00519712611187272,0.016471428744714,0.0204642104726778,0.0362337992513059,0.029267273297793,0.0513137351624335,0.0286126046763656,0.0503745631740893,0.0298306393496266,0.0596370831202612,0.0272603049499491
0.017403299912482,-0.00194114982991796,0.0397619031935598,-0.0235146610873584,0.0504846375867165,-0.0298320266906737,0.0660766483628452,-0.0223983750175304,0.097896488511211,-0.0164290374495001,0.0236658118735648,0.0201250899652551,0.0437571738378306,0.0261870944138611,0.048991030455868,0.0304058763890257,0.0519983421890995,0.0302294777336033,0.0919402200827857,0.00728614769831715
0.0138768625997949,-0.0194439555109064,0.0369233983392606,-0.030005328435818,0.0644980993450498,-0.0174656834886199,0.0814020838611519,-0.00470378661376788,0.0946688023146157,0.00805410629932446,0.0149577725978589,0.00576665304534402,0.0348543164358255,0.0118425086964501,0.0514352822636876,0.0292556847295258,0.0524752733076036,0.0295638477723599,0.0750208541508295,0.0214541157259693
0.0366270320726201,-0.0250285054313354,0.0584505969065644,-0.0264045092229691,0.0899959495133525,0.0111816327456045,0.0983361591885863,-0.00128806673652397,0.0981392027374987,-0.000465869270672376,0.0151756750354648,0.0183534516406717,0.0383185495385497,0.0354010548036638,0.0528835275376617,0.0298642877110564,0.0503014299848532,0.0280003833438576,0.0595636137365667,0.0254736652582045
0.0166848025822656,-0.0055055007795643,0.0396611340956391,-0.0233559037992826,0.0439175449486188,-0.0259950584606786,0.058231498408268,-0.029605852334224,0.0901581580275267,-0.0241418451849538,0.0181588696055029,0.014717560770713,0.0420940524916364,0.0143004622235986,0.0539750388911637,0.0279787590517182,0.050112281839772,0.0288091003260196,0.0791904538080084,0.0137207367991088
0.0195750137877307,-0.0290170025493614,0.0374069184287535,-0.0340669031232715,0.0516153234335048,-0.0279654669303447,0.0796213567856311,-0.0145631900574964,0.0975455807174615,0.0013861814483898,0.022890197521898,0.0257126369737621,0.0383884476817475,0.0356553366219017,0.0529088405358314,0.0312299267672157,0.0504031705973964,0.0278852853099666,0.0689447133067346,0.0284064079085056
0.014240919115443,-0.0119015852436178,0.0305791859940649,-0.0215770464247826,0.0461632878842705,-0.0294417417778943,0.0608221432422665,-0.0229151074446148,0.0864845565897078,0.0022832160242628,0.0194456693373644,0.00892416432253179,0.0293011490925471,0.0231352181219393,0.0497551398111863,0.0255048190201125,0.0510848453684439,0.0298605261377523,0.0837977953332859,0.0172343546386903
0.0262287876990424,-0.00967677833958301,0.0303143344689407,-0.0131529518460332,0.0507164074372388,-0.0294754664743439,0.0737288901933594,-0.0275887429029111,0.0962844028055011,-0.0175304307673015,0.0329933390766852,0.0201548959565841,0.0494707463722753,0.0285238919577407,0.0756582159992862,0.0167356747782198,0.0972974081153619,-0.000667692773997639,0.100036441509206,-0.00388690300907132
0.0161839100880108,-0.0151977936387252,0.0316053756208558,-0.0191324990400345,0.0441702656209531,-0.0243183485131167,0.052002411683022,-0.0304125898228662,0.089916299954237,-0.0182276681136252,0.0172121627920863,0.0212368220678208,0.035804428103679,0.0255907523113892,0.0496291180735567,0.0297140675848604,0.0534221839647009,0.026157286879468,0.0901913908655514,0.0116050032628916
0.0380647918709335,-0.0185757291464169,0.0536962262233466,-0.0274357603158243,0.0588318580433789,-0.028778303390312,0.0592412753254177,-0.0281459926190371,0.0502661964209633,-0.0297859179675547,0.0505030642313718,0.0299710713745464,0.0764536379725612,0.0140669686193502,0.0973648360467176,-0.000923860805800412,0.0984252397907806,-0.00151519028487339,0.0358968002828486,-0.00996555972853239
0.0122399379620008,-0.00616282584105333,0.0205949330379494,-0.0169459394298398,0.0331627185076649,-0.0328839501651094,0.0518901998173501,-0.0324138320614633,0.0731986446248202,-0.0148321417906663,0.0171139137486163,0.0146568953203682,0.0428110703365732,0.0317446850808799,0.049916346569892,0.03001100273808,0.0631514344354806,0.024063212940045,0.0939109496380741,0.00766748005098349
0.0227758380481982,-0.0213944388240003,0.0309962377839189,-0.0320042568434748,0.0368415345630669,-0.0332742624821435,0.0520481453022993,-0.0272901013664939,0.0830407328276076,-0.0127632919893451,0.0238054401094942,0.0211853886067562,0.0470355738547379,0.0264982759163395,0.0496499056971361,0.0308001133239323,0.0628661294305351,0.0195336449649734,0.0868446111083116,0.00394114838821669
0.0116697193244027,-0.0357707645482188,0.0161108600024932,-0.0335286667352567,0.0443244325469172,-0.0264364821610066,0.0464891943641857,-0.0255825166788688,0.0717557721990586,-0.0249549507741222,0.0079892197581156,0.00428186327715255,0.0389438373424115,0.000842322921050381,0.0544657541094541,0.0194318313849195,0.0498405780012074,0.0292375506335749,0.0773169757793091,0.012240044258693
0.00999484998057445,-0.0271038365668085,0.041587994316794,-0.0341090860705866,0.0809053681005491,0.00189943416024283,0.0729631147098912,0.0164476048077834,0.0772316568581356,0.0341610093883759,0.0305936406220957,-0.020381340101653,0.0750512206747852,-0.010722277565643,0.0626902932634043,0.0283817867653449,0.0526568742349893,0.0304649917781416,0.0789169209355187,0.0285332364926206
0.0221577850216088,-0.0105145061033757,0.0381676011934989,-0.0182965970300102,0.0468083576536435,-0.0266276529896986,0.0575087174130117,-0.0319730043438548,0.0940240890672664,-0.0143041388538655,0.0316294077757185,0.0156688045568846,0.0464944541592063,0.0275938764117129,0.0499668036104653,0.029880002602508,0.0555847828394087,0.0260022816651974,0.0856845297275116,0.0129344880001044
0.0178830227959533,-0.0232940160373493,0.0364256887604905,-0.0301695781295333,0.0449625469172494,-0.0303792103408386,0.061699624170122,-0.0261571821226445,0.0842958296783447,-0.0146143961152478,0.030927138818409,0.0471443652550194,0.0439505869991922,0.0466394601467334,0.0555485150791753,0.0315818628983173,0.0504188968461886,0.0279991434733821,0.0646363273088168,0.0240466070601766
0.0279294968548879,-0.0159662179131719,0.0381380475446219,-0.0216155953355589,0.0510627291772573,-0.0283779960914006,0.0659562289777461,-0.0203414565666855,0.0969651070043353,-0.0123319760255593,0.0323300007069039,0.0170337927091434,0.0339258216307732,0.0315052127933545,0.0507707770567709,0.0296942575857463,0.0491530267419902,0.0301107041239847,0.076400574256394,0.0170092242695325
0.011527985644394,-0.0113658606792562,0.0309120397791441,-0.0171694969278038,0.0479131660851625,-0.0260865088537018,0.0594030738442067,-0.0239234210033257,0.0866712140272563,-0.017259040687119,0.0214887752047132,0.013552855777877,0.0414008036584474,0.0283372896097383,0.0501963681200838,0.0292553838370818,0.0518284011701263,0.0311760403540113,0.0852798445171181,0.0112996880282396
0.0266831034598315,-0.0143222881569147,0.0406602791952386,-0.0226572184323864,0.0492875265348016,-0.0282010010860384,0.0669684870713707,-0.021699556973759,0.0950670970762781,-0.0134932466159529,0.00896717484758464,0.0175881639864357,0.0298151421477507,0.0220123448101292,0.0474003965076536,0.0285796863236903,0.0527597407467453,0.0294519293661579,0.0931939538785694,0.00937025315222535
0.033012256046952,-0.0254580123131166,0.0433907959356297,-0.0287089114315992,0.0550915610198138,-0.0309209619586765,0.0683109583835693,-0.0253144400809461,0.0857302890682988,-0.0120749056545828,0.0219743116178594,0.0322850834385246,0.0482408982922374,0.0352114313522702,0.0522350218467132,0.0278569852125255,0.0514571360939923,0.0291959421046482,0.0915134543407778,-0.00163423207622504
0.0204486508417849,-0.00186454529711663,0.0387034068495119,-0.0228691814031196,0.0472278009177032,-0.026959735083827,0.0728346602612278,-0.0252281333329606,0.0953760446472708,-0.00862352139628,0.0252494934107931,0.0347182114584634,0.0356530383567178,0.0253491244260274,0.0488155226826838,0.0266972249916969,0.0509366042404974,0.0281621625068026,0.0882985372468818,0.0099776740896561
0.0227782735529068,-0.0148772108095564,0.0316769895281166,-0.0231130986691685,0.0487038967468412,-0.029623572880186,0.0652219489618067,-0.0214589516248572,0.0925683932799125,-0.0195788099180131,0.0173179411919965,0.00213445416932787,0.0230729827418358,0.010835112565296,0.0477918626617669,0.0180674724458416,0.0511455440406824,0.0290647222357152,0.0934709573805243,0.00681810883716485
0.0112016849661001,-0.0101853952122831,0.0298960903184651,-0.0170661081887187,0.0492735486449602,-0.0227817434192641,0.0507753838237302,-0.0267194708284675,0.0885563281517208,-0.0179476455010522,0.00909690604182041,0.0159072248970216,0.027554101279395,0.0276168973865724,0.0510363316845496,0.0299168696615892,0.0668890036594914,0.0171774088167463,0.0961178437902679,0.00618581791297458
0.0140568512654,-0.0101609894517403,0.0331550826021627,-0.0207743969305495,0.0434187647942039,-0.0257403959921428,0.0523295490021229,-0.0292915879306728,0.0891232423199954,-0.0187881814592279,0.0202739326842092,0.0220055097178583,0.0405014370139769,0.0298800471628322,0.0498842819058265,0.028765983437345,0.0504456541590835,0.0282719565089992,0.0788991510306829,0.0110636918994499
0.00967326352043182,-0.011191481292071,0.0354746450143111,-0.019249776194856,0.0447351565675695,-0.0251205199951055,0.0618119677853166,-0.0302555375698912,0.0871238007003743,-0.0135927383741812,0.026655804945415,0.0133167752721251,0.0428650954796364,0.0252284797229777,0.0504858193289731,0.0305487209122037,0.0701941411941427,0.0230612259570666,0.0950306444258653,0.00808448327700994
0.030995480394658,-0.0108536098480187,0.039959357222113,-0.02089407631897,0.0442964031690107,-0.02509181655413,0.0690786593078925,-0.0303031905265795,0.0882171230038358,-0.0125726269289449,0.0225479053218207,0.0213224139808694,0.0395404725809758,0.0271416155738187,0.0501766773671865,0.0296503855565373,0.0501436337034856,0.0295529209680755,0.0762614037801619,0.0155191725936612
0.0138768625997949,-0.0194439555109064,0.0369233983392606,-0.030005328435818,0.0644980993450498,-0.0174656834886199,0.0814020838611519,-0.00470378661376788,0.0946688023146157,0.00805410629932446,0.0149577725978589,0.00576665304534402,0.0348543164358255,0.0118425086964501,0.0514352822636876,0.0292556847295258,0.0524752733076036,0.0295638477723599,0.0750208541508295,0.0214541157259693
0.0366270320726201,-0.0250285054313354,0.0584505969065644,-0.0264045092229691,0.0899959495133525,0.0111816327456045,0.0983361591885863,-0.00128806673652397,0.0981392027374987,-0.000465869270672376,0.0151756750354648,0.0183534516406717,0.0383185495385497,0.0354010548036638,0.0528835275376617,0.0298642877110564,0.0503014299848532,0.0280003833438576,0.0595636137365667,0.0254736652582045
0.0166848025822656,-0.0055055007795643,0.0396611340956391,-0.0233559037992826,0.0439175449486188,-0.0259950584606786,0.058231498408268,-0.029605852334224,0.0901581580275267,-0.0241418451849538,0.0181588696055029,0.014717560770713,0.0420940524916364,0.0143004622235986,0.0539750388911637,0.0279787590517182,0.050112281839772,0.0288091003260196,0.0791904538080084,0.0137207367991088
0.0195750137877307,-0.0290170025493614,0.0374069184287535,-0.0340669031232715,0.0516153234335048,-0.0279654669303447,0.0796213567856311,-0.0145631900574964,0.0975455807174615,0.0013861814483898,0.022890197521898,0.0257126369737621,0.0383884476817475,0.0356553366219017,0.0529088405358314,0.0312299267672157,0.0504031705973964,0.0278852853099666,0.0689447133067346,0.0284064079085056
0.014240919115443,-0.0119015852436178,0.0305791859940649,-0.0215770464247826,0.0461632878842705,-0.0294417417778943,0.0608221432422665,-0.0229151074446148,0.0864845565897078,0.0022832160242628,0.0194456693373644,0.00892416432253179,0.0293011490925471,0.0231352181219393,0.0497551398111863,0.0255048190201125,0.0510848453684439,0.0298605261377523,0.0837977953332859,0.0172343546386903
0.0262287876990424,-0.00967677833958301,0.0303143344689407,-0.0131529518460332,0.0507164074372388,-0.0294754664743439,0.0737288901933594,-0.0275887429029111,0.0962844028055011,-0.0175304307673015,0.0329933390766852,0.0201548959565841,0.0494707463722753,0.0285238919577407,0.0756582159992862,0.0167356747782198,0.0972974081153619,-0.000667692773997639,0.100036441509206,-0.00388690300907132
0.0161839100880108,-0.0151977936387252,0.0316053756208558,-0.0191324990400345,0.0441702656209531,-0.0243183485131167,0.052002411683022,-0.0304125898228662,0.089916299954237,-0.0182276681136252,0.0172121627920863,0.0212368220678208,0.035804428103679,0.0255907523113892,0.0496291180735567,0.0297140675848604,0.0534221839647009,0.026157286879468,0.0901913908655514,0.0116050032628916
0.0380647918709335,-0.0185757291464169,0.0536962262233466,-0.0274357603158243,0.0588318580433789,-0.028778303390312,0.0592412753254177,-0.0281459926190371,0.0502661964209633,-0.0297859179675547,0.0505030642313718,0.0299710713745464,0.0764536379725612,0.0140669686193502,0.0973648360467176,-0.000923860805800412,0.0984252397907806,-0.00151519028487339,0.0358968002828486,-0.00996555972853239
0.0122399379620008,-0.00616282584105333,0.0205949330379494,-0.0169459394298398,0.0331627185076649,-0.0328839501651094,0.0518901998173501,-0.0324138320614633,0.0731986446248202,-0.0148321417906663,0.0171139137486163,0.0146568953203682,0.0428110703365732,0.0317446850808799,0.049916346569892,0.03001100273808,0.0631514344354806,0.024063212940045,0.0939109496380741,0.00766748005098349
0.0227758380481982,-0.0213944388240003,0.0309962377839189,-0.0320042568434748,0.0368415345630669,-0.0332742624821435,0.0520481453022993,-0.0272901013664939,0.0830407328276076,-0.0127632919893451,0.0238054401094942,0.0211853886067562,0.0470355738547379,0.0264982759163395,0.0496499056971361,0.0308001133239323,0.0628661294305351,0.0195336449649734,0.0868446111083116,0.00394114838821669
0.0116697193244027,-0.0357707645482188,0.0161108600024932,-0.0335286667352567,0.0443244325469172,-0.0264364821610066,0.0464891943641857,-0.0255825166788688,0.0717557721990586,-0.0249549507741222,0.0079892197581156,0.00428186327715255,0.0389438373424115,0.000842322921050381,0.0544657541094541,0.0194318313849195,0.0498405780012074,0.0292375506335749,0.0773169757793091,0.012240044258693
0.00999484998057445,-0.0271038365668085,0.041587994316794,-0.0341090860705866,0.0809053681005491,0.00189943416024283,0.0729631147098912,0.0164476048077834,0.0772316568581356,0.0341610093883759,0.0305936406220957,-0.020381340101653,0.0750512206747852,-0.010722277565643,0.0626902932634043,0.0283817867653449,0.0526568742349893,0.0304649917781416,0.0789169209355187,0.0285332364926206
0.0242767778989242,-0.0292655543157357,0.0475566048420915,-0.0244501479812664,0.0581793583935686,-0.00950101625655177,0.0327786093222105,-0.00293288917477506,0.0526060089657973,-0.0260307138091981,0.0420336546597447,-0.0141843734824851,0.0596351602271464,-0.0122119662955334,0.0822957145777125,-0.00815168514666242,0.0646582211707273,0.0160239450412299,0.0498501522156853,0.0300005965303729
0.0244655269352446,-0.0242523749233056,0.0501080580581885,-0.0230365861009294,0.0506088425837004,-0.0236727081357381,0.0468525501342658,-0.0259802326506452,0.0728040452119367,-0.027791234516649,0.0326443663863876,0.0016671922816414,0.0648430804664296,0.00723516582797612,0.0615885650217695,0.0290457324382589,0.0508191006717445,0.0295447630238924,0.0667552457800823,0.0191426118200333
0.022179412615608,-0.00989659716489991,0.0250968305172207,-0.0141129395917847,0.044105595834347,-0.0249985009618263,0.0639675396250659,-0.0295671503223093,0.0898934523621465,-0.0181416899664381,0.0325620885276317,0.0202958858368314,0.0460966701305736,0.0264023001607053,0.0502024907943222,0.0285845426851073,0.0528230211023076,0.027950824267181,0.0824278714679842,0.0105192538300507
0.0125367910868388,-0.0252476348683024,0.0315294731112023,-0.0102472160579759,0.0410039283856224,-0.020982833040614,0.0448514530845122,-0.0245116085932488,0.0714089285324331,-0.0212242172147317,0.0335179889227335,0.00176243946221233,0.0423920712861224,0.0193887215417572,0.0483539371884887,0.0266151374574002,0.0516302417412713,0.0287226832808353,0.0717443909310432,0.0111139099955664
0.0163242969261502,-0.0348704524896527,0.0395025530414332,0.0101458638578369,0.0402465535598902,0.00617055467414794,0.04821925607591,-0.0256381318366761,0.0826622484635273,-0.00503630173139533,0.022473100967548,-0.00837769325666452,0.047510180725905,0.0220052721295849,0.0498158655844521,0.0276470181994602,0.0611063781105467,0.00852685798397983,0.0951491283270004,0.00152762438566394
0.0121975210990044,-0.0287500934459521,0.0341380459990939,0.0102074154395936,0.0446591993359539,-0.017767191003917,0.0500607403575299,-0.0279721170821918,0.0745084220619582,-0.0263320737790915,0.0228640241474052,0.000367140248494639,0.0447403938711687,0.0264297064102414,0.0486734690001326,0.0253713361327484,0.0508954333339751,0.0307603704289766,0.0756661454648936,0.0100453873280232
0.00999235315955062,-0.0331697454153929,0.0365612337856613,0.00260045915552893,0.0471080838293554,-0.0192590152224656,0.0490239367350681,-0.0276254070797557,0.0754376137795943,-0.0197815098363221,0.0294620107127467,-0.00185721991822573,0.0481000831386245,0.0284821177944827,0.0499922550942352,0.0305945036969293,0.05150775117628,0.0306534555758135,0.0793346400976394,-0.00239172185469002
0.0092740775855852,-0.0358895698700179,0.0388788352957973,0.00203338381001177,0.0458956839954574,-0.0265227118435068,0.0478397669435782,-0.0311896705646185,0.0657387634505034,-0.0128206309515746,0.0171337190291756,0.0220986638061805,0.0437673727561961,0.0407957035042541,0.0505409997672231,0.0283303769364071,0.050182975474848,0.0283983053855151,0.0687514941071459,0.019906243737356
0.0250457178377147,-0.00673699613858821,0.0427620311176264,-0.00635483568599207,0.0482119428956708,-0.0228393263068798,0.0495579521528223,-0.0279578038712603,0.0724648121319747,0.00723337873663522,0.0147968761965096,0.00563608784904326,0.0441428902010022,0.0343888304934788,0.0513565426834064,0.0274987074895204,0.0521740743940823,0.0302885347698069,0.0654679742554853,0.0293054268366361
0.0276592244802865,-0.0301861854133419,0.0432447057294251,-0.0103805519079543,0.0497739971581102,-0.0291542953302541,0.0636588505341628,0.0435014767580096,0.0969710266602698,-0.0196117249083309,0.0430806908494618,0.0207049647279728,0.0500482471633521,0.025106557542269,0.0517464994269928,0.0289158837938047,0.0707128907149323,0.0404069827669788,0.0980791305793749,-0.00102545688414738
0.0228697018226296,-0.0293078165388158,0.0337154391980768,0.0295850764671076,0.0446085981843081,-0.0111278883369165,0.0547259554328667,-0.02961185453841,0.0799297374315723,-0.000950374516573119,0.0312738023357574,0.00590710530640981,0.0500506175725574,0.0341741719564449,0.0509574226693613,0.0226440117277913,0.067519700077043,0.00979362977957472,0.0959996569893698,0.00296012696694992
0.00668588486850768,-0.0370597962357614,0.0179831766319402,-0.0267544648463352,0.0353133196006783,0.00636444127859817,0.0485192997304289,-0.0279978504103371,0.0782767917625349,0.0138327109400818,0.0520959391101639,0.0281930719949901,0.10004899697746,-0.000542585364670582,0.0978046783045393,-0.000511414876596777,0.0987386071552032,0.000290211422145042,0.0524175703367911,0.0322915490014567
0.0122608599180411,-0.0159456137754146,0.0332710467625655,-0.0306354852195875,0.0471581984779248,-0.0266574033835179,0.0609179950350792,-0.0197303869740335,0.0900005236236963,-0.00546006264154547,0.0205331763565276,0.008845284479531,0.0398003344211529,0.0106661414319525,0.0499481590160368,0.0297027956025751,0.0507587891585098,0.0291072103165958,0.07495913101755,0.0181894814349972
0.0101753673109324,-0.0326434849254997,0.0325679562542007,0.000586176761048953,0.0444054950865212,-0.0172453055830983,0.047899737192247,-0.0276218212606242,0.074899532065317,-0.0258005891279821,0.0227004880318308,0.00821764160716782,0.0460245617411881,0.0331611273016541,0.0511087113890156,0.0255053981783309,0.0500980685424143,0.030075528663365,0.0815338345903069,0.00814736481238926
0.00984902769911045,-0.0377365996792779,0.0301143727252797,-0.0313881936022307,0.0439551847675223,-0.030642262603005,0.0653689787893745,-0.0209758834642424,0.0940973285482484,0.00271717935844851,0.0297689631357831,0.0402536677800585,0.0516114670323552,0.0305818269676707,0.0509134116621517,0.0287588660841451,0.0508040281186648,0.0280678937288035,0.0767643923201057,0.0198450439466478
0.0215211440189579,-0.0327302521456489,0.0426455757956757,0.00178940353596387,0.0477485161478852,-0.028733276196076,0.0824061195640252,-0.0192442044962037,0.0973981699699723,0.00124520585488949,0.0509898918988843,0.0289073993410004,0.0920952421399602,0.0120634230349896,0.0978741009659372,0.000157837412633321,0.0982377402079502,8.73324037618026e-05,0.0506247982596733,0.0280295210010616
0.0242262021638044,-0.0364321828918163,0.0408168884960948,0.0298623296459045,0.0484909583892755,-0.0189706076243337,0.0520691445402117,-0.029117273334204,0.0778913490266844,0.0140036530178195,0.0179208943158356,-0.0038247968593253,0.0348214859705819,0.0168311684085051,0.0507815118273854,0.0226849395535998,0.0494720712564737,0.02863490688544,0.060188687115441,0.0262083455588888
0.024676458881504,-0.0271949310345592,0.0467021761642592,0.00996969642377771,0.0493286777317325,-0.0239760612226373,0.0513759182369085,-0.0324571650616958,0.0734374984573942,-0.0050881734745798,0.00903845045165829,-0.0143986104826794,0.0380640408268186,0.0372188119764325,0.0511555848894832,0.0239717483621971,0.0512912341379469,0.0293662349078171,0.0806782021567505,0.013059008450231
0.0102439855459098,-0.0233338761112413,0.0233604878721712,-0.00654767399127842,0.0394571379279831,0.0173961841275339,0.050922587432287,-0.0211653252697168,0.0612109262501994,-0.0107783616188422,0.0211739005470826,0.0296705196910333,0.0447905708047316,0.0374299146096276,0.0500014188786758,0.0222106676462895,0.0505322062453153,0.0274710569273869,0.0767869107864491,0.0226166689924118
0.0172605084075022,-0.0310367226767277,0.0295543182458859,0.0323793614360322,0.0460922995523505,-0.0171160770696712,0.0498344047157021,-0.0285642650707634,0.0836718329082275,-0.00435835209555839,0.0282295345326337,0.00819957087883508,0.0456655276027465,0.03633255301624,0.0513179808697882,0.026911437197045,0.0534931437777596,0.0267861615867415,0.0890260036581258,0.00999741403736001
0.0185174958501449,-0.027854557533268,0.0242429457271506,0.0311633101033151,0.0467678119415443,-0.0155270253443155,0.0517923358622031,-0.02589899108674,0.0847482152961428,-0.0210477150891137,0.0237467189337956,0.00640420732428916,0.0352689270961127,0.0375077351663874,0.0509716968794612,0.0212974265029529,0.0556717912057363,0.0241337371934364,0.0823532786545001,0.00578069326348558
0.0161734055761616,-0.0330656021621659,0.0351497604977448,0.0295427619493529,0.0455474352238782,-0.0172898042265618,0.0527897715580333,-0.0268685073227012,0.0838761176247284,-0.0191064421713941,0.0121201661251561,-0.00726276892084886,0.0313345056702538,0.0275093687734525,0.0491879236041049,0.0221600132412036,0.0656742583062218,0.0153238345849065,0.0959424509065923,0.0033495066657785
0.00972953120611303,-0.0245291545212779,0.0274426905329104,-0.0036915825006911,0.0429399733247179,0.00532002770149355,0.0483532436261787,-0.0281797361933244,0.0664073600303656,0.0341604205552301,0.0222182535754953,0.00596862032164183,0.0420309234429328,0.0343747417597311,0.0487399015424251,0.0230066352240773,0.0523153662248233,0.0311509856395308,0.0826889607398214,0.0243607783579715
0.0237454788164129,-0.0268922105890412,0.0367898966269175,0.0167623922922227,0.0456960283769917,-0.00731313708547252,0.0513170922001465,-0.0288306991199792,0.0796106123152643,-0.00332033155847532,0.0245948061703451,0.0223183989706698,0.0405314434919933,0.0255755407798145,0.0517627997273465,0.0292970888299237,0.0570143432324494,0.0267663628514066,0.0890084041498555,0.0133381399747696
0.0209246333730994,-0.0412287644164406,0.034897714365261,0.00740111333157121,0.046928919830196,-0.0293370087851404,0.0654234144032791,-0.0245606162903989,0.0817680877903209,0.021876475706591,0.00916511211252675,-0.0103967441293811,0.034832407302798,0.0239846614166993,0.051545686462749,0.0287723193815081,0.0983833170642233,0.00369429755924119,0.099021750787192,0.00161130367813726
0.0212544389416057,-0.0320861917562899,0.0400239169529042,0.00143288569788358,0.0465794606576548,-0.0230694187066882,0.0483688428855635,-0.0282202822490611,0.0755493551624014,0.00369334488134373,0.0267983523391757,0.00682438283201973,0.042755728989735,0.0287515385062242,0.048651875675618,0.0274382646801435,0.050448674603225,0.0295477199907587,0.0702538072322642,0.0188313215012464
0.0135430688066505,-0.0167201543341792,0.0331314214901366,-0.0201853762175214,0.0434118056624243,-0.0123614173725163,0.0513216640121916,-0.0266536019201673,0.0817575785991864,-0.0191562861103411,0.0202578279864383,0.00840733013135792,0.04243337152836,0.0173160880330497,0.0511545478472872,0.0306256053424135,0.06436185249629,0.0212264071201285,0.0958913812194796,0.00234561370202443
0.0143881734138671,-0.0410591260123235,0.0256788351090726,0.00783514180618963,0.0388405594698822,-0.0126125612876309,0.0519498215829271,-0.028812495625558,0.0733487255003799,0.0333686130254534,0.0402023463956324,0.0402135070622918,0.052094939072726,0.0292002026078677,0.095275731483747,0.00173819586171176,0.0979085633239554,-0.000617652031294831,0.0961388446949595,0.00128649403002471
0.0232233859911283,-0.0291754595309231,0.0451845375820527,-0.0289697800988588,0.0622729709901459,-0.0225196738553641,0.0671055323390092,0.0267390593733007,0.0856840689817684,0.0252460579841089,0.0209233969700537,0.00447666515771561,0.0447981276111381,0.0183403856718349,0.0505346896505513,0.0282589216238215,0.064263798518927,0.0259087896992457,0.0906549246439773,0.0265732533299086
0.019043503140865,-0.0315349024980099,0.0341081694629087,0.0400724039597558,0.0462956504866381,0.0049698620932656,0.0523540907270045,-0.0256291277995732,0.0807896702131399,-0.0177536088911821,0.00753907673696722,-0.00782343934187995,0.0258711354607453,0.0215428605572176,0.0461609509171071,0.0309195769406809,0.0477544556667212,0.0197882392620737,0.0769847868191146,0.00543396925857556
0.0145510489578698,-0.0376480072034628,0.0298580388586294,0.0433871657621374,0.0407655171953466,-0.0105475207572657,0.0557665546952023,-0.0259954585427376,0.0811343923439132,-0.018468141400003,0.0108890123057952,-0.0084619226006715,0.0373795083152944,0.0391126017299074,0.048881261944777,0.0223249858615069,0.0765830718491041,0.00797156164052818,0.097675577967392,0.00125165441933938
0.0111539356622415,-0.0397114054383007,0.0293358452358237,0.0359090817939338,0.0429254181235378,-0.00131778553197683,0.0547379649676562,-0.0275962335175132,0.0527618438488091,-0.0294284540327573,0.012745359661458,-0.00897743712763596,0.0382599473886868,0.0349908140484106,0.0510647978934911,0.0270114276710192,0.0679578425791521,0.0102180183740746,0.0909415457908492,0.00204739128937809
0.0100486482408512,-0.0260032959290674,0.0335680179825475,0.0430769141238833,0.0404042220507335,-0.00520037256004025,0.0499545760095931,-0.0236804107788708,0.0783525319343038,-0.0185926156622928,0.0327958699588997,0.0334294542861774,0.0528777181722824,0.0309160705463092,0.0504252139383891,0.02405101938108,0.0720190416825466,0.0128969017377352,0.0961236820948822,0.00472358959097541
0.0168884219739086,-0.0411801515349021,0.0306781210502288,0.0319366252106246,0.041229404051368,-0.0116913787872534,0.0529138579666654,-0.0265530290158907,0.0804185430666598,-0.014995966714467,0.0190099622036814,-0.00264373367794069,0.0345651811749007,0.00560206891038484,0.0487516393846689,0.0327014783415034,0.0572017049706669,0.0216255453610496,0.0830444358656578,0.00453759635760181
0.0273259768959675,-0.0341870150949185,0.0421436331704704,-0.0246428372676415,0.0349161785837079,0.0073590145471263,0.0500815235151821,-0.0245227373172104,0.0813435101620932,-0.0182778471600128,0.0295682239567647,-0.0081320907397926,0.0507982870802691,0.00318271134621205,0.050651156846805,0.0290978601297327,0.0598060759027377,0.0326177315579353,0.086949971839664,0.00927205781203667
0.0122444042791138,-0.0414081743162264,0.0321524086628991,0.0423270356706448,0.0395781011528271,0.00560369293306897,0.0475396866683283,-0.0267352132144265,0.0817526296682478,0.0322512982675386,0.0256596698127543,-0.0107095071446528,0.0503428632879519,0.0382365094878606,0.050858229121605,0.0261373361956719,0.0697227060612303,-0.00415537635514822,0.0906552707494414,0.00655660716186952
0.0138246350378344,-0.0405459180958947,0.0260871447328298,0.00152820066419977,0.0369506607744189,-0.0254967435532789,0.0509107853647093,-0.0306475991671147,0.0797807935659429,-0.00852093904753614,0.0222542905676042,0.0285946301597567,0.0482802532368444,0.0310951878971079,0.0769446964507604,0.0190593261999881,0.0979165872130668,0.00251077814813319,0.0984258294500382,0.00112775791368036
0.0140804284262432,-0.01321750068841,0.035779685142776,-0.029455154593517,0.0471365114841993,-0.0286791472903231,0.0778962640339641,-0.00508487346652453,0.0916571286006206,0.0126764698868346,0.0353174554120396,0.0139571078889,0.0477989650718603,0.0229538702692134,0.0509504359412649,0.0306824576381151,0.0763269577584941,0.0167000543275697,0.0960365851830979,0.00602066136696281
0.0127420563596862,-0.0368770638483898,0.0289732707358867,0.0213132790249744,0.0409666041543146,-0.0322168231713734,0.0535851784720373,-0.0274739794147135,0.0701864789346329,0.041179092142299,0.0385071155577226,0.0436805139473779,0.0582929878943262,0.022886963209349,0.0978844223058226,-0.0015512815135129,0.0963820656865083,0.0049663455370151,0.0888671256218109,0.00475983076674758
0.0267192260030177,-0.0411807191325153,0.0340570928129604,0.0308145794733584,0.0442305502175804,-0.0118167877005519,0.0498444880575834,-0.0293815256435569,0.0791292471187037,0.0114722350965141,0.028181218584734,-0.00425735761614298,0.0452205912179736,0.0310608913529825,0.0551770586059162,0.0200231922081551,0.0645741318561288,-0.010811707306697,0.089262218062705,-0.000876692044012685
0.0131558528805462,-0.0344566894554981,0.0382815547266134,0.032334274931367,0.0459909744587898,-0.0434048415108977,0.0495040672899703,-0.0287003820193881,0.082205799313304,0.0328849162026305,0.0249640645895466,-0.0074221368804252,0.0490809987119376,0.0309977283885207,0.0620342440945292,-0.0271438468428677,0.0694081279175792,-0.0102362815555754,0.092222473799089,0.0193956375128301
0.0154732790695326,-0.0372690956488732,0.0349756580559773,0.0259621550715371,0.0413835496725387,-0.0108717560867601,0.0560904694185907,-0.0242729364718409,0.0806248157195857,0.0269962669713138,0.0201781950529482,-0.0301309807918822,0.0428798200904543,0.0270843044636329,0.0509173150925788,0.0252668096488007,0.0622527335087134,-0.0218946712562493,0.0850568220631089,0.0240126860129441
0.00824654956991271,-0.0336682925217672,0.030284539290009,0.0481146105282873,0.0358461985107321,-0.00814744985495988,0.0479772771118054,-0.0317726033238532,0.0741021090929614,0.03788020204418,0.0234657119028629,-0.0175673964033506,0.0459819986714904,0.042834824702867,0.053367323680901,0.014213391330862,0.06133243774068,-0.0174425780102824,0.082692853913097,0.0311823197227533
0.0129033051480758,-0.0265122139539716,0.0302889282636339,0.0292245011596172,0.0452855383458113,-0.0434709120872081,0.0512404280564975,-0.023614078628668,0.0824301169851558,0.0243619287505523,0.0138228432610242,-0.022109664175552,0.0363034089786282,0.0369313899068419,0.0440446563659647,-0.010595991677196,0.0486281138504319,0.0301470159054672,0.0769344245550851,0.0232416715772379
0.0177784409631388,0.00167865924237386,0.0337668621336321,0.0454700938360634,0.041184672557124,-0.0114698327804864,0.0558007826511932,-0.0266205836814708,0.0782627436047641,0.0351104255796552,0.011797252221227,-0.0187043100029257,0.0369526117416661,0.0447539746403016,0.0499955674673431,0.021808082398378,0.0605475849539265,-0.0135299569061249,0.0843727224286159,0.0317013077013833
0.0165518209474652,-0.0354427635782279,0.0319381147070822,0.0439138167871141,0.0432926297891331,-0.0023260764514646,0.0544108011494362,-0.0338726992395633,0.0825366410081754,0.00469311630300763,0.0127741615380166,0.00735749496197276,0.0326167843657844,0.00404898118079621,0.050172360529877,0.0315646203328226,0.0613128061652697,-0.0187214076531802,0.0843870243025433,-0.00864491767172001
0.0103709121842592,-0.0373479526905966,0.0325955143408853,0.039886476708309,0.0395152343079297,0.00242923707778899,0.0613723024896024,-0.0408492507553159,0.0804316534461116,0.0184298511247574,0.0164471971039847,-0.0277977633758826,0.0405013523255791,0.040506204819861,0.0526816474432517,0.0259289382183736,0.0632844802008467,-0.0222242740737695,0.0880405974257713,-0.00384697369729939
0.0104042335630338,-0.040302285842345,0.0338450585205703,0.049689384171316,0.0438561780851196,-0.00236511061473062,0.0509853919630426,-0.0286062598460398,0.0780753975940971,0.0358892732298003,0.0124762736546988,-0.0277454718261342,0.0418089402614102,0.0483743650959096,0.0557969877618432,0.00661913323166035,0.0627520911390164,-0.0309931673045376,0.0845022623813655,0.0329989149762955
0.00235754385137339,0.0133662213264021,0.00791030241039203,-0.000487899175914623,0.0268352564817961,-0.0403806081841135,0.0519963137460341,-0.0241561315481991,0.068716172132424,0.0405546132057268,0.00989546418684453,0.00554227985600033,0.0234833432854897,0.0226746655789901,0.036130512865004,-0.00743836650722761,0.0516044039599875,0.0191227406331171,0.0620270614958242,0.0327913136431641
0.0129797906079728,-0.0403774031929815,0.0353327432393898,0.0558844978919293,0.0431252075033702,0.00653713621094942,0.0488969074055121,-0.0263586556439838,0.0741830808498076,0.00825661825961598,0.0130414296478223,-0.0217909151868497,0.0458717568602614,0.0510195361648301,0.051068458433716,0.0245346018197371,0.0620834683604935,-0.0208456369485581,0.0831538710563841,0.000657317548631736
0.0142962086295182,-0.0402018049494036,0.0322593113106231,0.0441621438670497,0.0425374346243653,-0.00476821991830414,0.0500570293661826,-0.0269183747452729,0.0716501402810176,-0.007772673340079,0.0193545258014381,-0.0187436469351255,0.0430090792018393,0.0429495695995062,0.0513868760216351,-0.0153333210914116,0.065673040584655,-0.0171027879721042,0.0864860069204051,0.0296006116803065
0.0141251796119186,-0.0385309248246548,0.03432476824266,0.0548408573104268,0.0427098070990289,0.00170973056731055,0.0497950652842083,-0.0294909824507259,0.0685428089938886,0.0203572822996381,0.014531230029447,-0.0269500447426176,0.0445793786218866,0.0506792694693296,0.0518424831058522,0.0139238386179128,0.061208946226941,-0.0211374770012465,0.076655082226077,0.0293415057512618
0.0262403216685292,0.0395625584982172,0.0351282021483695,-0.0365089488505281,0.038140527889857,0.0340257396765176,0.0451741476971895,-0.0420017846036089,0.0582466927153005,0.0427834255874795,0.0390199469519297,-0.011659511700634,0.0511063484627653,0.0275622179635293,0.0878507961084716,-0.00860739484066713,0.0965308204999882,0.0014236051474128,0.0988907166830926,-0.00099746041507929
0.0118237923017328,-0.0396254241376662,0.029407362721448,0.039578363961094,0.0391146626384282,0.00287239108308145,0.0477437845577025,-0.0273432709943081,0.0744859747693521,0.00703327508649916,0.0163589968329834,-0.0219606870813654,0.0400891724638359,0.0364256694660834,0.0541360491138708,0.0239850865075636,0.0565524499595022,-0.0226205701321054,0.0860032880970231,-0.00528327532561861
0.0101603388930071,-0.0172913786650619,0.0352463649190792,0.0201745156013063,0.0434060879746205,-0.0069339002725789,0.0480599258251347,-0.00959877884362188,0.051018254171723,-0.0284598878585751,0.0260900869569572,0.0153201392778228,0.0430591429679548,0.0224928899755234,0.0497358127176837,0.0203662253010358,0.064471198318886,0.012477077328648,0.0682909735904754,-0.0281656058918602
0.016671758845861,-0.0110705087251692,0.0338269318866325,0.0329785743805089,0.0446472990335069,-0.0193677196386621,0.0611115287514167,-0.0233639551741007,0.0758562617026549,0.0376369835100509,0.0152390284899539,-0.0267931357512577,0.0455855410670306,0.0447097431707915,0.0532707119294481,0.00377790910302247,0.0605066587701153,-0.0188391870896678,0.0855973584601109,0.0323664797458312
0.0144552123312063,-0.0412075638610453,0.027640084283883,0.030788587513286,0.0419195504748118,0.00768531452699634,0.0522225380088053,-0.0260870195689524,0.0686551220869892,-0.00686480382964634,0.0178863707973764,-0.0290430378922862,0.0417385390079528,0.037001966746352,0.0501316014290955,0.0221072882808636,0.0663598232200145,-0.0195407017360232,0.0830331186981848,0.00276830933933503
0.0238466410797316,0.0231049510734972,0.0368456330181118,0.00282343773465857,0.0470655898049412,-0.0249809828549512,0.0559634035383563,-0.0303418865444878,0.0821466308755635,-0.0157315275371304,0.0362753935895251,0.0394465734174727,0.0560238017804768,0.0269920960220642,0.0962941958542907,0.00198181505120519,0.0977945242512823,-0.00138112410262267,0.0976014632250801,-0.000913697791432508
0.0210639374554995,-0.0403666686914379,0.0419238153587248,0.0189628606050431,0.0474965043355147,-0.0147067146251262,0.0467519895722672,-0.024134371493167,0.056105816323026,-0.029166973434627,0.0331363107719126,-0.0212199072497093,0.0465632912846247,0.0214075550174658,0.0518230924260127,0.0305666745976666,0.0611595036131447,-0.0121545182328388,0.0721775782637949,0.00333916482518281
0.0140027035334025,-0.0266961457936875,0.0251367190487683,-0.0267779688968915,0.0408822594710936,0.0207128648954466,0.0486145489198041,-0.0258810746610271,0.0694847909646649,-0.00908667045814235,0.0132751650741796,-0.0234519257751528,0.0351453897886112,0.017050848332753,0.0488318551610254,0.0270225457033812,0.0560442487035469,-0.0191174460861158,0.0774153565876688,-0.00451702605223038
0.0206220389606728,-0.0396060628030086,0.0412529445142669,-0.0140425762582842,0.0432056956970533,-0.0116424861020736,0.0525051395550868,-0.018171003027498,0.069495623576465,-0.0296562486522869,0.0304095370187209,-0.01853731896832,0.0466576346035869,0.0217609340129101,0.0535096850425174,0.0285924630933652,0.0773246497855044,-0.00419841198442816,0.0982094674661797,-0.00166635200842573
0.0130288872701266,-0.0296286870051961,0.0324105910026715,0.00803954731663398,0.044553219400112,-0.0310909165678211,0.0481681122221679,-0.0253127351675038,0.070517968610015,-0.0205103508181287,0.0212190085389535,-0.0138776419068488,0.0432071383907596,0.020530691964047,0.0513849683626713,0.00316816886751149,0.0501528837146372,0.0313808633805003,0.0749839873052704,-0.0207765234558558
0.0151554669076072,-0.0406076757451961,0.0286530433268484,0.0094000972432971,0.0431584495618434,-0.00488345155458374,0.0488356780157744,-0.0251980604363816,0.0527703240467339,-0.0307120521573564,0.0137838722012154,-0.0298201339318228,0.0425149430023992,0.0204540954166353,0.0507093017122175,0.0274710408052344,0.0757728175908015,-0.0110751223517669,0.0878955210035038,0.000583323247581732
0.0112722814524121,-0.0400695483329894,0.0207792480015818,0.0149483137708213,0.0380288101628373,0.00320356911879416,0.0478858958420605,-0.0240491983663295,0.0531171542731389,-0.0283675639280007,0.0155444165666801,-0.0299985992859869,0.0383433259442112,0.0170041304025303,0.0531719059412447,0.0267714404670646,0.0673918085057625,-0.0137650323527359,0.0815414631492719,-6.39423386955512e-06
0.0126711728344819,-0.0389270787732202,0.0279917626035876,0.0226038200836153,0.0402553739017148,-0.0171805522321969,0.0513054104840155,-0.0310932819011457,0.0843212696441946,-0.000565976253654745,0.0121896991044359,-0.0282642559068324,0.0373273621607235,0.0279608957445559,0.0557697939290145,0.00395833527097386,0.0672286132218249,-0.0268158803894323,0.089819281918888,0.0116940333462911
0.0136596683468007,-0.0356449129507738,0.0375550567774876,0.00647818091768775,0.0431129910980365,-0.00303738952524344,0.0422642241490858,-0.0329912355051073,0.0725698295669047,-0.00978371332261485,0.0207959143599192,-0.0280858802332078,0.0434505532616323,0.0237227548374113,0.0536525628089444,0.0297952960469288,0.0545377030236258,-0.0236569966785817,0.0777051276017581,-0.0189792620309411
0.00825752974315913,-0.0400957822989686,0.0257985279461938,-0.000496847158188239,0.0380710341106589,0.00293811025909663,0.0439866776397139,-0.0231278582678346,0.0770075510924603,-0.00388478396823837,0.0116800011989038,-0.0340959799475366,0.0306798013455236,0.0138670595039462,0.0495949242345039,0.0294882311547008,0.0560386390590711,-0.00438172136512828,0.0819879759007429,-0.0140973085609568
0.0154301793394353,-0.0398726111872905,0.0252432024214768,0.0285264786049706,0.0350075128903985,0.0156974387777213,0.0485433868865457,-0.024317010157216,0.0810765746308975,-0.0169831896090569,0.0220305678462804,-0.0290095998484976,0.0415061545100421,0.030964535556583,0.0509107308645378,0.0300509056908025,0.0674363074845817,-0.011226768026995,0.0795919866447033,-0.0219923879238993
0.0130691171126103,-0.027649293831279,0.0305743610948106,-0.0412018460712738,0.0413444663301763,-0.0285060273379982,0.0526192023415116,-0.0164658970762126,0.0752061870137056,0.0167863230286182,0.0184513182306923,-0.0174125041631356,0.0360224775081184,-0.0187349300160538,0.0470229427326647,0.00567998622570406,0.051061171491778,0.0329537304016086,0.0714957309437565,0.0224115767373206
0.027025310274725,-0.0404866006620783,0.0272333345872846,0.0195418096324528,0.0315156560516618,0.0182595958453877,0.0463037513585416,-0.027146285368692,0.0796370326703591,-0.00786134981779275,0.0294098167550631,0.0269930290194103,0.0646472754134545,0.0251589255312849,0.0987030043151344,-0.00148059844051632,0.0987022985307466,-0.00148575255521718,0.0976571057405088,-0.00106489495182182
0.0287323263674827,-0.0368033964748002,0.0297749881387972,0.00197080587811044,0.0408514026409284,-0.0183725758357009,0.0473576163669791,-0.0284310749652037,0.0709745705997684,-0.0246205556295347,0.0131243630522975,0.0167275884702883,0.0306565023554359,0.0383845155852208,0.0471577354774554,0.0344613966498611,0.0565973903986794,0.02619208470144,0.0776619403299987,0.0125987931644148
0.016832297010001,-0.0400931044577765,0.0283958319533777,-0.00207236989264792,0.0446591436625723,0.0167057541218461,0.0479218747699759,-0.0223482325116387,0.0776678640073896,-0.0274182750408722,0.0198040031118669,-0.0237742834046692,0.0409648085522895,0.0265562752652286,0.0515535600591879,0.0235103363728482,0.0634772015180025,-0.0113872920311348,0.0869816282451206,-0.0142057679355283
0.0154774607305138,-0.00428964488600346,0.0225577529296019,0.0146442916289161,0.0185351594362432,0.00249884206792891,0.0210896564671316,0.00883431875849984,0.0500691341963437,-0.0231206690546233,0.0123772562502368,-0.000456464535255211,0.0150736770581896,0.00464245954218203,0.0454531133899399,0.0113465153338949,0.042966869322262,0.00891518507777126,0.0685167356111177,0.0160326327366048
0.0110330993909391,-0.0404960290880034,0.0237675351816192,0.0405069412783364,0.0323303239985985,0.00646127516623662,0.0438885187070345,-0.02276504771777,0.0626067766121731,-0.0303993924689183,0.0217153753979212,-0.0241126037471416,0.0428446545013128,0.0368881263711725,0.0511177808079153,0.0266907522636991,0.0604847770582178,-0.0127109838539672,0.0761089803197833,-0.0185561345203741
0.0104990052167286,-0.0379657346576928,0.0258207957275325,0.023334711874325,0.0366416528856552,-0.0384840766862369,0.0472655727774135,-0.0344501627009579,0.0625911932570293,0.00284837593226262,0.0208465977266555,-0.0118919568592971,0.0446150819969543,0.0329634725732857,0.0519027654281831,0.0305527516371164,0.0545860936070997,0.025081905755954,0.0873855922345973,-0.00581076290324328
0.0101750085655289,-0.0378990044351453,0.0303871008557282,0.0253235960919871,0.0407098554535195,-0.00123511484220761,0.044745114124744,-0.0429373100288001,0.0570904949264381,-0.00946988064610579,0.0123995300787389,-0.0268293334678822,0.0378647381004144,0.0303811427119805,0.0546927273164787,0.0262222342773174,0.0555373394415673,-0.0328262625244134,0.066159592136256,-0.00719082316173609
0.00968160408697553,-0.0367644203562423,0.0307904029754043,0.0387670473041554,0.0390357531697616,-0.00395506722594212,0.0432641366412493,-0.0457812112869211,0.0581019149670415,-0.0107508866579155,0.0169810762797757,-0.023499457235325,0.0445005609528655,0.0372677802853831,0.0513786761732652,0.0253258551368616,0.0611873293102168,-0.0363139600586088,0.083666405156271,-0.00128431198965735
0.0121206409353737,-0.0344958139912171,0.0260678100556657,0.0160927147670679,0.0300093390381084,0.00975897362367611,0.0526671132297606,-0.0365706701262968,0.0626078002197043,0.00942087746803388,0.0198069275008427,-0.00578832473973942,0.0402572936480028,0.0337598825740986,0.0518257326129293,0.0216476940112946,0.0706881555558017,-0.0220299332818792,0.0761184946980538,-0.00892417343075645
0.00998742554468379,-0.0364011790788553,0.0211934862616971,0.0349126023727889,0.0297461208754402,0.0113731649020877,0.0466168188859665,-0.0331585709362753,0.0645985961801135,0.0141121839888051,0.0228276864003831,0.00220452888643267,0.0352711955958497,0.0398836839339545,0.0522529042795358,0.0288210263018754,0.0632004841267465,-0.0209498072565416,0.0862332080830459,0.00926005420385585
0.0187688409726411,-0.00379236005042546,0.026856921958136,0.0359969781905916,0.0310891895331797,0.0127409031429926,0.04480778222605,-0.0081886610872565,0.0502391002468763,-0.0289426262552137,0.0277166139665731,-0.0128613465907627,0.0366131011598012,0.0444673580059934,0.0516453048850535,0.0304814967829041,0.0556541424802655,0.0148283224795522,0.0914088296947838,-0.00265453901015296
0.0189771178380589,0.030340757423421,0.0218508569631206,-0.0405891056393364,0.0270591581897513,-0.0197074425258795,0.0487349672094061,-0.0236214051775187,0.0657754450118969,0.0409517283989529,0.05238458232215,0.0156787475100107,0.0964910493168933,-0.000437452678022778,0.0899746650956954,0.00808218274001668,0.0914580801677044,0.0058962296997667,0.0972297453093116,-0.00021049402219286
0.0230047687290556,-0.0179052678065809,0.0354278207412233,0.0149913472741809,0.0417486654129549,-0.00804509125088239,0.0487286200905763,-0.0255683713498642,0.0620564489168627,-0.000718097793074901,0.0176575943624801,-0.00966950043006881,0.0442123207468695,0.024959528681052,0.0511802180758031,0.0268891546634801,0.0639945730089616,0.00813012036707258,0.0816789914428072,0.0028207835053592
0.010738021388257,-0.0284907865377537,0.0267892615871348,0.0325507487950463,0.0400242380652295,-0.0164182990429603,0.0638413985881296,-0.0058084655680968,0.0828671323028797,0.0332732262862744,0.0232378205363566,-0.0123038805238149,0.041863867000289,0.0396965380022839,0.0551371061093964,-0.000354364187180393,0.0742340741883619,-0.0137607850398534,0.0853665467920529,0.031204019735164
0.0153325441065202,-0.0387198712098278,0.0267344180854025,0.0303858800411613,0.0388191707722314,-0.000892543497571652,0.0524994067583431,-0.0269744028685996,0.0785701570963713,0.0241785317510186,0.024557722767143,-0.0260109358385904,0.0349277570678346,0.0353137066998524,0.050381444892817,0.0240527092885039,0.0706719216505649,-0.00945027157000087,0.0849886869381138,0.0217782630053608
0.0281663438361776,-0.0436272941141561,0.0285950979414157,-0.0432895494159951,0.0295741864905024,-0.0429788195165316,0.031607005787352,0.0176550459189391,0.0492339229137883,-0.0261160955130508,0.0347130764723364,-0.0328291423071332,0.0366761381259822,-0.0330628272092306,0.0390104139992215,-0.0329663456140646,0.0513321559741286,0.0344704507120409,0.0800242137939315,-0.00647587169651664
0.00664520697283463,-0.0377485433202208,0.0305233676696871,-0.0348857697846036,0.0488134141791126,-0.0274859499300283,0.0638135372120701,0.0188341910281598,0.0783848878149663,0.0322122890789519,0.0127437848208565,-0.0347059626603809,0.0360797163517786,-0.0215100094646861,0.0510058806104274,0.00664530294485743,0.0522423923312841,0.0331061229617167,0.0827304198260925,0.031132209022459
0.0109708013313302,-0.0404981847905138,0.0242822652918045,0.013313572846895,0.0304957102500236,0.0139240326436189,0.0474076268218502,-0.0298616634490652,0.0803325129242156,0.000195215325377744,0.0155048580717987,-0.028874938231466,0.0344602036547679,0.00272424560926514,0.049848055706134,0.0291367478345307,0.0579081612329133,-0.0138414084580169,0.073938234659582,-0.0222005678810559
0.0360344924095357,-0.0302863582772515,0.0313777820472559,0.0224764862938086,0.040982316260873,0.0261639975702199,0.0495441816998427,-0.021111658128387,0.0494866534856842,-0.031667261200917,0.021228802654671,-0.0221643433519276,0.0405824791235394,-0.00252472531143414,0.0505036973583225,0.0326328032389255,0.0705552968098859,0.0381341560472909,0.0877716685476556,-0.00250957589742382
0.0162345331923269,-0.0412792247915641,0.0406713676284867,-0.0332460856088727,0.0558614672695858,0.0362851212193203,0.0737952280517658,0.0205851678486931,0.0788529936561669,-0.0337535935444821,0.0204691489528006,-0.0328732676041926,0.0384859153521043,-0.00864182881436804,0.0511337500571872,0.0397147140504987,0.0507353743014976,0.0268887473076742,0.0827314887879779,-0.00929664507157154
0.012073228168659,-0.0404997802039511,0.0237382385803169,0.0364287053513115,0.0369298878003392,0.0108027003706056,0.0461148492363838,-0.0266919660049954,0.0682317108169684,0.00491270112702403,0.0149275111302038,-0.0326345641377647,0.0376449219454182,0.0396128483323657,0.0516047172163262,0.0261245904201711,0.0597725323310429,-0.0200515302379533,0.0802884944595524,-0.0108536462456824
0.0155291625140232,-0.00989597431815911,0.0234856649102312,-0.035376575837773,0.0312102577659188,0.0466700678116596,0.0455083884275692,-0.0244715301725979,0.0651623479271823,0.00348637798876958,0.0251562253915688,0.0391655295523906,0.0515558156840397,0.0306637560572398,0.0635638454464742,0.0181604315653149,0.0968894713154902,-0.00310501504092794,0.0986562320394295,-0.00119068901396585
0.0219929808139441,-0.0101131076695705,0.0384368069984778,0.0125394057395196,0.0420224364195251,-0.00995698575431149,0.0465497261716613,-0.0336101031647357,0.0645185394252106,-0.00983772919110087,0.0191689524133471,-0.0303810488763207,0.0378653685069221,0.0401813536543059,0.0493798052729392,0.0293450943163294,0.049980429572145,-0.0115240357191136,0.0683802340126327,-0.0196029334256223
0.00720277406760285,-0.033724679151458,0.0260028816926559,-0.0404513365823434,0.049284183860151,-0.0275177040905186,0.0653842326736661,0.0258545169703351,0.0882900304484814,0.0167766162332758,0.00924669056249244,-0.0297504595352193,0.0252505809540315,-0.0324552648916891,0.0406020678911349,-0.00541097570114675,0.0503332059696312,0.034197774409421,0.0677593245655931,0.0230598497233955
0.0114129276626917,-0.0245255511284039,0.0266724771339024,0.0219274302337456,0.0397752345962038,-0.00823326591270534,0.0434330815484986,-0.0150466149669388,0.0533556011604668,-0.0308428231218583,0.0213790320276086,-0.0172935491905282,0.0443097941830428,0.0255513886638412,0.050605820950499,0.0267390704256492,0.0632908017548487,-0.00396499282660432,0.069591636008621,-0.0348173904587388
0.0140676778878716,-0.0399318481235772,0.0293533121401168,0.0163028471258624,0.0360280482319126,0.00835847772506544,0.0348329132292234,-0.00555866867790879,0.0520418578403992,-0.0313319767759451,0.0102434370524311,-0.0266868302547319,0.0348190234843737,0.0100215111150013,0.0487664111752438,0.0275603788927273,0.0551871872468404,0.0220842985546301,0.0632055786691362,-0.0119326905888731
0.0132447826036941,-0.0348165998194127,0.0208600786841092,0.0258319841812817,0.031007739552251,-0.0383180956726526,0.0495211144337284,-0.0316589863389632,0.0688096368633034,0.0403111125276985,0.0202711820997025,-0.00126173059312014,0.0407211079734079,0.0344858799485416,0.0503298043766123,0.030530994315652,0.0528629902031162,0.0265003548280527,0.0766963177009916,0.0133385112240037
0.0163531443908966,-0.0404433239888669,0.0323439437953284,0.0177406913314043,0.0382987250250814,0.00603591805499307,0.0471866893538164,-0.0297285520925775,0.0757036381737957,0.00530933800848143,0.0143393525582619,-0.0253313223192944,0.0390394525092675,0.00502439491165234,0.0493113918818937,0.0295110529636431,0.0524345166352791,-0.015256716406726,0.0707626387468211,-0.0177817075180099
0.0150915300716665,0.0125122601410647,0.0284305412029955,0.0143610469887919,0.0383595268892047,-0.0179064408940931,0.0484777107878923,-0.0282853206622855,0.0787505948965503,0.0229662336852204,0.014310436002026,-0.0268413760693749,0.0364843037293858,0.0418835965961584,0.0530040498523695,0.0250013506792796,0.0587526015220541,-0.0205055053512644,0.0872611078139812,0.0105153524420683
0.0134085175557249,-0.0296229022836399,0.0336847460358664,0.0217689285043526,0.0361166718262322,0.0150609623146993,0.0413839192096739,-0.0245039704243655,0.0615507357614829,-0.00728802271017359,0.0228932302690818,-0.0179766859424801,0.0416833207500515,0.0335056706934784,0.0526654125629065,0.0210419804314036,0.0535105855868597,-0.0137389058993933,0.0690852811916087,-0.0209314163719943
0.0150845185779466,-0.0407017082282234,0.0349968143547514,0.0532000885397637,0.0447089906307258,-0.0011421044027126,0.0498314196699691,-0.0260084311922301,0.0767592589015914,-0.00125895714896815,0.0158812520752328,-0.0299612801050632,0.0415251349664773,0.0513555418714226,0.0524247034210788,0.0256610233928352,0.0621604908590824,-0.0196511116728976,0.0823803231602286,-0.0231022614619957
0.013202616222462,-0.0404303002375616,0.0246563201251283,0.0369611843054266,0.0394047842186509,0.004626141151395,0.0467945356994292,-0.0249324650742694,0.0724471544125075,-0.0027501872576204,0.0155042110724607,-0.0338195848095719,0.037663531496128,0.0262039594302849,0.0521914617704536,0.0266358334649777,0.0539561199508191,-0.0100566642959994,0.070426402422224,-0.0282079841593347
0.0150437899436498,0.0022819077877676,0.0283865561322198,0.0153317498608368,0.031488363849789,0.00037880288524316,0.0334619136603005,-0.00250590742396525,0.058957496017107,-0.0262778515544995,0.0208497248150361,-0.0227628804307476,0.0397290372558338,0.0425416568732778,0.0498044312807183,0.0281690757751578,0.0493661330477024,0.00625520985862847,0.075839934706569,-0.0325945061077999
0.0234981202366302,0.0374669517252846,0.0252287867746718,0.040920933521878,0.0347532745607995,-0.0348928131836437,0.054986817405475,-0.0241640705412447,0.0792362021470993,-0.0318793047052472,0.0114455058480905,0.0185246611130037,0.0146956568024653,0.0219838712172619,0.0353090629479354,0.0315059383316431,0.0509900745118259,0.0279218420857608,0.0897312418141721,0.00963755912664805
0.0141645702023642,-0.0391489357094866,0.031352436920668,0.0250665184536447,0.0398454266983532,0.0012126206094432,0.0445917080880613,-0.0390510147125254,0.0495688947903661,-0.0203976463874525,0.0249561332858722,-0.028042734544709,0.0421993930048538,0.0321563682221474,0.0526717481649504,0.0259779880052202,0.0634500367429278,-0.0296923407207654,0.0629386775261767,-0.0124888881866213
0.010584379383291,-0.0200955455305008,0.0278960758083844,0.0113985135204741,0.0314073701915429,0.00496066428638203,0.0487783772894574,-0.0394438053415099,0.0537124491623268,-0.0226982172074975,0.025144578577436,-0.00161397654922034,0.0470340648136143,0.030275659194458,0.0516526194342925,0.0158398727208512,0.0658888451582704,-0.0339227745716776,0.0777345597079746,-0.00300023756556495
0.0155539769037618,0.00157769090025936,0.0289456218497516,0.0132369237019325,0.0314192052007901,-0.0112662583186054,0.0488917201848161,-0.0242407291042308,0.0472257345481662,-0.0285686713074586,0.0256258298172273,-0.0215231779772293,0.0486710324091565,0.0324122915089248,0.0601547690558806,0.0167450605163964,0.060184790050088,-0.0161010053027603,0.0791092768131455,-0.0133973935246493
0.01486768987912,-0.0198808981239015,0.0337106087427026,0.00558431653686498,0.0321683675353758,-0.0357418226459593,0.0490801413042432,-0.0307332411909527,0.0768288904434778,-0.00132194291388792,0.0204243057182495,-0.0313107068088484,0.04719708771041,0.030749178564702,0.0445361411903233,-0.0163634811878911,0.0707293260076127,-0.0265683955716684,0.0810228975763491,-0.00909076661397274
0.0159509390430278,0.0293705272363089,0.028138135032951,0.0301019860152538,0.0375970125290532,-0.0330247789055427,0.0471812083207092,-0.0308064611442361,0.0597525582029532,0.0121162732549055,0.0303736574817985,0.0299285410115118,0.0486262202335343,0.0354906162492203,0.0515902928780672,0.028601150334581,0.0610510410432805,0.0153380401819511,0.088550026090981,-0.00217088373026671
0.00467238135368111,0.00312647314703406,0.00496323080971254,-0.00334425058722735,0.00489224099483305,-0.00426051669840029,0.0211028956001967,-0.0189432658156845,0.04813605420073,-0.0277835881949336,0.00151779051076797,0.00522130669798231,0.000997432878375872,0.00742140754518359,0.00585068996357106,0.0158009501222744,0.00663910949162258,0.0158754947031695,0.0452047085948887,-6.4706548351186e-05
0.0140513253757389,-0.0325364689157704,0.0256256751886391,0.0144973035412956,0.0338292453809221,0.00615870424772024,0.0509413820012077,-0.0292559369076512,0.084971310769251,0.0214690646289308,0.0180532015461423,-0.0198335257999962,0.0379514976796583,0.00212602173526435,0.0495750728080768,0.0278336566366239,0.0572207657745268,-0.0225196991870824,0.0782252767064596,-0.0200550848401089
0.0210024947859732,0.0196372186778536,0.034563972701897,0.0340137147428725,0.0381011890509046,0.00318045786453795,0.0539802131825031,-0.0284541899396099,0.0809503070819521,0.0262898507509538,0.0257087792056088,-0.0317444659765526,0.0441688957493436,0.0482032578324307,0.0512469154004908,0.0281857025379484,0.0652614800601922,-0.0199632872781292,0.0833681101990014,0.00750664729656335
0.0191821302851477,-0.0363072026841701,0.0306273615081119,0.0447058239622363,0.0371130246511393,0.0103141266334612,0.0401168995472371,-0.00293700713997334,0.0604677055069612,-0.0212461745781608,0.0304113441314813,-0.0290567022453434,0.0492546277803786,0.0428668142467559,0.0496612217963499,0.0245473970821119,0.0557140343315068,0.0113956269010243,0.0908974723886799,-0.000781309677453234
0.0128949726225811,-0.00237684324303811,0.023580339186747,-0.0194840103315265,0.0435180916276581,-0.0382448273417932,0.0486900823647327,-0.0229068943916135,0.0854937987536866,0.0182247638648328,0.0183623585127676,0.0357103846846248,0.0388777868063546,0.0422950449880811,0.0518656343784285,0.0293473394667918,0.0527307431897208,0.0275481246110959,0.0816387198297677,0.0350133838451231
0.0138786277385332,-0.036611200423839,0.0260207216038272,0.0224096352990638,0.0297583404761689,7.72240456865257e-05,0.0422126023184781,-0.0299982938749015,0.0713506768613477,-0.0148010856290942,0.0201811793870897,-0.0234995390181174,0.043384410741385,0.0337051331747379,0.050867993519194,0.0241098638243472,0.0605830285627929,-0.0229930139802449,0.0804247601622354,0.00372449573230242
0.00472200511099622,-0.0397410266753751,0.0224071988868814,0.0334844929582179,0.0288212058620317,-0.0148795120034702,0.0475155222533134,-0.0341795425541032,0.0604385608373947,-0.0238706677971014,0.0161051987452663,-0.0314449968560093,0.0408918464688015,0.0409383601751475,0.0489311322668999,0.0241894749146258,0.0631374453738477,-0.0260589672770915,0.0711747545795546,-0.0106395877515568
0.0137040522142029,-0.0404009432320884,0.0269603365910384,0.0382304797424975,0.0316984058319475,-0.00231660653224518,0.0463325831846406,-0.0388015365691545,0.0508172399275608,-0.0230596605755632,0.0238805743634198,-0.0260039429803773,0.0473874988902406,0.0417338025148557,0.0552571016855712,0.0158595105948283,0.0628456701351769,-0.0367276618111921,0.0743594298694973,-0.0180397148008188
0.00797242896162047,0.0146755058537142,0.0144227759999312,-0.00328551276054273,0.0228940169924386,-0.00810823508923463,0.0286156814481032,-0.0160526156904278,0.0488049416669632,-0.0284430942272138,0.0240850473740693,0.0209321933204476,0.0370879299700097,0.0195309743244115,0.0490726447871049,0.0231836623992507,0.0514620184070484,0.0120906379562173,0.0660468093788158,-0.0277076875480993
0.0167030109381496,0.0234449344064327,0.0242821165553593,-0.0319420915581806,0.0415263351306577,-0.03241701230362,0.0660700631511723,-0.0134372477602553,0.0692278954291294,0.0399874966529438,0.0146635248697787,0.00984507676660943,0.0343753560057622,0.0326655984104913,0.0476857083751104,0.0298506704558144,0.0520033306522122,0.0277726521227217,0.0746567865016124,0.017548520966524
0.0200646844983141,0.00981146786641254,0.030926700666958,0.00033038895849344,0.0405678429129532,-0.0334457367794504,0.0484420998329954,-0.0255281501728061,0.0644894442954106,0.0337555864524139,0.0202249558985905,-0.0194346551984439,0.0390162340210047,0.027788492043126,0.0490792201199272,-0.017344404313119,0.050588172918008,0.0195219842506336,0.0609326441027051,0.0422824409890118
0.0119913373232813,-0.0394873877619272,0.0256873464695994,0.0101029203314387,0.0396906443025501,-0.035320635110166,0.0674324521351838,0.0233370918672355,0.0730200859760146,0.0273089774445229,0.0178264515922016,-0.0184807415755455,0.0352447812856916,0.0273416423424515,0.0443527928622257,-0.0235309146348761,0.0545228893493061,0.0232482742886617,0.0765474943004301,0.0218400629303249
0.0123938119034964,-0.039277076671851,0.0289006292182626,0.0271246068082977,0.0348610327458224,-0.0300931883017898,0.0471975231213621,-0.0301577962255689,0.058012946824748,0.0055816203231091,0.0218695338124907,0.0228095845720871,0.0448327231513149,0.033970085533708,0.052497500601365,0.0291120237190195,0.0537610584178434,0.0276645508454988,0.084685001723855,0.0160871536311499
0.0246964532265847,0.0320506810192967,0.0327367765280222,-0.0375610541032808,0.0351268264601024,0.0219864673841635,0.0444306602439637,-0.0222688664634494,0.0504523264764594,-0.030564205826942,0.0380517764893027,0.0250785832866899,0.0505240645075601,0.0271572555250253,0.0809831759436363,0.0146647811506838,0.0976388321500123,0.00126531498576065,0.0981866909740549,0.00064230169646653
0.0270066640761645,0.0445348795465432,0.0300853483763981,-0.030720861418204,0.0392217055687344,-0.0172111751530015,0.0466045098645548,-0.0318181695935574,0.0571805799463897,0.0363534916293788,0.0468263011175951,0.0229375904328506,0.0525851473163521,0.0275122981597999,0.0958164923912412,-0.0014298010658595,0.0981249067927825,3.23921769133191e-05,0.0978226037552113,0.000633663709895696
0.0188798374657884,-0.0277784265205658,0.0370257323210334,0.0118082947904913,0.037587742360228,-0.0107839208156898,0.0417368274273519,-0.0101466131691079,0.0543586211016504,-0.0285805176341015,0.0504479370588245,0.0272223602215246,0.0974424153539056,-0.000132443726719562,0.0964679806010032,-0.00146397954370879,0.0981798552982261,-0.000398689114171973,0.0979698508641473,-0.000315558919379762
0.0278431466908409,0.052020508415336,0.0291289104620313,-0.0336074936069564,0.0385973112225448,-0.0122812585711897,0.0476480939403173,-0.0294988896359503,0.063892909146573,0.029141950505954,0.0275775852463071,0.0197955541400403,0.0452994791618316,0.0267377799671586,0.0512113371714897,0.0284509943280162,0.0587789808095665,0.024285614772976,0.0880089804271214,0.00878255795034272
0.0267974012490103,0.0420420873998747,0.0297890988157824,0.0216219480229803,0.037928195628876,-0.0324375435096019,0.0544746465364593,-0.0171107207600116,0.0720461439330823,-0.0221725697128801,0.0340814372950235,0.0266053592869162,0.0486152609711651,0.0288431748641481,0.0542908006604202,0.0267771065027572,0.0904419422101575,0.00701310412172876,0.0963763823869292,0.00133947515892832
0.0239108089575917,0.026998530969843,0.0273564387384816,-0.0393079250301001,0.0369071262198959,0.0270934000733042,0.0482082578771082,-0.0242708235820167,0.0710024083180218,-0.00440118441406797,0.0337297613950375,0.0207668871973749,0.0506889562335094,0.0285795703729858,0.0720483790374901,0.0170082274576105,0.095925767293327,0.00127481417827378,0.0970523350497616,-6.61830992381402e-05
0.027066772543923,0.0475562825272739,0.0284704912194551,-0.0431125338752174,0.030734723227277,0.0366877944520809,0.0462023146532999,-0.0228573501611649,0.0660437775808364,0.0222716161650752,0.0207300203375669,0.0133775990187852,0.0427772750691461,0.0259241613864559,0.0486513774292012,0.0268300563093149,0.052832637443688,0.0277651354372654,0.0777949340820022,0.0177597161451524
0.0289247744978967,0.0457065480123446,0.0259358289599215,-0.0369752053441723,0.0376623045909618,-0.0157514583343343,0.0484195381162007,-0.03146758922448,0.0689182776804595,0.0408241466054829,0.0218784537373726,0.0164262627953932,0.0420848834068914,0.0285628591518327,0.049308258005097,0.0285559122177913,0.0543844235388592,0.0258011121803371,0.0793735205317776,0.0150233874948212
0.0286875155434981,0.0501397009305843,0.0326043774389805,-0.0327320277869303,0.0400758122342652,-0.000326400993174906,0.0477376976987227,-0.0260754152975137,0.064259463362717,0.0217250634841955,0.0232119087508294,0.0190283953872132,0.0445947327851398,0.0262590952450607,0.0488070640760755,0.0282665768430808,0.0509674213201091,0.0281945655140915,0.0780694552424807,0.0138770487075011
0.0137566942241947,-0.017202151318885,0.0229974132330931,-0.0436366968809214,0.0363444528798384,0.0116192124461923,0.0459484204781562,-0.026389255173766,0.0577513745693528,0.00509034886121444,0.0117957009851763,0.00469593436264864,0.037522314535965,0.0250841629852871,0.0476442962343787,0.027388947655179,0.0567065662342509,0.026534054322355,0.0812415331258826,0.00996104606782836
0.0188117448312664,0.0288975624407062,0.0277320818312592,-0.0334959817214615,0.0407217595573812,-0.00130857097178992,0.0477829383634127,-0.0248524500312526,0.0686063841491063,0.01821483332704,0.0303693217580297,0.020697547476059,0.0449733146852388,0.0280291479929659,0.0546633371458271,0.0275364058364078,0.0863794619587267,0.00960043334867234,0.097590714324999,0.00184296124791171
0.00554170843763029,-0.00538859910538131,0.0225353369923552,0.0234656311405196,0.0369389239622423,-0.0373626168473874,0.0591439465575613,0.0269473126915955,0.0990444874682122,-0.0024041014593667,0.0503183705137531,0.028049428665983,0.0985664277043463,0.000582683935213871,0.0332967600039502,-0.000761891225511397,0.00400537721761261,-0.00123163371999246,0.00419313457955658,-0.000270338096613766
0.0102463596320974,-0.0382499246743797,0.0235404319134093,0.029910504354769,0.0432357490668431,-0.0261969608873519,0.0570374975876841,-0.0265225137442767,0.0778182468497583,0.0114415804766655,0.0152714177913778,0.0101051766579655,0.0415694303052719,0.0236361847219689,0.051605059470116,0.0293398626277474,0.0951576186506231,0.000460322519141939,0.0965634068417758,6.59955588227497e-05
0.0111743386519833,-0.038933913497163,0.0266646605022002,0.0305539096815991,0.0442017596450075,-0.0209485899726464,0.0499927270580242,-0.0287850007050486,0.0733564305268158,0.0288734643650344,0.022735300460667,0.0159450690047435,0.0432336685499276,0.024485423058078,0.0497301960915207,0.0274306725857933,0.0530372959172451,0.0287052745126182,0.0855016125584374,0.00925469778667482
0.0138865502999715,-0.0317549175405849,0.036406751163688,0.0152160485777655,0.0421922858745875,-0.027863521317321,0.0571968742310687,-0.0253325535005463,0.0726745836134809,0.0355808415476524,0.0218879396155902,0.0161170765028407,0.0436042753050703,0.0252588811093825,0.050670156997636,0.0264441821906975,0.0508819362405326,0.0282830581925568,0.0768867233906568,0.017357324491741
0.0163003304522471,-0.0211925744433217,0.0345150148122145,-0.00854147506988913,0.043792410807383,-0.0362171511355071,0.0499174512305999,-0.0273662871145971,0.0701244575344438,0.0381491272485031,0.0274146375761644,0.0192053813350593,0.0475406431277362,0.028943077869346,0.0509718013310163,0.0288397856361422,0.0529876910415321,0.0276223259974841,0.082813038750158,0.00892008267560621
0.0121754911196639,-0.033865146119856,0.0383842565620701,0.0149105326532725,0.0398350130472908,-0.0241518264695666,0.0489989498223573,-0.0278563143303237,0.0751505635029797,0.0128358651243686,0.0214644849215005,0.00752451502555136,0.046077452142852,0.0237094614602464,0.0509096634816791,0.0277038746188822,0.0552267879084592,0.027369225735153,0.0839825909239478,0.0130609111462403
0.0161384386552247,-0.0201449880190366,0.0394525939722914,0.00274083356720279,0.0461276162893861,-0.0241420108906227,0.0514775632068778,-0.0288684615709662,0.0745798368730987,0.0119114030574246,0.0280573732299869,0.0213176450198593,0.0493055018339448,0.0257188248494044,0.050847385208893,0.0280653026416727,0.0604759554502365,0.0254424732619855,0.0928955507900002,0.00540802724589474
0.0171268894025493,-0.0252108935079458,0.0349443630749366,0.0205785362286464,0.0406918511997793,-0.0295215084258826,0.0473800315037521,-0.030295995384252,0.0595915555073447,0.00856599276146843,0.0211388544881884,0.0212835108256153,0.0422747412496886,0.0295904615662755,0.0493079475622878,0.0282149811310474,0.0533818595008044,0.0282970482965232,0.0808201088153569,0.0187117591212216
0.0128378872118244,-0.0254501093474376,0.034652326251886,-0.00215243131182137,0.0484633388616047,-0.0273389491507201,0.0508943753808569,-0.015128860512171,0.0620732438683044,0.0423552392120906,0.0222282618202427,0.0214371751954001,0.044189013857927,0.0266128541067117,0.0513759931496768,0.0268786894351514,0.0517058749242013,0.0288179745146273,0.0789503322667145,0.0132192664371904
0.0152591371749176,-0.0312206382432415,0.0293237854005003,0.0207369769020065,0.04335444308664,-0.0221385512561629,0.0520341642922344,-0.0288893864386346,0.0728883439797205,0.0111118728613146,0.03373076864827,0.0267165499203086,0.0473951496755726,0.0268025313427027,0.0527597236428939,0.0269796924246713,0.0882830540380023,0.00819331320775823,0.0962629194658279,0.00154695704485263
0.0167513905860625,-0.0400940873235722,0.0242118960206842,0.0304374032402091,0.0320660416893668,-0.0320723687161484,0.0481362139247977,-0.0293715437163101,0.0627588490146257,0.0229845187844538,0.030305730808402,0.0251762160753734,0.0439870897719974,0.02794159266027,0.0508445009280214,0.0276865834761222,0.0521819552619108,0.0279926823328732,0.0845753064924567,0.0146064485673125
0.0123279481545143,-0.0401462261802825,0.0280683731066119,-0.0386013828881994,0.0429327089192256,-0.0314884070915537,0.0501077860800983,-0.0281419945360931,0.0498158542419546,0.0331906431668262,0.0248625039352498,0.0226820151535255,0.0479170382689656,0.0285008213585781,0.0698829917968172,0.0183499784024157,0.0966314491324645,0.0010717037297097,0.0916359419564509,-1.87564970981761e-05
