u1_1,u1_2,u1_3,u1_4,u1_5,u1_6,u1_7,u1_8,u1_9,u1_10,u2_1,u2_2,u2_3,u2_4,u2_5,u2_6,u2_7,u2_8,u2_9,u2_10
0.0788517533272294,-0.00361521419166494,0.0963600409585848,-0.0015034173052401,0.0510245987986612,-0.0284619021538742,0.0495667614294678,-0.0274229249394707,0.0822487429114085,-0.00664164578368419,0.0168299402974491,0.00194984815667528,0.0286352583064479,0.0151605083022566,0.0431522133570969,0.0296545090495551,0.0521142249446575,0.0317131965966053,0.0782151753930838,0.0205401927962624
0.0304733385790139,-0.00829504196951116,0.0458271758757207,-0.0261301376546297,0.0564946772660005,-0.0244499445679321,0.0908542481992997,-0.00601129557380672,0.0970175315559288,0.00110119968433673,0.019824011831033,0.0135704666831603,0.0343292213378804,0.0205993019399911,0.0500462406649151,0.0282960227746116,0.0611781891094941,0.0263970951164243,0.0895798355215421,0.0124956098124866
0.0411491585014639,-0.0188729102496349,0.0479836492516,-0.0306206865020834,0.0734518556924837,-0.019079986013222,0.0985826955447015,-0.00274991501957488,0.0986369096747192,0.00110594595553727,0.0280708532850877,0.0210213783810446,0.0442268796661024,0.027144415100669,0.054258195557756,0.0347630864534423,0.0514454352860856,0.0324529687155061,0.0800888916636113,0.0128292828505501
0.0366866648459236,-0.0144514318146058,0.0478725176995009,-0.0320430815087204,0.0926151736327722,-0.00552022371663427,0.0949177557402072,0.00326596549627862,0.0992302790540095,-0.0018719430215007,0.0198647157845818,0.0177232641379681,0.0378318690874989,0.025502412696462,0.0487132360913452,0.0301990153835935,0.062560375902365,0.0250219928216255,0.0828692677878458,0.0133963172883621
0.0191922615655639,0.00573931619254286,0.0438287350013698,-0.0213991789980084,0.0502526281161439,-0.0328653710429961,0.0625931211293051,-0.021995376952355,0.0948127581349258,0.00258066313965603,0.0210645172297021,0.0150121578117963,0.0346126211741644,0.0281122377940503,0.0496838989972393,0.030117097300936,0.0726578680012332,0.0187496403511466,0.0907704666214138,0.0126716075133587
0.0103910856140655,-0.00492297253285445,0.0466140968667588,-0.0176177597637866,0.0469988651681784,-0.0284177147460651,0.0526044819922456,-0.0223815891795352,0.0851768401792156,-0.0104406459502707,0.0206647407525628,0.0164589896455396,0.0353682399972625,0.0239029057895976,0.0461354906716106,0.0308451624814199,0.0553775360144555,0.0294586955742595,0.0781721839295931,0.0140138323087403
0.020904454277597,-0.00791765957263431,0.0444382730740734,-0.0287784522780758,0.0596854104725483,-0.0234382554827303,0.0926821541510623,-0.00257300111188712,0.0963465173902512,0.00249368261316264,0.0283355377739311,0.016507104589602,0.0450319378377133,0.0257797221855541,0.0540147653641217,0.0330260912228946,0.0496453603372421,0.034585877544843,0.083620336937439,0.0123942232450346
0.0160552941486461,-0.00476333168268955,0.0432734481620411,-0.0206053162790309,0.0457696253304265,-0.0294024787431568,0.0511745963414779,-0.0297189364918911,0.0838705773029872,-0.0135281188080775,0.0282742935297343,0.0177952632435645,0.0380802997264719,0.0252012245052909,0.0514787509524417,0.0340657981040994,0.0527691711204752,0.0312317749371856,0.0816104883910421,0.0165951506922898
0.0182269912485953,-0.00688099109168517,0.0422979961109256,-0.0165868279724803,0.0470468117416281,-0.0283780518119958,0.0502003305833882,-0.0298504289888755,0.0857969766651925,-0.0156123874141033,0.0310343228011546,0.0258711793237272,0.0458190508358623,0.027952742663958,0.0502623383230346,0.028656736760493,0.0555386695371608,0.0289427805964264,0.0834098485587761,0.0123891927687811
0.0424118772944717,-0.0140164398105445,0.0473011160869067,-0.031937682199745,0.0622202176227002,-0.0236996121047286,0.0919834066557517,0.000262214260353861,0.0992521921760776,-0.000178308923310927,0.0184028998787614,0.0131354447255146,0.0342607636423764,0.0242235138036442,0.0476372251961277,0.0301309343661664,0.0577048789760704,0.0281975630282221,0.0877463838996893,0.0109465205380802
0.0432484843443643,-0.0192959953798312,0.0468827899329048,-0.0313739523758635,0.0624229501517118,-0.023306157707811,0.0933506016587865,-0.000323898268603248,0.100758359041155,-0.00469533126964867,0.00725911369947912,0.00897636710921136,0.0342024312213908,0.0249108967999439,0.0490005941696306,0.0276607243393297,0.0599193376522912,0.0264613512648064,0.0845515246739798,0.00972475223745836
0.0423567170709091,-0.0203482029714476,0.0470206758960636,-0.0343765296238734,0.0474572294102562,-0.0310851322257834,0.0513666079272034,-0.0275360037380811,0.0694061301270304,-0.0178959165746099,0.0144085898112444,0.0213837935101975,0.030035424577156,0.0296467936124937,0.0428747705791366,0.0303777884634883,0.0556071573243343,0.0270395536032688,0.081240576656934,0.00911445092479434
0.0245905808621042,0.0432335922791056,0.0440753964137041,-0.00522651918350491,0.046963808743791,-0.0255445941804155,0.0501635678839947,-0.0192785342148171,0.0361073352290594,0.02222165674026,0.0145796074229168,0.012725872430244,0.0440241987920633,0.0168720961283372,0.00684922888865536,0.00408184622330247,0.0069394690896297,0.00404117731571188,0.0302487373987366,0.0240020330019664
0.0209772021903423,-0.00409367526549236,0.049021654633835,-0.0214670436606198,0.0483784929403181,-0.0297741259625361,0.0727268040423132,-0.00809670314606606,0.0957245797969184,0.002987824488652,0.0226789627011864,0.0109609270862379,0.0401163502841732,0.0212948168942401,0.0477807773603175,0.0315473498087845,0.0729438174547863,0.0274023334491981,0.0909116362949358,0.0132864984961904
0.0164988076590822,0.01567496071145,0.0379593796528409,0.0291242633860997,0.0544328934966328,-0.013990024865673,0.0509816517228815,-0.0289502695050978,0.0712580334235626,-0.00307213182231526,0.0102798186640106,0.0147509866285602,0.0330877200252495,0.0231239547357618,0.0453544275572892,0.0294553447956702,0.060463542628868,0.0330990226259401,0.091933027151738,0.0150738941141197
0.0778615194265974,0.000592121265144762,0.0778636927942527,0.000495296714655877,0.0778636927942527,0.000495296714655877,0.0778636927942527,0.000495296714655877,0.0778636927942527,0.000495296714655877,0.0261287260130311,0.019220803190826,0.0631760201427786,0.0244660587956738,0.0976259960699867,0.00316626755239839,0.0995641352819501,-0.000551639348042387,0.0985727181002606,0.00150254133899124
0.00530967217967845,-0.00833634550861452,0.0109835132966388,0.00391928251581724,0.046437302992779,-0.0108137001274095,0.0516071353734577,-0.0269059684544947,0.0436956385080281,-0.00660622106170067,0.0196165968999537,0.0131168550193761,0.035464288376447,0.0264951138598173,0.0539353245426547,0.0364958221471428,0.0535363832286018,0.0294576878703043,0.0713378028497235,0.0201120732041204
0.0504195409166446,0.0266875295454086,0.0400268163058546,-0.0420515395251708,0.0502075922455649,-0.0252977360867602,0.0684888008816611,0.0494032951291898,0.105259148077822,0.00444597624376376,0.0215378492711966,0.0273170140640609,0.0372346424062176,0.0301495934188519,0.0479552043849275,0.0278826377965927,0.0508814200226633,0.0290648928988725,0.0735261609239966,0.0182807782328548
0.0214791239383235,0.0394069357531947,0.0400010283224595,0.0207888256528064,0.0479089856510971,-0.0162558599520883,0.0520914039853906,-0.0284654573841262,0.0819222683351321,0.0234796763840227,0.0121763281305921,0.0174953551809058,0.0269984748120901,0.0220690735318287,0.0423349749575589,0.0293783531400278,0.0545782483487309,0.0316985957085337,0.0678413240817992,0.0198220339872458
0.0286207609737825,0.0111376763974001,0.0442822520117138,-0.0226743587167527,0.0517009891591306,-0.0146801592917227,0.0941773458247839,0.00183454768044876,0.103272568984142,-0.00400863494863633,0.0220020553469762,0.0236469630379985,0.0386707018297956,0.0288795972338614,0.0512942956135584,0.038649330943992,0.0531902983258128,0.0268228916430573,0.0802589321244897,0.0137900232060408
0.0263973526723734,0.00889505728328157,0.040535031529822,-0.0143894072139929,0.047592348764726,-0.0271781039020773,0.0522647524010296,-0.028603104935232,0.0633952009365353,-0.0319857038006761,0.00736407688661292,0.0051878383858337,0.0207972555164921,0.0213144568546795,0.0365260518420516,0.0279129750990204,0.0446697385450834,0.0305704735450759,0.0765323831981258,0.0147316718660436
0.0135559069369273,-0.0310490019104624,0.0492703128842785,-0.0252299504940583,0.0520260643971395,-0.0224739346426182,0.0641310459568066,-0.0166793837327304,0.102926692203453,-0.0111618824847996,0.0138745076427503,0.014492836368729,0.034542647274797,0.0272180670675485,0.0415137470808958,0.0304798284848927,0.0531049941314852,0.0274266203199696,0.0847778228945029,0.0157707823169417
0.0295950539005211,-0.0118631673441461,0.0518409545699372,-0.0197883221606372,0.0497275675877458,-0.0320226085763617,0.0733625241884263,0.0353594694072466,0.0966910048760309,-0.0040495450941728,0.0152818260494509,0.0200492071111772,0.0325311854822733,0.0288491315876563,0.0416828665165814,0.0303847564499455,0.0605135915461504,0.0380012133989282,0.0846913854497843,0.0114254976097636
0.0249254950521404,0.044396221303137,0.0440190347574229,0.0173047486489295,0.0454020412546612,-0.0296065641469455,0.0442945657370514,-0.0274896657223783,0.079424910513093,0.0308581939665072,0.0132170455220912,0.0212879466716011,0.0274141103633497,0.0334788262353472,0.0368086735070553,0.031256602077778,0.0498697253601852,0.0289472344349547,0.0701187512963603,0.0171689757176285
0.032133208706931,0.0275208902835564,0.0455247843716354,-0.0145758109919994,0.0516524914235402,-0.0254728360097468,0.0806368928261125,-0.0318166659335596,0.100018893324248,-0.00150835916057603,0.0190059195218425,0.0221578782749534,0.0342740571601433,0.0220103070197188,0.043604009085226,0.0289518556767366,0.0638663399843466,0.0221761914783892,0.0944642697328931,0.0104408809856909
0.0205803737844723,-0.03451255814125,0.0516874448084876,-0.0182595665411077,0.0517263321942721,-0.0247242702027714,0.0527656979116701,-0.0276829099249704,0.0996127832189402,-0.000814796863108371,0.00991974607526189,0.00403581684959668,0.0348368684444769,0.0234015329425243,0.0438098414401262,0.029565963355575,0.060690196676116,0.0239588971222362,0.0937877987982944,0.0136881486483127
0.0202200268778211,0.0102768836712891,0.0407442090025345,-0.0150237710965191,0.0505232867483294,-0.0244156988255047,0.0523722245546604,-0.0307321176066249,0.090910987160814,-0.0256187567892677,0.0165278024352519,0.0212081056315223,0.0338350185679256,0.0254105842007919,0.0472519635401931,0.0295319033540353,0.0651352137270218,0.0212818942003413,0.0948483247276339,0.0111794706946384
0.0253901297270954,-0.0319207927062235,0.0451068883807263,-0.0225410223868409,0.0502232308086194,-0.0271649622843921,0.0816867340681865,-0.0239423567480005,0.0949487168029189,0.00341825858126879,0.00898918807492106,0.0100113071944848,0.0296212628352202,0.029382427520329,0.0452717526506723,0.0318108720418899,0.065905606371774,0.0228664502420204,0.0942800551248685,0.0152893385192905
0.0402322013192389,0.0336610083682505,0.0473955412916559,-0.0233642114263732,0.054703252246032,-0.0406217325703377,0.0884854980319377,-0.0142406379590471,0.0982181352934879,0.00230147501392013,0.0121041236687466,0.0186918087042748,0.0271728344107804,0.0365916792443649,0.0429674549701396,0.0352045122334813,0.0664747343117123,0.0235985607013999,0.0913175618646112,0.0140763322703802
0.0296134611203057,0.0285060149806556,0.0429616795967047,-0.0105940688669633,0.0467937120911532,-0.025140170479117,0.0610831497041389,-0.0322329067798503,0.0875891981325265,-0.00607609722509725,0.00560169857558856,0.00983003427272567,0.0280385076646491,0.0286698611189161,0.0373464263464551,0.0252997836727618,0.0504980682006345,0.0284986381563448,0.0820705593733,0.0195578841488685
0.0319738044913794,0.0134059905984598,0.0434844454172595,-0.0191482021589212,0.0493643882680559,-0.0289661779706162,0.0830785692635724,-0.0276399556422606,0.0964012951312573,0.000208774424711311,0.0202167970127385,0.027406893466162,0.0268348632752181,0.0302791332829327,0.0440440543259796,0.0317993969212935,0.0648196560972073,0.0288301525644188,0.0954502568825978,0.0116889359853416
0.0175827943424701,0.0158511970392792,0.0441209355575538,-0.016494945523725,0.0480205068602178,-0.0247273073439356,0.0522550349574314,-0.0290530608553113,0.0970513612972143,-0.00110692065076945,0.00970362730914787,0.017816166769196,0.0305639010515634,0.0374435884120304,0.0485985184824086,0.0269813822958297,0.0543545389994001,0.0308704637316919,0.0933535293612694,0.0126282636756921
0.0238409269528127,-0.0202386883933716,0.0417066270601439,-0.0252664226824595,0.0480673739087743,-0.0277653925419849,0.0785212438993152,-0.0235337997919102,0.093707166536209,0.00639451077911327,0.0204881994595505,0.0302987619938168,0.0346725543089236,0.0258063731025164,0.0439487011185514,0.0250998461089127,0.0622997502973221,0.0280507071903579,0.0810349476187769,0.0188068416521646
0.0313688984989293,-0.0176206221573908,0.0437305239990175,-0.0287926240845782,0.0516934328014547,-0.0305254762836137,0.0661030140973454,-0.00984166898701947,0.091675417746806,0.00114958857856452,0.0104437970224772,0.0188176119843501,0.0214692127184894,0.0291161929292295,0.0435237116913225,0.0138831671747986,0.0540206826840385,0.0372891674777841,0.084619542953572,0.0138433370316274
0.0123535156314848,-0.0266498221189975,0.0499726442419745,-0.0285258118730635,0.0490957092641489,-0.0278610553485798,0.0497423463583176,-0.0288795936636319,0.0901474936915034,-0.0230344135866164,0.00601536761927355,0.0146584068070508,0.0219547744309067,0.0338395081483979,0.0353710313792043,0.0347667414115188,0.0514259373439407,0.0294607528643022,0.0758932232669739,0.0102669273865035
0.0274300579392872,-0.00516738319578574,0.0442860746772165,-0.0257719637081853,0.0496395666770434,-0.0307003950573107,0.0865157474296781,0.0102932138314451,0.102060456445352,-0.00584475831949315,0.0120323874540039,0.0207703491918388,0.0324374887600488,0.022349801605028,0.0377667396610071,0.0303726003107634,0.0569140440223075,0.0329030711841848,0.0702109541539007,0.0207804049106133
0.0376191738728496,-0.0138245037423623,0.0505281729347404,-0.0268875768183915,0.0785217875285165,0.0362686673859688,0.0987238311344938,-0.00229615261506828,0.102733175184631,-0.00744953725677159,0.0146182285832339,0.01878603517532,0.029733722789576,0.0282142710429728,0.044936442434099,0.0456464096072607,0.058566160158737,0.0274301719565383,0.0837367923879172,0.0106580415494605
0.0352571117766327,0.0119873617494178,0.0454148035764054,-0.0265960916873579,0.056599383780276,-0.0276359671259809,0.0880712336276495,0.000987280482580714,0.102638167142168,-0.00576080806068405,0.0161272119601214,0.0234897088482245,0.0306726808511609,0.0250436211836704,0.0372524436440743,0.0277698184029199,0.0613689338144351,0.0258045667299116,0.0920779089094295,0.0109945888306442
0.0414669240054014,-0.0267354109581592,0.0446022190814466,-0.0276672277638854,0.0821627750003123,0.0321875290743821,0.0996190511668227,-0.00393995811730374,0.0972245385495386,0.0030724040588398,0.0287695126167142,0.0174937879835134,0.0302666695680517,0.0197541651217729,0.0478301274847072,0.0458352593790161,0.0525564578424992,0.0283044691804098,0.067877777885346,0.0211836272468133
0.0176311161943308,-0.00559744413634358,0.0444418090932154,-0.0220714251624666,0.0464781481522609,-0.0261012352840044,0.0552401942829141,-0.0265851328471982,0.0931538083187318,0.00181198294429325,0.00608526840181913,0.0112168412165528,0.0261758944702939,0.023139757341386,0.0348112950278056,0.0271191555365119,0.0587042302244604,0.0308376787193958,0.0847558342627057,0.0170591727596153
0.0399571625054388,-0.0147512504920389,0.0412241647458752,-0.0308745964799183,0.0562594711150465,-0.0276833820620099,0.0985260466842012,-0.000239902608921248,0.0971383079462095,0.00762787271828555,0.0152290674216625,0.0252248950532957,0.0170332118039045,0.0308057266732626,0.0312925392917446,0.0330351055624021,0.0494790410898612,0.0294798418514006,0.0722462154484582,0.0170667848949314
0.0353659119633582,-0.0236750836871489,0.0508867457288258,-0.0291089234569433,0.0484121195654718,-0.0285513096591099,0.0762716909357921,-0.0209738739225152,0.0972210146528096,0.00754369670079399,0.0140654353262056,0.0216749854345067,0.0263996083357697,0.037195298474499,0.0493513271781554,0.0277777959793458,0.0692617381193567,0.0175968006948117,0.0944267001068078,0.00970328535854438
0.00829293606857871,0.00591287754043569,0.0435085212973169,-0.00949540441874918,0.0471265077795022,-0.024329952255962,0.0595206863615049,-0.0269934549025146,0.0983424028254868,0.00304366557329117,0.00851341217960817,0.0153571078307018,0.0328761809363138,0.0316156045833516,0.0461726308782056,0.0303552974712216,0.0659737176287536,0.0197601300309415,0.0950838078435516,0.0123181328334231
0.0316416652458039,-0.0148966243661582,0.0434559735620212,-0.0203085012384898,0.0496359667889795,-0.0292015304453494,0.098909572657643,-0.0023979716675281,0.0946678843327509,0.00640462835840184,0.0200964870360011,0.0144802308178993,0.0295182213570809,0.0221260530907823,0.039136966141405,0.0160269840139089,0.0557798234849992,0.0329759672758446,0.0616114956332125,0.0258787120554688
0.0228308147885844,0.00225247451958359,0.0443157903919822,-0.0120551208302253,0.0483471560890396,-0.0303390488534994,0.052044665960192,-0.0226789690610833,0.0879194488966346,-0.00391061268427174,0.00994159452929935,0.0182888035653688,0.032093865903812,0.0375822433583178,0.0482167675400409,0.0270062344064721,0.0546365668813217,0.0275712470821126,0.0942934166634883,0.0145443644302834
0.0248756990444408,-0.00811648491762146,0.0456562077637476,-0.0215679814547602,0.0501853727482168,-0.0281570654558723,0.092769672562338,-0.00922509627932377,0.0984299739584264,0.00292429589578733,0.00483341695491177,0.00595124691547328,0.022902935542094,0.0284077433398102,0.0486489554485428,0.0280757417197616,0.0579675012679498,0.027347457426752,0.0944134898489601,0.0147608978037783
0.0337320647774912,-0.009938475870304,0.0435098293450326,-0.0240234475165117,0.0538814708686159,-0.0290337858161215,0.0907244689705764,0.00155830099445048,0.100837772588989,-0.00487248002128151,0.00903921926379234,0.013546798971347,0.0251197669108721,0.0293314894872986,0.0434188388158798,0.0310032516227336,0.0621312321272365,0.0309845055569703,0.0911180683010576,0.00797670847010455
0.0215854341571024,-0.00586610805504956,0.045946391566776,-0.0289443973780494,0.0663932873636364,-0.0129936049019284,0.0940034831617362,0.0106395025035448,0.101696371154839,-0.00626958995864091,0.0091306392007432,0.0175463850043542,0.0299193983432036,0.023522521538835,0.032675889972981,0.0283936200447869,0.0636160731233092,0.0326632136705374,0.0936670912221298,0.0124503526123177
0.0206320366597008,-0.00154992966402552,0.0384062148065933,-0.0182673807224544,0.0466441744876842,-0.0287199344444694,0.0888716820925484,-0.0186767972965348,0.0969657302760998,0.00761058137409067,0.0151359141041829,0.0204955913528525,0.0297537935761105,0.0255390590139132,0.0349098435011128,0.0335441241140121,0.0674471352150261,0.0317527849461999,0.0867894671073099,0.0163670108603776
0.0183603198801644,-0.0257702739050355,0.0486531073624764,-0.0295433985327655,0.0897195694800172,-0.0145258752361211,0.0969270714927898,0.00716386757643435,0.0961101629228808,0.00774791754598422,0.00933484493105752,0.0155481536871224,0.0319669627214138,0.0200240841186642,0.0652861297759869,0.02189011892257,0.0524619552704896,0.0296336242701603,0.0738749073042577,0.0186978340149813
0.0273836636443232,0.0251461564331318,0.0438876905770728,-0.0179230867440427,0.0749024991278139,-0.0342498232614094,0.0944832374260908,0.00703715209490667,0.103302712594498,-0.00713017462425306,0.0121410428896283,0.0206855835318092,0.0255119014945712,0.0273774595801783,0.0330510350652579,0.0184475509068454,0.051687632661558,0.0325298040540686,0.0739544337035203,0.0260881869104841
0.0383831392296453,-0.00182082480942537,0.0503513679439484,-0.0229869658048705,0.0954965057882488,0.00781328618786705,0.0975100874247997,0.00380440704706835,0.0912089609691542,0.00202709066454089,0.0247202411015726,0.0238736780396776,0.0387794472243027,0.0176957741757489,0.0609053377527458,0.0377291259487787,0.0570769696385958,0.0317953204615062,0.0599912405591587,0.0255896530363774
0.00548923198066389,-0.0107549051746181,0.0422062586472568,-0.0275969745928799,0.0742916013369804,-0.0119043426484471,0.0881317447356731,-0.000703081399996282,0.100717311986829,-0.00359422895901251,0.0254616056277407,0.0141347071533877,0.0376907625896771,0.029555281481842,0.0461985088322364,0.0356156422130314,0.0572031928595291,0.0269192030433182,0.0805553236670217,0.0148107453194222
0.0422521304910445,-0.0289946228349124,0.083434708813995,0.0333493421917484,0.0922765195031893,-0.0035980514936277,0.0680731649876884,0.0220936979986042,0.0981906362067337,0.00251442065974567,0.026981122260894,0.015486011309006,0.0424142038248744,0.0364806445696163,0.0496274892943458,0.0273242037062533,0.0804104904717205,0.015958568305033,0.0994559748495152,-0.000839912060652264
0.0293036057193547,-0.0363471754127281,0.0514775136944991,-0.0233949799336903,0.0504168844438284,-0.0311545658729091,0.0851628230117235,-0.0164661246958398,0.0974417811357587,0.00764240060889089,0.0073639371529895,0.0078640322662596,0.0259229825201453,0.026129071888025,0.0423149589605332,0.0287311237982062,0.0526746264569618,0.0268420735062464,0.0822079388530376,0.0101885199192661
0.0154104919511639,-0.0239931749540796,0.0464257037663936,-0.0247257020347705,0.059341327192469,0.0087818539773066,0.0935837739495886,0.00338252092401579,0.0993233900553085,-0.00341165076677783,0.0222789673737901,0.0167788369666852,0.0335124571980401,0.0256656187834783,0.0487067623362477,0.0403532214980719,0.0562367379258828,0.0268308939961481,0.0782741828693633,0.0129092868330994
0.0309527472605551,0.00312944277293528,0.0523887564420399,-0.0254062665564654,0.0475034327734874,-0.011486083615336,0.0900253292789547,0.0117794099298978,0.100331574877605,-0.00508834385297522,0.0105293248307747,0.00213116424616262,0.0294654309625818,0.00991812790084468,0.0414713257023805,0.029444761164919,0.0522971378300475,0.0268503987574819,0.0831313827411643,0.0116912100775253
0.0420379292342014,-0.0250658113639473,0.0539424861610554,0.0260757501016814,0.0930367416103202,0.00447335887870757,0.0970588251557396,0.000567332277337699,0.0968414068484112,-0.000401539126265727,0.0248350211418904,0.00349420527578689,0.0442718644215292,0.0236676331755743,0.054562255376814,0.0256592693204281,0.0517932183799852,0.0283245198434615,0.0782131665397719,0.0130201254926506
0.00840551730803926,-0.0205417971930535,0.0451274406194362,-0.0385022813285339,0.0493277726142636,-0.0249743225254612,0.052802317651001,-0.0291046121368018,0.103502985834351,-0.00857711465718546,0.0194932312099704,0.0213752806049786,0.032596100302889,0.0307995559251829,0.0433655455617514,0.0292752469704977,0.0474502841272419,0.0277700210141755,0.073294465653291,0.0128972331228831
0.041822107952296,-0.0205067792478941,0.0460624126318754,-0.031727361593184,0.0571620791668829,0.0209080052469321,0.0877971174808109,0.0137345635830661,0.0972109428903115,-0.00754454790073913,0.0123479903217179,0.0205487491818423,0.0199166137694726,0.0278861151165608,0.0393804760938226,0.0447670000172075,0.0552263178906294,0.025153920944214,0.0809394130339066,0.0100891296672251
0.0011192352128552,-0.0424969229926277,0.00197850654612821,-0.0460567396715058,0.0263877412603734,0.0166554835200113,0.0266727196419944,0.0429417806840741,0.0664198531458016,-0.0202861435840383,0.00266734423700684,-0.00194548923912837,0.0297129811218202,0.0327656448823541,0.048847434985932,0.0306373672859041,0.0781844894961711,0.0104768634746437,0.0970791867734157,0.0020273979824091
0.0261453365269089,0.000489603235643566,0.0362312241530293,0.0597516472934241,0.0594298236840678,-0.0179769679848546,0.0505484498955589,-0.0268209107592366,0.0674210172822356,-0.0208812806123087,0.00840566009006005,0.0145124917401694,0.0321061223685253,0.0388372445981839,0.0480370569123685,0.0218243181120168,0.0518778028863514,0.0233813396592064,0.0660096670448996,0.0196062424060421
0.0378578903164388,0.00406339804238134,0.0491605248897951,-0.0318515275447727,0.0964816000789131,0.00173901605943324,0.0941045196666955,0.00042869879221184,0.103126141374038,-0.00894706964611692,0.0132380752660816,0.0214414909843953,0.031907062972354,0.026641310890759,0.0439775221486301,0.0381376376256857,0.0508533427845762,0.0347177111815734,0.0626273392265559,0.0242484700420259
0.0444307099000303,-0.00575685294316587,0.0462014483220023,-0.0309337049676659,0.091365018193794,0.0169350442271362,0.0971132280998488,-0.00182819868716241,0.100739863308942,-0.00451694270483658,0.0201513110346059,0.0244443214571333,0.0332418375552379,0.0257200053318916,0.0486078385359963,0.0420394679284139,0.0507215731208514,0.0353633544007533,0.0763524572540383,0.0140287338268677
0.00510808238051706,0.00843799969983216,0.0433367535594894,0.0239418524094153,0.0462988232713114,-0.0184899784929412,0.0509270197010169,-0.0281404285875886,0.0976995482439535,0.00183506049103279,0.00564404230716231,0.0172862190494832,0.0269226618957252,0.0428052101867774,0.0334360229680579,0.0359271376469627,0.0442406953063204,0.0323464266920495,0.0695472184908549,0.0277206807440868
0.0485628379240622,0.0399023069580577,0.0401708207763118,-0.0435441603960086,0.0582136923799587,-0.0264814375164037,0.054008232101587,-0.0242997688993439,0.0518702840237995,-0.0278679011255697,0.0131873260990682,0.0246314006290071,0.0237600468362268,0.0366543391360795,0.0335913032171483,0.0381197753821642,0.04615321724815,0.0321518815937966,0.0652271738423083,0.0206619464176241
0.0115143624456579,0.0097536164025422,0.0445510586240881,0.0144680516673175,0.0467723491084011,-0.0186263897943181,0.0528057920917986,-0.0295320542784124,0.0791125026643971,0.00143906767725921,0.0123831345807554,0.0239048024000655,0.0300612861441491,0.0440201081461942,0.0422119470748879,0.0301095916574369,0.0540911888995844,0.0341369583062999,0.0831740812791687,0.0163737027765622
0.0375521263513904,0.00353702297326877,0.0392172362687674,0.0397781792025009,0.0562044867385474,-0.0230702088814764,0.0546010084971338,-0.027763419489936,0.0648959690917628,-0.0237859610865525,0.00977231918456383,0.0187695164868198,0.0328743490078621,0.0324490453920077,0.0394557587708312,0.0354460434187829,0.0498094735271072,0.028764434039254,0.0652085532186043,0.0242479408477731
0.022276325332764,-0.00445192826720984,0.0472289913653091,-0.0243355876569682,0.0471532523172272,-0.0306245725100197,0.049717415579699,-0.0291399023268761,0.0903724490937688,-0.00523997284995781,0.0107690700291922,0.0200465002557796,0.0237084095017376,0.0354771320931151,0.036749142660581,0.0386224297185442,0.04801835190645,0.03355425724652,0.0759645655126927,0.0133256243409173
0.0325078042632462,-0.00303025028441583,0.0358714093069364,0.0398029181983673,0.0520588735645946,-0.0195976201172292,0.051594431819342,-0.0269608784903425,0.0918194300201844,-0.018921617920158,0.0134516816433775,0.0225398750104299,0.0271481466689502,0.0391054538831179,0.0442088145576684,0.025090503537703,0.0475556229066669,0.0298657969591529,0.085330414118966,0.015367188988118
0.0247739272609292,-0.00874777953566154,0.0408403489008018,-0.020795823939112,0.0468550609992838,-0.0242141882395656,0.0519644447664487,-0.0353068004652861,0.0838643035691633,-0.00341798627157301,0.00845930748168874,0.0165186914162452,0.0282527668089405,0.0296319400105813,0.0431104409428195,0.0317894502642261,0.0614160084093805,0.0327144274187461,0.093378396781622,0.0152505958538759
0.0246919699669724,0.00652681894696585,0.0426802544881477,0.0187566379979594,0.0422499940036434,-0.0365713137164652,0.0632408543428825,-0.0189292719372604,0.0616093198342436,-0.0243045789961299,0.015280084934435,0.0251565773811971,0.0400172306734305,0.0347181619648608,0.0505061713841185,0.0380393933024327,0.0743644402325014,0.00639559056480492,0.0964121896639818,0.000272508318326361
0.0105918102068002,-0.0419082407939899,0.0115217023895789,0.0261205027051731,0.0355871087645525,-0.00542443952561507,0.0480774607818859,0.0256233403120803,0.0692526455043508,-0.0412938843900196,0.0219243343612438,0.0215510498079815,0.0397891722743947,0.0430338687432595,0.0482179935669548,0.0310987671054794,0.0829754162553398,0.00828958225496932,0.0979937502602548,-0.00138459439491674
0.00166661994208424,0.00964598552647643,0.00455282851398993,0.00625026151622731,0.0081135544980955,3.1172446062643e-05,0.0400360578738898,-0.0365817593163957,0.0573130177222799,-0.0235075154293469,0.0184569294041726,0.0323817861388366,0.0362697290827504,0.0430221605970804,0.0466741490930716,0.0322506595231678,0.0642024765740382,0.0195581462394491,0.0939980070384709,-0.00193420016836982
0.034401375283585,0.00184904376345964,0.0449135125193508,0.0307586069056997,0.0590541360305673,-0.0296035323497658,0.0545662443269879,-0.0311790544547534,0.0557226117408327,-0.0279266471976921,0.0231035154641071,0.0331072878700799,0.0433357023986316,0.0374876605850296,0.0632804707831301,0.0168246804342732,0.0854310969363692,2.07573228307728e-05,0.0951140365196399,-0.00063241319398146
0.0200683358094501,0.00122593222043454,0.0427391761541315,-0.0126002016221752,0.0496935335638105,-0.0279835586932128,0.0544906337767577,-0.0246212234243872,0.10353092005728,-0.00993471489524257,0.00986204362717527,0.0149535014271482,0.0353387810482236,0.0263064390087169,0.0479282452245654,0.0254874174371813,0.0520358055323005,0.0265388563378333,0.0922909677138266,0.0128751061299844
0.00345559679482099,0.00974144899655565,0.0322876405865883,-0.0234212887444731,0.0499740484791035,-0.0212195193853482,0.0530497682127379,-0.0257750128059899,0.0502104645543559,-0.0294527036505375,0.0135104228819883,0.00495527909310949,0.0412086370648022,0.0251293249314685,0.0556382174702258,0.0279512743787968,0.0852291964504476,0.00850062900718216,0.0958185340544576,0.00239199710278073
0.0135964862020828,-0.0159939813619292,0.040263544320918,-0.0391511587228375,0.0434416877317939,-0.0273654300524772,0.0523165140108125,-0.0289328018392641,0.0867628921880937,-0.0143242699573292,0.00853218423855189,0.00231405413515821,0.0285138231311316,0.0185838444285149,0.0425447150040467,0.0274640260373398,0.0481522060277147,0.0293812150300549,0.0680217188500971,0.0188040604436073
0.0154055650402009,0.00932487807185351,0.0407420544226609,0.00123909239296472,0.0471004187508105,-0.0138014505881944,0.0565889036672586,-0.0258566750743775,0.0910710972933411,-0.0214237303474557,0.0165067644195649,0.0144389998603681,0.0344292997938819,0.0258061186680396,0.0474132432979535,0.0302577749338242,0.0552223021761469,0.0257840475788609,0.0844655732024483,0.00785422969810143
0.0233208606961174,0.0114084915038019,0.0455740353888954,0.0028777718935812,0.0523979117633642,0.0141909890054592,0.0659223111218148,-0.0248113079368099,0.0865183752099228,-0.00608316330231267,0.0144449588394704,0.0109461641335454,0.0336675167668251,0.0271696683254431,0.0467140321061653,0.0292865950475679,0.0531369861684143,0.0279213204219031,0.0750203265871767,0.0161372877320545
0.0138694749856738,-0.00786508648832412,0.0394392222171698,-0.0170896512669614,0.0462178826926633,-0.0247473891891142,0.0485421945080551,-0.0316842619965436,0.0944323023271424,-0.0182935996998077,0.00898202601663425,0.00526418593977682,0.0338532204329892,0.0196479505211132,0.0476093172524975,0.0276733133352153,0.050494412530338,0.0300786617181214,0.0651861357812713,0.0155667050115374
0.000724031567889055,-0.00225531958128298,0.000894235140408421,-0.00201238674154318,0.027756875035932,-0.0104308904075288,0.0441985116645065,-0.0217392151475372,0.0724184190784573,-0.0272422734903184,0.0133455580779598,0.00768085962703523,0.0353194930826154,0.0219516123718947,0.0474881734687711,0.0269232947677202,0.0513023368749995,0.0280603385140494,0.0708432097935812,0.0112231137272306
0.0193267596908483,-0.00609826362138518,0.0431556708652271,-0.0137848039867757,0.0458614854914978,-0.0167260529229986,0.0489907762930658,-0.0323920884091801,0.0768626065697208,-0.0246400569374713,0.017971001086141,0.00637813441899514,0.0429888015420418,0.0167269827685816,0.0487991959060858,0.0255328041328082,0.0515227083612515,0.0301117255080757,0.0702445256549908,0.0137538247956478
0.00896011495458948,-0.0153743782372202,0.0188082600733767,-0.0143630555532045,0.0432225244764154,-0.0172198789320858,0.0484832123449366,-0.0275959175215518,0.0695538677984633,-0.0102616690849976,0.0264326957637496,0.00963433149994845,0.0465811065515328,0.0208091700482494,0.0497011505928234,0.0297212605997373,0.0540417799273952,0.0313364967684911,0.0896681224943888,0.01272276928539
-0.00103717688710127,0.0134659106673766,0.000361616124288137,0.00777354387510883,0.00614315921754266,-0.0177163518877206,0.00359116639121398,0.0136285066439446,0.0300755322489516,0.0139302102135423,0.0191062446470275,0.0293201552009789,0.00522911091381017,0.0123635863261506,0.0183429237126862,0.033523693978451,0.0108010725009399,0.0196028682393522,0.023511725405951,0.0304243858768358
0.0219804623612072,-0.00429369877767257,0.0347695409606317,-0.0290731459466718,0.0438806153177397,-0.0314848945177937,0.0546338291378474,-0.0259544485725996,0.0896378570578793,-0.00529199345728222,0.017597272273649,0.0310169716004759,0.0383053619816648,0.0476291312060552,0.0431923514907069,0.0389393578497598,0.0502327961636272,0.0304302840091965,0.0740772988669596,0.0124259088582438
0.0219654983969229,-0.00448480180606995,0.0423113782297416,-0.0261009306437448,0.0615888677223166,-0.0216449154537254,0.0974457390337977,0.0024818600379094,0.0981653531749163,0.000967558092139563,0.0203587430107953,0.0236804792327854,0.0366415845859446,0.0270957452446389,0.0461171819087886,0.0290951694314254,0.0770611354268341,0.0203231753388218,0.0948811865987119,0.00766575836932872
0.00839017436722262,-0.00736135576245944,0.0214862650831985,-0.0233644902509355,0.046306557974231,-0.0296395274348312,0.0530513448108597,-0.030927082033594,0.0877277791396945,-0.0120490636047973,0.0112764364558748,0.020188968493723,0.0185013532430301,0.0300501360822997,0.0313114104493076,0.0377643027716532,0.0506595810670954,0.0269494884579994,0.077040147506283,0.0130553295222114
0.0218895648892421,-0.00642509185336764,0.0443140697021059,-0.0206950197270547,0.0469759200607094,-0.0291064071257395,0.0802724687156653,-0.018171016014433,0.101508977082514,-0.00827113532342054,0.0166613591993534,0.0175985392385604,0.0369078213229523,0.0258132745096846,0.0409914244835317,0.0322430437131532,0.0550258475290835,0.0282614292690507,0.0901126390499895,0.0158049453257517
0.0378382489944728,-0.0218680015140223,0.051628074501458,-0.0260717078628389,0.0954216459762492,-0.00558085270617128,0.101823821196049,-0.00458576897775633,0.101784150129029,-0.00474983585584707,0.0275108910449688,0.0184244755298707,0.0461733742927601,0.0318364196939839,0.0658446024259047,0.0201939423954014,0.0995465986428435,0.00101206701358076,0.0997323904751879,0.000240940375222331
0.0118070507711037,-0.00632117708611183,0.0361500670383895,-0.0090723840938422,0.0500590229806726,-0.00867741787396041,0.0518885637337301,-0.0240751091328968,0.0570836751267128,-0.0333815151907754,0.00802724584202041,0.0104820086417269,0.0286442528424659,0.0239412748520982,0.0439965550629554,0.03404482732891,0.0593229352207106,0.0234930139259171,0.0786220866271807,0.00825335569219184
0.017255620515269,-0.00344200888239383,0.045325372461539,-0.016597181319436,0.0456528986622815,-0.0265531753869282,0.0539999502781928,-0.0301433943283668,0.0954640533050822,-0.01036982168185,0.0133944294485226,0.0154285167748488,0.0369408811134714,0.0257709984191252,0.045766229685547,0.0317170254084272,0.0630133118366248,0.0206751390557676,0.0958053877022315,0.00594815189273029
0.0148566593965579,-0.0197245109808197,0.0443404354285517,-0.0261856656488649,0.0715913123677442,-0.00912944807820449,0.0979442424519226,0.00506119914399825,0.10288879044864,-0.0078155521803511,0.00800039267625414,0.00436138044287859,0.0264927612534885,0.0208963096535522,0.0433237123979384,0.0297638114049266,0.0644335054387487,0.0324875783761657,0.09451895458149,0.00956689263857637
0.00992916071633171,-0.0153063616387292,0.0435466991181156,-0.0238077206690682,0.0554645421853292,-0.0263008001362463,0.0507016245911106,-0.0258189516248441,0.0828175853822029,-0.0226780457163636,0.0154856676402454,0.0114750752121656,0.0317700388452229,0.0276083898515656,0.0467939553985778,0.0307171116934451,0.0559278830682704,0.0250042206399282,0.0762651199375161,0.00821443891256086
0.0130739896594605,-0.0019104852743345,0.0417594093189317,-0.00713106889787071,0.0477126338296965,-0.0239594497778736,0.0491295768829844,-0.0275074588156417,0.075214544733415,-0.0144602612310812,0.00612989535232659,0.00305641257841985,0.0228480544993206,0.0210864772249533,0.0420453314020998,0.0308157577052964,0.0551322468347457,0.027810146350445,0.0716907095579923,0.0146355949236716
0.00357995605822023,0.00131668574922457,0.003692854100355,0.00138541690283719,0.0207009075893612,0.00190692997168723,0.0489863396332943,-0.0249515908433142,0.0857878047486312,-0.0242142371597768,0.00770952447421094,0.013171828374873,0.0278219404258859,0.0300798453300013,0.0459052382029193,0.028000382741903,0.0622831223916565,0.0157986969646146,0.0969641633421248,0.00496723341987562
0.00770890636152688,0.0177215448632334,0.0116443738428448,0.00990608954151898,0.0351898188791077,0.0194574449918601,0.0541562334510713,0.0374234911944414,0.00860504480611152,0.021540970460726,0.00386176643653999,0.00312863205620277,0.00395388376475083,0.0078549720568601,0.00406877883246908,0.00154154045779776,0.00416907006909556,0.00129335386347099,0.0264429542839366,0.0329359698634451
0.0141298815104418,-0.00991872551743875,0.0398359445850694,-0.0156091780536106,0.047971760061098,-0.0250008685375781,0.0709051213105746,-0.0197459977066393,0.102932015330388,-0.00871573003791164,0.016331873456735,0.0142475508934637,0.0385177135762399,0.0278507354864012,0.0503386217181569,0.0314423710308461,0.0662640687647845,0.0187626859239654,0.0964130687598103,0.00349246823391746
0.0225450133840297,-0.0190126640040126,0.0394808124205128,-0.0268426058266666,0.0528195091964203,-0.0230064344735047,0.0501309896422892,-0.0276073390174321,0.0807976648721596,-0.0240586977925818,0.00864882667737739,0.0123438871696807,0.0380923883076878,0.0277160950810943,0.0479317044957367,0.0319117983031783,0.0576968706267845,0.0269362422530855,0.0762041842989757,0.0116173025675128
0.00533747567571131,0.00725450878594493,0.0230288328702869,0.0150491019302131,0.0480250044450886,-0.0241725516230633,0.0562388270053475,-0.03370027388134,0.0988766776316686,-0.0139722651998273,0.0145963876132783,0.0215510290211256,0.032265672800636,0.0365444531158068,0.0589765588743951,0.0190631890500861,0.0829431428567939,0.00257876114009476,0.10009547809707,-0.00419110052542826
0.0230336251996274,0.0184010751009964,0.0391786149162767,-0.0143821684344381,0.0515011045623106,-0.0338377164356156,0.0495740711559418,-0.0280466124209515,0.0927073598719524,-0.0156292825951076,0.012533976694949,0.0200997387327234,0.0376358380409367,0.033636013360345,0.0504538612970168,0.0246797557775103,0.0518426815039334,0.0268312891365997,0.0842111514637889,0.0138853521133089
0.0301137781592148,-0.00611910206320909,0.0424940260706567,-0.022908419456744,0.046580942532965,-0.027936767839433,0.0584394191520604,-0.020977994443036,0.0946490173694849,-0.0124229762554553,0.0166083611222645,0.0242494500464576,0.0418701173797507,0.0290229741138896,0.04507762092301,0.0299210043671519,0.0535273129214957,0.0296757955665519,0.0909759722925915,0.0108617256915296
0.0199604852767929,0.00566745410841223,0.0371847806972473,-0.0256078441740219,0.0448287137435302,-0.0277235518997032,0.0526884202959899,-0.0270227270036123,0.0861773929023326,-0.00783145802100671,0.00899310384859704,0.0134027858203754,0.0187491613093652,0.0295954809064063,0.0395762683420682,0.0250356690462952,0.0489999435707567,0.0302966655339832,0.0848893297574652,0.0167079291335331
0.0284131069821653,-0.0220354915145823,0.0393675215954359,-0.0309169087401867,0.0508039953641812,-0.0265988779951206,0.0504694078831371,-0.0274290560253499,0.0774264104246715,-0.0197185558112193,0.0153681894019429,0.0229582317587392,0.0363841248811106,0.0438038661842332,0.0458968750240203,0.0305858666908502,0.0637533571372125,0.0229912870832007,0.0906568059530078,0.00636300567522427
0.0362491809147445,-0.00418674946550084,0.0462629161780252,-0.0203222701656639,0.0478002491189379,-0.0295100955088557,0.0596766840400125,-0.0208262449997162,0.0881782079478343,-0.00405579223322932,0.0261806161301965,0.0209411915140097,0.043942545509736,0.0243962646458139,0.045283185278796,0.0284465313813882,0.0593674932702981,0.0258242182567043,0.0925838562324098,0.00638937411057904
0.0209571573336912,0.00933478042714833,0.0400505522287452,-0.0135646233790156,0.0472256530863701,-0.0302559921924663,0.0678963451397734,-0.0184032392649306,0.0959087651028691,-0.012257594592194,0.0151442330355586,0.0267211277175588,0.0396052446658292,0.0340383859594117,0.0493412345107947,0.0280083792377352,0.0696681676113013,0.0181419706816023,0.0967784034749111,0.00576601767617652
0.0352923646732765,-0.00711119314261524,0.0442153266727776,-0.0204526196685301,0.0502113122171522,-0.0290478594393869,0.0894996663965949,-0.0071742254770605,0.0984597200521307,0.00392118359142014,0.016491225699887,0.0231406116843456,0.0384806284864276,0.0330836391448943,0.049496150965685,0.0299231238523076,0.0692112666830315,0.0160638581929189,0.0970180768446575,0.00707417750150049
0.0202446484370586,-0.0119103344411295,0.042828067586445,-0.0315391777123621,0.0436410779009123,-0.0308113336526142,0.0459117337716775,-0.0295697912963439,0.0767417602814429,-0.0185621178250581,0.0254048358377609,0.0335646180256212,0.0450046571319175,0.04230574041369,0.0461335461120401,0.0357314564180945,0.0539547397397504,0.0263042808722972,0.0798880232583142,0.00386977946947862
0.00698022253646055,0.00682176313959869,0.00821547232819427,0.00800607670085985,0.00826721673741691,0.007875956956334,0.0380871573157797,-0.00969181825460614,0.0829358987224486,-0.00866075602024718,0.0231075941203527,0.025465567533133,0.0463523241237006,0.0265037313231525,0.0516118182946311,0.0287148377461409,0.0838400746154576,0.0120465587399849,0.099804310879735,-0.00255763941393964
0.0200974486168192,0.0217242897742966,0.0393011231683344,0.00276094639842394,0.0486551551929227,-0.0256731904711721,0.0569064505018605,-0.0288853051567847,0.0941741674363956,-0.016636854046661,0.018883456127994,0.0240186453490488,0.0249264603950358,0.0318279616101653,0.0428481398075782,0.0381725269877848,0.0540148230738355,0.0248925669921335,0.0714515122436844,0.0150009736926149
0.00441598354011459,0.000713678312281035,0.00987068270483886,-0.0054103600997456,0.0427113988231976,-0.0265482408859461,0.0499198053482948,-0.0285382638727981,0.0713897703126775,-0.0178078793841067,0.0181307708025018,0.0286729032256352,0.0364057928278617,0.0388702994618537,0.049771376707345,0.0309098144205276,0.0625088125700805,0.0217647372349355,0.0886053333691231,0.00594655973011842
0.0106173436437421,-0.00868388453402501,0.0302544006094958,-0.0270538083578841,0.0450900871005269,-0.0333064559830269,0.0698855744657621,-0.0210226463010584,0.0920554638733461,-0.00915412013176032,0.0232028242847236,0.023678756745276,0.0345488985127934,0.0367055741398443,0.0457731130279833,0.0326011215444713,0.060986686548541,0.0223547813006352,0.0803677603439652,0.00839937005161273
0.0250397119434523,-0.0134372714088252,0.045469391090546,-0.025197980572724,0.0695015579155594,-0.0304199080257516,0.0902113957913238,0.012240584166461,0.104467068132338,-0.0120058223545319,0.0151245000227993,0.0136456677204019,0.0300984555569041,0.0240121245014438,0.0401412921528159,0.0288352767606512,0.0573737137836138,0.0250862185307057,0.0779721845647931,0.0177117774099024
0.0326837558424356,-0.00876439797674761,0.0498414441419561,-0.0154898855451508,0.05093234510794,-0.0264113520315302,0.0535607452204462,-0.0273245973567276,0.0909915135373714,-0.00723330002634931,0.00823584616750765,0.00451961153391278,0.0282408189791232,0.02858053775048,0.0462500355241288,0.0302670400123162,0.0560939873835657,0.0227906667738902,0.079737345489335,0.00828417576896346
0.0147052553584725,0.0179059603046823,0.0425076996735437,-0.0167759196230484,0.0467293760502682,-0.0302304604561863,0.0695915944192134,-0.0220117486686684,0.102712810299881,-0.00880431489234158,0.0102142142890538,0.0152307418477304,0.038042538593597,0.0419637209657447,0.048183312048279,0.0227198286429903,0.0529585862752132,0.0272094146322223,0.0868544708739634,0.0110980857657777
0.0195757202011981,0.00693620642791475,0.0367949876787434,-0.0149770450540927,0.0441216649905041,-0.0236548452741837,0.0531665670513294,-0.0284506822069575,0.0788771108860919,-0.0117286199479898,0.0177671306307026,0.0218186469940931,0.035707786741493,0.0261985968484459,0.0441121387003573,0.0295244481597538,0.0579585732467899,0.0272440492894298,0.0935629281261665,0.0109587848469879
0.0239498750169138,-0.00452856938482097,0.0437354474279137,-0.0244546727169057,0.0469511588821967,-0.0321517724022033,0.0706878400137472,-0.0230786053664837,0.0875401357572573,0.00283150664366609,0.0183375190994608,0.0240844863484782,0.0358499512469332,0.0290118230853605,0.0394302922249633,0.0275179697013971,0.0584051614437099,0.0310911026893911,0.0926442440901907,0.0118051469143153
0.0517699909490115,-0.019382169659678,0.0487705318583678,-0.0258003918821582,0.0997434484182733,0.000172825458792995,0.00938883252850513,-0.000189461015085819,0.00666180218908768,0.000115110531235494,0.0336294887315029,0.025354253660789,0.0458994487527821,0.0301139338836023,0.0935344252630909,0.012890211648529,0.0883467749324224,0.00344006375963295,0.0991865008348123,-0.000335429262182535
0.00511878155948502,0.00197575656123956,0.0425047784804604,-0.00745218624739054,0.0465524671438131,-0.0229627547340399,0.0548026843596115,-0.0285068824456264,0.0876411030755723,-0.0198133683643312,0.00938939536229595,0.0160163580311571,0.0244731021480813,0.0320010992514211,0.049180475550309,0.0292462755287711,0.0629330112203456,0.0195075584483451,0.082098036236522,0.00709069087205257
0.0362358214596131,-0.0107646299195244,0.0479171185478069,-0.0259331613883693,0.0522281388088298,-0.0290963084683824,0.10044337500206,-0.00776129839484944,0.102457040342604,-0.00638464624845479,0.00633033361500884,0.0131690364162144,0.0292175147334356,0.0280945382171835,0.0427596085858956,0.0266312502836052,0.0512863165913901,0.0293420745474635,0.0883399384780382,0.0124212571148132
0.02429817553975,-0.00539886062686476,0.040540775980221,-0.0306148377207583,0.0456658623176877,-0.0320349287320859,0.0532332114757789,-0.0285228417533135,0.0946102215698536,-0.0151913017811023,0.0089255126610957,0.0121745001688765,0.0358730113148903,0.0436217499880241,0.0470322576687991,0.034961622659271,0.0574879027831228,0.026244315745239,0.0851396584758295,0.00914030680621727
0.0399569183939281,-0.013089243608579,0.0471630526277829,-0.0261585788214246,0.0691966403871439,-0.0212314743001964,0.0962569668227308,0.00458454496570495,0.101131586182893,-0.00554824510754125,0.0105915095131389,0.0142654681911424,0.0374023905829324,0.0224125247765266,0.042015063399134,0.025995042032636,0.056581037055339,0.0306411880253663,0.0874028136960296,0.0135009275785401
0.00447894350671166,0.00549949396320626,0.0420451682037817,0.00729842676383816,0.0499862908438524,-0.0207916868797773,0.0520298278447999,-0.0275213274971519,0.0945303052589866,-0.0185759866691447,0.00897698440217955,0.014543468995128,0.0413057001623712,0.0331624803771758,0.054057728267708,0.0240726634645066,0.06858310884978,0.01383710194551,0.0928865729227057,0.0012917630277073
0.0285708432229862,-0.00715729409020077,0.0560742157005461,-0.0322245726698547,0.0412074645774482,-0.0311095128967516,0.0502211962574879,-0.0316153313119387,0.101549701566812,-0.00675284748600574,0.0193786717417192,0.0261497990321076,0.0357811972229669,0.0423691045713416,0.0433133173358726,0.0357962822486932,0.0580558673357239,0.0260395058365406,0.0855967421458093,0.00637181257826833
0.00519424161503859,0.00313252249782453,0.0386848098532125,-0.00606028643084724,0.0456888308361714,-0.0237726098049712,0.0506364321765588,-0.0296419441099219,0.100691696957751,-0.014353290293236,0.00816924467909221,0.0120133669332466,0.0275030599317067,0.0283214451705509,0.0440384506816841,0.0274866425857138,0.0497276843553025,0.0261032076913394,0.0925583121670502,0.00862783283886635
0.00660300455479002,0.0126262186135056,0.0231646717310953,0.0206005489497791,0.0447077758297961,-0.0115769321347137,0.0568874578135851,-0.0298397390728107,0.0928711325780493,-0.00249325328629248,0.00872912390055081,0.0127613489680896,0.0265706515081862,0.0322863181608273,0.0456649845431442,0.0299843443128112,0.0681447508840526,0.0135293358799371,0.0871416350681108,0.00138411065603692
0.0191019644341559,0.000602105374238034,0.0455669645733213,-0.00737278622769394,0.053508719107182,0.023859192733838,0.0518326079711739,-0.029452379879153,0.0774757443791087,-0.0166894841784988,0.0165959157088735,0.011845621933066,0.0394806585221262,0.0235370082784165,0.0497851891677704,0.0331554214667254,0.0574040844592922,0.0168766799704939,0.0854722313271274,0.00405652942224601
0.0272430785278579,0.0213419690334869,0.0363654644242982,-0.00557515705242112,0.0461015505551955,-0.0223697976044649,0.0458279042767432,-0.0376696219207129,0.0665628990053997,-0.0105736744616814,0.0107791772914151,0.00465802328517938,0.0383247695621623,0.0255892007007343,0.0476178474709579,0.0308039070378509,0.0552375879729604,0.0219583382253476,0.0815247233280634,0.00849656178236603
0.0390460639769378,-0.00858468229285736,0.0457961970047885,-0.022993434873755,0.0506001971941216,-0.0285460465005454,0.086958844582596,-0.0227984535533832,0.0975866072417036,0.00398381891922175,0.0140796534887758,0.00783463532740951,0.0468960433876423,0.0227390383855149,0.0505217031154851,0.0302543415203649,0.0662765707096906,0.0168917195301379,0.0957940033102344,0.00485727958974797
0.032698027565332,0.0156227663185898,0.0427558148534984,-0.0135917118514385,0.0443766309922597,-0.0245321311072138,0.0527414820540218,-0.034404114166831,0.0961638983428888,-0.0141926110744006,0.0148584419042865,0.00265722382165456,0.0314157058286474,0.0160086813655495,0.0485815764641803,0.0263021232477847,0.0508747539988048,0.0305088784861229,0.0803996339152713,0.00755713839601979
0.0121597190299938,-0.000684395901985241,0.0396994247231919,-0.015777893323887,0.0453232645602438,-0.0249598831132209,0.0511686265795188,-0.031234862841779,0.0840236305032061,-0.0175211613917656,0.0226433663301105,0.0108522359097212,0.0381214992276226,0.0228421702133573,0.0465729692900243,0.0303741923720706,0.0496570628499178,0.0315866754512089,0.0826648203826294,0.015096064936673
0.00328650951146901,9.74060396229197e-06,0.00385555192971877,0.000732642159401424,0.0219447793611711,-0.00268382239860685,0.0435284964412984,-0.0224170286811418,0.0605052339280904,-0.0366901497860433,0.0150809510345772,0.0134825661904258,0.034879992449469,0.0293619034967752,0.0500804320069317,0.0297219200390763,0.0640790002669915,0.0216243009659891,0.0934336402376953,0.0100956197786249
-0.00103717688710127,0.0134659106673766,0.000361616124288137,0.00777354387510883,0.00614315921754266,-0.0177163518877206,0.00359116639121398,0.0136285066439446,0.0300755322489516,0.0139302102135423,0.0191062446470275,0.0293201552009789,0.00522911091381017,0.0123635863261506,0.0183429237126862,0.033523693978451,0.0108010725009399,0.0196028682393522,0.023511725405951,0.0304243858768358
0.0219804623612072,-0.00429369877767257,0.0347695409606317,-0.0290731459466718,0.0438806153177397,-0.0314848945177937,0.0546338291378474,-0.0259544485725996,0.0896378570578793,-0.00529199345728222,0.017597272273649,0.0310169716004759,0.0383053619816648,0.0476291312060552,0.0431923514907069,0.0389393578497598,0.0502327961636272,0.0304302840091965,0.0740772988669596,0.0124259088582438
0.0219654983969229,-0.00448480180606995,0.0423113782297416,-0.0261009306437448,0.0615888677223166,-0.0216449154537254,0.0974457390337977,0.0024818600379094,0.0981653531749163,0.000967558092139563,0.0203587430107953,0.0236804792327854,0.0366415845859446,0.0270957452446389,0.0461171819087886,0.0290951694314254,0.0770611354268341,0.0203231753388218,0.0948811865987119,0.00766575836932872
0.00839017436722262,-0.00736135576245944,0.0214862650831985,-0.0233644902509355,0.046306557974231,-0.0296395274348312,0.0530513448108597,-0.030927082033594,0.0877277791396945,-0.0120490636047973,0.0112764364558748,0.020188968493723,0.0185013532430301,0.0300501360822997,0.0313114104493076,0.0377643027716532,0.0506595810670954,0.0269494884579994,0.077040147506283,0.0130553295222114
0.0218895648892421,-0.00642509185336764,0.0443140697021059,-0.0206950197270547,0.0469759200607094,-0.0291064071257395,0.0802724687156653,-0.018171016014433,0.101508977082514,-0.00827113532342054,0.0166613591993534,0.0175985392385604,0.0369078213229523,0.0258132745096846,0.0409914244835317,0.0322430437131532,0.0550258475290835,0.0282614292690507,0.0901126390499895,0.0158049453257517
0.0378382489944728,-0.0218680015140223,0.051628074501458,-0.0260717078628389,0.0954216459762492,-0.00558085270617128,0.101823821196049,-0.00458576897775633,0.101784150129029,-0.00474983585584707,0.0275108910449688,0.0184244755298707,0.0461733742927601,0.0318364196939839,0.0658446024259047,0.0201939423954014,0.0995465986428435,0.00101206701358076,0.0997323904751879,0.000240940375222331
0.0118070507711037,-0.00632117708611183,0.0361500670383895,-0.0090723840938422,0.0500590229806726,-0.00867741787396041,0.0518885637337301,-0.0240751091328968,0.0570836751267128,-0.0333815151907754,0.00802724584202041,0.0104820086417269,0.0286442528424659,0.0239412748520982,0.0439965550629554,0.03404482732891,0.0593229352207106,0.0234930139259171,0.0786220866271807,0.00825335569219184
0.017255620515269,-0.00344200888239383,0.045325372461539,-0.016597181319436,0.0456528986622815,-0.0265531753869282,0.0539999502781928,-0.0301433943283668,0.0954640533050822,-0.01036982168185,0.0133944294485226,0.0154285167748488,0.0369408811134714,0.0257709984191252,0.045766229685547,0.0317170254084272,0.0630133118366248,0.0206751390557676,0.0958053877022315,0.00594815189273029
0.0148566593965579,-0.0197245109808197,0.0443404354285517,-0.0261856656488649,0.0715913123677442,-0.00912944807820449,0.0979442424519226,0.00506119914399825,0.10288879044864,-0.0078155521803511,0.00800039267625414,0.00436138044287859,0.0264927612534885,0.0208963096535522,0.0433237123979384,0.0297638114049266,0.0644335054387487,0.0324875783761657,0.09451895458149,0.00956689263857637
0.00992916071633171,-0.0153063616387292,0.0435466991181156,-0.0238077206690682,0.0554645421853292,-0.0263008001362463,0.0507016245911106,-0.0258189516248441,0.0828175853822029,-0.0226780457163636,0.0154856676402454,0.0114750752121656,0.0317700388452229,0.0276083898515656,0.0467939553985778,0.0307171116934451,0.0559278830682704,0.0250042206399282,0.0762651199375161,0.00821443891256086
0.0130739896594605,-0.0019104852743345,0.0417594093189317,-0.00713106889787071,0.0477126338296965,-0.0239594497778736,0.0491295768829844,-0.0275074588156417,0.075214544733415,-0.0144602612310812,0.00612989535232659,0.00305641257841985,0.0228480544993206,0.0210864772249533,0.0420453314020998,0.0308157577052964,0.0551322468347457,0.027810146350445,0.0716907095579923,0.0146355949236716
0.00357995605822023,0.00131668574922457,0.003692854100355,0.00138541690283719,0.0207009075893612,0.00190692997168723,0.0489863396332943,-0.0249515908433142,0.0857878047486312,-0.0242142371597768,0.00770952447421094,0.013171828374873,0.0278219404258859,0.0300798453300013,0.0459052382029193,0.028000382741903,0.0622831223916565,0.0157986969646146,0.0969641633421248,0.00496723341987562
0.00594691615376785,0.00461612524740437,0.00485409374632515,0.00506239700275628,0.00431366980144229,0.00504513266007639,0.00431366980144229,0.00504513266007639,0.0411910735652599,-0.0178053955808392,0.0128774559636286,0.0112481847583994,0.0380389110567008,0.02522812553711,0.0564507604538856,0.0262024627725472,0.0678008716504041,0.0142148903273681,0.0942687748594532,0.000686824609366474
0.0082187960316169,0.017915115102846,0.0390867260824862,-0.0107594396340224,0.0543339145188206,-0.0349148407812696,0.0525244575942631,-0.025305076368228,0.0928494325466309,-0.0152571229766676,0.0152959095091185,0.0162111887854669,0.0227565243412656,0.0316254407186763,0.0433805701809222,0.0306845165290751,0.0610138702899911,0.020544514994609,0.0775060141401864,0.00803719130542652
0.0214971117728943,-0.00146064064076665,0.0429758768125098,-0.0195012039491542,0.0446808807959343,-0.0264971839032308,0.054986288132017,-0.0295011445994319,0.0726629744326456,-0.0202520846986826,0.0153529685412907,0.00995384599416675,0.0439064047484232,0.0218768649584205,0.0503294611694053,0.0263059494542749,0.0554242868316605,0.0246139594806789,0.0766242238580779,0.0109342835082215
0.00332442604739942,0.00333696918051432,0.0278663866336967,0.00536422479818507,0.0431329678816114,-0.0250493045588871,0.0506595930388282,-0.0312406343653592,0.081883212108961,-0.0175882996987904,0.0198513156877279,0.0202194011121662,0.0229611311368392,0.0294994522838648,0.0444789641872459,0.0293005464056301,0.0566224192090261,0.0246650413944314,0.0804366844237089,0.0090258440602367
0.0195740794436823,-0.00595680748576203,0.0422420491711428,-0.0420605607781509,0.0441959377032793,-0.0390218487225867,0.0524852236931917,-0.0229005423171403,0.0900797227091935,-0.0112576500578372,0.0129037612213093,0.0142880980426542,0.0341017199660318,0.0380087229762357,0.0464371792899825,0.0346240357857191,0.0584889456686944,0.0228146732106147,0.0846696524866405,0.0075329600400819
0.00709138292810851,0.00535600752932607,0.0375473128701132,0.00207232726480009,0.0442021759939984,-0.0129616628923009,0.0502402743960041,-0.0251185344952841,0.0667357958057824,-0.027672493514716,0.014198290795105,0.0128752691285338,0.0361670620799961,0.0321372595560257,0.0482844918550359,0.0299016796703838,0.058507379304872,0.0225209543400323,0.0754309874759558,0.00796961131731723
0.0149366631163232,0.0254338291391253,0.0381458763761778,0.011539097444158,0.0589176796912034,-0.0294030687041581,0.056559655822952,-0.0284824235814455,0.0566738921049466,-0.0289629118569315,0.0251868921242541,0.0309594407054995,0.0425252489462002,0.0357896140584236,0.0659956350232559,0.0157076975812304,0.0869039487215664,0.00112880862645574,0.0948847284265453,-0.000622679985348699
0.0157671135809184,-0.00813687537893372,0.0406077274961903,-0.0331715632961462,0.0810564106156826,-0.00564530707398008,0.102000545178311,-0.00585758227672104,0.102588401066431,-0.00659909044795784,0.019021281476696,0.0200441497663373,0.0416349041067048,0.0300580812722496,0.0479337487065122,0.0269272997019014,0.0720605926630073,0.0195802700872923,0.0950956431835333,0.00706897533075233
0.00822790544052861,0.018117119184452,0.0306868127998638,0.0229716617074757,0.0376891346361943,-0.0111353980813767,0.0508305275013037,-0.0323464406704029,0.0714990963344665,-0.0146768553757088,0.0111129565809918,0.0162797434386926,0.0342083176934718,0.0406786321066953,0.0450085058120372,0.0278849172962348,0.0521996219211255,0.0240501302238098,0.0918082038028094,0.0108612552021462
0.00530692926961435,0.00434846820431162,0.0233400535751028,-0.0108844510715777,0.0420329713325621,-0.041388222335241,0.0532317637944441,-0.0295845020467305,0.0799755717582042,-0.00731446771044949,0.02100723115749,0.0271139313979318,0.0349629971607801,0.0372885508398047,0.0429088479797009,0.0356591269953447,0.0521568532575075,0.030382374314106,0.0768299606210364,0.0144212566474392
0.0156883980397715,-0.00269235919139253,0.036507802555868,-0.00967906411423389,0.0457827835050707,-0.0180809082110239,0.0460897213310798,-0.0280513821592923,0.0787409138044212,-0.02571903771208,0.0111511352659418,0.0148475536402884,0.0356783502394928,0.0308796562231448,0.0465616357110002,0.0307352813108061,0.0585901619374355,0.0233249993051015,0.0898765852341134,0.0120341117067509
0.0292234484908026,-0.00871069292307057,0.0482561711350949,-0.0213600335027612,0.08175863514254,-0.0102498454683086,0.100930930203366,-0.00433550028444226,0.101212196361695,-0.00545106262204095,0.0130268647229481,0.0131879582397384,0.0358647592457294,0.0278497455853894,0.0491440101285248,0.0312264650335512,0.0762083359026116,0.0230279590737104,0.0934915463999902,0.0122668741955464
0.0178233092590498,-0.00199404594154133,0.0398962896098494,-0.0118790748201335,0.0451597634224629,-0.0253513635615341,0.0532089171253024,-0.0265891418927161,0.09293266363404,-0.0108251755058751,0.00766701013639186,0.00706209138547149,0.0354146688313826,0.0209937005923849,0.0518629186633389,0.0276409292795029,0.0625304304988327,0.0211627887476737,0.0935880258821544,0.00794513001060073
0.00529305629584716,0.006757509666555,0.0183805473663685,0.00639925635350982,0.0400855204749724,-0.0168715191362174,0.0528684210276739,-0.0262315381651815,0.073933793978416,-0.0292365373801356,0.0135909702198315,0.0148460682114228,0.0264256329741759,0.032300268530613,0.0456140322437245,0.0329487753748044,0.0545968858372355,0.02690627449295,0.070912151782092,0.0136477990497619
0.00891559449572966,-0.00070252483317065,0.0374173884722222,-0.0127338471579705,0.0443542295424546,-0.0234042541272466,0.0469569015206379,-0.0272337915261563,0.0852384340330954,-0.00613827376645574,0.010043591184479,0.0041240285715131,0.0290188962130083,0.0208212838990435,0.0477134947244589,0.0287055052867114,0.0514920001445161,0.028062787772009,0.0796633445644676,0.0129177570089293
0.0286516903763763,-0.0129707390872439,0.05032641010573,-0.0275267252634555,0.0869785908307823,0.00181109771450575,0.095109086931592,0.00333067900566085,0.0951269418621307,0.00308918251360581,0.0308384101544838,0.0191215038155234,0.0454504891471548,0.0211978055167526,0.0552587803431182,0.0292167582449942,0.0535792673689065,0.0285219466796024,0.0771585727849748,0.0177761310571193
0.022862482160184,-0.0090769296897786,0.0493937368392799,-0.0205333635987352,0.0504475191588903,-0.0318198120266348,0.08555847912926,-0.024259172225472,0.101757365193758,-0.00623676409028075,0.0152751108226527,0.0210202999928867,0.0356479179348377,0.0283548292819226,0.0406998691821946,0.0281769523935062,0.0569082089907624,0.0218595771745739,0.0877363500612999,0.0104614366972349
0.0104998775366953,-0.0176012205469973,0.044327949570036,-0.027339405469414,0.0777659573179958,-0.0169231388062055,0.0984871834551579,0.00137471958586299,0.0994373964524901,0.00023152625593142,0.0107136811099343,0.0125663220107671,0.0353301736635432,0.0253079619058336,0.0494600288192883,0.0319136905436612,0.0757379231462396,0.0221220823997071,0.0949331536308727,0.00751736473689459
0.011976713139885,0.0204264987794217,0.032336240040932,0.0134858210800184,0.0438301948107836,-0.0174047013825168,0.0546143098239591,-0.0361379902702232,0.0995946663467315,-0.0150523782004232,0.01557847270487,0.0307745299838917,0.0236607960604909,0.0423320392210697,0.0423528849503978,0.0327670837965185,0.0541944852687051,0.0269002100993423,0.0840767826379689,0.00931888341536499
0.0152272217733621,0.0161776353114691,0.0403199927731563,0.00488361389940483,0.0473964517397809,-0.0213784109853186,0.0758489498362924,-0.0357185687697501,0.103473688110212,-0.0114046466134885,0.0116985277485024,0.0205209608654123,0.0287068470248051,0.0414030356466466,0.0447026461415846,0.0337961465773812,0.0569645735124684,0.025675772767598,0.0865276687877959,0.00887629351771218
0.015616153908466,0.0133368125115187,0.0386533357288701,-0.00119973054874827,0.0420667458846291,-0.0312931738512758,0.0678302782677091,-0.03148298929796,0.0872445881742247,0.00124329967550471,0.0152086947552411,0.0148576077917352,0.0205648376717601,0.0325753055390645,0.0404256513236724,0.0299398289676825,0.0598582383546395,0.0302194533407393,0.0821341326915638,0.0169209842005412
0.0226439048340245,-0.00844881940264078,0.0650474662999248,-0.0439177260543961,0.0484523458308059,-0.0372636930347052,0.049335450851524,-0.0295260986494798,0.0878887606074699,-0.0182889983064969,0.0160654361003565,0.0209020082196532,0.033360387621088,0.0457181665375409,0.0407062585392917,0.0385445060841307,0.0542390442473965,0.0248372202728641,0.0826202039539943,0.00419232642029736
0.0190060814089088,-0.00765080372528205,0.0408459489824879,-0.028893200738113,0.0504283703150157,-0.0293818113392151,0.102933147847305,-0.00994364665518551,0.101439811737874,-0.00465045396253303,0.0184735945938095,0.0245259897987992,0.0281487698917935,0.0409853486472793,0.0371097091099032,0.0368070723630631,0.0557707791626931,0.0228107175094542,0.0834912458697914,0.00521550816041459
0.0170993664728534,0.000526611683322916,0.0371671522687969,-0.00764215836141367,0.0437746013930732,-0.0173728603947354,0.0489162725122313,-0.0297888608142966,0.0871318340318347,-0.0260252826051155,0.0126164017118801,0.0150849691860816,0.036078396725041,0.0272665850839921,0.0459162445958623,0.0310179814714574,0.0644349790041918,0.0176974296919131,0.0891191065737045,0.00884412101386142
0.0378235346919279,0.0646271798099654,0.0351805271453939,0.0611000232211939,0.0129386516447087,0.0120987495622783,0.0421015151953272,0.0337658974898825,0.0516846975079149,-0.0335017868779516,0.0140606924547993,0.0198991946481077,0.00717735318750663,0.00788610256989444,0.0116516348173062,0.0135270491320172,0.00990989284834225,0.00334217785371632,0.0313841038411111,0.0317491095196949
0.0164583022484377,0.0182124708249594,0.0426300891053279,-0.00518605796068332,0.0497000260612164,-0.026866355247944,0.0924435525513785,-0.00815117300824644,0.0954167820180406,0.00584990935517125,0.0178659739673854,0.016913404966542,0.0410516413750474,0.0384119322795215,0.0683018545140719,0.0193242497689475,0.0857477750249508,0.0277264060103377,0.0928448659584046,0.0117427600166204
0.00643159038556059,0.00380799731174498,0.0459548854648151,0.00396402772289424,0.0506915136758063,-0.0406629141791223,0.0463531125695185,-0.0309579627103522,0.0938211845176707,0.00605900518377766,0.0173497447567199,0.0279285536837294,0.0292728639093625,0.038539143945804,0.0434212161304543,0.0334705922495235,0.0592098110794584,0.0247373250799974,0.0792020944887824,0.0127751937037945
0.00622709908989981,0.0100543733564246,0.0314092511675003,0.0198975537530239,0.0472629155763858,-0.00484917723660063,0.0531292801518323,-0.0269336723308913,0.0866263937942215,-0.00322236225801859,0.0155842870723997,0.0196506629342535,0.0351927263483083,0.0356150811205561,0.0513736710561289,0.0245163762390061,0.065193663200765,0.0123717640567329,0.0872898014395837,0.00510319567145009
0.0175478477643,-0.00307276506325067,0.0363144034183652,-0.0134701720111448,0.0451708442306525,-0.0236235061525707,0.0558942992574491,-0.0285262293556868,0.0892038190149966,-0.00792755426646495,0.0186775771923863,0.0218842400664714,0.0382863916286439,0.0287040825559933,0.0487307891523114,0.0265568639434307,0.0647829878594603,0.0192241812269855,0.0905847231746456,0.00798510287518396
0.0107991220026094,-0.00254015030176822,0.043048464810038,-0.00996428986670489,0.0472048396307281,-0.0232300599015089,0.0713544158543958,-0.0318206456361595,0.0978331652463119,0.00389107182271151,0.0275587683688701,0.0253461605200021,0.0393464682630132,0.0280200444502289,0.0416884779452447,0.0290969591092388,0.0691032351278233,0.0254579624748232,0.0896773532995731,0.0119524999333412
0.0200511855915738,0.00726055180905671,0.0399403136728101,-0.0117157378052023,0.0473529254819924,-0.027842861266279,0.0864591225633328,-0.0183357534241962,0.0955879594322113,0.00715283473979025,0.0252543562984417,0.0184657849440931,0.0382854366053067,0.0299909717651715,0.0491523692906756,0.0277495641756623,0.0625095008661244,0.028766896226328,0.0949357916752204,0.0107373659837935
0.0338256526442855,-0.0156664437836834,0.0493653488076244,-0.0223965931472672,0.05633306049911,-0.0298800057802817,0.0957304724309926,0.000151809249947818,0.0996980088260963,0.000622895907444298,0.0133867928596481,0.00963522829603048,0.0373034101649063,0.0264717404189298,0.0442502429809342,0.032034304550465,0.0640205722460019,0.0281486866863066,0.0927253354330174,0.0105156882451758
0.0200311051079894,0.0225092911108976,0.0414232954700821,-0.00436625948592569,0.0434110608875986,-0.028279257014097,0.0492846639583324,-0.0257921947621899,0.0835455928642237,0.0120651595330969,0.0158263264744554,0.0124867090055345,0.0393771662256408,0.028302300609052,0.048293319711521,0.032449993572416,0.0605824377499065,0.0237779096490941,0.0801530455523692,0.0107317154970223
0.02522526621169,0.0311948922257446,0.0473829416097646,0.000765389601011538,0.0480076240622899,-0.0218087279948205,0.0564070913511325,-0.0199770232787328,0.101439257376448,-0.00696396735576097,0.0144924340244341,0.0134905563594081,0.0411562394119799,0.0324279493059877,0.0490062214239961,0.0268975636666597,0.0598356061252994,0.016032833959733,0.0852867454575104,0.00685964579701539
0.0261599984067601,0.0280708667829876,0.0467215934378753,-0.0120762832540305,0.0536559977043635,-0.0295399203302848,0.0936151029608293,-0.004819169069778,0.0991679786303034,0.000838433241755514,0.0228913307441588,0.0253477126698091,0.0418055437793925,0.0283951618678124,0.0458737892550913,0.0278117739017772,0.0698287832779551,0.0217766898394377,0.0912231747640939,0.00774080862587077
0.0186255571610463,0.0215171780082171,0.0408048745447177,-0.0043058269095142,0.0530761722476059,-0.0247781491416847,0.0712158286587722,-0.0332866544451726,0.0972787334545634,0.00227684089366593,0.0138209879260218,0.0174946566608658,0.0364881232248801,0.0301825060764267,0.0470682723008097,0.0289966743685871,0.0666906314162896,0.0186921840650341,0.0923438123627677,0.00944013695728145
0.0177670654541815,-0.00236320235326293,0.0455477769635205,-0.0170858858017591,0.0470536148997427,-0.0291816179843279,0.088788137355372,-0.0222500651026043,0.0986547580152941,0.000347734931366651,0.00812081348814939,0.00752364472130601,0.028652078730777,0.0243095376983429,0.0474046412062498,0.0314679379984901,0.0563812220134764,0.0234444184081541,0.090809738529129,0.00884411578599609
0.00532146829396724,0.00483811312305742,0.024133789107092,-0.0038050188181387,0.0457819823074782,-0.0242553300991164,0.0660539285005944,-0.0313102951147855,0.100622082216963,-0.00758176519434815,0.00794252245268193,0.0117052534452882,0.0189947502617224,0.0253888819648742,0.0390916141648005,0.033089971943101,0.0543931399158141,0.0249982781368279,0.0767195879354094,0.0122021304428758
0.00446797957561912,0.0108199250047298,0.025041999471618,0.0254107079415714,0.0438856923432581,-0.00911436307001224,0.049780682477622,-0.034635123019544,0.0897503911749383,-0.0210637116372675,0.0104099922001957,0.0100352077179281,0.0277383440580557,0.0292513100694978,0.0478629106372901,0.035100556013287,0.055760923764517,0.0226171010748122,0.0797049142246687,0.00650863893087943
0.0143881018163288,0.00607522717105361,0.0408243684440025,-0.00637933020613802,0.0460085608426271,-0.0205058072581426,0.0624108202541506,-0.0294214220198685,0.095122777773592,-0.0153936050711893,0.0109139006918049,0.0103403469398832,0.0327877805127127,0.024630989426066,0.0502691909985573,0.0280743740463631,0.0584299695219159,0.0224616706405343,0.0833653843868071,0.0053425698450222
0.0032008165418678,-0.00145005417256715,0.00349728502838855,-0.000786263102588237,0.0192924496594651,0.00115946140684495,0.048721640607128,-0.0255464900553809,0.0751441516236483,-0.0258805364076379,0.0125944442664783,0.013574351946388,0.0241853768913595,0.0270521017787467,0.0478094647936138,0.0303470953540427,0.0635002308542461,0.0205871977053126,0.0788464631140154,0.0107986281793492
0.0209695066541239,-0.00190215244330115,0.0442134128943061,-0.0218133261047337,0.0516179889390975,-0.029811125931049,0.0954953578199903,-0.00808233495196973,0.0978662188794149,0.00155713637007113,0.0147307336564496,0.0123227132225658,0.0341505396103369,0.0237697448925787,0.0472243448377182,0.0248169273006359,0.0614361639248786,0.0179186455871978,0.0945351179972836,0.00528804146567194
0.048399085525339,-0.0227465615208684,0.0989460319232606,0.00176962659472922,0.000409266496893108,-0.00131384133928465,0.000424963627444035,-0.00116688960957005,0.0231728518417023,0.00276848937946722,0.0219622520108542,0.0279319646065242,0.0438389226288439,0.0416033648478869,0.0508431925895854,0.0341121077423668,0.0608855973515524,0.0249282053408046,0.0894409240779975,0.00464951760652991
0.0224246252310132,-0.00770635256691363,0.0467828634207371,-0.0176221922567704,0.049237469075873,-0.0268150310851961,0.0805632899482829,-0.00122532647433764,0.0953125245864413,0.00594172158047351,0.0170479492430088,0.010655861352447,0.0416083763464774,0.0245388014509047,0.0459150279191894,0.0249557584101548,0.0598072193701885,0.0264947748739673,0.0823520539113019,0.0146083282039972
0.0104173065112366,0.0172255743659326,0.0428105181477754,0.000986211236090213,0.0472906915186088,-0.0247998726868133,0.0886467823793766,-0.0249348273693596,0.0955550071405504,0.00251700467473891,0.0187385064284299,0.0159872443488025,0.0413465396016704,0.0298751124218252,0.0505820306753372,0.0255539190480539,0.0791822500459508,0.00688801590750727,0.0933421683513604,0.0052492885477038
0.0098456465477513,0.00167633073107697,0.0394179426719279,-0.0115815097408869,0.0453189194230743,-0.0215773324502616,0.0510340183907374,-0.029466405382971,0.089560221163124,-0.01307370179249,0.0119580709766152,0.0147029000626925,0.0417117886635759,0.0282350682767961,0.0476750482546867,0.0282041140221951,0.0683156865714874,0.0150387987301966,0.0923328726868176,0.00387010214744647
0.00684519802882498,0.00127948537938857,0.0332395124952994,-0.00582741180518032,0.0448755513005945,-0.0211634976862345,0.0502812724446109,-0.0297659923627867,0.0905015121705592,-0.0213347588499839,0.0107813218018416,0.00952366079948784,0.0296891104695457,0.0271905758406934,0.0499966642976713,0.0288448298993182,0.0543217605240353,0.0223071879618135,0.0908944224521433,0.00651487445441586
0.00631068450204417,-0.0116452239909596,0.0296706641856387,-0.0402547671444579,0.0427163701361679,-0.0267148609284463,0.0566958324019363,-0.0302584861199864,0.0989406533314115,-0.0126565600296784,0.019298618198251,0.0220394752799865,0.0358350989001178,0.0364139274260076,0.0454685632101888,0.0311737702002398,0.0603166002118677,0.0211788635104138,0.0820300840982949,0.00849354902092201
0.0201274487016336,-0.00683438713724038,0.0440416380295406,-0.0141579944249897,0.0466572588036271,-0.0213473514268438,0.0559587501301743,-0.0280805519950725,0.0855784159054673,-0.0113777640929473,0.0236587291281784,0.0145862754525694,0.04101485914577,0.0263720524750709,0.0453463139520823,0.0310226150780204,0.0549430864038039,0.0260447323315763,0.0828196652462113,0.0125304711890753
0.00957828608210562,0.0188742925172395,0.00414586680156319,0.00602268901166352,0.0185407664049302,0.0060940079977599,0.0421370209857803,-0.0139291110661265,0.0703827054966635,-0.033263226214195,0.0207258566777099,0.0240778879743174,0.0363526875838012,0.0317578837152444,0.0495428428441429,0.0292060996255134,0.0623412772420759,0.0187828757425018,0.0948729290219968,0.00461788985361053
0.0166213689887997,-0.00645134237245964,0.0464278018725345,-0.0201701845453189,0.0608303611483504,-0.0322774902634583,0.0954184601995188,0.00820462799834768,0.101149451710934,-0.00612964864503938,0.0220542429059329,0.0153095522564776,0.0426347040115762,0.0285214733202436,0.0488549910540103,0.0297405584934585,0.0766880847381732,0.0201947922288388,0.0943809662569995,0.00900839206844382
0.0284887919312789,0.00829986555648459,0.0499117770804902,-0.020804585038946,0.0594081230532217,-0.0238209842370899,0.0958871152972513,0.00432367073971471,0.101196946719473,-0.00581753116125291,0.02012462203751,0.0184862746929723,0.0389732547708005,0.0283370220470296,0.0434141898352617,0.0272410526371774,0.0553650833796271,0.0359590870661915,0.0893763788080071,0.012847187583391
0.0334152758352614,-0.00629778640572079,0.0466754958556263,-0.0255381783320232,0.0859577030033342,-0.0186755785167555,0.0972960531518493,0.00314632251859505,0.100576620271102,-0.00316435444775685,0.0158362631891809,0.0144822296616859,0.0392162514662959,0.0274800163336748,0.0507864810795492,0.0280394013222434,0.074629286290522,0.0218574176760207,0.0941763835955686,0.0093902068786998
0.0225601149726398,0.0120907616320111,0.0434331049718537,-0.00607479019479383,0.0527448931136872,-0.0371222791948329,0.0945707157251401,-0.0117551584841287,0.0960289329308469,0.00528178533333348,0.0165185436538801,0.0161061671114866,0.0399249852314969,0.0302920892364896,0.0535494599085965,0.0292047908064138,0.0876248222246518,0.0166978710110495,0.0963695580773571,0.00955572304653616
0.0406402717429137,0.0108338495167428,0.0393065541640899,-0.0431174757473653,0.046141763624296,-0.0342706818318385,0.0587138660733811,-0.0287268169337606,0.0985640238975437,-0.00735375082614682,0.0169522199528647,0.0204099337883755,0.0308868454966163,0.0383256538917313,0.0425667579927712,0.0347821538409395,0.0610452630821046,0.0209020634842941,0.0862775630571438,0.00963359630713272
0.0233479611173502,-0.00660004118755654,0.0490365113595822,-0.0174158929234909,0.0473859412392764,-0.025413317634223,0.0700769940943296,-0.0292276404834971,0.0948934719214507,-0.00494128218734589,0.0141553598799281,0.0154837280768905,0.0377900890683305,0.0251965696703112,0.044280759325198,0.0309368211772067,0.0594721185411751,0.0252224884998538,0.0915745330847574,0.00436638892489898
0.0133639328866957,-0.00719103565488955,0.0383144596983012,-0.0150845826514027,0.0493124482163164,-0.0223579151617909,0.0515063308873998,-0.0269349896094047,0.0746904852450881,-0.0151134031497889,0.0135281832330635,0.0152174798615415,0.0407107263755184,0.0300462852293996,0.0481710226530826,0.0302977015657726,0.0707303545313156,0.0199450774355499,0.0930922633588031,0.00842501837043631
0.00951566071947304,0.00161810511809257,0.0337485072046391,-0.0131613624177308,0.0506958178352317,-0.0192999529126189,0.0488433673739663,-0.0293874937696184,0.0874014017086887,0.00180763327281489,0.0155983731025065,0.0163758191252012,0.0429689748015158,0.025449448217113,0.0472850670977721,0.0287843208362522,0.0547668569758331,0.0221906205329484,0.0855785138401426,0.0107096180864386
0.0190104530936084,0.0174597146573223,0.0376124322391303,0.0010005297655579,0.0501838084113284,-0.0169127150909958,0.0528871371466624,-0.0307795425211034,0.0893821264880444,0.000639785067119238,0.00865235688809574,0.00667868342881616,0.0330543740372484,0.030315265758719,0.0501477684640213,0.0272817319800575,0.0661391864506679,0.0144384999869267,0.0823386298780782,0.005450732638646
0.00337553733110008,-0.00818063245307007,0.0195108037169306,-0.0246202720101916,0.0512603004596951,-0.0272603831070885,0.0527993838782967,-0.027764960112969,0.0848377986230472,-0.0169308034234707,0.0191041917682525,0.0236371173374637,0.0382133765905318,0.0340177688997779,0.04756499689893,0.0307864285498451,0.0604663190099802,0.0189591730679775,0.0839311886503605,0.00465957257004523
0.0378235346919279,0.0646271798099654,0.0351805271453939,0.0611000232211939,0.0129386516447087,0.0120987495622783,0.0421015151953272,0.0337658974898825,0.0516846975079149,-0.0335017868779516,0.0140606924547993,0.0198991946481077,0.00717735318750663,0.00788610256989444,0.0116516348173062,0.0135270491320172,0.00990989284834225,0.00334217785371632,0.0313841038411111,0.0317491095196949
0.0164583022484377,0.0182124708249594,0.0426300891053279,-0.00518605796068332,0.0497000260612164,-0.026866355247944,0.0924435525513785,-0.00815117300824644,0.0954167820180406,0.00584990935517125,0.0178659739673854,0.016913404966542,0.0410516413750474,0.0384119322795215,0.0683018545140719,0.0193242497689475,0.0857477750249508,0.0277264060103377,0.0928448659584046,0.0117427600166204
0.00643159038556059,0.00380799731174498,0.0459548854648151,0.00396402772289424,0.0506915136758063,-0.0406629141791223,0.0463531125695185,-0.0309579627103522,0.0938211845176707,0.00605900518377766,0.0173497447567199,0.0279285536837294,0.0292728639093625,0.038539143945804,0.0434212161304543,0.0334705922495235,0.0592098110794584,0.0247373250799974,0.0792020944887824,0.0127751937037945
0.00622709908989981,0.0100543733564246,0.0314092511675003,0.0198975537530239,0.0472629155763858,-0.00484917723660063,0.0531292801518323,-0.0269336723308913,0.0866263937942215,-0.00322236225801859,0.0155842870723997,0.0196506629342535,0.0351927263483083,0.0356150811205561,0.0513736710561289,0.0245163762390061,0.065193663200765,0.0123717640567329,0.0872898014395837,0.00510319567145009
0.0175478477643,-0.00307276506325067,0.0363144034183652,-0.0134701720111448,0.0451708442306525,-0.0236235061525707,0.0558942992574491,-0.0285262293556868,0.0892038190149966,-0.00792755426646495,0.0186775771923863,0.0218842400664714,0.0382863916286439,0.0287040825559933,0.0487307891523114,0.0265568639434307,0.0647829878594603,0.0192241812269855,0.0905847231746456,0.00798510287518396
0.0107991220026094,-0.00254015030176822,0.043048464810038,-0.00996428986670489,0.0472048396307281,-0.0232300599015089,0.0713544158543958,-0.0318206456361595,0.0978331652463119,0.00389107182271151,0.0275587683688701,0.0253461605200021,0.0393464682630132,0.0280200444502289,0.0416884779452447,0.0290969591092388,0.0691032351278233,0.0254579624748232,0.0896773532995731,0.0119524999333412
0.0200511855915738,0.00726055180905671,0.0399403136728101,-0.0117157378052023,0.0473529254819924,-0.027842861266279,0.0864591225633328,-0.0183357534241962,0.0955879594322113,0.00715283473979025,0.0252543562984417,0.0184657849440931,0.0382854366053067,0.0299909717651715,0.0491523692906756,0.0277495641756623,0.0625095008661244,0.028766896226328,0.0949357916752204,0.0107373659837935
0.0338256526442855,-0.0156664437836834,0.0493653488076244,-0.0223965931472672,0.05633306049911,-0.0298800057802817,0.0957304724309926,0.000151809249947818,0.0996980088260963,0.000622895907444298,0.0133867928596481,0.00963522829603048,0.0373034101649063,0.0264717404189298,0.0442502429809342,0.032034304550465,0.0640205722460019,0.0281486866863066,0.0927253354330174,0.0105156882451758
0.0200311051079894,0.0225092911108976,0.0414232954700821,-0.00436625948592569,0.0434110608875986,-0.028279257014097,0.0492846639583324,-0.0257921947621899,0.0835455928642237,0.0120651595330969,0.0158263264744554,0.0124867090055345,0.0393771662256408,0.028302300609052,0.048293319711521,0.032449993572416,0.0605824377499065,0.0237779096490941,0.0801530455523692,0.0107317154970223
0.02522526621169,0.0311948922257446,0.0473829416097646,0.000765389601011538,0.0480076240622899,-0.0218087279948205,0.0564070913511325,-0.0199770232787328,0.101439257376448,-0.00696396735576097,0.0144924340244341,0.0134905563594081,0.0411562394119799,0.0324279493059877,0.0490062214239961,0.0268975636666597,0.0598356061252994,0.016032833959733,0.0852867454575104,0.00685964579701539
0.0261599984067601,0.0280708667829876,0.0467215934378753,-0.0120762832540305,0.0536559977043635,-0.0295399203302848,0.0936151029608293,-0.004819169069778,0.0991679786303034,0.000838433241755514,0.0228913307441588,0.0253477126698091,0.0418055437793925,0.0283951618678124,0.0458737892550913,0.0278117739017772,0.0698287832779551,0.0217766898394377,0.0912231747640939,0.00774080862587077
0.0186255571610463,0.0215171780082171,0.0408048745447177,-0.0043058269095142,0.0530761722476059,-0.0247781491416847,0.0712158286587722,-0.0332866544451726,0.0972787334545634,0.00227684089366593,0.0138209879260218,0.0174946566608658,0.0364881232248801,0.0301825060764267,0.0470682723008097,0.0289966743685871,0.0666906314162896,0.0186921840650341,0.0923438123627677,0.00944013695728145
0.0210502925208514,-0.00542222754029981,0.0416544886712006,-0.0196090151106653,0.043602268729673,-0.0264939224062376,0.0484881059937412,-0.0322899942623703,0.0800774493204767,-0.0211601440977276,0.0165634329662052,0.0128153647997919,0.0343806441461403,0.0274519058959934,0.0447035222651209,0.0254815693487534,0.055492841259206,0.0217696597443292,0.0810701930315804,0.00517131069994557
0.0180902484362071,-0.0123973912466939,0.0368523960241627,-0.0304788700948967,0.0428371610301565,-0.0303027230257649,0.0528011831847028,-0.0289208188195112,0.0853567328171233,-0.0160096345697328,0.0204606436146486,0.0161098200404721,0.0371381269275256,0.0354232434702922,0.0452762169883286,0.0343818767757292,0.0566797276360774,0.0246129549141604,0.0834915393503493,0.0058348869286011
0.0119678273566478,-0.00421057079180282,0.0321470807156729,-0.0265651003819441,0.0415802672888145,-0.0294814469455743,0.0528449959803822,-0.0275726623382162,0.0881376147249233,-0.0138016889655508,0.00339874167274491,0.000671692916839995,0.0063690719658914,0.00399123269940526,0.0305102167502808,0.0398339619289737,0.044270116560705,0.0344195715429683,0.0773602663943915,0.0117420430557515
0.0129515187114288,-0.00907553834756425,0.0371292305648291,-0.0278637214795903,0.044164087267871,-0.0288053705298354,0.0603853527428858,-0.0261878307489889,0.0912242826410317,-0.0112882714168598,0.0159127100653039,0.019968964587386,0.0356590360854223,0.0416167238861443,0.0497585723786836,0.0307082113615491,0.0704002321804191,0.0190381643420014,0.0897430729373129,0.00922948570552526
0.0136035176648482,-0.0100690773994334,0.0323970270614071,-0.0295650936566292,0.0421894088500875,-0.0306003125443576,0.0552200162416964,-0.0275525507291164,0.0894974090617995,-0.0145655868492928,0.0117036188314464,0.0197281060074453,0.0300787746553209,0.0400001761285009,0.0423852775234581,0.0348192282826203,0.0608639111612387,0.0210911359157391,0.0812849993302271,0.00957894711686657
0.0125160631810359,-0.00627548442884337,0.032335522685413,-0.0247229692245789,0.040441249719044,-0.0267773454003685,0.0524808791618851,-0.0297509326452329,0.0842273418747156,-0.0147212750353782,0.0202445833123543,0.0132180488038247,0.0316774579231403,0.0352244328044255,0.0452930352749933,0.0404284149436386,0.0673407647058238,0.0213762908100472,0.0874707007956751,0.00984039632805839
0.0142133691620239,-0.00478087357835786,0.0330537306982339,-0.027298163973339,0.0414622866917577,-0.0297586094535319,0.0510242499073701,-0.0312735670413336,0.0817961448594353,-0.0186554879116245,0.0253083361424764,0.0209242715792618,0.0430544552817722,0.0385668678738996,0.048473942185427,0.0339878452899866,0.0661308665568812,0.0213263447410301,0.0865221909926265,0.00700537657543945
0.0120968298565924,-0.0130174234739727,0.0354829346447268,-0.0298735676162762,0.0472229584173047,-0.0281891734743101,0.0510612701597354,-0.0288134951250521,0.0893687104022969,-0.0142596660778641,0.00489786281747355,0.00579632211247842,0.0279339813830298,0.013971720386069,0.0429065603478494,0.0359986195277637,0.054663602273457,0.0317690714477092,0.0827869181836946,0.00965533229491485
0.0174624576943115,-0.00512242398646631,0.0358070498350086,-0.0224264419553717,0.0466987418434165,-0.0294530229613644,0.0502979248685964,-0.0299677727036413,0.0876087965171044,-0.0178322561600398,0.0074848960887321,0.0102365672923251,0.0288198440207869,0.0174550555100595,0.039279217588867,0.0350580618642988,0.0522880432535493,0.0324302309867024,0.0790394155639579,0.0085268939931639
0.0154051891208593,-0.0187201828306538,0.0341848475713007,-0.0327357088864681,0.0471397979227091,-0.0302181083603891,0.0545176020468936,-0.0287763454397425,0.0913099019696197,-0.0153225266401584,0.0304529867315099,0.0138799610034797,0.0388479571444108,0.0385633676576917,0.0438526956474329,0.0415043432821934,0.0565845433535241,0.0281530112779418,0.0789087359051713,0.0085159707449037
0.0157698248859768,-0.00341989292917766,0.0309381873284458,-0.021367116262909,0.0431256291030542,-0.0301983372749367,0.0547185401070333,-0.0294618303546146,0.0876836951368465,-0.0141490202369917,0.0181706189695755,0.00900053994442381,0.0345251541472854,0.0271175094345676,0.0404555061408408,0.0396503789607786,0.0529656860991878,0.0316528628506828,0.080228176387993,0.00956261735321578
0.0130873706315358,-0.0101937185047104,0.0355037782930936,-0.0349239951667497,0.0448034447120967,-0.0282645976286925,0.0514368752963547,-0.0292212633823721,0.0899813275202398,-0.0151430669140519,0.0113981284434849,-0.000200097602144337,0.0197344891608027,0.0361644499088504,0.0398341214501431,0.0517838397007755,0.048275307253763,0.0369718243621349,0.0738916233442023,0.0144574934015522
0.0192146143843112,0.0136472043081614,0.0143122656198757,-0.0312926063046459,0.0286937059152493,0.0146092461942538,0.0226369617828938,0.014290884017347,0.0520616878621207,-0.0333210540768802,0.0197771284133605,0.0156343156568806,0.038441333974171,0.0325892101905493,0.0471329919778765,0.0321437145736329,0.0581775724496144,0.0239790771343816,0.0847861249865102,0.0031794339811711
0.0202830214837166,-0.00262115735048461,0.0520992855834631,-0.0186772082096938,0.0506205156901999,-0.0273289355183423,0.0613209891081828,-0.0228391345379172,0.100953704867425,-0.00584338017214341,0.0124519493468897,0.0191442489543766,0.0277346830360965,0.0368943826757753,0.0404519152924506,0.0360213021211845,0.0574411575253247,0.0241423870927779,0.0837300538739948,0.00614267890280553
0.02458448987325,-0.0237041705244109,0.0485438936427075,-0.0249336151997536,0.085412076220816,-0.0176038804492368,0.100217628827217,-0.00436089693074151,0.100422654181621,-0.00448550285183618,0.00200138877916423,0.000816983868810855,0.00298388255500014,0.00332420008827543,0.0351412591823586,0.029060697735153,0.0473611585522292,0.0258341295828818,0.071647828641067,0.0122456655291373
0.0160365212845916,-0.0131442936683361,0.0470802149691439,-0.0301832390056842,0.0524149066334689,-0.0303816216230309,0.0995465342901524,-0.0132690134347989,0.102625476523273,-0.00745882195276921,0.00389160761622329,0.00723051724064274,0.033659573474139,0.0164011703637266,0.0412900515626134,0.0333010647078334,0.0487031503864404,0.034414223928202,0.0764972515558836,0.0153229847198557
0.0221402968453364,-0.010582631882933,0.0442604828768808,-0.0276135596560712,0.0515906318791594,-0.0294619892430543,0.102976863646476,-0.00725663938736666,0.101366067967301,-0.0044395723857099,0.0216994720985809,-0.00365592591937299,0.0389300158033456,0.0231380007484655,0.0473576126484209,0.0381358007472729,0.0572497971917001,0.0291732940378157,0.0821950789205911,0.0112718548245463
0.0157145127811191,-0.0211578536179809,0.0349173990636247,-0.028686324052431,0.0456473495172059,-0.0278049668976448,0.0490441133469891,-0.0310411920548642,0.0870898229473608,-0.0195247527085733,0.00680588801075638,-0.00390335892470349,0.0281497759886989,0.0120749056299781,0.0395957859085666,0.0340628706989478,0.0496932585248073,0.034939351173369,0.0648208834397542,0.018959084406559
0.0188009403841653,-0.0235475642672257,0.0432429470111732,-0.0278306044838077,0.0493717576380533,-0.0299611605667853,0.0923235553901861,-0.00660773241175752,0.0986790244526386,0.00379893279752266,0.0132646011257023,0.00327681400106382,0.0405059029869253,0.0194571621267427,0.0457540253454732,0.0370824993227733,0.0526216262483741,0.0311885703139438,0.0812104627707001,0.00904807539097626
0.0206045166984004,-0.0240590877679202,0.048276598614114,-0.0292825511226099,0.0507877382368623,-0.0252035633152754,0.0809221751419355,-0.0269645364218187,0.102950636879082,-0.00764834350199304,0.0231698870348874,0.00939042334096066,0.0400573426571673,0.0261213257989266,0.0468963276683585,0.0334231756737905,0.0565606478290267,0.0256268745396619,0.080269691286616,0.00927086529139125
0.0170242336228096,-0.0197272222417802,0.0399972042690288,-0.0283207726431844,0.0466136963771874,-0.0292126878404695,0.0952884051517535,-0.0144375964020519,0.103126664040605,-0.00795009194076301,0.0134292894395704,0.00957765761348226,0.0405029655766082,0.0251282010385932,0.0469874289493126,0.029877715701796,0.0522263487903531,0.0294673043236296,0.0744538973406887,0.0142883384329061
0.0134946782936564,-0.00106073555263909,0.0433070446458481,-0.0298687917126101,0.0467206649997553,-0.0305602051014286,0.0867850634046478,-0.0190732503275627,0.102414848736293,-0.00711798081617086,0.0197402162594139,0.0119778836896788,0.0441202009556219,0.026540464104761,0.0491987946981852,0.0328741495833694,0.0560565177755481,0.0276751077452736,0.0772662792207339,0.0125012656424011
0.012681390132077,-0.007360403994092,0.035997595132128,-0.0307365396045046,0.0448249630307943,-0.0322859402544252,0.051825503629972,-0.030982163505776,0.0879420505201402,-0.0147233788472991,0.020276295059262,0.0218554294435296,0.0340841685892996,0.0389494028716421,0.0455743167527516,0.0329943441315386,0.0553924828160235,0.0261034368517238,0.0813049013969957,0.0106082717040874
0.0158626212177689,-0.0130053304989477,0.0525041651671399,-0.0243090504809866,0.0504177816187896,-0.0316481412797462,0.0939455716568309,-0.0166945039778409,0.102286185691549,-0.00611053192594495,0.0198563826446615,0.0165377841636305,0.0375037069274074,0.0278039376557869,0.0473725938276401,0.0297671598458744,0.0538804553032855,0.0270748010093583,0.0818946961889386,0.00945680808111727
