u1_1,u1_2,u1_3,u1_4,u1_5,u1_6,u1_7,u1_8,u1_9,u1_10,u2_1,u2_2,u2_3,u2_4,u2_5,u2_6,u2_7,u2_8,u2_9,u2_10
0.0356796113722244,-0.000875884746381467,0.0462350319545265,-0.0121808221727497,0.0509456603300925,-0.030515385372395,0.0483904795503012,-0.0293262554330206,0.0634327773514068,-0.0145256216887475,0.013331808859347,0.0187845092126116,0.0304195720329089,0.0227771567046244,0.0439476232094648,0.0263546915926621,0.0499863850352267,0.0265688109930416,0.0798839749905122,0.00674399384798226
0.022853535083454,-0.0147694626383833,0.0546545593406287,-0.0269742979796789,0.049482443210563,-0.0300243481221011,0.0494174439453345,-0.0279705136994127,0.0833071136307008,-0.00380471646717614,0.0150053825625476,0.0121078736871661,0.0410149829087911,0.0243966289773135,0.0509017511637923,0.0276927569515272,0.0517441929327497,0.0271575466923171,0.0855632858916057,0.00509079812787688
0.0278268733697836,-0.0203564435734845,0.0529131794537303,-0.0286125239568397,0.0489187533527818,-0.0274210334844305,0.0687348560753971,-0.0190341607608789,0.094756787120154,-0.00229345543351669,0.0281385541733771,0.0292277556225038,0.0466836290791891,0.0294233157820606,0.0827770888784881,0.00937007220997054,0.0990540494223291,-0.00470672585344162,0.0902817298277496,0.00274989896349551
0.0306248758838037,-0.0171589771028853,0.0460930046462792,-0.0278082856707656,0.0490708645004265,-0.0296441864050741,0.0515223600723115,-0.0258441648470629,0.0840825719524388,-0.00813326339484599,0.0151702871439293,0.0154693686103348,0.0424291462747784,0.0220116151755189,0.0473097952358972,0.029521264903705,0.050240505196809,0.0288785076681729,0.0812619928581874,0.0114348409288765
0.0134654757017429,-0.0376634442743066,0.0462190901600953,-0.0324125473490303,0.0480503151405578,-0.0300132303140636,0.0492825141386691,-0.0285446216126655,0.0719206057959337,-0.0140295803039439,0.0234436952499723,0.0169823796830765,0.0500954162178712,0.0266017936046289,0.0615766857234643,0.0248464219338829,0.0934857309975425,0.00103571542034884,0.0983646910271495,-0.00180535798829443
0.0343575059698586,-0.0117872198609109,0.048714932627336,-0.0275374545016316,0.049060421015995,-0.0283710555764473,0.0492444344067598,-0.0282037478358587,0.0870536863628724,-0.00239540286228587,0.0198637083506936,0.0134738558814468,0.0447125248323048,0.0243123194533794,0.0543593582180696,0.0284005031807153,0.0918078072528434,0.00561983468314026,0.0998169451868302,-0.0045211434830307
0.0259446049850969,-0.00699870891430616,0.0432452957706236,-0.0259849416177013,0.0504328994115475,-0.0279723198800869,0.0513103045855101,-0.0270902184063347,0.0913729760549388,-0.00732243982838213,0.0194549362048701,0.0116404690198062,0.0456334689750504,0.0194941667892983,0.0467264234536581,0.0295523821989179,0.0584095606409637,0.0282257917074214,0.0930274345076259,0.0057579380808848
0.0343660254724802,-0.0153504744513747,0.0473853059106964,-0.0285739725971281,0.0483229999722766,-0.0288459247722919,0.0548935724462338,-0.0233597968635211,0.0845389857945468,-0.00425840212023869,0.0117739524458023,0.00828051682052428,0.0341329666867351,0.0203137300526784,0.049622883845396,0.0268643684184488,0.0535962270337402,0.0288077912055173,0.0815206225078315,0.014102619825579
0.0270040890516298,-0.0105580500697907,0.04896433565448,-0.0292081845811623,0.0502411845714349,-0.0288603003075312,0.0498524666822159,-0.02799316286384,0.0786397197263004,-0.0117312287210782,0.00983615340662636,0.00676402637998702,0.0319469420758813,0.0234344855376515,0.0467429422911506,0.0253670070827289,0.0496059321953341,0.0297136542074689,0.0818663947166809,0.0157660267149646
0.0201033327332271,-0.0156765120339942,0.0480503059746825,-0.0266477572081122,0.0500462599712856,-0.0281530074401386,0.0585613173299341,-0.0226778406619802,0.0822347613612938,-0.00610152927108466,0.0184493862815077,0.0126552138490003,0.0412330880388809,0.0241800938956468,0.0570377619426284,0.0312588779210806,0.0739137149279395,0.0185984853179596,0.0965757541185589,0.00674333034294411
0.0239478380359719,-0.0198506917680469,0.0430404378803394,-0.0304986289935749,0.048397261865777,-0.0286036428384687,0.0487637102443648,-0.0286985574745736,0.0551947741148864,-0.0241451899252042,0.00940089602313276,0.00507673379700909,0.0334763139467941,0.025447652309233,0.0540888981419298,0.0297734469335392,0.0569060718456165,0.0271499736353966,0.0900154357367913,0.0079995663248732
0.0355696328577015,-0.0154714891683958,0.0463251818661964,-0.028549827027645,0.0495029981609692,-0.0279308081911176,0.0551815557247409,-0.0234806153071041,0.0839186631112729,-0.00606930106495259,0.0224889636882758,0.0172557087509758,0.0469603550383957,0.0316725259462975,0.0594969880361273,0.0257495896988178,0.0991621093101627,-0.00221131798373918,0.0993743141449491,-0.00372799861781301
0.0430492664684974,0.0396832705858138,0.0456577607094547,0.0410187635933394,0.0529541082162678,-0.019525696018622,0.0497231558261644,-0.026268626694432,0.0533042380167245,-0.0208235295929321,0.0363159948408163,0.0511653909086882,0.0542059303325054,0.0398614239289589,0.07728826770607,0.00936860958692648,0.0935676976138235,-0.000227890748293175,0.0619857463087097,0.00180713469843039
0.0346452694233024,0.00390404146266479,0.0491442362215257,-0.0124156943866691,0.0274825220508747,-0.0289725224985933,0.048050001390162,-0.0254030968122599,0.0659135923772439,-0.0235547358718558,0.0349239021354928,0.0264896493596746,0.0530227028624105,0.0123848896180647,0.0194937037445154,0.016714392027354,0.042019008946955,0.0148343251906128,0.0586216815632418,0.0251915105574078
0.0151388112210492,-0.0246817940924102,0.0239551462687679,-0.0323830050482613,0.0499204380175414,-0.0272419687609161,0.0543876649454758,-0.0208698510957504,0.0883047952990802,-0.00825953785200498,0.0233288224793685,0.0111259341610403,0.0122222050819963,-0.00345638938242172,0.0519224229585503,-0.00353458687042061,0.0438502612575885,0.0249580448804903,0.0786276989032897,0.0235939475336184
0.0253766715044737,-0.0310565701727728,0.0355433194517911,-0.0320566557288179,0.0496733382578466,-0.0304587691473693,0.0712567106583135,-0.0118458835064608,0.092439247877039,-0.00126351756377545,0.0214330783756807,-0.00159086537823999,0.0517779723092555,0.0113691406849326,0.0524785675911925,-0.00188259873111982,0.0632180362795819,0.0278114500482935,0.079326492329555,0.0154192378801128
0.0358770010172115,0.0348157549617625,0.0647962344195395,0.00203402059806589,0.050117992204715,-0.0292238304848586,0.0693905381892812,-0.0208469476918016,0.09629945719732,-0.00353921238496909,0.0306188322892822,0.0322517285283855,0.050227558222431,0.0226570455771241,0.052769503658486,0.0059296581038956,0.0665707518128451,0.00700862676778353,0.0925413780613111,0.00790448194641091
0.0514202493732912,0.0444804059178015,0.0640414647980551,-0.0155741794926679,0.0504670581873504,-0.0304648929397486,0.0500254850967724,-0.0288747323922226,0.0820378838826337,-0.0246372190723253,0.00830058574823086,0.00925254336049224,0.0230611162451414,0.0215068784138656,0.0401508213438862,0.0299663540019807,0.0528301567511158,0.0282087402010831,0.0791045148470141,0.0121385200401032
0.0196967194435478,0.0345751379928789,0.0664943718757603,0.0177223580309322,0.0553444115378931,-0.0271058981318984,0.0492803007486355,-0.0260753528625863,0.0830537773340382,-0.0129983182312887,0.0175737860312239,0.0327794748129144,0.0497087223974513,0.0315186720745468,0.0730001774031614,0.00432210480209442,0.0674575050014355,0.000268024485521389,0.0896429153804209,0.00666381286276919
0.0416372993857424,0.0240928469085629,0.0545509652813386,-0.0100222521173011,0.0446118094541289,-0.0282242278885389,0.0506936022338841,-0.0286233805487948,0.0856966533543537,-0.00101769714267326,0.0337852597371262,0.0298428667627727,0.0533877929712904,0.0186425812755585,0.0454463996546887,0.0110180332797954,0.0528298657865887,0.0245449450605363,0.060880041615838,0.0260758299129033
0.0500594109266403,0.0375715129265761,0.0723024580898062,-0.0206204112025536,0.0585536276003956,-0.0259444832488489,0.050640379439351,-0.0277110176497267,0.0815286265898452,-0.0114897436285071,0.0303597524887019,0.03831122876463,0.0542549698905578,0.0258329608686419,0.0812789431336242,0.00300274270800933,0.0930047109386085,0.00117182902385413,0.0946086109592268,0.000808974079757717
0.0170600298368691,-0.0260315242645233,0.0355419950557127,-0.0350909685170369,0.0481528161413998,-0.0274759181296187,0.0458106952301108,-0.0207019318761769,0.0658903138748685,0.0222977575917289,0.0153834493919932,0.00206274534954545,0.0440940284311848,0.00528960477375771,0.0410355005635504,0.00771764779093162,0.0238460490106526,0.0143163015249004,0.0576033322783552,0.0274043617279369
0.0321144630660188,-0.0406463196835843,0.0506594083867023,-0.020859853674601,0.073431957992702,0.0258639305361644,0.0966621683590556,0.00065252144613326,0.0964738521592575,0.000706737181061993,0.0396341570465958,0.000795264764777726,0.0380196351122181,0.0220875321918485,0.06556875212811,0.0213924155463655,0.0670216568100226,0.0191022561145577,0.0668285167566243,0.0192357661699135
0.0169828881588309,-0.0296485174090227,0.0418996210746741,-0.0321956952835874,0.0490397156667176,-0.0273836406759796,0.0546774266333855,-0.0324377210155588,0.106311256811736,-0.0170569458897326,0.0177135567467355,0.0250225805909946,0.0329864067104644,0.0316920475191077,0.042594812465296,0.0309929193289078,0.0558957591547971,0.0241888662212661,0.0872807765931191,0.00285483265281666
0.0170766459292905,-0.000915346112797464,0.0462534309523954,-0.0273750853282215,0.0477604005486284,-0.0263176119913408,0.0694485413105743,0.00276199138912428,0.087875766740756,0.00194408345646053,0.0303852967570182,0.0154210962778776,0.0425507931741868,0.0129005988318549,0.0673389251147413,0.0245641752346433,0.0714704859241255,0.0271911850540278,0.0549518512802553,0.0250600374742156
0.0308629520630055,-0.0281957418766863,0.0518425204075516,-0.0237113929928006,0.0489899464539113,-0.0270362497242739,0.0490469750827664,-0.0256487383398071,0.0742618774821793,0.0282330533287391,0.0220562654350506,0.00406909944564999,0.0496947754080436,0.0122774907778773,0.0461163021417392,0.0224705483093604,0.057529931078546,0.023335701958618,0.0805876958732718,0.0255221584988377
0.0264801075020686,0.0146415878390503,0.0482637360652094,-0.0125882733901508,0.048386410667285,-0.028923970845419,0.0506047304617522,-0.0256794123942696,0.0677286211047103,0.0134506266789566,0.0247946177685571,0.0267620001077751,0.0492476969119403,0.0238923380641527,0.0562021300723828,0.00752733773261731,0.0652892474445942,-0.0083903006273982,0.080724392568482,0.0261499098609918
0.02402752747225,0.0173840046758768,0.0440350434734773,0.00375104570300132,0.0435156285322798,-0.0240117809771002,0.0512971059540752,-0.0211851402963166,0.073444149528071,0.0129845944146351,0.0215919824585257,0.0281359477899242,0.0497270054674139,0.0272942200631757,0.0510705203514597,-0.00198984945963466,0.0613679423071947,-0.0134767625704614,0.0827809973128824,0.0178796705953747
0.0381701639983917,0.0216046819265694,0.0320980157288275,-0.028849570576714,0.0466123368621241,-0.0282989842679129,0.049773314962551,-0.0120452738141913,0.0775771433714371,0.0246684756637927,0.0373446345155698,0.0409806701220606,0.0561281112535842,0.0232829303513506,0.098164534862701,-0.00484168038761928,0.0976856746434853,-0.00231527832680044,0.0976864654990903,-0.00231907711963895
0.00918216560291371,0.0199192725303761,0.0435558235384589,0.013027698943824,0.0268509446155157,-0.0150689512797304,0.0542533627441021,-0.0250245779931104,0.0565558521890906,0.00118912506346714,0.042899931118168,0.0354007317119357,0.057456485257097,0.0222692509233413,0.051781039628673,-0.0112264604906818,0.073928443767976,-0.0115418868752284,0.0685838110928998,0.0172650877514173
0.048703054652651,-0.022307445511855,0.0474809069602979,-0.0271376926371208,0.0804623952627655,0.0186086590865368,0.0710167919966425,-0.00960931739511474,0.0816375660063487,0.037423241723687,0.0461575100140617,0.00829916477927085,0.0438843029081153,-0.00340801046263114,0.0602901883446804,0.0298808014274135,0.0694670911420933,0.0119784990680089,0.0876123436612342,0.0269959992351644
0.0341145268640015,-0.00894630696222768,0.0511559544106304,-0.0260826927120778,0.0593293291677646,0.0231564221395314,0.0833948376872675,0.00376492417797269,0.0907842083109855,0.00347237703109901,0.0496436843928029,0.0167773187087872,0.0416934620922079,0.00329946838701619,0.0400799588547614,0.0076820786379712,0.0596979381777046,0.0210408599610866,0.0678166246018473,0.0187114789347068
0.040769708986258,-0.0084506257185609,0.0633809102093523,0.00628476733470925,0.0758368851825535,-0.0363806201672097,0.0484985943223792,-0.0256678257181993,0.0812230804711504,-0.0311877356161801,0.0478616193151719,0.0207989915521783,0.0480958578476764,0.0145487182685316,0.0875439182757701,-0.00796707237438994,0.0713744699784675,0.000915570786533184,0.0834960834560176,-0.0101969109333658
0.0378566407401086,0.0255713693794774,0.0768697218216426,-0.00363300412695966,0.0778451339942642,-0.0349679257947959,0.0504022107773993,-0.0319312147810865,0.0675457206691035,-0.030013632436641,0.0445280210866587,0.0329765595466744,0.0941644425464003,-0.0026209590612051,0.0963459145035322,-0.0028331764815172,0.0756318712508042,-0.00327697900089097,0.0839381862233664,-0.00345675085033543
0.0307388616667538,0.0198375356742684,0.0660381075446826,-0.0186005445141001,0.0471308186410261,-0.0299162811430703,0.0486990166430426,-0.027692995957909,0.0674504010376766,-0.0177654100074938,0.0448393883001519,0.0342517093155164,0.0986205115520064,-0.0036594038246057,0.0968499439075159,-0.000156265730892744,0.0970085584749,-0.00023135216051755,0.0971159845815425,-0.00026145253394068
0.0429189763681054,0.0300549280638532,0.0809538474361137,-0.023510035884859,0.0727600587271668,-0.0137281317136967,0.0498235013275047,-0.0291785872823336,0.0563515063232699,0.00892367582074548,0.044617015008524,0.0322691757564492,0.0926596669369158,-0.00511983513350971,0.0851779539850911,-0.00553790145148095,0.0775207488071269,-0.00626668600832044,0.0583413335376234,0.00319656681389845
0.0347872771522768,0.0234397108690311,0.0809701051234365,-0.0178243688974439,0.0618599104734407,-0.0250259018946088,0.0488404557859497,-0.0276750837271715,0.0644706229131263,0.000114965127399354,0.0239570258497718,0.0258331055207034,0.0598739718940905,0.024951455202072,0.096694179423702,-0.00642180665848602,0.0835776622558195,-0.00146882416543666,0.0651392828047753,-0.000629318790241129
0.0157270880639614,-0.0228760176743978,0.0458314594321275,-0.0273878367939633,0.04628209458588,-0.0281619054960687,0.0474039717306404,0.00320094719589204,0.088652949972888,0.00205864630953053,0.032689620296225,0.00502634799009882,0.0343914665622928,0.00821939265320965,0.0182289107794168,0.000416924452870533,0.0481632763190867,0.0241340129185173,0.0785730175787634,0.0157146752946276
0.0455676288723335,0.00740072146597305,0.0775839543274561,-0.0201593332155365,0.0450223788600849,-0.037479457427913,0.0539624993040728,-0.0260873415733161,0.0727752062812947,-0.00775829360128869,0.0435438478570962,0.0271510273565813,0.0582035295252569,0.0187855505513485,0.0864655466594282,-0.00433864849311927,0.0715803173548725,-0.0175133206832622,0.0939780414958124,0.00280845426059311
0.0305501684102644,0.0121326384563181,0.063875263261247,-0.00562140454251261,0.0569480258492323,-0.0311185456325729,0.0504766372433904,-0.0256288982365091,0.0820532769273039,0.00587679109756171,0.0312981030414476,0.0227861030601331,0.054290020051254,0.0270364246833357,0.0674181971888705,0.00520059047487278,0.0645852698120275,-0.0123789239057897,0.0817853421277462,0.0235285871893155
0.038959901811275,0.0300670174979607,0.0352971641322597,-0.01355827745911,0.0486463902067774,-0.0257880554825207,0.0491728602631989,-0.0200437631781652,0.0756026604251427,0.00974048576481216,0.0158028946431083,0.0168309407583926,0.0414811792516828,0.0349842644071505,0.0545905704640725,0.0272419048947767,0.0712283359556468,0.0177879188361498,0.103807049747176,-0.00562387739779784
0.0398395034480373,0.00920766652948265,0.0389388088191051,-0.029940996949013,0.0480985906858819,-0.026654669233588,0.0459168351185244,-0.0145223336094444,0.0811851345410394,0.01085244007395,0.0184913508059589,0.0201713633299977,0.0395664258577671,0.0349568238787367,0.0515439789296294,0.0299796133693759,0.0677523178292357,0.0186397934453055,0.0953456858260637,0.00081340213666979
0.0480845722649406,0.0118462256522355,0.0910057059793193,-0.027915705047921,0.0444815057773012,0.00807529017958287,0.0486630970473914,-0.0266222770846699,0.0343762572983978,0.00447534170390796,0.0536740503935501,0.0260881611583677,0.0979577175470243,-0.00601723898129858,0.0873965445248193,0.00294898216404564,0.0792740206610745,-0.00927268443953022,0.0499068518109317,0.00165327051813176
0.0491068354247712,0.0076902102945709,0.0325250736806047,-0.00146968592884942,0.047049973793461,-0.0255489287174056,0.0296099070951429,-0.0122663296050331,0.070719534561746,0.00399785608422962,0.0350852029613012,0.0239582452986292,0.0559536986401864,0.0255281225902598,0.0615312017180973,-0.0146191484631455,0.0739576247331336,-0.00495761964300276,0.0724829437275713,0.0017676315813319
0.0400555582374462,0.013247356103775,0.0401300630634931,-0.016514455985303,0.048584900932951,-0.0245788587484067,0.0487467300578089,-0.0290235473621406,0.0766851099273452,0.00530082525800862,0.0466451888316739,0.0244664145462739,0.0371677163848724,0.00270650664350431,0.0438000584876025,0.0228111887629003,0.0485125597234313,0.0267046647245589,0.0711829554725423,0.0148155138452971
0.0319478926602477,0.0202663831002448,0.0474447747637868,-0.00431283771730565,0.0491653951599855,-0.0266144914579829,0.0483579928774546,-0.0314904333226394,0.0784293773551696,0.000939587857425379,0.0330887420196998,0.0293184470840173,0.0494402833345906,0.025549110342102,0.0586574336796349,0.00227274522112347,0.0644289674985854,-0.0163807589752943,0.0780038203943507,0.00979167488832909
0.0426937180605282,0.0131978776647323,0.0346522701551169,-0.0113119639117263,0.0492073329725911,-0.0283343178261953,0.0321336942822723,-0.00744860095669286,0.0681776907902492,0.00525025367765909,0.0452699148830089,0.0269691579213637,0.0519370439874161,0.00579738252745996,0.0644005814385065,-0.0107093577271302,0.0412388077174793,-0.00285900052860281,0.0781948613233067,0.00517329475883913
0.0472540240895618,0.00496239632010588,0.0374176498154613,-0.0169514998170085,0.0500397650214656,-0.0301090893321962,0.0481172841779367,-0.00587195358486615,0.0810146534961579,9.74059360045874e-05,0.047894951114393,0.0251481169146735,0.0454050672678616,0.0130887398464578,0.0651825282364278,-0.0130778316705695,0.0650628410725302,0.0017500705403076,0.0710810860423704,-0.00199770216518829
0.0170766459292905,-0.000915346112797464,0.0462534309523954,-0.0273750853282215,0.0477604005486284,-0.0263176119913408,0.0694485413105743,0.00276199138912428,0.087875766740756,0.00194408345646053,0.0303852967570182,0.0154210962778776,0.0425507931741868,0.0129005988318549,0.0673389251147413,0.0245641752346433,0.0714704859241255,0.0271911850540278,0.0549518512802553,0.0250600374742156
0.0308629520630055,-0.0281957418766863,0.0518425204075516,-0.0237113929928006,0.0489899464539113,-0.0270362497242739,0.0490469750827664,-0.0256487383398071,0.0742618774821793,0.0282330533287391,0.0220562654350506,0.00406909944564999,0.0496947754080436,0.0122774907778773,0.0461163021417392,0.0224705483093604,0.057529931078546,0.023335701958618,0.0805876958732718,0.0255221584988377
0.0264801075020686,0.0146415878390503,0.0482637360652094,-0.0125882733901508,0.048386410667285,-0.028923970845419,0.0506047304617522,-0.0256794123942696,0.0677286211047103,0.0134506266789566,0.0247946177685571,0.0267620001077751,0.0492476969119403,0.0238923380641527,0.0562021300723828,0.00752733773261731,0.0652892474445942,-0.0083903006273982,0.080724392568482,0.0261499098609918
0.02402752747225,0.0173840046758768,0.0440350434734773,0.00375104570300132,0.0435156285322798,-0.0240117809771002,0.0512971059540752,-0.0211851402963166,0.073444149528071,0.0129845944146351,0.0215919824585257,0.0281359477899242,0.0497270054674139,0.0272942200631757,0.0510705203514597,-0.00198984945963466,0.0613679423071947,-0.0134767625704614,0.0827809973128824,0.0178796705953747
0.0381701639983917,0.0216046819265694,0.0320980157288275,-0.028849570576714,0.0466123368621241,-0.0282989842679129,0.049773314962551,-0.0120452738141913,0.0775771433714371,0.0246684756637927,0.0373446345155698,0.0409806701220606,0.0561281112535842,0.0232829303513506,0.098164534862701,-0.00484168038761928,0.0976856746434853,-0.00231527832680044,0.0976864654990903,-0.00231907711963895
0.00918216560291371,0.0199192725303761,0.0435558235384589,0.013027698943824,0.0268509446155157,-0.0150689512797304,0.0542533627441021,-0.0250245779931104,0.0565558521890906,0.00118912506346714,0.042899931118168,0.0354007317119357,0.057456485257097,0.0222692509233413,0.051781039628673,-0.0112264604906818,0.073928443767976,-0.0115418868752284,0.0685838110928998,0.0172650877514173
0.048703054652651,-0.022307445511855,0.0474809069602979,-0.0271376926371208,0.0804623952627655,0.0186086590865368,0.0710167919966425,-0.00960931739511474,0.0816375660063487,0.037423241723687,0.0461575100140617,0.00829916477927085,0.0438843029081153,-0.00340801046263114,0.0602901883446804,0.0298808014274135,0.0694670911420933,0.0119784990680089,0.0876123436612342,0.0269959992351644
0.0341145268640015,-0.00894630696222768,0.0511559544106304,-0.0260826927120778,0.0593293291677646,0.0231564221395314,0.0833948376872675,0.00376492417797269,0.0907842083109855,0.00347237703109901,0.0496436843928029,0.0167773187087872,0.0416934620922079,0.00329946838701619,0.0400799588547614,0.0076820786379712,0.0596979381777046,0.0210408599610866,0.0678166246018473,0.0187114789347068
0.040769708986258,-0.0084506257185609,0.0633809102093523,0.00628476733470925,0.0758368851825535,-0.0363806201672097,0.0484985943223792,-0.0256678257181993,0.0812230804711504,-0.0311877356161801,0.0478616193151719,0.0207989915521783,0.0480958578476764,0.0145487182685316,0.0875439182757701,-0.00796707237438994,0.0713744699784675,0.000915570786533184,0.0834960834560176,-0.0101969109333658
0.0378566407401086,0.0255713693794774,0.0768697218216426,-0.00363300412695966,0.0778451339942642,-0.0349679257947959,0.0504022107773993,-0.0319312147810865,0.0675457206691035,-0.030013632436641,0.0445280210866587,0.0329765595466744,0.0941644425464003,-0.0026209590612051,0.0963459145035322,-0.0028331764815172,0.0756318712508042,-0.00327697900089097,0.0839381862233664,-0.00345675085033543
0.0307388616667538,0.0198375356742684,0.0660381075446826,-0.0186005445141001,0.0471308186410261,-0.0299162811430703,0.0486990166430426,-0.027692995957909,0.0674504010376766,-0.0177654100074938,0.0448393883001519,0.0342517093155164,0.0986205115520064,-0.0036594038246057,0.0968499439075159,-0.000156265730892744,0.0970085584749,-0.00023135216051755,0.0971159845815425,-0.00026145253394068
0.0429189763681054,0.0300549280638532,0.0809538474361137,-0.023510035884859,0.0727600587271668,-0.0137281317136967,0.0498235013275047,-0.0291785872823336,0.0563515063232699,0.00892367582074548,0.044617015008524,0.0322691757564492,0.0926596669369158,-0.00511983513350971,0.0851779539850911,-0.00553790145148095,0.0775207488071269,-0.00626668600832044,0.0583413335376234,0.00319656681389845
0.0194735464511331,-0.000577495642203635,0.0481645058525768,-0.0138758933518111,0.0558053301261741,-0.0276151632781644,0.0482581863297392,-0.0303236632376046,0.0700367943170531,0.000352023154497109,0.0283071801440823,0.0183791804836499,0.0503608691953521,0.0284510850298687,0.0668067821584699,0.0120279726378619,0.0642364199974488,-0.00987106451218567,0.0816978598208808,0.00934377174230648
0.0365963021913339,-0.00544450327180278,0.0452997777398295,-0.0226963166365017,0.0451697712406704,-0.030002434972056,0.0421487217843919,-0.00421872208952141,0.0842166556835872,0.00327447150895524,0.044473229321102,0.0183870870732762,0.030822875356072,0.00240343671265079,0.0369863583471026,0.0250015200473599,0.0639555959473467,0.0297360463162032,0.0637523585603871,0.0201477734481042
0.0184557006214673,0.00502041506650314,0.043145677147156,-0.0123411423064048,0.0485078101400252,-0.0254506651653704,0.0433198424851397,-0.0243905648231212,0.0668592937838737,0.0110859964629597,0.0218150832172492,0.0107707697906261,0.0514216261754578,0.0212996265329233,0.0453257147002786,-0.00114492932140724,0.0471366790050319,-0.0036797854122706,0.0542867822393063,0.0326589081223504
0.0250757481774406,0.0182993027213188,0.0442221879131915,-0.000456614216067633,0.0508587680679368,-0.0251112539046829,0.0462658998867929,-0.0195339238571622,0.0646482266993113,0.00500497378345693,0.0273109483125269,0.0282267832726148,0.054498303247693,0.0204248939033739,0.0403171545354161,0.00416867218600113,0.0468229897655896,-0.00101051592955288,0.0611685236139297,0.0266759944396238
0.0413584382051093,-0.0193949610135922,0.0468190688202301,-0.0261763212371599,0.0423056590362668,-0.0207419464390523,0.08371100094921,0.006162704560606,0.0929583596226821,-0.00527977324126265,0.0419260885748454,0.0139878615895519,0.0441292507854598,-0.00547483855220436,0.0378197720072958,-0.00791812644989937,0.0642859190319914,0.0289433968504615,0.084719778546548,0.00670631818989816
0.0280037106932208,-0.0213223210874733,0.0412183516282003,-0.0294390252741873,0.0478001981375528,-0.0287310911529588,0.0320529606714361,-0.013403465379053,0.0794358194166997,0.0130575731106622,0.0410786856154633,0.0318380533666743,0.0526635623676765,0.0301995925918308,0.0634248550623278,0.011937725702011,0.0928265818218998,-0.00750642363147093,0.0930983354064296,0.00505018343964621
0.034432560015202,0.00108951586721308,0.0536841478949742,-0.0226340991849283,0.0454117276607414,-0.0272822096269578,0.0539364687200099,-0.00978274033428763,0.0668833120844042,0.0161441346623881,0.0303411315477855,0.0239873019238346,0.0539698235845986,-0.00550329261637872,0.0358468894675513,-0.00794182258481055,0.0596491206230637,-0.00995829979906111,0.057181894059043,0.0303413905100536
0.0239453672956594,0.0160312916674755,0.0506522129958768,-0.0110816327923545,0.0532871523141399,-0.0269538569600517,0.050850004668885,-0.0172722279314333,0.0633217432485193,0.0123007054775986,0.0253076007858993,0.0267135969469548,0.0532679225083706,0.0156229210816566,0.0473716001410013,-0.0102442063621569,0.0481258620370953,-0.0047096696399864,0.0522360341576862,0.0282303894606095
0.0578092312594607,-0.00792799132491531,0.0515980859743231,-0.0225922860083626,0.0478552545331261,-0.0275961557124372,0.0491202255458845,-0.00471769352114515,0.0865741984239238,0.0047183243634943,0.0264683460911069,0.038168043809161,0.0483954016987388,0.0352556152089398,0.0575440545085208,0.0137242272168869,0.0628101776442476,0.000424774618630547,0.0815997324991538,0.00617561667554568
0.0401727287599857,0.0148450263117655,0.0547298843617183,-0.0115981297537957,0.0532071837327621,-0.0248067989251005,0.0514724310462992,-0.0286637345855985,0.0576277854225158,0.0047148907069136,0.0414909010094011,0.0274646151813436,0.0648567534071965,0.00938747222165958,0.0659892816956021,-0.00299918126402608,0.0689859365559729,-0.0227813629479095,0.0811924812042573,0.0130757355454401
0.0854934350332858,0.00459387958605062,0.0986324660937178,-0.00181641473772835,0.0977975434761514,-0.000332373443703578,0.0984533890960393,-0.00020657067863788,0.0443073831485899,-0.0246397330978706,0.0674341183038631,0.0292059680174728,0.0648215766249414,0.00792403495509731,0.0563012884465861,0.015492843280887,0.0693997924596722,-0.00465668372781771,0.039881941442101,-0.0115008014380868
0.0967704282972699,0.00118380844474153,0.097797870917299,0.000215239618292913,0.0979948213343306,0.000523007450379742,0.0987482070213173,-8.54876367279033e-05,0.0979662131518146,0.000632738575342295,0.0789377537531235,0.0187746601335565,0.0825918166796259,0.00508919097386171,0.0698943177360709,-0.00200428839442417,0.0802483612703423,0.00283451885788515,0.062030302345929,0.0247768043982606
0.0219962665777165,0.0183407070205278,0.0471012664372615,-0.00796829938973209,0.0487155196963873,-0.0235560109976262,0.0486402710391815,-0.0196771182126873,0.0663092599644185,0.01620109034014,0.039554326603073,0.0311796433583067,0.0515111199776295,0.0172924116698148,0.046795088635862,-0.01172487695871,0.0433801091037872,0.0179030592845685,0.0587082051334029,0.0297976268645953
0.0360769739124745,0.0157962606317657,0.0477745145440087,-0.0164235127669383,0.0497131552895908,-0.0299215850402598,0.0390196933960934,-5.43631539760236e-05,0.0730787480999195,0.0109453994784172,0.0305268174046096,0.0432658731837723,0.0490913592959784,0.0360344923733461,0.0696247020906182,0.00779108937908054,0.0979378364931264,-0.0074618379968121,0.0926380505140078,0.000329764486454872
0.0421462305265259,0.0284109136571271,0.0502405543114606,-0.00841823402695963,0.0527587785785667,-0.0275519433073881,0.0478936935732148,-0.0248815627198481,0.0864360142353546,-0.00345750621180537,0.0424054163790855,0.0324498049107523,0.0568704302958488,0.0134875763102496,0.0646439407151013,-0.0198391768393984,0.0577217548107472,-0.0218903924111735,0.0840975669144348,0.00649327475056341
0.0351400096603564,0.012818899055899,0.0476272777670975,-0.0302368167764553,0.0637507263910888,0.0037861369925484,0.0921464754727073,0.00305423055036989,0.0961271774305286,0.000507736893292065,0.0362012258162293,0.0260666680709782,0.0474054482089993,-0.0126751426613672,0.0679417070498572,0.00537741432800374,0.0702044875274773,0.0183776400390881,0.0472719111427637,0.0273687834059375
0.025349163951294,0.0154409565133254,0.0441151178132565,-0.0143637048724549,0.0438991019023262,-0.0304910844058287,0.0500798934334887,-0.0207631867712795,0.0786545441805813,0.011867008046054,0.0197523463906995,0.0198509295165525,0.0469626171006504,0.00367517417758205,0.0459312170860951,-0.0169333965417299,0.0487695687799684,0.00711596430964434,0.0542712717378594,0.0289762166127307
0.0284733052390579,-0.0151271625393969,0.0432223161537191,-0.0243183757114207,0.0477844747134902,-0.0283240589591606,0.0483523464849335,-0.0207558702777811,0.0901872837371993,0.00492130577965874,0.00767758237729946,0.00773616555431214,0.0343274293008005,0.0404692255410846,0.0489331767644,0.0341752618807087,0.0619188569280193,0.0199209983809853,0.095250573987006,0.00142901275489518
0.0291801375059081,0.00279927899831798,0.0523831621718031,-0.0167086998462653,0.0481604522852643,-0.0287396909763615,0.0601462881703286,0.00502036670023938,0.0870972789033689,0.00455896937159283,0.0315086295390372,0.0202171225553861,0.0556307988156435,0.000659527814248355,0.0438889122181833,-0.00431121276775685,0.0505682356304695,0.0338764839100775,0.0886548196513103,0.0107920015039993
0.0202365292117929,-0.0143487978977442,0.0497663035950403,-0.0219502617805776,0.0480742007942947,-0.0280708206272894,0.0480590370986942,-0.0173358313435524,0.0853222632333382,0.00433409048978899,0.0332924916873464,-0.0016311925331251,0.0483204928078791,0.00891905638485671,0.0338453635749583,-0.00117254013695836,0.0397638759503642,0.0156995132435972,0.0580693080144568,0.0302999462303801
0.0244031111739485,-0.0224586100827876,0.0423355388835015,-0.028272656419291,0.050714246778655,-0.0306368516403807,0.0367159850759326,0.00118685592572655,0.0897706462382591,0.00529518509535219,0.0155687438796628,-0.000291128218718962,0.0350367533695544,0.00463555408689879,0.0505921609947196,-0.00806975631011096,0.0446063874142019,0.01692966420912,0.065816880993213,0.0253800210948714
0.0387284290489385,0.0230041743538019,0.0486294382922847,-0.00771893288896188,0.0488121328797683,-0.0292458288756304,0.0517635422735668,-0.00917859719747919,0.0792528348272241,0.00503601502915933,0.02079837508946,0.028869977072302,0.0424275120703707,0.0246161784296672,0.0495600805750126,-0.014930721493813,0.0524819074505537,0.0210806913431952,0.0628691099758473,0.0251611286130476
0.0224470337147383,-0.0220522098576579,0.0456532303489603,-0.0300881960060799,0.0592439499039651,-0.0294799744680939,0.063295590436303,-0.00689930315375705,0.076829287730019,0.0201852338378923,0.0103596281475523,0.00485870224990718,0.04216831102106,-0.0102340888114839,0.0492480476997465,-0.00799257036924507,0.0560425335307526,0.0153436846286659,0.0550340326899957,0.0343992279721932
0.0198557374869163,-0.0250163435189089,0.0379945751770286,-0.0315464851223395,0.0547060239981286,-0.0242590847331446,0.0523885875319847,0.00522326341846611,0.0807543300729848,0.00745354475790772,0.0264733903529432,-0.00465384848553856,0.0474202319448122,0.00245575902280656,0.0498041268889129,0.00498804982911111,0.0542612825045794,0.0256506057799266,0.0787325680680311,0.0165500188903102
0.029008533042083,0.00144674644180122,0.0461501831462102,-0.019227272651964,0.0472374169272633,-0.0259019012413093,0.0534552146913713,-0.0210305731502214,0.0717939148913906,0.00792619567952613,0.0196918073317414,0.019794836226117,0.0477684583800209,0.00977809629820521,0.0480412882679548,0.00490869141372057,0.0622532013577892,-0.00025949307447468,0.0536766413751792,0.0320102348893046
0.0170213367422575,-0.0133600564195664,0.0326615576164495,-0.0292745150644296,0.0439465782721844,-0.0296602315145179,0.0490017045948084,-0.0244167430125886,0.0728027223870032,-7.00080089532337e-05,0.0273600450409431,0.0407953256552471,0.0506505921817643,0.0370367243517311,0.0518114501851385,0.0221127309829779,0.0987298181584883,-0.00259332698979249,0.0993195122168678,-0.00194473678424201
0.0486754526260898,-0.0283133914174967,0.0829721835132153,0.00539258656556168,0.0625802534014857,-0.00568181438078005,0.100680539379012,-0.000629050489579867,0.0967702923342203,0.000577619780152595,0.0498290342819066,-0.00120144047811134,0.0699188905593188,0.0244019661894646,0.0567507645741468,0.025247918995221,0.0780703191297528,0.016865518036929,0.0559573116159845,0.0261955977440796
0.0154138175668762,-0.0112018025878479,0.0325789591870921,-0.0261324916314539,0.0467303240692559,-0.0269685689225764,0.0489914243641209,-0.0270223444561786,0.069794754232606,-0.0102558337314595,0.0144878418179396,0.0149661732032108,0.0365079191590167,0.036516069378892,0.047823174341283,0.0335270913344708,0.0568756505664113,0.0242681259939296,0.0766481538742511,0.0103223055315511
0.0418663429429373,-0.02408587099619,0.066649723873823,-0.00664461503648591,0.0992621246711706,-0.000428936569420071,0.0947726861347773,0.00185401117619352,0.0967641598099993,-0.0120880784907307,0.0486481484055877,-0.00408482997317511,0.0658798659673152,0.017890509661886,0.0881843216171231,0.0186023416200605,0.0561445359969615,0.0261577581011489,0.0904519428040735,0.00907366827092953
0.0466639611362665,-0.0209280048851586,0.0486920253875965,-0.0259329420252879,0.0487663846964923,-0.0117641972136919,0.072605196911295,0.00646897857462503,0.0776567100599509,-0.003001103647491,0.0470688070864405,-0.00306845673380067,0.0427768345553607,-0.00124141302814002,0.0347695485592072,0.0126589913350901,0.0552275413087606,0.0271692966667879,0.076633217510242,0.0130427673903886
0.0346440696060371,-0.015240557686482,0.0469904015542978,-0.0261871113981403,0.0520690203803651,-0.0061593255175398,0.0852000182327535,0.00788811665209389,0.0891384763927803,-0.00399866738022385,0.0202488044491163,0.0122484134909725,0.0292950275475485,0.00571015912618523,0.0448793899969904,0.000675366550606891,0.0589149965674547,0.0286089316504734,0.0576529916853909,0.0228345022119415
0.0482866346311309,-0.0304000226936357,0.0861264746677189,0.00424537962445476,0.0962004820549585,-0.000164114817179609,0.0993439763615568,-0.000251530741503483,0.084978553563912,0.00348665615475158,0.0478621015347529,-0.0102555170795175,0.0667380392533818,0.0238136811320344,0.0647092500899984,0.0053183547555132,0.0693398893713304,0.00163267962164931,0.0495680665171813,0.0183055523673995
0.0487576026681039,-0.0266798701754437,0.100385442919693,-0.00319721208324331,0.0956545236822738,-0.00186420454296139,0.0960267099807516,-0.000818959574079462,0.0844637821214831,0.00284012397027701,0.0741174511336802,-0.00903230094710776,0.0702995895534688,0.0189090046892132,0.0781110984195072,0.0259740994974125,0.0701165682244265,-0.00226397681934794,0.0452676391355217,0.0246243826841359
0.036483856894623,-0.00367949167563306,0.0381482625571267,-0.0204261581973563,0.0515929250807599,-0.0269268494033401,0.0779249389267465,0.022017556819242,0.0806105546528858,-0.0132718610968534,0.0181967582222107,0.0205291335115209,0.0280074639180473,0.00973803431087259,0.0442425330890521,0.000362903061023305,0.0557776971169795,0.0268971082355735,0.0551647274843242,0.0148869111174048
0.0457175914179511,-0.0248088918644139,0.0829445694511807,0.00538962220662469,0.0937800007491813,0.0154231512364098,0.096033523060067,0.00153235349127726,0.0758316407000856,-0.00451779039562168,0.0474032211121133,-0.00563322555219207,0.0599631201483318,0.0241731510747285,0.0708294733148955,0.0332494679778399,0.0773162442158413,0.0234636589717678,0.0456690743215692,0.0224774777608517
0.0660534129771259,-0.000589339697335612,0.0980593608156054,0.00175523024906979,0.100067689436528,-0.000780618372541226,0.0992535268916717,0.000941356499777848,0.098499611229203,-0.00129757527837598,0.0663089638158778,0.00136538875109399,0.081689093349453,0.0108949527900744,0.0593764681020084,0.0152094181838988,0.0772335172855432,-0.00828077719891422,0.0881360139602158,-0.00225326224795399
0.00486690937201485,-0.00452119035461414,0.0564893931275253,-0.00856725399292633,0.097961156707408,-0.00205065688522431,0.0982248826907989,-0.000354943223753488,0.0961507057184764,-0.000103903619416886,0.00991546227006813,0.0060441228799733,0.0092451794709914,0.00698825360973418,0.0852858161256091,0.0230396314987955,0.0638354623648371,0.0122658510887515,0.0702521637509841,0.0209016015986966
0.038453508335072,-0.0251017074089969,0.0708258543582974,-0.00514745306460788,0.0945479448139347,-0.000191917337739369,0.0965712780423396,0.00162171488385539,0.0960910908296781,-0.00725368041306354,0.0168556143114768,0.00982493255170541,0.0418279595427572,0.00788191289194679,0.056719996390474,0.0257929779097891,0.0641719554314843,0.0263018691151635,0.0676722915917375,0.0199472110530943
0.0304817287805821,-0.0239072242571946,0.0579543216448074,-0.0290099399900622,0.0883913070809194,-0.0142713773007543,0.0751165144887233,0.0300371157963018,0.0969564991530155,0.0021424070363929,0.0172383013097902,0.00382497534565292,0.0465545036195447,-0.000163075913569952,0.063074644542209,0.00847748656213886,0.0557494075736577,0.0303930670675263,0.0711548294962934,0.0159044330812665
0.0230284189950666,-0.018226171416449,0.0431025283082234,-0.0277358188161023,0.0485344813036766,-0.0273475024568476,0.0670584063912237,-0.00268929673680112,0.0871261930352602,0.0063114127704239,0.0187476327496331,-0.00214886036583662,0.034328145591478,-0.00331055692934096,0.0432167636013461,0.00320622920291039,0.0509031112756464,0.0249358822142317,0.0855428139496068,0.0118771504207314
0.0984450203142231,0.0017572942590934,0.0940325025036011,0.00128639498893061,0.0980570674317112,-0.000139854567547767,0.0984360435350995,0.000446294936381063,0.0988479721248617,0.000458121434226696,0.078835216160477,0.028951996481425,0.0591441212938852,0.0233012069004946,0.0668391157053025,0.00963855700451766,0.0611662419368043,0.0155618823411361,0.0803497944082291,0.0275004233609081
0.0478443318709366,-0.0287278075454915,0.096422478425682,0.000119405057579448,0.0986155513922652,-0.000218677992962517,0.0987890396306815,-0.000146830480104063,0.0981765138506781,0.000847593734640379,0.0383451008888459,0.00487280913886519,0.0689046587962611,0.0228657709620832,0.0573888257376124,0.0204766091335246,0.0643237416308196,0.0202996614525465,0.0550221149268479,0.0250674654357994
0.0373777425165732,-0.0181935746159458,0.0483202881920341,-0.0288655456475521,0.0420983980646079,0.00873623334820519,0.0709069515924086,0.023835772010238,0.0810917327729124,-0.00366978286117643,0.0238721672062413,0.0176964494150279,0.0367209151932803,0.0124824500177646,0.0294105973511907,0.0260697038237353,0.0556298137199181,0.0326869491916374,0.0677872533899153,0.0158795731149489
0.0323383793093564,-0.00454401041286136,0.0496210275750768,-0.0239059628207399,0.0517829814398863,-0.0245144243086109,0.0721133099545839,-0.0124512742609603,0.0963231175469843,-0.012474266427983,0.00753598415088168,0.0219357100113649,0.0282996206525148,0.0399430473738546,0.0425159492565861,0.0339575804396504,0.0604869878052429,0.0255439325986145,0.0984820617610959,-0.00374121877900085
0.0513806785907081,0.0189337966462262,0.0483918309056856,0.0249109838226434,0.0255467515218622,0.018488870126713,0.0595196335224602,-0.0260871314226134,0.0522937003902624,-0.0285174735702878,0.0317931351054051,0.0252762676711155,0.0446126592057846,0.0298505902973749,0.0494336238125641,0.0244390727790712,0.0757149692951007,-0.00924705634293744,0.0646182659205085,-0.0176619941060014
0.0416933055416591,-0.0219893548417125,0.0484913621048608,-0.0264188458111421,0.0544665924836148,0.0321873799141419,0.0832146805769232,0.0298390288535064,0.105974818189081,-0.018433947166562,0.0214601728537419,0.0149462269144869,0.0305389682319717,0.00665686085352269,0.04117160152361,0.0184518884968605,0.0547411051940908,0.0327275810552039,0.0618481200951545,0.0136345078893558
0.0319668944190776,-0.0254314406845023,0.045583528412254,0.0266639595619453,0.0520086945600541,-0.0240462361960598,0.0891913397667058,-0.00640238799924542,0.0957208137458312,0.00199988062473409,0.0241422092921414,0.0303289888444007,0.0377156395545775,0.00944720126393125,0.0612206998058833,0.00913437664250575,0.0575967523007825,0.0248189704188742,0.0791622425802639,0.0119680975329976
0.0149096900938079,-0.0142153801008744,0.0416060038649474,-0.0257193676170228,0.0495146802417408,-0.0281711134361659,0.071541739171007,-0.0208092894518798,0.0960927150989682,-0.00815926870683547,0.00555004740795875,0.0185599354137336,0.0170065672588664,0.0351220634079142,0.0320973065740624,0.0405375247725743,0.0463519288534249,0.032384092998542,0.0600641633918882,0.0263164332099523
0.0294828500870062,-0.0247840334486727,0.0398663989905784,-0.0309545221824878,0.0502416188538009,-0.0241443984261141,0.0739830591570935,0.00889815711776329,0.0957592493078841,0.00491265548732058,0.00484345194035056,0.000323727050763328,0.00616034963994656,-0.000355468994358066,0.0150679182367004,0.001058289383922,0.0249806712121307,0.0114439799715958,0.0584469416749527,0.0275018233602271
0.00532364481508291,-0.0220554299306837,0.0222428978226226,-0.0320509670831398,0.0485548753568597,-0.0265708300568173,0.0408825886447519,-0.00331110862592159,0.0861054625508768,0.00639427555207694,0.0123262799001638,0.00193470866404992,0.0308684418960153,0.0045489576032286,0.0338526412098501,0.0118292594070892,0.0504188242995785,0.0287987473011245,0.0897508872085464,0.00990185242055826
0.0267789188076822,-0.00876494943720777,0.0431890247382777,-0.0223097715480371,0.0454324611224406,-0.0287752726085418,0.061245717173874,-0.0238326826294364,0.0844720843153597,-0.00381292148051967,0.0127461487771158,0.0253641214217567,0.0327979163739196,0.040026989088853,0.0484753327846205,0.0329344957239736,0.0511253248091799,0.0269255851245495,0.0713594461349131,0.00974553796996088
0.0277700830791102,-0.00919508029214422,0.0417194250919803,-0.022935703946576,0.0497865410198958,-0.0288648648144084,0.0754601639085675,-0.0164290804342744,0.0928347912168531,-0.00293270303897575,0.00823597643580531,0.0140361834512327,0.023258107403635,0.0313379458598488,0.0425710624518375,0.0338707271776712,0.0567560335693283,0.0247651576550099,0.0943934808580726,0.00117363267886295
0.0354282100446999,0.00402745105832839,0.031386724479316,-0.00332293608661576,0.0454222933893656,-0.0236759006858956,0.0621160754143478,-0.00797703264613494,0.079466451378841,0.00566555727758992,0.0444946499722581,0.0215365742158881,0.038234314144411,0.00959047157290711,0.0311968249317049,0.0146447982468707,0.0494982777263129,0.0170428895769395,0.0738139593463574,0.0172793567652555
0.0271386746902243,-0.0210418652534955,0.044926706703833,-0.0275798295415663,0.0532501746573015,-0.0232078480267267,0.0574623456296086,0.0163604916566319,0.0876623651706202,0.0099928333635302,0.00962114184343622,0.000627889600507539,0.022275189333379,0.000371827498462242,0.0360979005681706,0.000664289143459893,0.043810690285524,0.0247288533584221,0.0723713414955471,0.0187433515152564
0.0309361804091049,-0.00834946673259822,0.0417951182985392,-0.0235310538478259,0.0586943117746538,-0.0170820080011258,0.0788419558144021,0.0215685532167112,0.0940371572223686,7.77811732710974e-05,0.0207276252143236,0.00488854106529669,0.0330706938411745,0.00484981968352987,0.0478119574339581,0.0320057244997176,0.0609728311100314,0.0240360772526739,0.0698005774866517,0.0155462021072048
0.0311444779297288,-0.0138431442286014,0.0413475889087963,-0.0249946412135616,0.052187843830767,-0.0259729772288345,0.0832317727755515,0.0140039683552329,0.0992313812574392,0.00169988161243678,0.0204751253680807,0.002333278283765,0.0315841148237675,0.00570200313639448,0.0510836158832309,0.0264055629319309,0.0600563225268528,0.0280956746326226,0.0933064788053904,0.005583104037198
0.0169493852033848,-0.0180479260106407,0.0317041534029174,-0.0269853177719298,0.0468008486455654,-0.0270880213850876,0.0616153709855807,0.000992565034003931,0.0856553610123633,0.0161668629619116,0.00349305638105401,0.00179348234042951,0.00354696398324673,0.00174618268571094,0.0108199600928729,-0.000522111337749827,0.0214308581791704,0.00372329814649532,0.0512268827292349,0.0286603144450625
0.0317720872812203,-0.0360709608484031,0.0527084848982481,-0.0196305367511507,0.0941623779936112,0.00522514078056569,0.096168836809492,0.00136390164644561,0.10509603070031,-0.00573204407347658,0.0360495530551507,0.0022863187018165,0.0620824429152452,0.0277284779994582,0.0599394635687521,0.0251567315550256,0.0677447238562744,0.0241514625893316,0.0547110901668795,0.0259406086351975
0.0494944855280161,-0.023616489333071,0.0932994631586294,0.000979245394627723,0.0987342486580907,-0.000592564716253903,0.0924692173971129,0.00201234858875829,0.0956233272230906,0.00368284976332419,0.0363520906064599,0.000920345777214002,0.0662307476916888,0.021442255671722,0.0632366713323157,0.0139295057472285,0.068038569142631,0.0249081780922189,0.0596031425491528,0.0283068849391753
0.0306743851959771,-0.0269803045516072,0.0477568431984542,-0.0276809423342011,0.0839241797079282,-0.00148605149824774,0.095224786492409,0.000373124585038167,0.0970805798806858,0.00147527622733318,0.0245245053334011,0.00249037051863047,0.0566175253915156,0.0171119767413524,0.0602680127944192,0.0234761772632539,0.0509159441362395,0.0280856583996478,0.0876188927544148,0.00931181010086747
0.025353776007618,-0.016735743623627,0.0407164453179014,-0.0285895149568839,0.0434656647084284,-0.0343916038034613,0.0491714705288244,-0.0293292121041268,0.0817223826052627,-0.00642450510919114,0.0080210779250254,0.00950557506325008,0.0285375967548299,0.0355746267011949,0.0451445906441172,0.0300521121655529,0.0468447594339228,0.0272356433376006,0.077471086563352,0.0134987089603601
0.0366306572875465,-0.00750712103964357,0.0489457903947002,-0.0253740159745194,0.065200238338831,-0.00797129954379016,0.0720352597948529,0.00203859516362471,0.0765866783605851,0.018254108515037,0.0191120678302408,0.0234412811219782,0.0435821479403011,-0.00453985503090426,0.0636665750962634,-0.00403263612687472,0.0526173611180838,0.0265138302372459,0.0768243833704218,0.0175441958460796
0.0382489945233126,-0.0204005360989069,0.0497719556520375,-0.0268361911427404,0.0618455494220014,0.0110019381082301,0.0733130597599451,0.000485359917010903,0.10358703158662,-0.0145143543526933,0.0163473608577966,0.0105316010472186,0.0417700753574837,-0.000969910407464794,0.0451173010002782,0.00248201863810336,0.0500771025731968,0.0274763854150672,0.088811830937444,-0.00143629559973306
0.0205869861766182,-0.00516553623945377,0.0461790188583091,-0.0272251667042596,0.0557520148872527,-0.0261289605948935,0.0914844454505536,-0.00926349030386957,0.0942744266592524,-0.000588745679853892,0.00735989821306368,0.0148175923896401,0.0294773164429631,0.0404145650840579,0.0477183626988935,0.031959125630093,0.0597361412542506,0.0225251935798056,0.0885099683583786,0.00820698100147203
0.0182319306996565,-0.0159522568965653,0.0403501115493558,-0.02701158241516,0.0552191915797193,-0.0252303060054709,0.0645176709062268,0.00310501878439804,0.0837854977705803,0.00926395341913823,0.00556951178458763,0.00539200656745791,0.0241764418816857,0.00150906035508324,0.040250329470238,-0.00326591398483143,0.050400252822134,0.0114827683257489,0.0571972698676663,0.0277454399655973
0.0166764770341802,-0.026225394339473,0.040282169165211,-0.0275994319253484,0.0541524701332639,-0.0243226461185199,0.0740390278067734,0.00688164972605393,0.102582710891431,-0.0121746619404159,0.0115112476631926,0.00547925330097151,0.00874190877707373,0.00019556331878183,0.0172951202870903,-7.40758172903635e-05,0.038453471211959,0.00408898456356449,0.0516106168718687,0.0273011405543241
0.0303068112050578,-0.0207780193332425,0.0418537720497664,-0.028197731619438,0.0631132264425293,-0.0240122104800238,0.0932014174445874,-0.0105327788351356,0.0943576765292874,0.0014893728208002,0.0269001148970101,-0.00195998335243775,0.0424706315868401,0.0045749813184152,0.0590031648572897,0.0151770257649613,0.0533803678470179,0.0256464445963698,0.0799878316972327,0.0126499563055762
0.0528019158331287,-0.0419022886406075,0.095331176804564,-0.00536123824980244,0.0979772746412817,-0.00107377389376618,0.0984163351392841,-9.95425100063172e-05,0.0987667828239818,-0.000840229178060365,0.0628406972991242,0.00962904789442188,0.0717249813879901,0.0278956589056117,0.0685444124221823,0.0176754277502302,0.0836122899765587,0.0250603967206868,0.0760836149557014,0.0206111867912197
0.0285152470110382,-0.0395402791303548,0.0445309796230482,-0.0362054847324757,0.0524531626919446,-0.0310553698341815,0.0957598461991153,-0.0215718275872644,0.0978383844098839,0.000608827959826793,0.0152829803660042,-0.000999076405903552,0.0380912062642356,-0.000419726860179563,0.0650078392518815,0.0139588866751269,0.0517682135773944,0.0281901159679281,0.0762413323387369,0.0147796183650683
0.0445995011704748,-0.0406037741757484,0.0700359268775532,-0.0348083570164197,0.0977062033281719,0.000545315680928741,0.0996579259838149,-0.00111522054664536,0.0995095328555615,-0.00106698661853018,0.039798900940871,0.00451389101304414,0.0617012019890869,0.0177604675427794,0.0844201760126227,0.0263790409091997,0.0661540718459888,0.0184297228372904,0.0639664595370711,0.0173190378004061
0.0295098322628973,-0.0353768092578572,0.0449007341688855,-0.0323510417046829,0.0500382896081361,-0.0253565526364088,0.0837853064655298,0.01036472250495,0.104261651425028,-0.0192694136331129,0.00980185878250962,-0.00625892228400541,0.0313744880447322,-0.00366259418209944,0.0361018751827339,0.00356879435688798,0.0568433692720713,0.032350924113862,0.0978526654045187,-0.00543179378474754
0.0234157386187094,-0.0333931327298941,0.0400817504972739,-0.0301048922294669,0.056005043570639,-0.0253467816663346,0.0703771539802771,-0.0118136619666659,0.107010858800372,-0.0164945828242584,0.00310908147693918,0.00189826778268401,0.0147618504516085,0.000265851446224465,0.0412038513886226,-0.000649418231984369,0.0490942067791227,0.0249874781409825,0.0970594370418818,0.00269553744425473
0.0119602882254946,-0.0318287912690966,0.0374875967758849,-0.0361593923367414,0.0449857828833112,-0.031775012856081,0.0495429111212626,-0.0302575442418074,0.093185384507122,-0.0177636964305662,0.00608927274928635,0.00812582559022003,0.0230913371776195,0.0337490516366629,0.0378625960728525,0.0375341169474563,0.0500808378806176,0.0298997218724973,0.0720685780852321,0.0185915372521582
0.0535181380725,-0.0221730862688651,0.0996232054356224,-0.00306875470481936,0.0967908278799309,0.00158929758551319,0.0971321421421999,0.00259875076185999,0.0970735037126003,0.00260711934753674,0.0744862369670631,0.014115283299505,0.0641794090750846,0.0181978293526176,0.0635582007873149,0.0197677957404034,0.0719368450445788,0.0103870724860743,0.0646600149232416,0.0169128703249565
0.0185263663213662,-0.040371807849107,0.0456850985524529,-0.0359631440644556,0.0505973141119699,-0.0293340584216084,0.0874730813980417,-0.0322960683005103,0.107124756998645,-0.0151894852781887,0.00873726730416951,0.0209742268304815,0.038867304901349,0.0415017666516435,0.0548829420320532,0.026607434997266,0.0990220962424212,-0.00108542528904114,0.101352142974334,-0.00427496809301969
0.0065484711422009,-0.0333520961906316,0.0342128270612857,-0.0376712219708315,0.0519823302335185,-0.0242586341482209,0.0606451464736954,0.00957759423642367,0.105599209931501,-0.00784944079575667,0.00646424413400924,-0.00549063895972901,0.0122060269890411,-0.00163125351410242,0.0411951871652503,0.0070948434971028,0.0514665231539784,0.0303684673019062,0.0959088454850188,0.00587159660869438
0.0337626629259619,-0.0274482978089298,0.0511383756139544,-0.027539201128823,0.0951292829879105,-0.0180923208863609,0.095085794088943,0.000644840318283274,0.0939480726956381,0.000973008553906306,0.0219867610387837,-0.00390180908025817,0.0460127311443337,-0.000370057565778157,0.0738412337584537,0.0098494561412429,0.0627561936662892,0.0203520408268348,0.0570545319570512,0.0255072218329766
0.016015493994857,-0.0372411169226844,0.0474543058437934,-0.0326617356911674,0.0524686070473262,-0.0359958473742188,0.102484793104805,-0.0199399207893236,0.0942328251086877,0.00270841521455691,0.0130163933492391,-0.000128553729179333,0.0278337446681725,0.00438852070275083,0.0450934343729878,0.00439480346627152,0.0673642779005591,0.0167005102086766,0.0536459125805088,0.0274612800973238
0.0387669972575778,-0.00214752448901697,0.0487521249118121,-0.0260959942568688,0.0824878860351431,0.0348864808450476,0.0934181075237071,-0.001777715224592,0.0992123016121189,-0.0051752530415546,0.0436979906177707,0.0167109316376084,0.0383148387730958,0.0278145808066461,0.0542021825308421,0.0220658251459703,0.0654701154304928,0.0207320925604789,0.0704882680632822,0.0178226963311995
0.0397648453941098,-0.0199552185813265,0.0510187015594286,-0.0154167567940316,0.0835106175888828,-0.0151777873461521,0.0806216630480554,0.0330300759922318,0.0879190737442976,-0.0221452065566074,0.0156525922117716,0.0138881943632985,0.0292250163725337,0.00993480812199377,0.0361723160150839,0.0196548059915908,0.0421304428806066,0.0409412398438299,0.0591749010679882,0.0215042584207861
0.0176033384252951,-0.0238288287756639,0.0459323034385723,-0.0270229318956762,0.074678882643824,-0.0311601680130657,0.0584901259105406,0.0169646869650765,0.0973256688313764,0.00499282862323561,0.0122357504020085,0.0219896781017861,0.0184441992550501,0.00605336907293827,0.0360696145257906,0.00678832900602325,0.0385308429255609,0.0336809120566073,0.053324435404494,0.0250087710201572
0.034168451616218,-0.031723903693252,0.0516889254961871,-0.024583680114347,0.0621189263817436,-0.0305749123865881,0.073683879750202,0.0303932295422343,0.0884385821936139,-0.010900767244294,0.0193207998822152,0.00337389725415642,0.0265342169805265,0.00751966291480682,0.033240971206776,0.0164924120400567,0.0464416727832402,0.0395190803623404,0.0523687899525897,0.0178641462639569
0.0369173374268274,-0.0312341690306526,0.0569495772486935,-0.033317397142343,0.0990772537536534,-0.000950984223934095,0.094454952787366,0.00152578796888077,0.0953078369022935,0.00125126906054496,0.0182706557219267,0.00767089346162287,0.0392140824708643,0.00643852701204739,0.0612046795163088,0.0200738029572716,0.0548707585594158,0.0266594582050224,0.0703343747082469,0.0194879689752602
0.0148486010453821,-0.0394069761914751,0.0440312442615902,-0.0396897031207379,0.0496363825772989,-0.0257794526939337,0.0681472761529346,0.0210478002673629,0.0979998411764782,0.00353457299460672,0.0113457820173398,-0.00277814735685922,0.019816119016461,0.00327346122655182,0.0276314472033901,0.0121081435532837,0.0435921384432053,0.0303218198797259,0.0827052061124185,0.0138489910963123
0.013939053178112,-0.0223330909987738,0.0422725269720822,-0.0331366911587052,0.050614894816255,-0.0260052218682892,0.0672582370963865,0.000739010072964692,0.0863319309840973,0.0179384739065806,0.0106987972336938,-0.00831917043140182,0.0253099721329747,0.00329543014645125,0.0439907390987207,0.00772989771155593,0.0466352243459294,0.0319907825717349,0.056747556170913,0.0271537994903454
0.021418339670695,-0.0273092526866031,0.0493278190173882,-0.0294895986738208,0.0578536739547616,0.00511219620560039,0.0754920683308415,0.00520200010271944,0.106846452478882,-0.0150230184460063,0.0153262177413627,0.000492415283425186,0.0340930347303429,0.0031231369764132,0.0442258811989078,0.0169330482588199,0.0545599803505511,0.0299822194874577,0.087198937545961,0.00197730802389224
0.0305654450559901,0.00465783449397477,0.0453605197747408,-0.0220382021944369,0.0710645984044508,-0.0340802412065189,0.0779739057514266,-0.00493459463738596,0.0923362381363785,0.00849165008064264,0.0228842041435843,0.0186852689679745,0.0396342167906342,0.0126851173613896,0.0435348548824169,0.00585861579551292,0.0586054317837705,0.0192128654919699,0.0626410032869064,0.0235406313708399
0.0300366641477509,-0.0341578655788165,0.0456626982116469,-0.0374179424917677,0.0528384588892508,-0.0246229764541709,0.0709107012081764,-0.00879012516693658,0.0828226881345897,0.0221075539659791,0.0251125678547261,-0.000595572222674463,0.0346150273075694,0.00381526066422853,0.0514286979456407,0.00829181110817003,0.0498470537542803,0.0273548426237981,0.0728743304176841,0.0208674991307343
0.0120562811571506,-0.0272041020333205,0.056014414831667,-0.0342401408258516,0.0528804702310663,-0.0307478923648901,0.0486927838439836,-0.0284038855569283,0.0912906517287059,-0.0215877352518058,0.00443089420875251,0.00597242868180694,0.0190926337158098,0.02757424069031,0.0391687220529597,0.0388249862327641,0.0531346540815965,0.0272268331957584,0.0746163802571522,0.0146500596025706
0.0176785354858161,-0.0186453939989559,0.0421941914583979,-0.0286178678381202,0.0482250271026127,-0.022598118356984,0.0588128502780949,0.0174447180095478,0.089709365640495,-0.0126519557973046,0.00675451181345316,0.00991981760589242,0.0273642362098186,0.00516204561513932,0.0281784185222183,0.0122633766831267,0.0332147174654006,0.0273720479945684,0.0638373253324917,0.0139562160024588
0.0195437564163402,-0.0129660776864796,0.0364424966038846,-0.0341778058876487,0.0490659868636482,-0.0257299270978395,0.0583186882456812,0.0134090017015804,0.087915924295585,0.0168639310910707,0.0102379347419121,0.010500179770688,0.0132353195345315,0.00699058072192458,0.0199626332264846,0.00912845828150457,0.0473654115786981,0.0250202255476251,0.0635937627071309,0.0270627436910892
0.0282142441075267,-0.0293620136309832,0.0449653399739606,-0.0267614199589014,0.0521579621339227,-0.0205711334480888,0.0819951725647474,0.0186678283984778,0.104086404928684,-0.0186558190600611,0.012113328894593,-0.0020341940065286,0.0281446626444593,0.00643350685909428,0.0444208851205434,0.0146022413002878,0.0592933127723498,0.0280935565954126,0.101314509684749,-0.00559789300215604
0.0280812631719825,-0.0399837503262798,0.0539365654135859,-0.02922330315778,0.0499892549913935,-0.0232314776894334,0.0832116280724955,0.00827783182005128,0.0889731640765911,-0.0135628337589394,0.0163182881932771,-0.00553258273909683,0.0459212026704887,0.00176169313129452,0.0433319170093004,0.0121831654191263,0.0571408868068726,0.0282254565940962,0.0701936648565479,0.0115032216090155
0.0061551129786663,-0.0429702191213379,0.0486544933163105,-0.0393471294823234,0.047916651074774,-0.0318365021249943,0.0669675355926307,-0.0276785957349883,0.105215134268348,-0.0158425694210272,0.00873106796333332,0.0107381776940623,0.0247548502240446,0.0256881597213308,0.0436658709447999,0.0330495262715272,0.0560940110443786,0.0244827202790309,0.082123618184462,0.01063867446114
0.00356500688368271,-0.0387549925876248,0.0460019832494214,-0.0406528100974222,0.0564491598457248,-0.0312397658940532,0.0966736359608902,-0.00591577945750842,0.0918267825351162,0.00321337387673249,0.00981917582569774,-0.0138003925586861,0.0444352481611047,-0.00459094203816525,0.0561342568042544,0.00304192518573957,0.0605531187043085,0.0213078814529524,0.0639661141862677,0.0228705275355075
0.0399126295359426,-0.0332039307320546,0.0790573750170635,-0.0294370412556007,0.0946550016540435,0.000469142948998866,0.0950841871812858,0.00105441211031743,0.0954446673561973,0.000784599982481537,0.0165501375171736,-0.00724188161280761,0.0441247558767382,0.000301699210317566,0.0658549905135918,0.0176824343762211,0.0640495869557803,0.0263909883149224,0.0508052421374153,0.0260505490711458
0.051787093339195,-0.0270572843526561,0.0946638236717315,0.0019502183469351,0.097849310717983,0.000609719314474563,0.0983282126434776,-0.000689584264844334,0.0993150109279181,0.000945266950650871,0.0399501673490905,0.00991799530201606,0.0582594309700068,0.0231482769163242,0.076901379251216,0.0263195136703145,0.059893774247157,0.0188625051619192,0.0592793509732066,0.0335731397273335
0.0221329262904906,-0.0364992507558603,0.044248818823351,-0.0310358270592754,0.045431904187995,-0.0152223641136079,0.079504934558259,0.0211583682848099,0.0915144040393183,-0.0169239705979472,0.00787177751002344,-0.00958348923190405,0.015664374453524,-0.00147284576746861,0.0264803146290999,0.0164994880714758,0.0486054726627136,0.0343017228837979,0.056192864787005,0.0204201648105955
0.0287970699707347,-0.0354184188227469,0.0475157936903389,-0.0269847631463077,0.0467143265060979,-0.0267666585913016,0.0759261450502418,0.0130501854738691,0.0980435534089793,-0.0149533981269707,0.00839077708781796,-0.00878951958619949,0.0168999529446959,0.00186417173182145,0.027555811398015,0.0042009320792611,0.0442103797492127,0.0317543414563077,0.0697975603061708,0.012232995988427
0.00411475402777581,-0.0357960937997076,0.0387933228773368,-0.0374454896953598,0.0507456276809995,-0.0220768809805749,0.0694869541119501,0.019021642797526,0.0902215064200739,-0.0135170254324044,0.00791949937576759,-0.00650715852208215,0.0185443378447716,0.00238783745165373,0.033450859469831,0.0111201913381923,0.0528517940335235,0.0304994446758869,0.0735328526816825,0.0152227163434887
0.0202934936148238,0.0174390778915469,0.0470677019709321,-0.029650606452698,0.0881611182971258,-0.00836974847191406,0.0944232398539203,-0.000385673267491592,0.0948108079840217,0.000633837106250927,0.0217976139365002,0.0129007811140477,0.042619004714471,0.0109631850735241,0.0639258695860538,0.0213216781313914,0.0580253889784886,0.0241602509409026,0.057941847129997,0.0237801606412319
0.0332061508290258,-0.028742563108453,0.0477203617719999,-0.0277618539401466,0.0849281316006733,-0.0273408389672622,0.0923707199367595,0.00177659848814505,0.0975465032794386,-0.000424424574995063,0.0204710889146774,0.00337627579725477,0.0464689843968951,0.0103082141412835,0.0575605243901441,0.0155200211590694,0.0497916911182194,0.0240082941394992,0.0672613107157885,0.0223153943654963
0.042828464573031,-0.021813001775488,0.0430081733710653,-0.0272334384708261,0.0608854533365768,-0.0198364312589443,0.0942400245592939,-0.00281705544206891,0.0948524203592251,0.000468985393993442,0.0237350931081996,-6.3636894584584e-06,0.0269519875684439,-0.000692357550129537,0.0411689854322827,0.0173223768173743,0.050298714018602,0.0227519282317262,0.0525154539896266,0.0274181634894168
0.0129536886455745,-0.038279777719245,0.0406968039194404,-0.0306847760867774,0.0531893320608183,-0.0253327113909562,0.0824763460526022,0.00147775992269827,0.0949216001236287,-0.000809980690112097,0.00795186420377353,-0.00932904326077338,0.0243594980153409,0.00207099220567517,0.0381356036582489,0.0120725866396536,0.0531361281577795,0.0245224564977809,0.0795174961797365,0.0161889531180716
0.0320613890989889,-0.0339438753187789,0.0490789355523308,-0.027631488147712,0.0651938401610932,0.00826580107937143,0.0707096100725945,-0.00397532632529569,0.106921456178692,-0.0132906415901888,0.0115920026543002,-0.0044316394538908,0.0355107571178901,-0.00200083068436193,0.046021693122994,0.0105035788603843,0.0468373609451871,0.0252368084364367,0.0895607726287573,0.00233766445382238
0.0217175866786334,-0.041886111711775,0.0553349505000031,-0.0303934396195668,0.0476303093921166,-0.0298026406648758,0.094174875128746,-0.0250468738401619,0.0988697837881769,-0.00656991114365229,0.0113035740871381,0.0244980699901096,0.021366151144367,0.0349844282076852,0.0430896245586753,0.0391295808952561,0.0529047126099346,0.0256063559280929,0.0791508771143887,0.013987152761656
0.0221549823104904,-0.0375458805398033,0.0536204002525267,-0.0280329226999231,0.0754033808122765,-0.0296100662791588,0.096764233632643,-0.0122639893937765,0.0952942013647274,-0.00398577060889617,0.00946095958507408,0.0168262835661561,0.022210205468551,0.0324077006966963,0.0453415280830948,0.0336866015534309,0.0584315845007762,0.0246811332598549,0.0892710568624475,0.00300007104955865
0.0344386995123874,-0.0284642171028163,0.0525104202279211,-0.0268113637807785,0.0648059087906741,-0.00551201721613441,0.10205916708278,-0.00538511433849082,0.0942630080997459,0.00169256931489598,0.0162607024207774,-0.00268566931473675,0.0420369455507278,0.00524122530677915,0.0536552377459417,0.0169376070424836,0.0710697260543627,0.0179566669287258,0.0501026927299282,0.0263494385351263
0.0414214353908091,-0.0323087262225085,0.0990965772388489,-0.0134739061152635,0.0973331977615816,-0.0010837334201903,0.0967019836953227,0.000565408964763146,0.0967811743441894,0.000238814493798672,0.0304450700226691,-0.00034690954128919,0.0590449715223891,0.0133432563139963,0.0634502084287753,0.0203341166964138,0.0574450713933812,0.0237631074968579,0.0512029324555254,0.0276391097426061
0.0255454468587809,-0.0380786064216063,0.0458052386388726,-0.028592722206006,0.0640966477894835,-0.037564687985719,0.0838306439202303,-0.0195064464590336,0.0769556204610179,0.00870653738801576,0.00820317836034035,0.00654082384816481,0.0232152488121325,0.00921514659702637,0.03746913240092,0.00826816265818171,0.0460404831893902,0.0222147814798912,0.0613681909720704,0.0298186604839532
0.0282929890379364,0.0398275620559153,0.0455398289258742,-0.00915721559538803,0.0501221760981157,-0.0274845207019199,0.044123869485943,0.00891963696119688,0.0850828305831464,0.0282828991798806,0.00546355565231828,0.00741392093746193,0.0143057875991946,0.0201356127128065,0.0338792002913462,0.0295920445631098,0.0508449150755858,0.0270740788415089,0.0798326995845678,0.0124369064724018
0.0238487104257981,0.0324245732723558,0.0533418542863112,-0.00216311091864626,0.0542161731333863,-0.0218120330262835,0.0455086801998962,-0.0326354395044116,0.0746792301794059,0.00915295380989298,0.00962770821860692,0.0171626348339778,0.0460576152502926,0.028924996057291,0.0635256596089197,0.0120247446467824,0.0571858509824639,-0.0128704598934919,0.0703852562865202,0.00857461271901029
0.0176784054608758,0.0263465549655532,0.0524998305224037,0.00311483178138185,0.0507016762140536,-0.0205332406865249,0.0522546390316884,-0.00513258952354627,0.0806197197051914,0.0223904565356735,0.0176043039537419,0.0314659590957989,0.0493786516779175,0.0236289163780596,0.0531675578589319,0.0106449204306868,0.04804308121159,0.0168607948379547,0.074086301865275,0.0241831683752379
0.0187042678759166,0.0256905047241848,0.0518510160713064,-0.00518078132515604,0.0471207910286821,-0.028215444688877,0.0599937767337137,0.0185396715040693,0.0837612587431252,-0.0100713128621768,0.0188156631598714,0.0283008772237947,0.0525954163029395,0.0199503438915985,0.0436061653685562,0.00921089282423602,0.0456168709404443,0.0232073310012539,0.0539264889634395,0.0222665514330121
0.0154256288442027,-0.0368269583333637,0.0462767072264261,-0.0340302059726103,0.0469967157394876,-0.0129304773494969,0.0692222961736107,0.0227110808907546,0.096006735689217,-0.0191232594817672,0.00831982101361926,-0.0082414498823533,0.0356626102581698,-0.0104783406851064,0.0432451496822741,-0.00376556461859183,0.0512659177974599,0.02933481026409,0.0813439595044854,0.0111271870092037
0.029724526279484,0.0366163745121318,0.0517277121949429,-0.000963827729642987,0.0574783764140704,-0.0281110021112051,0.0496374685824552,-0.0292765673686704,0.0739435944266622,0.0162357596865412,0.0271265610927849,0.0361071785512499,0.0492524880848759,0.0224279743891722,0.0662770262744835,-0.00846652710017078,0.0648971249018814,-0.00854845325931869,0.0852632708552291,0.0152290879447167
0.0218261329346959,-0.00154630994021809,0.047728237826159,-0.00377862056064406,0.0460063104405074,-0.0256625984683099,0.0539720208234367,-0.00753742574664826,0.0853541111400696,0.0141467902369847,0.00885337753495816,0.0107414769187433,0.0359953690669694,0.0329242087124282,0.0527864724464507,0.0313689734693243,0.0539164239981079,0.0269092528411558,0.0930079935389259,0.00200291938506996
0.0219741787774392,-0.00560710171160955,0.0495731289560927,0.00603704525893559,0.046147753574942,-0.0190832592487907,0.051029000084113,-0.0197263881357603,0.0858190645597509,0.0171705767961694,0.00843671028012289,0.00104313319816939,0.0385281208955631,0.0309166938423693,0.046376679326105,0.0164526618668491,0.0617131168749279,-0.00350243116723827,0.0869345065813347,0.0249740946467524
0.0174303695023472,-0.0169426268089472,0.0467469856519278,-0.012112065186549,0.0495420722016783,-0.0291340295087989,0.0599368033294025,0.0330321809627251,0.0830018256123055,-0.00719037548574073,0.0220048444963971,0.0136309819846562,0.0443875375396178,0.0140625069677267,0.0427521886912588,-0.000175652770096629,0.0509748611791725,0.0375997283999988,0.0711437900097133,0.0162410508217058
0.0246534906950008,0.0278736814107432,0.0383598602688787,-0.015861312360574,0.051279442979697,-0.0279027546364571,0.0628607961793819,0.031261122477077,0.0802915350505801,-0.0104582978146067,0.01870981657005,0.0296852825841848,0.0282034871841274,0.0140771045082289,0.0412082890006235,0.0120471061699463,0.0499575084380917,0.0334728882514461,0.0548904698291381,0.0199359442881076
0.0371179187699615,0.0567958759608566,0.0364862377307505,0.0548879891601749,0.0501862965546586,0.0317853631545803,0.0227452700303413,0.0204288936977455,0.0392494116446148,-0.0272496522042995,0.00320976880249616,-0.00508298145786981,0.00340243689344642,-0.00526571161204002,0.00404564038319223,-0.00738042173655174,0.00462274552796824,-0.0113398311638517,0.025548726777935,-0.00780081522805877
0.0512018551737657,0.020755098168159,0.0496261804023365,-0.0236961744584071,0.0501288561444933,0.0234116275385554,0.0878982771600521,0.0188680992878196,0.102841663032293,-0.00695490017079294,0.00963695279296835,0.0215364052085305,0.0465742075674099,0.0220101065135877,0.037022333038398,0.00741863718645906,0.0493796719123088,0.0374859125387233,0.0544177966582144,0.0244527394247347
0.0139690809150158,-0.0355534032309082,0.0376259429286625,-0.0311496739235755,0.0474777576525097,-0.0176794905447727,0.0822726642697706,0.0300039349152599,0.0901552047491892,-0.00606156082415537,0.006751131214299,-0.00677801055991745,0.0171298398168379,-0.00374143325768701,0.0368355992905858,0.00102443593581879,0.0479831376415466,0.0369550753684909,0.0567036973141019,0.021400838964135
0.0369683287526441,-0.0340012659428603,0.0815093906156742,-0.0256504435946366,0.096105937288197,0.00101708993469857,0.0983327801689193,8.38153022677965e-05,0.0988897468425088,-0.000622206795994207,0.0386192728449309,0.00337621730229618,0.0598027470802302,0.00835503574165727,0.0679494484248704,0.0219764443419123,0.0772782790767829,0.0213571473296647,0.0505451988912566,0.0259782574543669
0.0257778499498455,-0.037601534744973,0.0427609017921726,-0.0362799041100449,0.0498567862116605,-0.00893478429495685,0.0829087758702702,-0.00235744438814158,0.0975328261935341,0.000741916844911228,0.00895028390241847,-0.00657120327210827,0.0155520784729634,-0.00257952215393549,0.0286673443095688,0.0148911042541024,0.0457617109722112,0.0230175228558327,0.0554964132477536,0.028343180156582
0.0305316464944702,-0.0396371044970661,0.0463691585425615,-0.0293113472981075,0.0635753769984753,-0.0403910395190929,0.106827449342916,-0.0134082998168172,0.0958406165434193,-0.00229110881716099,0.00821834047568267,0.0017807909058824,0.0292552015041309,0.00718857663262829,0.0633197651700264,0.0137956104685619,0.0567569442133872,0.02143180888115,0.0792074518475007,0.0150489682519661
0.0301137040170509,0.0247283931922688,0.0595440291036877,-0.0153100832411629,0.0480560240441844,-0.0264546809441883,0.0652172204904881,0.00484630330496619,0.102838783691622,-0.00551387022696237,0.0118846881092122,0.0188382283559749,0.0217634626433574,0.0320222605087039,0.0410073260045239,0.0322992656839427,0.0564372003952778,0.0273135135977323,0.0814447840870856,0.00940015975362158
0.0479089849382266,-0.00437742583849941,0.0490497553322415,-0.0237634455168621,0.0489930433553724,-0.00309075909256088,0.0606588219436777,0.0119000343297888,0.0942436844445939,-0.0247226947357216,0.0197612423388314,0.0274199794110209,0.0410621508026451,0.015876140549517,0.0393788801615269,0.00987247562982886,0.0430275405728213,0.0268979629965958,0.0496361185183795,0.0160202421648239
0.0251082204814066,-0.0390292496956393,0.0479417734230114,-0.027543631336312,0.0680860987940988,-0.026045547931727,0.101634283264208,-0.0134960130000475,0.0986200328179325,0.000487835074843941,0.0152827037369838,0.0043691846282414,0.0365603989239574,0.012990159710571,0.0554513035692632,0.0191490669120974,0.0568273698617408,0.0228932006651153,0.0747131779571035,0.0180627765819619
0.0146384102437778,-0.0389501130259572,0.0433557985944888,-0.0365811401392777,0.0475458862019984,-0.0116715335738544,0.0647826748452734,0.00225587738567768,0.09843467818831,-0.00685389968113054,0.00570316136669175,-0.00458211796641734,0.0137571578630429,0.0010721862023712,0.0308572722214303,0.0195364378116518,0.0484231484028304,0.0240084737790306,0.0795275030881991,0.0167617020415813
0.0185506157934509,-0.0388448632645922,0.0455479922262991,-0.0271964938439708,0.0472083801151819,-0.0153867848075796,0.0571500489230427,0.031537893197183,0.0828975458602752,-0.0175644953954875,0.00559614286781524,-0.0121369832499475,0.0127409926253207,-0.000587385826256955,0.0258403090675401,0.00347510391385526,0.0404107946196496,0.0313615377117002,0.0576089248889509,0.0162965778859534
0.0239162323538696,-0.0406401551735863,0.0464326249796256,-0.0304668260220361,0.047227345235822,-0.0268549015158345,0.0976401371466108,-0.0226999564336391,0.0941401168905896,-0.00182441378477242,0.00522913122989405,0.00781891237056586,0.016099244179307,0.0326402348380731,0.0385906946852738,0.0396926607964397,0.0531710559347462,0.0282634890879092,0.0867043686427349,0.00462479750345356
0.0139887711847482,-0.0228327527832927,0.0419679534663255,-0.0292380895866691,0.0479944461352732,-0.0222169252401413,0.0775931332120303,0.0115885687497707,0.0911101603309381,-0.0138066720725708,0.00853548554057025,-0.000944919421715203,0.022175254057115,0.00415800133669514,0.036449195413033,0.0140179293828546,0.0556976751047705,0.0291576170294593,0.0615977968602256,0.0168162665889179
0.051443597365345,-0.0197787135422011,0.0641389420152959,-0.0323477236719042,0.0575013024736072,0.0125481478828214,0.0894902327561718,0.0175168367771809,0.106082712154176,-0.0170673478089696,0.0114444498674836,0.0271642408529274,0.0447952685116386,0.0195149280361725,0.0460637838445388,0.0126961537110311,0.0517988174923944,0.0392285935361371,0.0513723966087039,0.013476188303476
0.0358397396445889,-0.0334646474754758,0.0500282228648088,-0.0267639870446003,0.0525105473428058,0.00326687209948486,0.082667549934708,0.0353476040024503,0.102598961698571,-0.0216306678429915,0.00916068343799271,-0.00589499427892824,0.0319380393554054,0.00355545083988036,0.0428707820845811,0.0112459237879802,0.0533012553987154,0.0355684920874884,0.0915539331853837,-0.00726851751693091
0.0208660945420781,-0.0348671274094127,0.0477327290962626,-0.0143762447140369,0.0489891829255982,-0.0298779866578075,0.0681465657361297,0.0288784688825749,0.0879135287224333,-0.0241040868419045,0.0106548459895469,0.00259995781098497,0.0333511869355179,0.0150633237539864,0.0385283904616695,0.00962783170500451,0.0524894621582015,0.0339620035705795,0.0937430630506726,-0.00821452371809295
0.0332659475886836,-0.000368088407365469,0.0502298086678495,-0.024636777492118,0.0614027110219653,-0.0138398956323233,0.0992560700969028,-0.0213501387143231,0.0658457545390188,0.0431235597271797,0.0246141021528615,0.0169718399811311,0.0370162177920798,0.0099931636496933,0.0466410407315898,0.0158330310155555,0.0669025967479688,0.0167262252259345,0.04630606436448,0.0372361465026561
0.0145208627208291,-0.0384428586477771,0.0449205149670747,-0.0220470918624514,0.0413993198972367,-0.0107487812249102,0.066829391145433,0.0236363217252471,0.0802014989501746,-0.014813790514295,0.0181782946350757,-0.00416605708328412,0.0356619251898992,-0.000541451510974728,0.0384506861903037,0.0139771275802862,0.0534871696965685,0.0309097218686481,0.0871325868402039,-0.00353258215845579
0.00565009500126892,-0.0436710240589794,0.0424015096298236,-0.0389417140872794,0.049668705989322,-0.0294679236747995,0.0827027129191159,-0.0345017333013537,0.107234388823384,-0.0161661147379439,0.01073029554294,0.0127860068477556,0.0328076874909496,0.0349096767183434,0.0433439489015556,0.0326165815626059,0.0525779366811832,0.0277039171069754,0.0681067766122899,0.0199349300108392
0.0096935992376519,-0.0380559776138333,0.0430148668417339,-0.0121055263393269,0.0502992523806372,-0.0254813619782389,0.0548357556393688,0.00683202408590791,0.0841773768516342,-0.0251873654711208,0.0122609556093681,-0.00502787997781119,0.0366018296930707,0.00962452190657946,0.0439390214994593,0.00736623202344411,0.0457414542241649,0.0138582588821737,0.0521592095763361,0.0251123594959325
0.0286212707229933,-0.0326179772897501,0.051355407700894,-0.0278142291530856,0.0844885018419217,-0.0293380478253032,0.0745866000881094,0.015294074294477,0.105751280857462,-0.0202551686765012,0.018586365244754,0.0021961087822399,0.0377632814298914,0.00377308780090809,0.0560618421797764,0.00713778702450072,0.0495214399606222,0.0280923302345208,0.0968921726864076,-0.00392959779913401
0.0257646681141202,-0.00840966105772515,0.0444020058369298,-0.0281832525309087,0.0452383014101779,-0.000796838900411998,0.0963579911397756,-0.0147059670924495,0.0937712930154232,0.000393255436588857,0.0169429792264748,0.0101600848206174,0.0289377811360073,0.00791219097751275,0.0579481050036945,0.0130417756384236,0.0564237179121268,0.0244939810417873,0.0659060004972164,0.0211335878321974
0.0442270025515104,-0.0297311764331006,0.0739319792911117,-0.0182273964114173,0.0946346087632418,-0.0156341192867152,0.0858991663593424,0.0252953360266788,0.0857267766148264,-0.0295751518514709,0.0189819805672007,0.00834255376096067,0.0390082328218982,0.00738002028928301,0.0434509987255184,0.0220711936164518,0.0447050281668938,0.0339753295481028,0.0785321422316981,-0.00149260095476233
0.0073011968085982,-0.0406336388671684,0.0413995070713259,-0.032635410249536,0.0486251921475893,-0.0286454508149028,0.0955201644611649,-0.0275657171306262,0.103630890841018,-0.0114427745544368,0.00802588669390669,0.0100742390904029,0.0181760962625749,0.0250619594209127,0.0370988205808924,0.0364141235509957,0.0507309185747614,0.026650139550556,0.075978095728627,0.0175918463531498
0.0287469320911811,-0.0359731283171105,0.0479775570008038,-0.0219427806449685,0.061402397194331,-0.0259193069390675,0.0706813068110589,0.0141585642499386,0.0972795412939847,-0.0179474861770151,0.0146391555739261,0.0266096191592325,0.00630876844036837,0.0114904046288377,0.00733854870686517,0.0129210797719549,0.0119999516643901,0.00679975037475758,0.0394477296657217,0.010643693198044
0.0261024601527821,-0.0269326151281637,0.0466614496384566,-0.0266913039122737,0.0661675166041403,-0.0357390099421694,0.074196558873002,0.0250021816954505,0.0945771142202235,-0.0228802807678981,0.0171262391430941,0.00351577745584269,0.0256398942726418,0.0049207388010234,0.0330656383409861,0.00605468829676987,0.0419945883199063,0.0242024940751958,0.0497123044129928,0.0201250876910339
0.052782925145219,0.00747213848770987,0.0966886250070273,0.00063568526446795,0.0974491106002756,0.00041697128385703,0.0978951503368445,-0.000299063630577212,0.0963445941399915,0.000306169478654096,0.061607973050043,0.0218470474714044,0.0660016578516187,0.0218312433896468,0.0676696623941246,0.0189446306106956,0.0630196922421533,0.0216924937626228,0.060972024208676,0.0159619880786949
0.0299998740721646,-0.0390485912430514,0.0461701373144437,-0.024339969599756,0.06182095104513,-0.00887297241873299,0.0983471829021349,-0.0173841617497683,0.0933918839083392,0.00809696429146841,0.00928850231739613,-0.00511081810858952,0.019360559902945,0.00521562621295634,0.041304048483774,0.024133719442938,0.0537719363365358,0.0236907316947108,0.063279687812053,0.0278369849404882
0.0374397525341609,0.000309797746302869,0.0470015130262494,-0.0201952130156692,0.0492305757754193,-0.0268160867981563,0.0573211791879697,0.00167828599265513,0.0927505306587883,-0.00311055122992227,0.00327718067324343,0.00602272231160814,0.0130067688881489,0.0247504807082804,0.0371574321402653,0.037861022878989,0.0549946311772795,0.0271482029014852,0.069003037995013,0.0189513943884401
0.0395020611340362,0.00150911196578421,0.0440747279236012,-0.0243289541965509,0.0562343058291111,-0.0275677031698419,0.0575035773431888,0.00917714336997917,0.0865671951466171,-0.0117270455894348,0.0192995849089236,0.0234849127992307,0.0356060036455482,0.0235775513029918,0.0410542788023725,0.0135093600618808,0.0478288721457459,0.0193702567817337,0.0628029542840402,0.024483668006886
0.0196967182930669,-0.0363689723518423,0.0468883612772188,-0.0262996451115986,0.0695895779983266,-0.0310244359472889,0.0700342991009952,-0.00302580959582342,0.0869867123647315,0.00741001171379385,0.0111642453622549,-0.000301199728964063,0.0268454303863614,0.00729644972384119,0.0454690134611937,0.00702260937642638,0.050003632214437,0.0181414174857198,0.0583698443151138,0.0291858561516997
0.0473036429482006,-0.0208110340530467,0.093796819870779,-0.0126676288354379,0.0959118321987827,0.00219768937966054,0.0967575110633346,0.00153037979945315,0.101565668952178,-0.00385361647836246,0.0322115214112452,0.0117494747768145,0.067795095117835,0.0160061662658531,0.0645925401490061,0.0195143344080556,0.0622680641272605,0.0224779718433658,0.0518684038779122,0.0263225220679784
0.0241750484960981,-0.026998817340522,0.044327870628774,-0.0396508087825931,0.0509041772490709,-0.0249775083853713,0.0513021927509792,0.0143113096870739,0.0934039141116753,-0.0196373537874672,0.00742757981706184,-0.000701138647739943,0.0180427282345435,4.85400605200294e-05,0.0303753297501754,0.00918884572875125,0.0396313046221331,0.0251055035481435,0.0585665039670063,0.019507616506974
0.0216302033104352,-0.0291097239878813,0.0522554556066974,-0.0316892091570396,0.0503422540730218,-0.0278750887602267,0.0917524623085256,-0.0260747133661213,0.0992694084336193,-0.00979763349734998,0.0136856828936453,0.0161859078413731,0.0318651484472151,0.0350477243460365,0.0492858664934089,0.0336120179149445,0.0521456848702724,0.0281262649893628,0.0751808577843022,0.0151462570482129
0.0503607301713735,-0.0261827463489091,0.0600174341564389,-0.0316528554856622,0.0673730168555177,0.00366021391927192,0.0793414477210838,0.00910492811747744,0.109962598226586,-0.015745376082682,0.0186720740395618,0.0157362277126848,0.0384118506314203,0.00653125554316552,0.0526906951620427,0.0102432261128469,0.0507040279374823,0.0305344131419409,0.0943219699568249,-0.00892006174709964
0.0449428188580907,0.00112335881822383,0.0500765538974368,-0.0211205027522968,0.0742620477071904,-0.0196536501028208,0.100227596265429,-0.0161328502687856,0.0960678787098324,0.00236540093287995,0.0331466050046902,0.0167954467097518,0.0406777252486803,0.0181784444403256,0.0577874185618482,0.0179005571566732,0.0585958621628314,0.0207552309157552,0.0805741178959684,0.0122472806155473
0.0110639740267593,-0.0294972919974436,0.0436194355695781,-0.0248323946386673,0.0468819640176567,-0.0301073216427316,0.0857630651161886,-0.0354614617920215,0.108138327105855,-0.0136770740598753,0.00670093396735244,0.00377809093469265,0.0155088530550536,0.0197228447241647,0.0362787684764309,0.0385001076178796,0.0494782404524307,0.0306982064591845,0.0789078450437654,0.0143897132954612
0.0218616167423793,-0.0420566059259383,0.0465883910670897,-0.0364224054043355,0.0537879473613084,-0.0288268640771424,0.0547250948231156,-0.0351435241375631,0.105847504847376,-0.0197138444036424,0.0179620221780632,0.0257170633252638,0.0380695107756911,0.0345817891831239,0.0520974640105797,0.0316444490712359,0.0529140487142625,0.0269878390546773,0.0842450785069579,0.0091018693959645
0.0100627103759486,-0.03578466471866,0.0446380816908021,-0.0257636755395965,0.0493483387105169,-0.0302028294543654,0.090209004765296,-0.0294677765487886,0.0975410311703688,-0.00959763612495383,0.0080037043163237,0.00872490655013125,0.026577969318938,0.0288070182188698,0.0415884375149467,0.0316176607398206,0.0530027983329203,0.0275333839934155,0.0795675865811251,0.0117523684952795
0.00745553030103889,-0.0377933288179309,0.0421219344283895,-0.0353112360824876,0.0483758437998851,-0.0303175423267757,0.0770787293349852,-0.032679476208492,0.10299601978739,-0.0141224670422408,0.00774249583547344,0.00946225124716972,0.0222963250363132,0.0279356194402603,0.0463064494940654,0.0321423269498692,0.0543642991571545,0.0258699069610253,0.0882481220416024,0.00744022248419331
0.0123137900390202,-0.0409154127758304,0.0395523831760701,-0.0335706461534682,0.0480125831527251,-0.0278816208321015,0.0861400390530396,-0.0277861332057036,0.105071444746392,-0.0148160989488392,0.0139748089472235,0.0217271710545361,0.0316900222372005,0.03348712857066,0.0486026851995849,0.0298726654449174,0.0557336599270536,0.0250777638751751,0.0901713651959435,0.00501245310183485
0.0125961104291414,-0.0408034703998331,0.0391028953402275,-0.0342888052239424,0.0496146621473474,-0.0307136575945499,0.0894048371689999,-0.0280282907741664,0.106086596593285,-0.0170006871646105,0.0106089396083147,0.0153835173603977,0.0293979541819994,0.0305569974200012,0.0507455762715564,0.0283381566094515,0.0548019593647957,0.0273479971739813,0.0870604988897109,0.00824137027982864
0.00909416148027543,-0.0363742153063896,0.042182085353543,-0.032803621639462,0.0499023595719399,-0.0261295674728768,0.0958470192373734,-0.0248384144259549,0.104378567171677,-0.0107469036388938,0.0146615362943148,0.0166332988298033,0.0406569722305371,0.0339249668518535,0.0534933723781296,0.0296046785909287,0.0626410451668837,0.0222955197503152,0.0900043883829555,0.00299123237573863
0.00580676905747211,-0.0295529802597361,0.0395895365065286,-0.0315611442527937,0.0453068506475142,-0.0283845767447256,0.078224100751736,-0.0306175066857794,0.10073587847243,-0.0187686702118115,0.0102858598825683,0.0101820157125718,0.0340557053667821,0.0301430851685734,0.0495446361085528,0.0303138402567175,0.0541157962539011,0.0273557263828131,0.0831495056287811,0.00960795196860463
0.00606168026038197,-0.0251481290943563,0.0429573670576043,-0.0274854140814455,0.0557613386986138,-0.0309245007301596,0.0928784379545744,-0.0244928362475613,0.0966035096946975,-0.0085063582912959,0.0177710850828013,0.0202656353451735,0.0379068639577967,0.0318828701871126,0.0531743691801654,0.0281845200305527,0.0583649559345934,0.0254589665822501,0.0935159909597376,0.00218896691203848
0.00783326627762678,-0.0328966879013493,0.0427265703978114,-0.0248251691542594,0.0520155378451155,-0.0282568317587235,0.09096710563569,-0.0250427113980241,0.0991031261095036,-0.00785929246177916,0.0145798256336284,0.0175427072611091,0.0383064791459411,0.0333095264505117,0.0495239180005859,0.0298038217551531,0.0564079527689425,0.0264477354005459,0.0858789998712699,0.00778551524557923
0.00618388410197795,-0.0285246424422274,0.0405146017926449,-0.026373219469827,0.0502362377715298,-0.0277569208848749,0.0837226589355699,-0.024041075794468,0.093593696195456,-0.00856308607118653,0.013187606773909,0.0138236820798794,0.0367978185320801,0.0278791084024232,0.0495272846874354,0.0288375583470136,0.0595256370621865,0.0243747580622978,0.0888254912812754,0.00751073693437238
0.00884618385985994,-0.0241492631296196,0.0449493534239084,-0.0213569755784781,0.0534143633119256,-0.0291131819659363,0.0878414859497296,-0.0214260788587357,0.100420855426926,-0.00559187765581948,0.0162785860892947,0.0182288934133414,0.0412877052758095,0.0320757873530455,0.0512860698135848,0.0287835735410782,0.058994169596427,0.0251505767291205,0.0888360980259796,0.00584338844160972
0.0818535813733767,-0.024751298432911,0.0501829019782968,-0.0439542275592111,0.0800013748087766,-0.0128998399944639,0.03641330917568,-0.0312990885904253,0.0347156806629419,-0.0410348226110548,0.0518874655538044,0.0563624446482048,0.0455181987194249,0.0527541226315746,0.0337907782368548,0.045012958418683,0.0411763886046223,0.0492586463749108,0.0453551487991971,0.047293123047924
0.0139720238715523,-0.0369994275320061,0.0441495408338499,-0.0269562886538065,0.0590019942841136,-0.0300942404050643,0.102895437596153,-0.0226026676682038,0.103934994705422,-0.00949777368490778,0.00925115516151653,0.00960350579814283,0.0249583417063769,0.0287222643507197,0.046028760477768,0.0318308506152452,0.0530707212462719,0.0266744620368683,0.0814386832016773,0.0136420523060898
0.0153833188456389,-0.0250900450387911,0.0386240995897462,-0.0262569899056318,0.0567516717749426,-0.0283314912050884,0.0999698998281352,-0.0226902691678609,0.101385067329672,-0.00746343810655913,0.00916911882513403,0.00990820679396731,0.0230976414298223,0.0226971691120398,0.0435741626360762,0.0316249283273942,0.0538744201126112,0.0275769293354116,0.0696585057358417,0.0195068482885477
0.0082481223118485,-0.0217433730629574,0.0378264040036821,-0.026370798196728,0.0498079034080724,-0.0271982896509048,0.0854665088079256,-0.0269885792390736,0.102942985014701,-0.00894118697608972,0.0149122708758306,0.0165837909065326,0.042057745568186,0.0325434808204244,0.0518544051057742,0.0283808055457447,0.0556419814009547,0.0255672969830805,0.0873161264245404,0.00815067038483115
0.0135825843947487,-0.0260014153060032,0.0536027803416164,-0.0290378224327826,0.0909423520268402,-0.0195201357606899,0.0941245145553751,0.00308990054759658,0.0941493696409306,0.00223582794680034,0.0175800101747985,0.0194257109207359,0.0468853876599231,0.0336547234385446,0.0516710512007869,0.0285379231816606,0.0562906584874424,0.0244127869655151,0.0886148643081058,0.00467864820882068
0.00720873431428862,-0.013681094042884,0.0327017331758879,-0.0233597763545931,0.0520303496093604,-0.0268803814889991,0.0746960574319436,-0.0235226942996934,0.0941351062714771,-0.00900136535587782,0.0140259523338195,0.0125101238422108,0.043902293518721,0.030324807006314,0.0512893948211854,0.0293937034811623,0.0583700669920059,0.0243767858973195,0.0916386021696003,0.00340857559872323
0.00531662454439279,-0.0147686420084329,0.027038205681256,-0.0268746053588505,0.051762147328592,-0.0309349826567804,0.0866763835966692,-0.0214007123424097,0.099380262148894,-0.00439923153580253,0.0147022936992475,0.0137298320142347,0.0396421592722272,0.0289154960824775,0.0493388995539166,0.0297621757064341,0.0530168609422242,0.0272730410657312,0.0831080929109398,0.0100346392837711
0.0113945330056892,-0.00802260299784136,0.0435455830476001,-0.0205076808208778,0.0509082038306337,-0.0288135298869481,0.072312919773559,-0.0180277574511082,0.089890178719661,-0.00369745431298921,0.00728340374200889,0.00369500824122298,0.0279175388409487,0.0212329843618691,0.0460347351235552,0.0276739679570247,0.0523661989978696,0.0280072955615078,0.0795651515757802,0.0162274831691471
0.0151106342574426,-0.00970770871430096,0.0341916448437517,-0.0163605269641117,0.0442781289795727,-0.0276167737391157,0.0653423369217441,-0.0255988000070152,0.0909515921252763,-0.00885478679272165,0.0121829516652884,0.012560096936184,0.0377146182312279,0.0279133123769506,0.0494051625826719,0.0307576865227927,0.0520720249140346,0.0276686280469671,0.0765521526659889,0.0182091862581773
0.0188356642592564,-0.0148724166267512,0.0451332037106076,-0.0219631488980361,0.0485324243351306,-0.0295446587303598,0.0819047172073081,-0.0147525102661101,0.100815487447133,-0.0067463314387709,0.0155018636096592,0.0160345463221421,0.0383804788504964,0.0308747414368685,0.0509265658364012,0.028499183059615,0.0574718286601141,0.0265348771336633,0.085242736412669,0.0112197562746194
0.00823542467692699,-0.013204327641906,0.045078283344071,-0.0341094229503636,0.055467559331354,-0.0287244570017557,0.0547090937736871,-0.0268643377953212,0.0995411830168806,-0.00807168221468777,0.0168512998816552,0.0166629140706841,0.0446491265357172,0.0321251616978718,0.0525234786159618,0.0279777198344967,0.0545423145033836,0.0269700911865204,0.0891212299633444,0.00366934486123621
0.0116177074730868,-0.0128063204360918,0.0347952352942608,-0.0289968656453222,0.0469251464533874,-0.0285724586425488,0.0680262849885873,-0.0259110990635263,0.0931776846334126,-0.00823092372844166,0.00936065606419676,0.00759682192405765,0.0355953051411389,0.0263628935717426,0.0516610180622284,0.0303816287898614,0.0519768151735517,0.028021028929497,0.0757719622662782,0.0151408649188107
