u1_1,u1_2,u1_3,u1_4,u1_5,u1_6,u1_7,u1_8,u1_9,u1_10,u2_1,u2_2,u2_3,u2_4,u2_5,u2_6,u2_7,u2_8,u2_9,u2_10
0.00446967443062823,-0.00412669726691227,0.00520445007742711,-0.00126960978323994,0.00344327029569289,0.00146634406079152,0.0327111476026724,-0.0206202309121935,0.0610314052274673,-0.0255320983379037,0.00886692846395695,0.00201828266991518,0.0218517521461764,0.0128622670940888,0.0398097113526976,0.0225245009519407,0.0528760020941436,0.0284673754066303,0.0544933215100799,0.0290059605167381
0.00466151649388551,-0.0180156834532895,0.0010326456588342,-0.00143157127114078,0.0194952881206758,-0.0157985077257596,0.0467883812581089,-0.0247312497527947,0.0764950578706202,-0.01638872634473,0.0233957441386964,0.0213463980437435,0.0446053509708966,0.0280150784170776,0.0525541792222733,0.0302190691294529,0.0745992518224851,0.0191279081314157,0.0951786439443959,0.0100395387124977
0.00406230893350843,-0.0153473405416875,0.0111470174013761,-0.00445017632231637,0.036204509054695,-0.0203032610763062,0.0475363654162019,-0.0286368775144654,0.0722535307667171,-0.019934311917806,0.0297990297919784,0.016942945210387,0.042387181686946,0.029329679365895,0.0515129153037515,0.0307933585011734,0.0583031447793734,0.0277817264279949,0.0908634970099778,0.0156409969690424
0.00244693196155615,-0.0057555855831249,0.0149581479180185,-0.00284289256706927,0.0352777428556543,-0.0196645810669918,0.0495996748781238,-0.0272284280941005,0.0844255330729875,-0.0182287406248913,0.024778415595909,0.0242760941145447,0.0453133312543009,0.0288590507043754,0.0508268979221697,0.0294527962277044,0.0512128014119921,0.0295583743240804,0.0799900711134915,0.0152120624593156
0.0449244266830071,-0.0272479181189438,0.0946070100734748,-0.0123421480027888,0.099359681678255,-0.00147282416957519,0.0583344326611417,-0.00887529102878897,0.0542177130214091,-0.0273611130661732,0.0262594107941633,0.0184856560086479,0.0470757050494576,0.0283463355008116,0.0498385584754978,0.030097441245342,0.0510961117918712,0.0300606734770811,0.0701623234502853,0.019977824176226
0.0222754225372408,-0.0123849449231358,0.0350365082668712,-0.0250744498451378,0.0493997903072024,-0.0262705872308955,0.0639452900397425,-0.0265760804737864,0.092342894386798,-0.0174063307991754,0.0296159719872371,0.0242599878254804,0.0462565651199353,0.030460948587403,0.0504398426602256,0.0301902295194732,0.054734996158255,0.0284067683210659,0.0776156896751099,0.0153656722212338
0.0494606752841967,-0.0285741664193034,0.0975417578140527,-0.0150202451094095,0.0989324303533798,-0.000194565457318146,0.0574494008919552,-0.0188033447442789,0.0482337043728433,-0.0293446087293085,0.0319727651436099,0.0169125313672804,0.0451738280249664,0.0267169799873764,0.0499092413226611,0.0297861827091028,0.0508252540644069,0.0291128622576691,0.0733397026563915,0.016735598110068
0.0149223201619735,-0.0183735161633965,0.0386839860161055,-0.0231223461156984,0.0487841381839862,-0.02883091415868,0.0892522236177885,-0.0221873833270528,0.0999326282428492,-0.00107522625737458,0.0291549636774807,0.0203542874613794,0.0430590111288725,0.0283820800255025,0.0493848756333692,0.0299611018828534,0.051621220784015,0.0294701392567899,0.0747629805741583,0.0148096522651877
0.0293499895982495,-0.0127563391879866,0.0448398422219181,-0.0235563646615989,0.0469144290370911,-0.028570153485639,0.061849668367168,-0.0250578321094304,0.0870921923809287,-0.0138617928909332,0.0276319604286198,0.0172408709913071,0.0433316604821138,0.0275270981540125,0.0495487925477755,0.0295609718229001,0.0508130855285568,0.0296665663286571,0.0752573125268703,0.0190760591797876
0.0188396653745859,-0.00754513566079138,0.0404240438503417,-0.0209946684669895,0.0484936337990456,-0.026400837008819,0.0810204031831095,-0.0122129516828957,0.0976810417146808,-0.00525096908571178,0.0374063935918056,0.0202001456132084,0.0493853866906562,0.0299226521261436,0.0524285658228452,0.0292750200761142,0.0498437675954756,0.030288059065278,0.0758054913547908,0.017496545258085
0.0252978757505173,-0.00807071130988317,0.0396337271577276,-0.0236004985147419,0.0486359514300457,-0.029464860131031,0.0684397200131582,-0.0205149783715589,0.090794588111862,-0.00734766669719338,0.0379651952955452,0.0246719982422613,0.0488336102645113,0.0309145471387771,0.0502948279452595,0.0306773092525253,0.0514197137197036,0.0293027169833269,0.0706172076370297,0.0184597355988678
0.0260821353810495,-0.00903969252016164,0.0402272005877466,-0.0217108511736527,0.0435934964716782,-0.0286067641844645,0.0527280163463829,-0.0264208422088217,0.0844133964921171,-0.00951590538719977,0.0265331675171584,0.0178647396848135,0.0436859645066213,0.0281720952949602,0.0498195970899544,0.0302259089025331,0.051005726781543,0.0300848494773962,0.078994631378061,0.0125477333487117
0.0422040091187866,-0.01869661838543,0.0494189065085621,-0.0284954778066516,0.0936646821507141,-0.00846215170299565,0.100075602339535,-0.00147081169871798,0.102339989060369,-0.00922054604852979,0.0456202051794067,0.0231813617362838,0.0492241043166219,0.0260509083927726,0.0531348299236303,0.0309184157177123,0.0490843674216136,0.0312512179345473,0.0982068438189782,0.00340577534256285
0.0229159540549341,-0.0126335540590267,0.0415008173402894,-0.025153536318859,0.0490740919556138,-0.030084639149435,0.0679309232304511,-0.0184983090663083,0.0982665747180324,-0.0108395197881811,0.0263474426832482,0.017515654467876,0.0478648974509139,0.0278653300299913,0.0511081827132091,0.029919348458212,0.053083540710789,0.0315584459896746,0.0933012715530428,0.0124340479577566
0.0143513555037745,-0.010311494269215,0.0277162373994324,-0.0269529271654095,0.0399072284779826,-0.0280818810992552,0.0620845976212539,-0.0309994223957296,0.0903955548856228,-0.0107889484530331,0.0365777104604513,0.031143535545732,0.0502940893617196,0.0300737809011561,0.051818082525309,0.0293996817547053,0.0708622983567331,0.0156495640337013,0.0970759755356196,0.0046546756147505
0.012094099281799,-0.0125876915619605,0.0257276976267862,-0.0223682849134365,0.0422148574208986,-0.0295820701275552,0.0710673545368598,-0.0209135655486721,0.0915479368526461,-0.0117053822584533,0.0245661168687907,0.0226248256748093,0.0448941904261993,0.0311338908296807,0.0504056926240139,0.0303316351820557,0.0646032597208179,0.023431161010113,0.0931850186466841,0.0127328035362586
0.0109423113268437,-0.00373151156801957,0.0280526496704223,-0.0196138427359352,0.0400224124151761,-0.0295783570679785,0.0641629042449245,-0.0262618608855061,0.0936339658742171,-0.00965217826868314,0.0275483378507731,0.0234252229701708,0.0448428091515189,0.0309240458766037,0.0511176518744273,0.0310584250607797,0.0687319830234842,0.0220178503686338,0.0924529813826168,0.011556177390631
0.0074911313209187,-0.0152259363269211,0.0252859108572968,-0.0206359858670213,0.0405374694998293,-0.0255272671463301,0.0477140462655478,-0.0303322452584343,0.0782103548172003,-0.0160180893958626,0.025062136382093,0.0357922408395555,0.0450100393862758,0.0315679944941477,0.0489951152650942,0.0298704421953175,0.0509973868280373,0.0290465640425157,0.0664379656638394,0.0176954122348057
0.0292321141838627,-0.0149873935321411,0.0388247318203659,-0.024597491757874,0.0473926322633041,-0.0292686051783128,0.0703543538877066,-0.0228651349337319,0.0913230906801063,-0.0104686111846618,0.0245847367345914,0.0138792404000534,0.0416257980591958,0.0266079588072454,0.0498042045582499,0.0303648596537345,0.0546337326556632,0.0289722521835647,0.0923217768791152,0.0132512983508463
0.0246015112396988,-0.0101432762609834,0.0358916875670373,-0.0198344247764516,0.0431749021693274,-0.0261763070612354,0.0611715679093915,-0.0291949764599153,0.0878986023260676,-0.0114326451499161,0.0252963008997038,0.0192505231944654,0.0415117469373518,0.0280191504135066,0.0506719484164834,0.0306464078228784,0.0634536425719941,0.0230287783755454,0.095568045964097,0.00848333144474331
0.0242103054521409,-0.0121075729217997,0.0355817141119535,-0.0235540792875272,0.0462991525852982,-0.0289728427197502,0.0623214149633865,-0.0246138676704882,0.0917429421563303,-0.0130941044773137,0.0190165285907883,0.0177292694386178,0.0386205761349229,0.0283137348364054,0.0502207017550205,0.0303200186076422,0.0520783861547434,0.0309573268354909,0.0924492093246298,0.0149330324026037
0.015133372214825,-0.00476346878231229,0.031870426086091,-0.0220054237013479,0.0432133135374971,-0.0315377501753091,0.0611044004688667,-0.0239703686835912,0.0887567175304487,-0.0113717167386006,0.0200385037349162,0.0185226986283554,0.0388376335487472,0.0274368883933536,0.0507576631089826,0.0310203904539226,0.0680089777545928,0.0195856193366388,0.0956581778816033,0.00735899883493476
0.0134467954450182,-0.000567180312011812,0.0282652585023364,-0.0155574272941373,0.038023073330161,-0.0285080994911003,0.0555684555492942,-0.0264230012839761,0.0780678795588156,-0.0147925176411767,0.025207338487976,0.0257079037735286,0.0436076061088129,0.0310233206600228,0.0512806065201052,0.0299759346578156,0.0670393989124722,0.020435901708318,0.0950086562141824,0.00690907730096969
0.00608837591383631,-0.0256675991621372,0.0394348452795376,-0.019577003100772,0.0436448024519511,-0.0269296340244751,0.0499863607586429,-0.0278571138010545,0.0840679344870703,-0.0135561468727059,0.0214662605074494,0.0303699240483922,0.0437444507733967,0.0340643587845315,0.0523814878811958,0.0301526210070425,0.0674778617322988,0.0191829361648238,0.0975959403406959,0.000286731558558554
0.033285224950087,-0.00968330078420699,0.0398263687919321,-0.0236617495989383,0.0459077098944748,-0.0268965724925058,0.0529378742906495,-0.0306302352834054,0.0904674443983697,-0.017001919783831,0.0285431839654726,0.0148464334205885,0.0448353982723649,0.0288305774114392,0.0515827477990555,0.0303611313672721,0.0525613288341978,0.0304669647855497,0.0941447277650718,0.0116876811247229
0.00903453845964879,-0.00921582624162003,0.0255022149987021,-0.0207915798857859,0.0467557420247314,-0.021038938378509,0.0468534521108239,-0.0292120502335135,0.0682334059077294,-0.00536690455418663,0.0213682536558233,0.0176852539000422,0.0452335562644747,0.0302662971941757,0.0518073030466387,0.0295069850452933,0.0531369037653193,0.0315072533601073,0.096601835060013,0.0042267319787333
0.042724229858776,-0.00640943751097722,0.0501926592180643,-0.0269669307731104,0.051276701449783,-0.0215124860891405,0.0925875491987626,0.00154803352422742,0.101267230563169,-0.00504565753081821,0.0390105174494262,0.00402891919777331,0.0456979510836238,0.0152896293495995,0.0500046950249137,0.0298297507541724,0.0561448703737057,0.0317664917047966,0.0758619552406799,0.0150437583732637
0.0128212127652286,-0.0127516142873758,0.0369918888087334,-0.0263425951030532,0.0643557242612954,-0.0219773315080128,0.0970197821215453,0.00279954462325857,0.100252641719614,-0.00318690137432259,0.00402697000720897,0.0133718334492327,0.0158326176948159,0.00383688637513088,0.046333283853994,0.0086349936220567,0.0560819723332007,0.0287387459961944,0.0514488897533887,0.0311085443505103
0.0137527103147449,-0.00802267300200349,0.0308441903106028,-0.0277049646888306,0.0491184648405308,-0.0288041087434351,0.0986935166376096,-0.00884671457463113,0.0964040741546899,0.00346153054398353,0.0467142724613086,-0.00564057659917121,0.0491535919720401,0.0211458921051816,0.050064705565932,0.0293471214612655,0.0515966056012679,0.030054261178934,0.0611650761678116,-0.000707378129819789
0.0432416723793887,-0.0155506220948123,0.051709086549698,-0.0258862749780802,0.0816380359514858,-0.00647757574896562,0.0984891195511152,-3.67167971204919e-05,0.100626346413988,-0.00329024759068743,0.0418773054634494,-0.00779811654545132,0.0477256537817325,0.00364985925750182,0.0545894622660914,0.027642772595037,0.0506077224514052,0.0305933158726865,0.0749729165792768,0.0152099681996921
0.0235311395978355,-0.0158731139150457,0.0492948920898526,-0.0238358815671694,0.0844501724187347,-0.00478758046735262,0.0973036830045956,0.000995656631846852,0.0970163819953034,0.00165781815450693,0.00940479986227351,0.00180315610032013,0.0435164703968944,-0.00241599623024273,0.0588017651213887,0.026195172617675,0.051318723238498,0.0282872153853642,0.0605186398527199,0.0244848425167188
0.03174862327741,-0.0111095026550795,0.0461677204045105,-0.0254520684216984,0.0498098719898008,-0.0311423052092389,0.0883447170095355,0.00613101701213013,0.099119900535713,-0.00201641265297079,0.0401727288851074,-0.0049537876272202,0.0454139779824808,0.00734721774552355,0.048059113550207,0.0258337819485072,0.0544731033598258,0.0293773715303819,0.0510646952172226,0.0298549182824846
0.0148459216353515,-0.00516267720926909,0.0455550498820711,-0.0234816046427412,0.04872549843871,-0.0281614219761397,0.0852741048036739,0.000702627470589476,0.0976267610027911,0.00119050094201173,0.0044945620055893,0.00877578296123098,0.0368296776723829,0.00693843764575292,0.046549615108791,0.0237890498695868,0.0539414958693889,0.0308710531282998,0.0529860821922363,0.0307332420563548
0.0412567736000192,-0.0171596378689941,0.0524101768601168,-0.0251103643499145,0.0905651187416092,-0.000716659610790024,0.0984209717769377,-0.000645335269309344,0.100152974157588,-0.0021146545205889,0.00861468374337939,-0.00381290297000497,0.0423592204086677,0.00275132887819369,0.0483483092802486,0.0262553295148606,0.0541715339176892,0.031997271305743,0.0519900855228306,0.0302859241034665
0.0105158628150694,-0.00993280356901489,0.0415722866977175,-0.0214788839663613,0.0486624823314721,-0.0250880521738301,0.0504677841701886,-0.0321004349659489,0.0609259125790407,-0.0213143934791331,0.0455830277003518,0.000908611489301916,0.0492455792546569,0.0218035514913569,0.0502638463416144,0.0290942967869239,0.0508410190722247,0.0298510479134123,0.0696815141586569,0.00475173145222233
0.0434294865455606,-0.018718138669147,0.0472932623002049,-0.0320717163951172,0.0892329720746959,0.00141088997248115,0.0985326888986524,0.000262682176612197,0.101953619512945,-0.00470678934773511,0.0344389713740578,0.000126096815619841,0.0450505550595246,0.0039946827859725,0.0443044194338598,0.0243273507758625,0.0512533968065754,0.0294371761766254,0.0781519307902712,0.0129354447780136
0.0581318398930307,-0.00922055724341674,0.0359998292117361,-0.0214424957523325,0.00467144870470067,0.000786749952517311,0.0319237292957161,-0.0045873421095893,0.047825455455547,-0.0326281921889229,0.0757136632342018,-0.0035166694386338,0.030395312630076,0.00237643663893988,0.0259957436625017,0.000998238178384252,0.0411749263009877,0.0111751915962599,0.0503251737156678,0.0329394133544069
0.040894083464291,-0.00575141134350657,0.0481347149620294,-0.0167963291627515,0.0472504053117764,-0.031815332294564,0.0516912635817229,-0.0300489661168693,0.0876483707713334,0.00424375290115204,0.0263829001170674,0.0327926397635985,0.0447763444966984,0.0279488389329402,0.051715955239596,0.0281664971218622,0.049417688040012,0.0307202516358167,0.0515206542852183,0.0329843692250148
0.031395624255844,0.00792292209926042,0.0245336573368733,-0.0199239302674548,0.0479895817565635,-0.0220940616584924,0.0675068752991165,-0.0151373566687464,0.101771919873229,-0.00461958094937997,0.0129699392918821,0.0224760683113313,0.0319887675844976,0.0230737675197021,0.0508443603371337,0.0173464127634117,0.0475076783168264,0.0288135296683748,0.0557194283513028,0.0341220151281654
0.0295870698396174,0.00341741337799151,0.0427596316844109,-0.00330000698129297,0.0360807736387079,-0.0152594732763396,0.0472291591374979,-0.0285349383592495,0.0534488251696139,-0.0138338961119227,0.0251606161747076,-0.00192085038011017,0.0481575885160746,0.016099170957272,0.0458494783617489,0.0294257269951186,0.0484241853575599,0.03087089755667,0.0724077444859848,0.0284935162818837
0.020556392011988,0.0121914086601349,0.0429417068659858,-0.005231822252263,0.0493812426500258,-0.0314278084047183,0.0511093284397694,-0.0229793400371211,0.0895004650749136,0.00356126538387114,0.00380186007521991,0.0182543892933231,0.030136435471972,0.0250153829826989,0.0492803231812222,0.030215500097201,0.0503528421667132,0.0285004008842101,0.0779827146388661,0.000770231738817297
0.0210553370391028,0.0177734828397338,0.0491096326002151,-0.00278512790192318,0.0527333354142547,-0.0284535414676619,0.0474256832611002,-0.0286657381603839,0.0711326498620228,-0.00804500972037347,0.0154738774617815,0.0258556361277673,0.0396636955805107,0.0270294021791527,0.048441260448137,0.0287229646228033,0.0505105663343478,0.0286331029863038,0.067544897595742,0.0213473146001092
0.0337208400508057,0.0115370058622054,0.0473690302515472,-0.0173550098339805,0.0504204928901134,-0.0291350785099869,0.0921969566435255,0.00308783819406267,0.100166126016156,-0.0028117220593639,0.0382244089853637,0.0277088987623634,0.0330609717511367,0.0159398726289164,0.0462509196399432,0.0271301965871588,0.0556835024631067,0.0300203383052141,0.0742543111839058,0.0137108409046193
0.0497901916305641,0.00392822198657434,0.0327101224265992,-0.000911031092609799,0.0527656035817989,-0.0219474940557776,0.0559567354162398,-0.0178327751836555,0.100553631318008,-0.00874383677712764,0.0171774115524748,0.0149512751124842,0.051111098221111,0.0216164513829632,0.0474285636146333,0.0272759266458398,0.049259975195226,0.0280038467145456,0.0551492196173656,0.0341645444092727
0.0358173965975535,0.0131461282137775,0.0490551553085995,-0.0152009994682979,0.0457545185596283,-0.0280388076544275,0.0684204005659167,0.00875406258088465,0.096253790715402,0.000184865953930122,0.0380230891391926,0.0103981055067742,0.0554220558058677,0.0117547725252444,0.042641875514862,0.0223552765714302,0.0538537847345381,0.0345672377050239,0.0806646621530664,0.00833061564510884
0.02896255265691,0.0137586404109254,0.0466546156958984,-0.014012852213628,0.0454914605517335,-0.0280562783689299,0.0661777514744623,0.0146239425098982,0.090045418665144,0.00427295927933962,0.0270214760555348,0.00607396378510799,0.050331543091631,0.0148651135681743,0.0374282422209595,0.0253111629936472,0.0519414382058858,0.0376676381170726,0.0520986581883688,0.0285903314062946
0.0277240575221158,0.0253302000857711,0.046051119719627,0.00785735414630464,0.0494843947414298,-0.0134157771221646,0.0497477566429177,-0.0282605337009752,0.0732734544161665,0.00972944167097233,0.0228690958048221,0.0217398051661117,0.0445103379912094,0.0260144982629887,0.0494664985590693,0.0299468618736725,0.051580960783693,0.028846810342564,0.0916931072374238,0.00989192158403342
0.0485730427632255,0.00714960440086859,0.0522791635588993,-0.0265093460830293,0.0654209281380536,0.0152631470822015,0.0955784639146286,0.00388418616100581,0.100441344091244,-0.00283830960308809,0.0431252172363742,0.0113716753472715,0.0485808692563251,0.0257621923427256,0.051934725004314,0.0336635747623871,0.0530431948628334,0.0292405615791997,0.0712940806905551,0.0118273606972796
0.0418718971758866,0.00220253383142406,0.0480580589999407,-0.0235273342599286,0.0657340049945567,-0.00126140102222874,0.0962287671907223,0.00416717840816523,0.103253127131487,-0.00771085452442358,0.0417639294713149,0.0127385520233546,0.0469443720007818,0.0198823769021186,0.0485582604372722,0.0302792817331169,0.0553101507866442,0.0316938923365323,0.0522360653884606,0.0304061021042497
0.0369937639938492,0.00579787968440791,0.0490482333538774,-0.0214030643215166,0.0602787872370156,-0.0207853074724374,0.0954830785936315,0.00306092902653072,0.100465200741136,-0.00278477199254718,0.0190471477198653,0.0234237051312451,0.0440252640550375,0.0242830132274701,0.0507825117249405,0.0316637963405355,0.0535667253829929,0.0307158787143602,0.0773113108959981,0.0157664949699949
0.0414405773008179,-0.0230338944394563,0.0967507427844714,0.000589248868739365,0.0959540876447906,-0.000522219305016397,0.0991751791945364,-0.00150651802516235,0.0593179802401132,-0.0253051601564668,0.0171492485225699,0.0113611413991499,0.0682044141370294,0.0245293023906507,0.0500738639005411,0.0287716181238669,0.0653516215628369,0.0112309312399246,0.0953029480363653,-0.000109052478668009
0.0404989915987837,-0.00148080702555222,0.039720894558901,-0.00783368308233888,0.0665555831510235,-0.0178133156184871,0.0975445277502344,-0.000207998136811906,0.0999988995512837,-0.00331796605177645,0.0368131377552812,0.0163228681109838,0.0483952915899925,0.0182720360896816,0.0498084023906553,0.0294061390542365,0.052149326703636,0.0318699765547833,0.0605857559901392,0.0232864945810905
0.0519298345318014,-0.00473265070094313,0.0613071908991693,0.0218663161093246,0.0988144752098292,-0.00182070393800087,0.0988123031156816,-0.0018588971013751,0.0659541701167918,-0.0226395206282732,0.0533759691435372,0.0132197086265745,0.056642248752379,0.0330499764646573,0.0505610300365033,0.0275115813274788,0.0500182703155303,0.0262996607907864,0.0953693375316935,-0.00221198891752364
0.0494500970924566,-0.0318593117613831,0.0985244235186109,-0.000916844856914508,0.101947452759509,-0.00606696860636393,0.0494385518338273,-0.0305963480028547,0.0935822102547541,0.00455835947789202,0.0532461147642806,0.030972751729839,0.0519692770209016,0.0287141944626734,0.0999342792698226,-0.00032726768967299,0.0978031078574491,-0.00159317380116458,0.0554974304282218,0.0296618583332587
0.0361231529749982,0.034523002626203,0.0491304127349763,0.00598155456959743,0.0671044878629784,-0.0223327429102548,0.0491438370076838,-0.0279839182704398,0.0588579923304877,-0.0232244320983419,0.0227508578940526,0.0417847828538519,0.0416755645467871,0.0453455160802128,0.0529695166875445,0.0281391993205852,0.0507157706711288,0.0277520409747973,0.0636941040286896,0.0175913317925614
0.0472919566829609,0.01061206996822,0.0507520587883781,-0.0247209940764242,0.0773221550085625,0.0209969772299477,0.0970015856312269,-6.96299706703683e-05,0.0983076144019384,-0.000488394688919564,0.0406155448765349,0.0295555213925896,0.0483067983836076,0.027229605503297,0.0538616220620567,0.037086297385236,0.0497224214923649,0.0264989028589863,0.0513225668534417,0.0293527860931149
0.0292229368105691,0.0149579684162555,0.0506845689817102,-0.0115438333752472,0.0497152070682957,-0.0280573004101467,0.0850663535131297,0.00590665273462189,0.0977189457852511,0.00156220122008495,0.0348193161614736,0.0349979319367555,0.0482800835683699,0.0259571534055431,0.0491200162410951,0.0280083040414546,0.0524753578364304,0.0318035010513568,0.051372081698461,0.029017908498066
0.0551287474118489,0.00867746135030257,0.065720790830726,1.61542305794496e-05,0.0521732575995064,-0.0277280719125633,0.073723137591583,0.00360553972252824,0.0982253971195629,0.000276499743556952,0.0448364231758612,0.0301425859381757,0.047823245609933,0.0283059694054376,0.05157567947199,0.0314279402844448,0.0531196752983819,0.0306730118298793,0.0549302591289025,0.0276456234611083
0.0401752091727401,0.0236684830259067,0.0614173797433872,-0.0135690541255278,0.0469385212036515,-0.0290501300914767,0.0539993441317343,-0.0222726462887538,0.0892776043022279,0.00370528707933573,0.0249938965664236,0.0439753054056093,0.0496246011500295,0.0377528725065726,0.0516933416900663,0.0288476851253862,0.0501137175571229,0.0279654489682969,0.0558616565052867,0.0254540538150116
0.0431313908580079,0.0231710980010607,0.0605690054590519,-0.00066867285755752,0.0517009458962685,-0.0224275844178297,0.0535988363249407,-0.0305903848235082,0.0503145088280358,-0.0298780394167831,0.0244400477543121,0.0339032770823053,0.0476525995627254,0.0272675515929988,0.048268529294418,0.0261963432265485,0.0510718685925769,0.0269891668648534,0.0833300995092928,0.00611210244151815
0.0140151532898975,-0.0346366688180654,0.00620802213124293,-0.000995730064533178,0.0329174565478593,0.00239109372329227,0.0468527846142943,-0.0251413527268293,0.0651182948005703,-0.00669629548984077,0.0259671213209457,0.00919669936009686,0.0411936255219852,0.0296103275820905,0.0514237429648504,0.0278298654450141,0.0506258098688765,0.0298786656570236,0.0620267520597253,0.0293956743489748
0.0532654629941046,-0.0267385924500677,0.0848005588873283,5.10636150675424e-05,0.0975149445436411,0.00061290013017002,0.0998221784780854,-0.00565108491323152,0.0453414210687098,-0.030032631266151,0.0332234574704673,0.0220329279403086,0.0543302724464849,0.0307870728016905,0.051730580433824,0.0311829012283661,0.0813328590211344,0.0155613911009146,0.0789397358470557,-0.00224028739228619
0.0402768352267053,0.0115571768046289,0.0503458458668708,-0.0185874502411491,0.0546683836571766,-0.00915857658547107,0.0966149108475138,0.00123840564314538,0.0967177333670011,0.00112365043868805,0.0357568623596129,0.0339442983261436,0.0494813595139913,0.0253176537356227,0.0491748559986342,0.0325979403275444,0.0522358672274849,0.0301912625300373,0.0507197356372313,0.0290880785482883
0.0444350559368853,-0.00447357439673135,0.0510552373706233,-0.0262353666287417,0.0963124028281394,0.000899245518304138,0.0980743697671994,0.000237644783976748,0.0980415344411261,-0.00255750596266061,0.0405214867843308,0.0308402541295491,0.0496217190443452,0.0288038855714952,0.0491157707608514,0.0307039500029573,0.0509758906004777,0.029093026826995,0.0967522363204277,0.00354041477517233
0.0441436163539565,0.027178088153158,0.0515372936591469,-0.0110178822659521,0.0474531727708409,-0.0309287019456339,0.04864278372996,-0.0257473370106074,0.0694751020860696,-0.00879120946116453,0.0284762475750263,0.0425998952694541,0.0505014599266019,0.0286001004700236,0.0490819981958002,0.0267876030487009,0.0511487290214987,0.0298286752966943,0.0552237944781419,0.032245074039494
0.0211451757252157,0.0140604749517934,0.0430112284577209,-0.00926532385251148,0.0478822820934798,-0.0327465526438703,0.0485867091522199,-0.0291127537428983,0.0688481045111022,-0.0154045197977265,0.0175419104406753,0.0320202523166725,0.0305562501691706,0.0462531438334324,0.05247742257217,0.0374901447082844,0.0507588073185867,0.0276645049134192,0.0579582784124967,0.0199962268783973
0.0300031070050028,0.0140783111195606,0.0536424466534329,-0.00212115468774939,0.044102034179674,-0.0166824236898518,0.0498473392589184,-0.0290442439502472,0.0952968927036395,0.00159550211104892,0.0239554482238895,0.0309277607862048,0.0489693009390481,0.0298760198357773,0.048667213384476,0.0252685534237512,0.0497579028295764,0.0266498745737626,0.0565083194463464,0.0295600203996523
0.0367524171443152,0.0279785374435373,0.0568143638695333,-0.00761814254102149,0.0494756650376258,-0.0269907681763423,0.0498606751524509,-0.0287544630645541,0.0550906279346342,-0.015570824711343,0.0398572933128379,0.0426611022472456,0.0494407572674162,0.0251574188661619,0.050218803500926,0.0284868795584577,0.0506719902526935,0.0292990881315931,0.0871816680256199,0.0160047991677211
0.0186739713167612,0.0035639743843828,0.0445826807758063,-0.00822264104896576,0.0487817060905946,-0.0284351663942298,0.0495995122626728,-0.030555879840844,0.078377200886549,-0.00212105954424155,0.0304064279065542,0.0452250661571438,0.0501302819858109,0.0362680875079681,0.0510226727149847,0.0296428743771414,0.0509347954139625,0.0283495896885411,0.0690164036967417,0.0122345609731255
0.0394649292869688,0.0188141467537733,0.0503661159951224,-0.00748197917151157,0.0505562191147946,-0.0245101039352006,0.0485381414391159,-0.0283931443791299,0.0558408815331744,-0.0151433992762796,0.0325407458312725,0.0345087589741416,0.049666133677932,0.0267463756968441,0.0510805606015934,0.0278389725747225,0.0508993046476917,0.029288125057106,0.0610263549277115,0.0290634030312697
0.0405433277967083,0.0218521294180984,0.0533236836652076,-0.0139957666626512,0.0485427777562117,-0.0261648448347674,0.0487567979118766,-0.0283820954440318,0.0720787137914473,0.00149551495869463,0.0439568682141112,0.0326863116063065,0.051510752598673,0.027207357691049,0.0496659962999384,0.0289489859430499,0.0507266156286745,0.029494134562477,0.0710034816623146,0.0241284780246543
0.0433300854217276,0.0103240278151571,0.0541578229285671,-0.021051237945923,0.0498039580230075,-0.0261103161917781,0.0918736609702937,0.00412620260546352,0.0986644721669806,-0.000611495572819225,0.0430197583137341,0.0273739318780564,0.0494131936665356,0.0280113892556336,0.0549132303089298,0.033157457324992,0.0519416382503966,0.0300621867539395,0.0512118412222303,0.0292385004014537
0.0335885619685731,-0.00117882250362893,0.0507991573919711,-0.0130044230000502,0.0504480381163107,-0.0257846713624138,0.0590636318666499,-0.0255833228657771,0.0964344696743166,-0.0038025093623091,0.0181673126619841,0.00763654700195879,0.0495555386258615,0.0308113646928596,0.0506794435326996,0.0299232376935258,0.0698593129803604,0.0128871208618482,0.0945996984949639,0.0102359542502402
0.0242668947655543,0.00620387837901007,0.0522661459283908,-0.0146376514211743,0.0450105898441796,-0.0327855858481951,0.0447582812455074,-0.0323401934388875,0.0646795462484833,-0.0150872672784723,0.0365713247180229,0.0516415294500131,0.0504952902291076,0.0381289871418974,0.0511138012788198,0.0287959615555803,0.051600288953879,0.0268631967936376,0.0882109702826672,-0.00173403323851367
0.0396318386869041,0.0148652669592324,0.0499065783921034,-0.0112822982668508,0.0467930603182625,-0.026251915849793,0.0502160928675413,-0.026412169905618,0.0840863267610099,0.00303407032348162,0.0380619836117372,0.0224858906569406,0.0487035602439463,0.0232509647606414,0.0463628744861214,0.02949601487077,0.0508861340578228,0.0304620326825246,0.0662873804655108,0.0251708792636369
0.0138122754162145,0.0131459349050039,0.05178186040994,-0.00833627086427688,0.0528034586789536,-0.0241928437005744,0.0491567699209952,-0.0281184133424798,0.0852020270919283,-0.000534230368476585,0.0164121399001568,0.0253499859234378,0.0478135509540819,0.0298174922081048,0.051921641349958,0.0288489865263955,0.0498474669302987,0.0296828528088133,0.0584741627540185,0.0314254647807373
0.0482085068211232,0.0227636666434828,0.0540784228415828,-0.0185124985909105,0.0498615152418307,-0.0287099279613117,0.060075314347675,-0.0125565899932888,0.0952123791283225,0.000148251132370961,0.0176796761021757,0.0234755743661544,0.0505310947123082,0.0317035344835587,0.0512771021109779,0.0281427539096285,0.0511750072131763,0.0295391417598744,0.0701048573500427,0.0251869049112602
0.0254139756875904,0.0107286864382431,0.056735509216065,-0.00904122691123345,0.0442996487818621,-0.0276984015729199,0.0486986525669561,-0.0278971314852748,0.0640503700743266,-0.0180342534833209,0.0208515033067235,0.0395758916778195,0.0425363614431636,0.0527389175092378,0.0499260000438415,0.0338534645671783,0.0515377298993347,0.0275543738877599,0.0680960752246949,0.00674599600531614
0.0252762531143004,0.0206429187027809,0.0457393398247062,-0.00638642631871764,0.051600239585801,-0.0242302234774071,0.0492704884417434,-0.0305867633136638,0.0685761468133976,0.000969688900097294,0.0215623707060916,0.0203266432358238,0.0439209554870565,0.0260945745586296,0.0516597072318441,0.0283520693681924,0.0506835243659559,0.030450568097344,0.0833751163659586,0.0125090124625622
0.0237153517944762,0.0155848315203863,0.0516453643002953,0.00680756181204901,0.0564173111821285,-0.0163368694500007,0.0508567197129403,-0.0292424722402902,0.0616454352707587,-0.0248320641962199,0.0154653279569434,0.0173531270865153,0.0466313496986863,0.0302832878251177,0.0507780038315849,0.029326326584597,0.0656708241289775,0.00662508807952628,0.092279228634576,0.0059047046425236
0.0378909665223545,0.0193237427190265,0.049971638370709,-0.00538629933028479,0.0507708166134692,-0.0208548150879286,0.0480612750559802,-0.0304219154381291,0.0815817350774677,-0.0136272847368635,0.0300991241459962,0.0315904514677265,0.0495539962181157,0.0322601423767835,0.0507791990175896,0.028026269294773,0.0486629695779362,0.0272985089415904,0.0880049329933658,0.010522071480391
0.0169775738466193,0.0152273423764141,0.0518130363537752,-0.00159944415767089,0.0502988703362597,-0.0259169044275105,0.0497810642243857,-0.027751359275635,0.071927595003846,-0.0123722143623389,0.0202298641632845,0.0244069218021448,0.0508247988032635,0.039937798558005,0.0517015230569325,0.0278346455344452,0.0524701667501052,0.0288380824102253,0.0794924080883402,0.0136697199153633
0.0160824305457344,0.0166146690590297,0.0468793733857343,-0.00505616530189426,0.051755069847897,-0.0256610470856349,0.0492123272658913,-0.0292258229776686,0.0847556745010349,-0.0178498931418991,0.00704877967111475,0.00465274853747747,0.0378793330831608,0.037558388901627,0.0522053799546637,0.0276011604597202,0.0501381562609371,0.0282119790587974,0.0829500612032709,0.00222890942784906
0.0365402936330512,0.0268845284657007,0.048156818835533,-0.00583366942871158,0.0520751239082531,-0.0233630851445057,0.048158187829325,-0.0294622576031901,0.0689807836783585,-0.0233224599455864,0.0245432417014433,0.0307249905290804,0.047379790339568,0.0341176015427543,0.0505818267982052,0.0285436962651833,0.052872491263135,0.0266754224930881,0.0839186364769805,0.00412123713755877
0.00385256009458414,-0.00552853280893073,0.0062555276389242,0.000404047175101075,0.0420180537154455,-0.00174671555822695,0.0264277933318949,-0.00781839694433416,0.0691021455433296,-0.00307437098308604,0.0133753911875445,-0.017697472222732,0.0132042174924134,-0.018616106681279,0.064747904654227,-0.0167126259486319,0.00405441593436635,0.00296220979989302,0.0417195026788068,0.0253817955649481
0.0265567903223244,0.0194246915110673,0.0687387076262033,0.0193613442438231,0.0687402458719768,-0.0102254019142444,0.0472456153470017,-0.0314736165027801,0.0531029090406109,-0.0269598121830779,0.0306702189721179,0.0461364661422925,0.0461427125533757,0.0403304875746627,0.0511315239018667,0.0309978567833979,0.0507552170181575,0.0280784006721334,0.0705159405921032,0.0107309115511418
0.0287873935153291,0.0189135870490429,0.0501156850389932,-0.00161260409705489,0.0535715290124676,-0.0206882996158205,0.0499937439488548,-0.0300025573408859,0.051643580979408,-0.0248157907883642,0.035421474555352,0.0302676232984927,0.0497508178434682,0.0277100542891187,0.0502269262915426,0.0297393164403608,0.0501465254686057,0.0289612516620291,0.0716048457425009,0.0194637750506684
0.0290610331563146,0.0178679109292154,0.0607185210595474,-0.00364246517263316,0.0481574813239475,-0.0288159169892819,0.0529304983830772,-0.0266650069573732,0.0924965187154967,0.00481577695276726,0.0336190613110669,0.0450841778141538,0.0472745141690952,0.0395016793121227,0.0499002358212746,0.0293658755110221,0.0509476353285767,0.0272463889544932,0.0767714091090954,0.00598080154693365
0.0492879436406673,0.0169709168187307,0.0471077422497373,-0.00895171043803183,0.0516560138961601,-0.0240712059646267,0.048037017863619,-0.0286692294438105,0.0815757805236358,-0.0137971187079054,0.0253417881665816,0.0241656662907873,0.0524915156408206,0.0380749309827899,0.0509588001989646,0.0275067215639426,0.050270605551534,0.0271405422709734,0.0845505362785142,0.00656900016500998
0.0449988033712995,0.0273361282341271,0.0540096024578088,-0.00405383258306789,0.0539387742611862,-0.0196054025431702,0.049964668884516,-0.0282845531124289,0.0642009245228582,-0.0121410763261562,0.0358098862185837,0.0347601681238767,0.0490447520302672,0.027187056405982,0.0498186407668845,0.0274300868826457,0.0507527356924676,0.0263741452600849,0.0835432243842192,0.00959512140214528
0.0392994527759081,0.0300373922393688,0.0510331555217419,-0.00355004844873939,0.0516665114597365,-0.0207936690488385,0.048077994687137,-0.0277219863666858,0.0747673482482553,-0.0127907563238735,0.0284350872978221,0.0342262320980798,0.0491101679174777,0.0339848048971617,0.0508954770312401,0.0262528975929482,0.0506088158577974,0.0284839248739504,0.0826569147848558,0.00518491622377059
0.0235669118237893,0.0174777707108223,0.044789839561962,0.00198494150508203,0.0513344356783476,-0.0239434120727523,0.0498601095097184,-0.0276813742033238,0.0901437673299753,-0.00643059179286456,0.0247745575670079,0.0283866966744417,0.0455782604004647,0.034363727314054,0.0519780486041425,0.0277316864772329,0.0511237690896757,0.0296821921381043,0.0824275100197831,0.0105214886341828
0.0372556432873924,0.0148602711807259,0.047388612740392,-0.00988090824760356,0.051307476391668,-0.0258155563544487,0.0517980540970068,-0.0308152917382119,0.0949051014212868,-0.0120724065451314,0.0275474815897184,0.0281681835446495,0.0443472420090422,0.0325570204038839,0.0529288870941111,0.0300488639022699,0.0652376389163636,0.0120184113775296,0.0951708700573241,0.00560629408638469
0.0273588479044035,0.0103609069042714,0.0519265250635634,-0.008448739066465,0.0513006217474621,-0.0263621902472745,0.0479720709365652,-0.0298873492996148,0.0835256914033046,0.00256348874850713,0.0175855836996407,0.00620924441068286,0.0486862876801422,0.0217917087467141,0.0505132488358982,0.0284375655116973,0.0503435542394564,0.0302495589236526,0.081734575307262,0.0195435354806943
0.0104876724353667,0.0137954912476119,0.0506469249458548,0.0156420857753299,0.0533664298147336,-0.0214947489124899,0.0481073621008302,-0.029113274223909,0.0690324364367492,0.00107054143996797,0.0254347590040552,0.0384735806317069,0.0467143818377256,0.0398872445920085,0.0517323427862906,0.0280438868441751,0.050654405708471,0.0301213178435202,0.0755635768505147,0.0130026858356021
0.0421935397775498,0.0261683861453109,0.0562190672947953,-0.00903196408163556,0.0485093884210092,-0.0274887295996292,0.0585458288259916,-0.0308976418484582,0.095882679761443,0.00292751828409754,0.0214989041328755,0.0341440267947584,0.0487907413475067,0.0387923323106066,0.0504039071889161,0.0309519631043008,0.0603158569798237,0.0137506461235224,0.0900350446609761,0.00738636790125072
0.0248516207921253,0.0176221886473048,0.0554201079514862,0.00249364185700902,0.0330596843965641,-0.0182012655546383,0.0473352787090738,-0.0300280662602212,0.0634113794388591,-0.0171984849617144,0.0309677128132465,0.0374452045220312,0.0515377205665078,0.0338367878489873,0.049896262816422,0.0257158737004077,0.0532659317073435,0.029703639622288,0.052808583933588,0.0314735500811307
0.0262952688496303,0.00614099230083811,0.0474924099660245,-0.00811437533848926,0.0522573950937344,-0.0287108878973568,0.0556919301788388,-0.0301826796970332,0.0964564536374392,0.00274519286750376,0.0247822133107098,0.0246300359844942,0.047194737450745,0.0315526228103261,0.0512011859096403,0.0273819758148504,0.0686504552264479,0.00189581654866331,0.0946136341598713,0.00860909586593415
0.0550578411701933,0.0213594133401627,0.0565470632102419,-0.00725403737242906,0.0520861378744685,-0.0125708237697205,0.0922056571631434,0.00578005058609581,0.098557980864712,0.000211747969094218,0.0452938055010022,0.0394526535540813,0.0512556235878472,0.027357466215671,0.0497886935158732,0.0286036017318976,0.0543182281955586,0.0319125380774902,0.0522129244158273,0.0293529278393554
0.0412936381665877,0.0333249165743324,0.0434715743584408,0.0157922095810144,0.0562927874753827,-0.0126971483793827,0.0502801027026462,-0.0273148581286081,0.0516618491910102,-0.0214687578832037,0.0287466707091583,0.0410017472909563,0.0469143703849835,0.0380816008348768,0.0549237470794054,0.0265988183221916,0.0496591711534304,0.0307361946771694,0.0587932277818397,0.0216398494141113
0.0321062658533214,0.0292246155229956,0.0542406439948215,0.00587664976045852,0.0410282853979687,-0.0195476731864305,0.0505809322583378,-0.0273452543606838,0.0499705455114898,-0.0172137644118993,0.0285293123672622,0.0406593910413797,0.0489183733566162,0.0358352656347918,0.0493447037144732,0.0290615564211899,0.0510992141541951,0.0306816561039195,0.0637875068336268,0.00790532161514107
0.0388315421804601,0.0260956917664384,0.0542513432496806,-0.014745744950155,0.0471426692531871,-0.0291488617717704,0.0495371603104787,-0.0272043752979442,0.0594834473541523,-0.00875416332375917,0.0281006229046405,0.0407395640917886,0.0500513294243339,0.0333980786409127,0.0488960291408285,0.0292882925211251,0.0508123656521672,0.0305444243849251,0.0760763533847172,0.00723946049807083
0.0121329610590223,0.0165748751585959,0.0477174888288353,0.0031674252603495,0.0493578902754379,-0.0235971889684051,0.0479817359427918,-0.02844666828134,0.0616051031648404,-0.00965306193279587,0.0193051194280782,0.0245099022288508,0.0441086811231616,0.040822356438377,0.0495850346204782,0.0303143973696718,0.0503716071676514,0.030387186001499,0.0643965066313278,0.00734417354793945
0.0539629800327413,-0.00102526528369246,0.0461789528274418,-0.0344185716898365,0.0509734266870046,-0.0298420492007338,0.0893797857395126,0.0224170242274484,0.101948303340147,-0.00434951850378791,0.0408012234617234,0.0574542224634268,0.0515699231499799,0.0392809305438679,0.0491479117585358,0.0314473666517933,0.0509897427410737,0.0283648965886493,0.0746826843334472,-0.00291506611005195
0.025731293501164,0.0161300309640124,0.04907944379211,-0.00093007620462545,0.0523563451608847,-0.0194838154634861,0.0504904401395338,-0.0294603545970597,0.0578586958704257,-0.0185018637461686,0.0175592749791415,0.0241941711049879,0.0397026290835679,0.0343421974191234,0.0506497252112861,0.0294870509277683,0.0563879756434538,0.0168505550839136,0.0777812420758109,-0.00641402581874668
0.0304504357046214,0.0219475465135702,0.051180265897783,-0.00948237182479638,0.0511235718182436,-0.025601263355969,0.0500873707312513,-0.0342517190604225,0.0816187881230998,-0.00315953834801244,0.0263363265257144,0.0341040185957803,0.0489473848713741,0.0333504600335995,0.0518985479712168,0.0299975981991703,0.0581359529694151,0.0138898874376582,0.0883256110988,0.00666925254126473
0.0237205167181529,0.0244132349271025,0.052887504317479,-0.006478698104838,0.0515995132702617,-0.0272137244121242,0.0492392448428219,-0.0276825834419701,0.0960962468624573,-0.000345271192110118,0.0238514289715137,0.0328152716178117,0.0488205795118072,0.037508565161763,0.0513906006156425,0.0301552070405225,0.0570833734732886,0.0137652184005084,0.0905601794928346,0.00451512188357832
0.0391915551344479,-0.0123746399347805,0.0425555813651492,-0.0303097715513572,0.0518226555934455,-0.0280085220037849,0.0861708991730641,-0.0015968405631456,0.0979518612370504,0.00632032825171969,0.035754205286624,0.0498374259841367,0.0511471552287412,0.0372115058660185,0.0513256707711908,0.0306163064108663,0.0507546458124648,0.0285895084631186,0.0734413618839912,0.00350941617834308
0.00150765727385928,0.0118911329651737,0.00163171037540264,0.0122529359362273,0.000512519758119598,0.0099032411472006,0.00238240207899584,0.00835393519033768,0.0476274056437324,-0.0172419780493151,0.0240784748602525,0.0373387406214886,0.0435449987834589,0.0349931540828551,0.0511711858492864,0.0297716965729446,0.0559919135994723,0.0266450197465641,0.0857549467973666,0.00338841176287043
0.031770620797546,0.0146406902416225,0.0483545998937219,-0.0146935275641869,0.0512073200464437,-0.0274540762584457,0.0504655491499103,-0.0351761588614626,0.0536308529809357,-0.0294682340521246,0.0232822514591571,0.0328998134149124,0.0474591175970684,0.0316185016399403,0.0508532896772708,0.0287345867613106,0.0657362841119844,0.00919658020089774,0.0778966028506258,0.00111460478280047
0.0193629536949772,-0.00603938220223539,0.0525237306794142,-0.0231092227486403,0.0492413654434998,-0.029880484736662,0.0515056637037051,-0.022595064986413,0.091753105874599,0.00522855172242827,0.0315788026190853,0.049768772781107,0.0500603302360065,0.0403742594790102,0.0507300257114067,0.0301698955636798,0.0509206588495594,0.0264293521687459,0.0850733898277017,-0.00190916846434623
0.0397598549879377,-0.00684549134703597,0.0467770949722797,-0.0264373666842206,0.0494156315531817,-0.0304540357199385,0.0517127337439217,-0.0272776388312587,0.0745370449994537,-0.00719851275863951,0.0327251975438962,0.0475910236864067,0.0503912764650865,0.0378143316659345,0.0515475153040953,0.0294814310576475,0.0508914370767809,0.0280017839856789,0.0775142950988622,0.00147329454822813
0.029414063802702,0.0140623769449711,0.0472647116324434,-0.0146827794219473,0.0507887642804352,-0.0249069766040022,0.0506824552180784,-0.0299483677036246,0.0950430174455315,-0.0102796970155926,0.0162857269502307,0.0262941904322576,0.0407332602143825,0.0341975545707988,0.0498116585405437,0.0304794040246453,0.0626971220587551,0.0139165019474254,0.0899092920130219,0.00261412286752401
0.0384782766551738,0.021122213729596,0.0519074803210747,-0.015242763360898,0.0494089943251891,-0.025962284190308,0.0497422893987333,-0.0301620927547409,0.0751347250904817,-0.0097695502464766,0.0246275353215364,0.0372125903281431,0.0482944497597203,0.0344413147070775,0.0504051454145843,0.0290314165185294,0.0508793854131138,0.0287868381814852,0.0772913679292975,0.00625102026697199
0.0360502833016234,0.0126905166366263,0.0466464941222594,-0.0147037841563948,0.0491861494463081,-0.0260731660214073,0.0485414046730831,-0.020238311237741,0.0873499803751191,0.00985710119967944,0.029888121958055,0.0357602198673367,0.0475152169475642,0.0347048178628897,0.0505934261206908,0.0297096505692018,0.0516103229066284,0.0300396357886948,0.077168411927082,0.0190740864794663
0.0387038321346659,0.00984262059220107,0.0566645315962247,0.0158986768168456,0.0538592312401706,-0.0225987473974092,0.0498552421844344,-0.0307298622919594,0.0502925037810051,-0.0243586940786464,0.0380270607341032,0.0370395213604517,0.0531191896929537,0.0386394330469697,0.0499761951889275,0.0271449809743674,0.0495146353666435,0.028799062458529,0.0536976772039032,0.033185561241501
0.0370050558265274,0.0138022744788772,0.0536912441009663,-0.0228239055227229,0.0487058599191174,-0.0280613588076509,0.0492447048591558,-0.0319122971459638,0.0918156968515709,0.000112748151672075,0.0321489750404901,0.0386578728258522,0.0525571894846059,0.0278173778970443,0.0496917154727275,0.0286794707157511,0.0505141755473062,0.029568071178882,0.0903453797578506,0.00967902125287845
0.0440313912847703,0.030829080256627,0.06098082137046,-0.0116585343925608,0.0511211287314249,-0.0255935643102798,0.0485720902992333,-0.0244763649180427,0.0880126554630646,0.00603159383408043,0.0324517026470125,0.0423028093464522,0.0531833745960712,0.0304476793885056,0.0500946012412303,0.0288808693811049,0.0504286603252865,0.0274331158508583,0.0728614375508757,0.0255061962174121
0.0416377642612469,0.0250206187769997,0.060037956567266,-0.010071399761191,0.0529035672549183,-0.0275464050501944,0.0483101866940278,-0.0279762382019619,0.0728828629264696,-0.0161435928932561,0.023116020127118,0.0338151365264381,0.05190321082138,0.0337426899227,0.0508441143508601,0.0300112010802076,0.0504793222247913,0.0296465578451824,0.0868823000682951,0.00330337531986678
0.0503160750807317,0.0304738076299543,0.0541587654758524,-0.0118430257774635,0.0516958957040461,-0.0255431218144676,0.0532229736275218,-0.0353787770796545,0.0623444323083995,-0.0264645260733723,0.0388188373264022,0.0393695120678212,0.0505297412558555,0.0297683279695951,0.0519797894318869,0.0271129641926527,0.0774595704104779,-0.00707998764609071,0.0956558190693849,-0.00274181231045297
0.0317246286445662,-0.0116125751899738,0.0392678162640104,-0.0265196082102017,0.0467318259414305,-0.0278452643411352,0.049564648032635,-0.0296972796398878,0.0749294252764245,-0.0188195843584797,0.0343864990666629,0.0442411372150437,0.0442752923933995,0.0406553916934949,0.0505086027401227,0.033217226780752,0.0515491675828763,0.0300430470301022,0.0633365236135106,0.0126311347503152
0.0295286767741052,0.00843092350010714,0.0443780663412763,-0.00782505305473416,0.0499421355055291,-0.0244975758709224,0.0485229665307208,-0.0309427133895796,0.0826620577414616,-0.0165736397750746,0.0200791703756561,0.0272785394511179,0.0407779694819223,0.0339482692214362,0.0508860649632324,0.0303312861062671,0.0617313725134762,0.0130702793259235,0.0947147557223409,0.00328047031024718
0.0199137609374134,0.0167306261995078,0.0472361983379725,-0.00191053563021917,0.0526823980081511,-0.0256740835411499,0.0482160462124918,-0.0299805414540712,0.0572611713590766,-0.0295744825268169,0.0241433421878598,0.0306908550250056,0.0475397224875289,0.0360514415985817,0.0512992480073812,0.0284885227778849,0.0543995363489193,0.0257177444286661,0.0784122289206351,0.000103431590987253
0.0218585292531321,0.00752118652287433,0.0538149525234997,-0.0290491532650607,0.0464200364490505,-0.0314129356518288,0.0506670127298479,-0.0312489689382424,0.0987432273060248,0.00336917506850521,0.0392465496021753,0.0580351377295835,0.0529640437658918,0.040778603978414,0.0516608411286021,0.0310115276346255,0.0509683307308281,0.0266705859862724,0.0716176066367288,0.00397975121223091
0.0264123554796266,0.0250041626000494,0.0476835205369599,-0.00140117442224925,0.0484991192903105,-0.0224779193496349,0.047268467598465,-0.0270043551663193,0.0527477312718038,-0.0296440155735282,0.0212127730124347,0.0327154052859138,0.0474642858705979,0.0393960841714984,0.04995306863667,0.0280312141366025,0.0508087719182831,0.0295349761970728,0.0663938597215392,0.00454140673676579
0.033624821229023,0.0136975081583917,0.0495144892310874,-0.0155693301643436,0.0551293116114488,-0.0325885832117483,0.0550990223861285,-0.0320639148032925,0.05779154892817,-0.0286414482739254,0.0234697353977138,0.0264569504449629,0.0473833358048028,0.0348461251457411,0.0515859617694945,0.0278313803347065,0.067338964588063,0.00974215026203904,0.0864920101201539,-0.0048479983654928
0.0218197335564482,0.026731853710168,0.048936926345781,-0.0159795864926213,0.0472372529873036,-0.0247475663613703,0.0506234840288921,-0.0266803195150428,0.0969670208588935,0.00677505302881297,0.0355949413038748,0.00473956367676163,0.0573253527518859,0.0103662491368101,0.0526456862196183,0.0206705659192333,0.0501827004467826,0.0288094837598901,0.0717416596917155,0.0309415710386285
0.0539153161264614,-0.0207524134857835,0.051118385558865,-0.0273185370184785,0.0645821959273707,-0.0168264361920524,0.0947065719955163,0.00674625573218935,0.0980095301617891,0.00146981234485957,0.0479782451582686,-0.00167227093067394,0.0513006602375243,0.0171952084333947,0.0539718259477455,0.0307655182028694,0.053590065586821,0.0322816170565326,0.0540783739617538,0.0282918077279536
0.0329279790137496,0.0174472868997521,0.0482977375618557,-0.00597473256158234,0.0517919058985144,-0.0239998383334825,0.0485883481195379,-0.026291180538415,0.0501666855041901,-0.0287246081122181,0.0244129350623888,0.0367651275959065,0.0415750378386151,0.0378843966630248,0.0495596985773766,0.0324085623104868,0.0503220362681397,0.0304916246920459,0.0534501235997279,0.0257249821939793
0.0247188208348554,0.0189795525328512,0.0558952440982828,-0.00827477205972156,0.0456846505839919,-0.0260197186028703,0.0509093316867908,-0.0307009920380415,0.0534471850790359,-0.0246651913534693,0.0286923652791488,0.00636705286059825,0.0591367697752933,0.0197900555167543,0.0479141245783554,0.0260747306099873,0.0512672547458702,0.0292344809261641,0.0679565558254377,0.0161959591348481
0.0283305792481056,0.0371039745580936,0.0471263036894036,0.0107413109908903,0.0525068339089417,-0.0220142668263813,0.0511378975027641,-0.0326549144514413,0.0662968173324165,-0.019681928838051,0.0116091046732985,0.0278571429037799,0.0398607336669832,0.0455435218332472,0.052019369582316,0.0282793395662071,0.0584730382534728,0.0159753915034324,0.0772849572534552,-0.00226975225238212
0.0262347449036992,0.0204535804982189,0.0559174300745663,-0.0106454318059648,0.0477336516228661,-0.0266684941008622,0.0475618366802146,-0.027389127088884,0.0548132347457167,-0.0139489892434876,0.030082878367805,0.0114418296727586,0.0581579157669678,0.0173680475152153,0.0494692352814478,0.0253835712825654,0.0507863152859075,0.028864607528114,0.0640724148388638,0.0239072182079992
0.00262748392863187,0.0127959301765017,0.00239221900895543,0.013149981895503,0.027517752310181,0.0215859659346915,0.0499646257637902,-0.0335268928168191,0.0806798241832804,0.000242432350669975,0.0264551083243859,0.0403155605811304,0.0451762910032944,0.0448511921367828,0.0517716887540887,0.0348931864959371,0.0500189358533021,0.0299841176372755,0.0703256726688907,0.00372822759823597
0.0380362138302959,0.0120022737178334,0.0278598509299119,0.00437296330400279,0.0434804797208213,-0.0204965367125933,0.0511669295461803,-0.0272143883130997,0.0769876650946683,0.00248786078394413,0.0129446795333,0.0207839144620075,0.0406044481814923,0.0110608481744241,0.0539286162754787,0.0227166605993107,0.0547391193969131,0.0361278569619793,0.0911844216299041,0.0147087788463177
0.0325794864741873,0.0263994461724367,0.0655258286189623,-0.0202809301368261,0.0504348543312312,-0.0335982394419695,0.0467315569159554,-0.0331035209880958,0.0960754053722634,0.00540262566754868,0.0212495215785328,0.0132928992054924,0.0465925802598578,0.0231003645898263,0.0499691847884121,0.0326468976751823,0.0531838175200776,0.0228513960729385,0.0911020291861059,-0.00337849241552089
0.0263242280553148,0.0304921528586875,0.0448357163003541,-0.00818002326703772,0.0498428995602025,-0.0260113149700438,0.049817017802729,-0.0291223851811724,0.074282709177432,0.0169493377937637,0.00774990751166921,0.0201501380044099,0.0384246240328329,0.0143958489558217,0.0460489082579862,0.0240920023219256,0.0489534795326034,0.0284950621450752,0.0610269828399286,0.0346199087570669
0.00446662354719699,-0.0140381147850734,0.00937639237577609,0.00771337805891655,0.0502005022273583,-0.00440465442248784,0.0512190147047466,-0.0247456027075856,0.0544296876550493,-0.0332684660684115,0.00264942756339751,0.00979487570168465,0.0220106173768612,0.0159082089370977,0.0494419490807515,0.0289236624847122,0.0512745613800789,0.0267358621652316,0.0710970948398288,0.0122019885271761
0.030930734170983,0.0332936730573319,0.048021542808984,0.0026627332973804,0.0523430909977802,-0.0229213449072954,0.0536838355270173,-0.0313872434791519,0.0617630975159257,-0.0229421382750123,0.0221273772232527,0.042187617253246,0.0451557066815087,0.0371319359119649,0.0507012575172524,0.0253024863408996,0.0740140258396101,0.00181085545281556,0.0865914314296049,-0.00296279095246955
0.0202464749847166,0.0174046835545505,0.0434953543682958,-0.00435249345497146,0.0477659158582632,-0.0218372589967939,0.0481704696917221,-0.0275701102182515,0.0723048196395296,0.00509884119170663,0.0277614108039346,0.00599301322562355,0.0495797989996557,0.0202652700934711,0.0510789616366725,0.0280043204441721,0.0502150737471789,0.030289743611841,0.0886457301825387,0.0223254234101567
0.028954460729376,0.0151660401366214,0.0518566400815052,0.0163741431681742,0.0536544598199663,-0.00919664270485905,0.0518215816925745,-0.0258970391493734,0.0535676210727793,-0.0297522901618086,0.00604943068276712,0.0190805613786054,0.030682678064485,0.0314066769824639,0.0529126418758316,0.0335625357898061,0.0511500425184102,0.0271831434371503,0.0696618635558403,-0.00524441808145621
0.016408599869014,0.0286480705366107,0.0447334396813566,0.0117937721156354,0.0509241797882235,-0.0179138026211783,0.0480050332145657,-0.0287139304112347,0.0724284283923837,-0.000902906636537674,0.0110457661482231,0.0253404631537893,0.034661838027539,0.0422859675807539,0.0476531767759687,0.0313853364012053,0.0516014010016062,0.0287958272710417,0.0730300346134771,0.0144641621111304
0.0245289079499248,0.0328222932450676,0.0473523608316618,0.00527921399887376,0.0517880407596432,-0.0219315849865862,0.0491498340804105,-0.030547299743465,0.0669065382174401,-0.00412633727235283,0.0195953206743215,0.0330519811947892,0.043849962127299,0.0454391472790291,0.051353281824025,0.0336919041740579,0.051819108643066,0.0282855383007342,0.0724140367989812,0.01484056866887
0.0308809161838351,0.0272284956135208,0.0394489600799083,0.0272316250461137,0.0507224776649233,-0.00812512863823379,0.0490109275573831,-0.0237870073488901,0.0519177540507383,-0.030683074981679,0.0269297043464768,0.0420932789126062,0.0434792052160509,0.0395800088527503,0.0497107668868551,0.0300779888588004,0.0505885886670656,0.0254596586037438,0.0756948992326785,-0.00399760766347275
0.0174498708323102,0.027305211551259,0.0438233909996978,0.0177182427284162,0.0513833229868214,-0.0151338814875211,0.0521347309299465,-0.0288263864814475,0.0564111988730266,-0.0248116057212698,0.0149095021429118,0.0297927631286125,0.0367437111347279,0.0430877205691524,0.0489006462197081,0.0316817864069785,0.0554179737333537,0.022179787639353,0.0735892759223005,0.00154332260771222
0.021437559014214,0.0194186325998194,0.045947496996679,-0.00173475188740081,0.0524269402782022,-0.0222553324208332,0.0476088432857383,-0.0298072376263495,0.0600419226238428,-0.0269252080782936,0.014712930986263,0.0268063904508892,0.0406054437662198,0.0394328347104297,0.0510044018493341,0.0314284837375206,0.0605738814994689,0.0155029510755741,0.0879154371760256,0.00231072776969196
0.0366160033683664,0.0175967062901563,0.049410886560779,-0.00273700181264423,0.0526374106715495,-0.0224182580403295,0.0493947560215874,-0.0309172151978564,0.0551187670190474,-0.0131542551860004,0.0246900730903876,0.033618398077736,0.0477243423328327,0.038751327956579,0.0511295469124862,0.0313905254259174,0.0528223247170496,0.0253899666583641,0.0914476103747094,0.00689395894292871
0.00691429500542461,0.0178624018749909,0.0583600816959294,0.00572734010748251,0.0490040156742979,-0.0229390433950001,0.0483380377638469,-0.0317228499297934,0.0686722768818837,-0.0210943796061504,0.00807625031058118,0.0141416051059203,0.0398402755103569,0.0235228426035483,0.0519666215252139,0.0280611426004048,0.0500266384689255,0.0287608689585965,0.0619688118583359,0.020069430115999
0.0129008055524895,0.0242060071252279,0.0455103512641522,0.0146309248809463,0.0502787061583108,-0.0166187740849161,0.0511085486088069,-0.0299477508982348,0.0587269904447064,-0.0275363533002402,0.00951895117042011,0.0259930515533013,0.0268192955967807,0.0327140866065159,0.0496772293290207,0.038661560247611,0.0522472327066966,0.0272777624850619,0.0771396014389141,-0.00248020864489701
0.0405531183897345,-0.00829055145977422,0.0488810499791323,-0.0375466665348791,0.045841525906551,-0.0294858257670309,0.0520909816489394,-0.0258218877174969,0.0991459582855418,0.00235023340712379,0.0332610502240016,0.0510484133857024,0.0490885245534261,0.0466168075200311,0.0514456881734195,0.0323079457623887,0.0509276670723743,0.0276778389635394,0.0800486958926799,-0.000951528488982278
0.0324927430290535,0.0409560019039127,0.0505941800759044,-0.000289270781800607,0.0490352820990868,-0.0175557894340533,0.0496775699832742,-0.0289832056995936,0.0513803127139365,-0.0293927180102234,0.0166172395776851,0.0274163170773796,0.0401057031991311,0.0488008215753693,0.0503231542946775,0.0286745614933344,0.0518970485888075,0.026430362877073,0.0779277460812406,-0.00214604130157257
0.0204213074858496,0.0285446898266419,0.055311624414967,0.0029398136307246,0.0489686737189024,-0.0255513903239461,0.0494104857990121,-0.0258371620422238,0.0598364695577522,-0.0262526801687808,0.0290557399413272,0.0402742839475399,0.0495124334556192,0.0338019246276873,0.0494189246697588,0.0261426495861817,0.0498838819492445,0.0279176112810346,0.0823119148147359,0.00111368026654692
0.0216421496380347,0.0296948683412168,0.0476143898181933,0.013720410264057,0.0526185831678143,-0.020996048504279,0.0498802335430562,-0.0294852771541348,0.0595025358351692,-0.0188286612802988,0.0215072402402085,0.0355910255901498,0.0453570866086533,0.0486279029073572,0.0509064360694144,0.0330973828210709,0.0507241973217345,0.0283338756172694,0.0722976067071422,0.00410907482639448
0.040846601637939,0.0408197469952975,0.0574045411229548,0.00339948778099679,0.0491333586545737,-0.0231575265647835,0.0496614022573466,-0.0303539212541016,0.0689730012103043,-0.0160890294882556,0.0313168593171517,0.0482918842442177,0.0521482339371369,0.0450318036832956,0.0509454186333314,0.0303294019650571,0.0689589617725453,0.00214877495727473,0.0929871547054473,-0.0043718736110515
0.0273522138692548,0.0265970212626222,0.058585091342284,-0.0166136688399475,0.0490931145303743,-0.0285600350466488,0.0497481091472119,-0.0313986931942427,0.0578599637764033,-0.0161189275991031,0.0361415110245188,0.0594150929375867,0.051641279451371,0.0496017550007899,0.051436469614248,0.0362857233120554,0.0511860772145413,0.0270544620457581,0.0821211066821373,0.000452122361060479
0.0151338835657312,0.0237368873583586,0.0428175870548044,-0.0081443821687469,0.0487126494926268,-0.0244996870654788,0.0492339904168265,-0.0277546327077395,0.07904425090147,-0.00213988523984353,0.0228062404818859,0.034662881703279,0.0444904928143511,0.0417764953095503,0.0508136377313944,0.0274764113561583,0.0503784154245147,0.0281518581882735,0.056060151438969,0.0311644614820904
0.0196967726042336,0.025161892124035,0.0545680627636834,0.0100427281497022,0.0488145763621471,-0.0187592888211198,0.0492841484169847,-0.0258507885033238,0.055927675563308,-0.0235512432700277,0.0173823599218187,0.030066666593823,0.0493230449909284,0.0478506568289657,0.0526393576609468,0.0316113767694546,0.0523230761446863,0.0278550350937017,0.073651605209217,-0.000915794401621373
0.0274207176772857,0.0285862429615567,0.00156319214940329,0.0135266978102888,0.00064276478274379,0.0137630804254185,0.00185578395642252,0.00395122589270877,0.0459126633641247,-0.00854490911106752,0.0205497978959505,0.0357506453875992,0.0357868218168549,0.0429357610537957,0.0564309755248852,0.0356112475256646,0.0503403122996894,0.0317163213155127,0.0660180606169285,0.0140341907180153
0.0130437106490286,0.0206847084477582,0.0516093196641498,0.00953988266619181,0.0517855683275135,-0.0187491704024388,0.0474580179395017,-0.0292145277548049,0.0521731421014126,-0.0291839740479541,0.0201872054198305,0.0340761534134286,0.04987641686231,0.0460242018568191,0.0529183901379432,0.0316085291767276,0.0504682668399202,0.0289503252702071,0.0718355279256619,-0.00655422019894337
0.0249550432674927,0.0225193674193884,0.0479672008450758,0.00987712911684972,0.0519775320201904,-0.0218235483061432,0.0494065073605913,-0.026718472852122,0.0549010967736639,-0.0203035754878357,0.0298916890391546,0.038992010178985,0.0515752164621324,0.0403457743814719,0.0528801407835919,0.0276691650901881,0.0507978178152735,0.0281437565497504,0.0643023567732526,0.00527039468189558
0.0285919088944133,0.0281256647573162,0.0570193851605317,0.00467377357567944,0.0510959610167857,-0.0227520070731849,0.0473966485273335,-0.0296521510154796,0.0586054149314203,-0.00337597728391796,0.0330927492157488,0.04579309232408,0.0551084143968758,0.0376437269457423,0.0521212895456001,0.0262147536610451,0.0499526442273609,0.0281916673813239,0.0547778418925579,0.0287956102620905
0.0245508071921637,0.0318810985848539,0.0521724893006744,0.00900336445982388,0.0501544268834778,-0.0213273738395572,0.0492006454062723,-0.0273041338765357,0.0551169811770877,-0.0257992376912386,0.0225870374503815,0.0368048393211003,0.05089923954699,0.0482069797381484,0.0539833894357928,0.0303859368814503,0.0507877757154409,0.0287305152177032,0.0687172010184297,-0.00335083381903664
0.0231732314676565,0.0340757475319082,0.0512060478488601,-0.00208401865355436,0.0479983279634582,-0.0252109577859207,0.0489117593068387,-0.0285802855505416,0.0604524106063153,-0.0201912336108835,0.0167588183909215,0.0290000499113662,0.0475454130510325,0.0458495297604276,0.0511070259118161,0.0313141027767064,0.0519897634703586,0.0274652697260401,0.068713465762017,0.00137118875112943
0.0191560437879867,0.0216573038258709,0.00826766150424694,0.00664687474642508,0.0484826770213494,0.0044694165261608,0.0504473544362173,-0.0244198753481191,0.0499189994092368,-0.0296712410570252,0.0229150292043275,0.0374826082586831,0.0463595711459292,0.0372581553294959,0.0508253601954351,0.0282009078136407,0.0521473566391994,0.0280152012543441,0.0756439019254652,-0.00214445546320252
0.0377733216824701,0.0311732581205774,0.0502955399088349,-0.0160836201305641,0.0478124418501352,-0.0297177390588186,0.0479571334215781,-0.0259613510170774,0.0908296708257783,-0.00875353180921601,0.0164270375893451,0.0167387625344393,0.0467288299949161,0.041615419372509,0.0539477574500911,0.0304196241710635,0.0515707616477782,0.0288247373537209,0.0540717629117459,0.0249123026252465
0.0137766556818047,0.0131694116687876,0.0456149917466688,0.0228570411466456,0.0560019923435709,-0.00128841797847671,0.0505729676881488,-0.0251182064004828,0.0514513307158645,-0.0236500049910094,0.010236767697628,0.0261423738002627,0.0389151735587397,0.0426895517549561,0.0502369432076397,0.0415979859839652,0.0495394412830445,0.0296557038596237,0.055580157355358,0.0277539804102224
0.0494870330138622,0.00509253148485,0.0465361256034898,-0.0281023521025814,0.0491083398220927,-0.0268117228631959,0.0514932862642555,-0.0283841350782072,0.0983944728107622,0.00549347715877071,0.0424042544802383,0.0612973427778244,0.0526502404015551,0.0428295708230054,0.0523643049990705,0.0312520622179774,0.0508721056507713,0.0276538568458837,0.0829068407052997,-0.00740977857042098
0.0588890478351432,-0.0222368260261173,0.0409169896978307,-0.0346592548977264,0.047928851134905,-0.0314681207326358,0.0596866829521581,-0.0221443296050099,0.0931658532746593,0.0229092391526305,0.0378577636885523,0.0505724380181423,0.0529021915477354,0.0371864961093022,0.0518487680276749,0.029709808882116,0.0523299486761923,0.0178377885196183,0.0872728644729774,-0.00373074696237528
0.0125428894047634,-0.000544986965716337,0.0409857509471696,-0.00118382410747719,0.0462318475172924,-0.0240150117621441,0.0487328490980382,-0.0284622398089584,0.0797449963758364,0.00501369450118335,0.0267805605625129,0.0269789773142331,0.0448093832466472,0.027725395823074,0.0498079868347242,0.0292758091441564,0.0621350217714046,0.0370619269487099,0.0936135347136203,0.0108065531554653
0.0226007435732428,0.00102822819215627,0.0460967817038946,-0.00289402708939365,0.0504095694407207,-0.0238269300224854,0.0506218099574587,-0.0248898110760716,0.0985094697889844,0.00290421826376538,0.0206848920937714,0.0177454679126951,0.0439755181283034,0.0323740879084609,0.048788895057557,0.0302334159752778,0.0529381353700741,0.0309359883352057,0.0919791270273002,0.0125595227223256
0.00680163194710525,0.0163618872707795,0.0447310794797183,0.0308195884871642,0.0554230617666015,-0.0121724515138309,0.0503441416348281,-0.0264193297661694,0.0515105088853688,-0.0261776609107192,0.0196269981937726,0.0342156779992153,0.0395598851052935,0.05639761063677,0.0535057753588259,0.0343511264825573,0.0507167613608214,0.028098507218363,0.0673623803591141,0.00251761637984032
0.00943627145908822,0.0140570319252272,0.0511517196928929,0.0072756654663809,0.0527841633487318,-0.030722157981736,0.0475304636028893,-0.0296613143368231,0.0577576140148931,-0.0201998195591543,0.0204305340427631,0.0405109589426851,0.0472332998760238,0.0502669372745944,0.0502909487802227,0.0337742651823225,0.0514094538016155,0.025789491736263,0.0793093904613789,-9.12516401842725e-05
0.0256861915657488,0.0295775963795497,0.0490053615404869,-0.00726803100379887,0.0487739866156755,-0.0263313836610726,0.0519822579150735,-0.0330182864519975,0.0637236962434565,-0.0192125987841871,0.0142161387254932,0.0273303177985212,0.0444141501487815,0.0426115757038113,0.0510766889445214,0.0290194106998872,0.0672604899008317,0.00443864228237486,0.0823710363958262,-0.00199585385029014
0.0298082402047256,0.0266044077332516,0.0450017405088859,-0.00495231867140679,0.049188130310021,-0.02482011408066,0.0474876003689833,-0.0258531370594137,0.0883426586887644,0.0151220783138411,0.0213354836105067,0.00479137228023192,0.0439928721517249,0.0292284673753512,0.0523044201846736,0.0277504652317857,0.0491261132511261,0.0295803505554396,0.0867498692913585,0.0254948735006131
0.0175302822570678,0.0240016449194684,0.0414497382667482,0.00875267918926702,0.0535375601936179,-0.0245693581251484,0.050192132323019,-0.0270017749073406,0.051960291433094,-0.0160446018395249,0.0207905903229231,0.0355744396763695,0.0437023273426518,0.0471468035263477,0.053512409454675,0.0311496144898315,0.051295612425375,0.0299734452077655,0.0559962683900709,0.0124707095398391
0.0211766904894355,0.025802147348094,0.0433209323436654,0.0147731232165709,0.0490725762230362,-0.0229988539421896,0.0498135217385461,-0.0265125732317782,0.0562787898085329,-0.0121735228663924,0.0205477983313525,0.0359514293584681,0.0420420296182727,0.0523558873158835,0.0505138657968069,0.0315062004604855,0.0517457901093866,0.0280006947383564,0.0733443190365932,0.00697210970776897
0.00474481764246947,0.00932433344235545,0.0456272226223371,0.0388076130635564,0.05676125318989,-0.01341549460604,0.0498337724830349,-0.0309079215850026,0.0620423988399774,-0.0125552349968049,0.0212746993706857,0.0369137092604983,0.0376438673409266,0.0553145414823962,0.0531525316543939,0.0412040150902788,0.0514254731293265,0.0299774385144609,0.0544147822652691,0.00895876813604202
0.0222640839289825,0.0341388228411053,0.0569710286563207,-0.0355215228575661,0.0496498811671519,-0.0266918517083979,0.0477599258155897,-0.0287078748510577,0.0550764936344187,-0.0261118391699312,0.0234531035692934,0.0444491026704684,0.0476729543266168,0.0558679504759723,0.0506174352949601,0.03353834752577,0.0527549243513789,0.0245417073240634,0.0871746374676644,-0.00200578862443117
0.033310493246136,0.0432522702250555,0.0591716279749587,-0.00443778854937057,0.0498733354721204,-0.0281856640738872,0.0585767901025283,0.00677967492431061,0.096597855197589,0.00655238863693682,0.0212465178410751,0.0327307759374526,0.0528689223579964,0.0381249838783263,0.0492278054021933,0.0258110531559672,0.0501169034237476,0.0291618711467482,0.091023592603321,0.0173933644892036
0.0231943698830856,0.0290162032503587,0.0529350507224462,0.00363460747089963,0.051960518875747,-0.017458765096852,0.0506900258431386,-0.0247274885535134,0.0542442016194739,-0.0161546604534062,0.0263827065558773,0.0433211255621272,0.0510407729155667,0.0398094215479997,0.049461866360939,0.0314634422805982,0.0498212235280186,0.0283253588905854,0.0859811372006322,0.00653438830909558
0.0184945094805791,0.0291394351059907,0.0472858623809729,0.0100380019439259,0.0508380151037297,-0.0244332486673129,0.0482101303418199,-0.0280005817735211,0.0863554926835495,-0.00281916116794521,0.0145609683717432,0.0300806105544023,0.0449976555154524,0.0470288160616398,0.0504013627083086,0.0319984108966934,0.0510876425700507,0.0275091559813782,0.0899867783584101,0.0055541331986327
0.00148076741863289,-0.000527584071424022,0.0025748682544788,0.000972527637058798,0.0456043235294973,0.0121595649173069,0.0488233992348796,-0.0250130153477658,0.0528091706380062,-0.0346467538469333,0.0215574824226928,0.0271831436887651,0.0502180862295528,0.0343641461907593,0.0516596128867264,0.0239522106961303,0.0755368274863131,-0.0017635135450103,0.0955360220700846,0.00568837382793099
0.00722855054631791,0.00920315691202107,0.047910991281773,0.0272816131336317,0.0539833970331823,-0.00980322733669855,0.0501452726608063,-0.0240103280479905,0.0530408178157915,-0.0295723440405202,0.0305122693222975,0.0432938980512336,0.0482533437600208,0.041776709780818,0.0512782131704253,0.0282591930626686,0.0511544413844697,0.0254180608224559,0.0746329476879064,-0.00323777718250169
0.0458386330433904,0.0315104460244254,0.0530607587583285,-0.0141738931405023,0.0520253147905835,-0.0248672081096959,0.0507748377747104,-0.033024810324328,0.0530671845388212,-0.0273610508526224,0.0276365508129023,0.0401310574359438,0.0499420303960623,0.0455600209093,0.0513476747290672,0.0291126995677133,0.0676686849232135,0.00156728428733443,0.0864380460288577,-0.00846107905826015
0.0319387971888072,0.0331437736170185,0.0470785599889773,0.000960202348816923,0.0521146651028993,-0.0219346293378685,0.0493403851188276,-0.0273193021803241,0.0646574276457886,-0.0183220755697703,0.0209505302226647,0.037882926446512,0.0480572144663149,0.0440018774889749,0.0515760571373671,0.0328679493426939,0.0518181458504568,0.0257167127206257,0.0773927617467772,-0.0023250865675894
0.036317347827139,0.0496781546160749,0.0511165937669021,0.00833661370111557,0.0546762299647221,-0.0200332522566028,0.0493654615849484,-0.0291317591200221,0.0958669847986617,-0.00943484127691064,0.0315437098666095,0.0556130163101911,0.0483119868022062,0.0503099871115381,0.0527430320589689,0.0283614171228291,0.0603890245046158,0.00131036734040371,0.0986345503009834,-0.000553211474275548
0.0321903142918563,0.035312289124641,0.0477741475448866,-0.000717070654877337,0.0520806389803132,-0.0226803026310932,0.0494724998312639,-0.0273576894723637,0.0578883130875801,-0.0195906827126007,0.0327995874968415,0.0431969837522686,0.0476909237296147,0.0372011469637352,0.0498500541534921,0.0311056474741601,0.0510627238151877,0.0276463399044604,0.0807010399308131,0.00445105825288503
0.00412455033967528,0.0072613900367173,0.0344275381437104,0.0222081686358104,0.0478812441459862,-0.0341704488999115,0.0476790830283758,-0.0294148009465578,0.0600914359652077,-0.019234095873808,0.0384292097120023,0.0587007816260962,0.0502583888008644,0.0510588877768995,0.0508232588627661,0.0361981028580293,0.0509871211185286,0.0292688749868591,0.0682992212067191,0.00853605475568448
0.0251327054898886,0.0353639407377555,0.0506539136792245,0.0156181349980026,0.0543037623902797,-0.0202742806097367,0.0494605039382355,-0.0277224031567775,0.0611745550112482,-0.0154727708922153,0.0237637849161916,0.0368646623946086,0.0473133571810449,0.0478290992237685,0.0514021574204886,0.0326199869184812,0.051352544699945,0.024588702398469,0.0757730287666774,-2.2061109938329e-05
0.0221057530665278,0.0307811345106276,0.0463269972001447,0.00839926959604562,0.0528126085559602,-0.022665108343682,0.0486326601476626,-0.0290857378878746,0.0740371296564145,-0.00616183344167877,0.0212067149220532,0.0373311123397909,0.0454506837135035,0.0442295474047293,0.0522173508322036,0.0324144300604358,0.051039783978491,0.0276892300499648,0.0603660804984602,0.0175190056814095
0.0291526742208184,0.0343605658839189,0.049919934588807,0.0114673902679889,0.0507803384060754,-0.0163494367907752,0.0484234897592039,-0.0276020100940904,0.0516855448595436,-0.0141876959608294,0.0288124302079511,0.0480329754626929,0.0490831292954752,0.048168354075798,0.0518788707013269,0.0343454839401897,0.0499269855924126,0.0295912304012284,0.0619985462437703,0.0174669201841734
0.0198894742318411,0.0255380439838286,0.0527857879338284,-0.00456521854013785,0.053063437273063,-0.0263557414585046,0.0487889226026719,-0.0277944224644788,0.0599957074992525,-0.00892986387471464,0.0259648058391553,0.0398963330655379,0.0498554636621023,0.0421250174143202,0.0520213567265185,0.0320924727943472,0.0501194120839743,0.0295147824673062,0.0765946172525064,0.0209996420753858
0.0253034303360713,0.0419309183874679,0.0559552373458677,-0.00293884368794983,0.0501476058033233,-0.032991866825748,0.0490984266572031,-0.0302036267952126,0.0835768856185261,-0.000864732832503709,0.0404640038606435,0.0632210803073001,0.0539997177919201,0.0485780854195716,0.0522511156170297,0.0340137991953904,0.0515742536008602,0.0271986362048641,0.0826637512366149,-0.00382032260445605
0.024687703385021,0.0218629162953092,0.0533757731237338,0.00318246083978239,0.0506181643945929,-0.0215813088470298,0.0525661555399914,-0.0332570385455479,0.0519728432809521,-0.0319988159941141,0.0287882596690878,0.0341883698333549,0.0542542145288732,0.0374125968119879,0.0489877901940656,0.0268899951160914,0.0718388754989124,0.00232726561781335,0.0905148268012,-0.00114919411673975
0.0309137278862671,0.0318176269087772,0.0489235548254269,-0.00613809996350738,0.0497994846596092,-0.0222639806338514,0.0468631222923717,-0.0289419956570181,0.0569377907896869,-0.0216883592893494,0.0280494284446749,0.0440710034688244,0.0508541404547404,0.0435620083431844,0.0526342411226467,0.0328187326448016,0.0510746350998637,0.0230593740594653,0.0803868077317716,-0.00134963231875903
0.0239254574940083,0.0298564883020247,0.044210144332219,0.00729853558360793,0.051799868531624,-0.0177928747543522,0.0502448306464519,-0.0272832888942609,0.0704518771807223,-0.0193329529670096,0.0183117094916748,0.0347632700787419,0.0397635689847663,0.0539079630248036,0.0515944026706924,0.0381434923635992,0.0521742026280343,0.0287972174036195,0.0682304751797694,0.00145760836328728
0.0188146275911265,0.0295771081990302,0.0530095803667587,0.0118163514173333,0.0512214085162674,-0.0204813021473833,0.0467454867466235,-0.028619092798612,0.0657440026057306,-0.0269825846029281,0.0169351390724332,0.0327017931072199,0.0458501477357896,0.0476227701501361,0.0510442266669794,0.0342848691047959,0.0516676084016762,0.0271139196492769,0.0686271928918433,0.00461571316156158
0.0274625594967901,0.0370813916593836,0.0656569624556734,0.0114339893236254,0.0528608277604541,-0.0226286421310239,0.0471804307434548,-0.0290236717980313,0.070936433156311,-0.0121286479332506,0.0199642379573435,0.0357210291126131,0.0468867106588482,0.0523710095546647,0.0558361967671005,0.0326375538573419,0.0514594251674518,0.0284718756303889,0.0537816512698603,0.0190262591672659
0.0251695867399412,0.0346665870366589,0.0576030159550654,-0.00872413458852251,0.0479592378324144,-0.027810844739575,0.0480733684923168,-0.0278631593745804,0.0710659881212384,-0.0131158104346498,0.0299885296908007,0.0496977120409356,0.0520162922196025,0.0395441699205091,0.0511532272732643,0.0317041958995324,0.0508275873978244,0.0274914570570112,0.0904655764603819,0.00967729893712761
0.0210338279311907,0.0201641051281344,0.0599020942119398,-0.0343992805390654,0.0465893290428048,-0.0327733278716711,0.0586005705646598,-0.0222169269762441,0.0965987955205382,0.00535486806914772,0.0383689469691893,0.0647683762974829,0.050224595573148,0.0534640321565152,0.0513196573870985,0.0350120258096995,0.0512975331204014,0.0299866159588852,0.0634829480933809,0.0157788490868829
0.0182165090912187,0.0287903841504154,0.0450158771951596,0.00633286923786376,0.048977505468028,-0.0202777561571778,0.049561930305736,-0.0261574318869866,0.0612628685904132,-0.0264981771880886,0.0259851053182477,0.0427727057965261,0.0498796937555883,0.048769501500677,0.0522451136836227,0.0313995937996451,0.0511043813620422,0.0295408123254038,0.0708783740278043,0.000511191334141673
0.00890266600296247,0.0173746109697495,0.0510321159471276,0.0270514612187549,0.0562731622897558,-0.013401705390273,0.0472744488029597,-0.028888090921517,0.0832810383081028,-0.0120297926156432,0.0255925435720021,0.0431259132073427,0.0472216987864404,0.0515287909578284,0.0535595042672288,0.0340923988425533,0.0496960627924751,0.0276754048045458,0.0900397257126046,0.00299008416958509
0.0131027092556872,0.0214381600185466,0.0407050808711266,0.021035778086842,0.0494804149852097,-0.0196587309708786,0.0485478051631146,-0.0311740225405625,0.0586155117371215,-0.00477441567262923,0.020048531819665,0.0351261586400355,0.0404999657490815,0.0556547556707119,0.052184053466703,0.0379729641259173,0.0522450696700332,0.0309774509595344,0.0547723110809874,0.0259574350268127
0.0127230109768627,0.0224738033715137,0.0112946513903151,0.01563046347832,0.0318439945656871,-0.00864554200447914,0.0565003306699675,-0.030675251989459,0.0871245411910532,-0.00832521983591967,0.0341760517180337,0.0553184244115344,0.0458776833674031,0.0419550758288086,0.0505833241352847,0.0279297319795381,0.0905371980751594,0.00047410346462274,0.0984488052556548,0.000343051864767318
0.0324536093307876,-0.0125877371998815,0.0508102217236264,-0.0356717136183128,0.0474328348908862,-0.0289755861904538,0.0581540143667509,-0.0243518005953106,0.0931101298337765,0.0226786045547465,0.0395306578294733,0.0612520668796331,0.0579124415287482,0.0487377796906661,0.0525771278002225,0.0371135958763675,0.0518264221329782,0.0286241048928877,0.0791638393895243,-0.00101182881075299
0.00306952336170944,-0.0004319005787898,0.00423054389677436,0.000743401867440831,0.00419632991852757,0.000752501555095898,0.00373927383918433,-0.00232203326252065,0.0468210758661023,-0.0164692505062625,0.0255110406872646,0.0412349442873253,0.0425974721007583,0.0432982932486618,0.0518739892089238,0.0293716859922168,0.0723998927896034,0.0115270152761727,0.0974721612715827,-0.00180651306141058
0.0271355313765121,0.0325759753244668,0.0569072516815446,0.00817508701691463,0.0510064775470764,-0.0204204189835726,0.0517891897611679,-0.0308086903875364,0.0725306683399619,-0.0234831605457397,0.030692508930764,0.0417378452534733,0.0529044033724581,0.0380428321490303,0.0511450344598306,0.0273059732689006,0.0690812264642872,0.00256963808758736,0.091955510490442,-0.00245583416280511
0.0116591527141514,0.00508648547145904,0.0376722038857713,0.0124548621593104,0.0457926910313465,-0.0162925958655634,0.0480690963737247,-0.0260334250452995,0.0769858709327123,-0.0223282312600855,0.0161861354607413,0.028997885424725,0.0417897294468302,0.0451841612186428,0.0496918247010073,0.0333474871605698,0.0533386986999114,0.0266159454845861,0.0838305464233447,0.00135308015349548
0.0254942935845445,0.0363672300384282,0.0612091177768418,-0.00394142957892853,0.0509196002804514,-0.0247273871941324,0.0501437878016394,-0.0299316008245596,0.05974336968296,-0.019219213959477,0.0270537110012091,0.0415781895539222,0.0577171914509067,0.0402849256450093,0.0524470943692942,0.028308120356103,0.0509575197048316,0.0276654274197286,0.0545136044350262,0.0279017569252456
0.0258440301060137,-0.0288897974831584,0.0445955038769679,-0.0325720360895454,0.0568243342620643,-0.0304502056395747,0.0927770698283013,-0.00424535891247265,0.0994034656237437,0.00227041058602567,0.0368612891476895,0.0200060425597876,0.0527877673428288,0.0395089647829455,0.0487679386835942,0.0309463495204261,0.0504607409378772,0.0289757512540613,0.0613216877572888,0.0170402056939179
0.00370759022903266,0.00305144587623458,0.027905168943961,-0.0137252236742162,0.0496193482745254,-0.0279532128793944,0.0958656291063757,0.0042174166353143,0.098252451474224,0.00170678883530675,0.020360632851411,0.0339083941003299,0.044798047640195,0.0385171172573516,0.0549327198522553,0.0342015974387253,0.050498191954531,0.0327477132721484,0.0514768646486138,0.0304050538093026
0.0416828101377427,0.0365852368924235,0.0547977126066578,0.000386964258927524,0.0500331604936224,-0.0187493038935858,0.0481447437300392,-0.026513187296991,0.077420752291046,-0.014803907317437,0.0369555254694434,0.0571501810718418,0.0524077281828917,0.0394964975645315,0.0515922528340071,0.0272566254711134,0.0498017274075834,0.0280332995348432,0.086014122085242,0.0142704296723643
0.0467783652278756,0.03731252181625,0.0513481069672377,0.00104530998080815,0.0543063353346378,-0.0224477929365837,0.0498676008000461,-0.0279945143830415,0.0816016337418772,-0.014595455088752,0.0300292941457822,0.0512535388851332,0.051293248915742,0.0478983217208456,0.051095437620377,0.0328813154611921,0.0505908835204182,0.0290667352297682,0.0689889342694948,0.0206839466978001
0.0121453623720719,0.0186312378286939,0.061972899268096,0.0292078213760943,0.0594844936220914,-0.0128361434334493,0.0497642701293362,-0.029708431425227,0.0563283060398635,-0.0164167952081323,0.0188025396827369,0.0350179053638501,0.0435685397064343,0.0536782189073875,0.0525559995777799,0.0354545539264888,0.049007996836221,0.0276000267195816,0.0718228518907392,0.00702172376584857
0.0146098543346677,0.0240238588843051,0.0659047852531632,-0.0201481572431114,0.0411377314051614,-0.0342349811372948,0.0490056855962386,-0.0323622465618704,0.0895725820793238,0.0041440052096062,0.0354348254499766,0.0595774545410222,0.0482075008552761,0.0472772224832463,0.0509908761434685,0.0329189428183276,0.0510913238756522,0.0265262866875741,0.0800922871325295,0.00207601140517655
0.056194252317485,0.0455965653781405,0.0578672275091246,-0.000653680964786111,0.0498377053870479,-0.0226840527971827,0.049630891444425,-0.0276802410716956,0.0506185224932864,-0.00620182752244508,0.0231521020176439,0.0425243773180299,0.0528181175374258,0.043700377332191,0.0498425067013413,0.0309671444288435,0.0503675413912671,0.0283835305181139,0.063537658320744,0.0261016850787553
0.0332880284768634,0.022972505145227,0.0621102471983862,-0.00129164282683257,0.053519877300366,-0.0268514571172717,0.0495119740323061,-0.0279852807387646,0.058371952299462,-0.0308699808108084,0.0246180851850999,0.0395988503589819,0.0555445787997089,0.0450020442838376,0.0518253313787115,0.0325224728845568,0.0509469936988419,0.0289822989323849,0.0669918189058544,0.00934182540392154
0.028666713953327,-0.0174758109751894,0.0446390349834456,-0.030678210755238,0.0521400202630733,-0.0309947559525674,0.0770771413690459,-0.00583184633995719,0.0972917646976538,0.00992728529021224,0.0307931676031669,0.0465957340413568,0.0468772485131015,0.0489660618474167,0.0520792921752508,0.0346601705935488,0.0509678853899512,0.0301521989808047,0.0646490370990684,0.0143156036581997
0.0651531597808977,-0.00510919640787521,0.0524406888670827,-0.0228925877579618,0.0473932357685747,-0.0290818272309747,0.0578232692997009,-0.0254136083650632,0.0856060082205216,0.0126023983308451,0.0321216821360174,0.0456147355209989,0.0506869260001543,0.042981412676047,0.0524382917999452,0.033190754504354,0.0504137998418366,0.028330072305342,0.0776490078039075,0.00274674428883449
0.0378377326523836,0.0151669984089996,0.0579490119382985,-0.0249236090383039,0.0447883672377998,-0.029801420969715,0.0523248790181585,-0.0309474661709757,0.0879041101444825,0.0121527091126301,0.0367120805350671,0.0525218177391208,0.0532833100226216,0.0364116816585147,0.0519497022482174,0.028634565702444,0.0705050244137429,0.00613581924100621,0.100291746164238,-0.00531853336854115
0.0302495344273095,0.0303277393886939,0.0551082472484316,-0.0256417285500003,0.0477885204663477,-0.0281326124782268,0.0488677862565819,-0.0295686959113686,0.0852675670323038,0.00818120639833998,0.0458983399774109,0.0497785959646257,0.0511261846100055,0.0317088004993683,0.0541257015137194,0.0221661530327086,0.091228169413558,0.000444368525794977,0.0978522552309384,-0.00247411806460447
0.0190426293597635,0.0218903890071648,0.0532752006063175,-0.00903341761088754,0.0520529647235747,-0.0269715393919801,0.0485077708131875,-0.030261171493761,0.0609490076279768,-0.0212601028086682,0.0236148048955957,0.0396679190368056,0.0452600318704806,0.0419996015168475,0.0509608065944053,0.0323980174158018,0.0520513998328591,0.0258079467834395,0.0826895740749454,0.00514641579146236
0.0536531348391336,-0.00197644963197371,0.0500803169426226,-0.0273333736810314,0.0467332396777343,-0.0303099180545879,0.0510107617113957,-0.0310467418890228,0.0828722664220878,0.00982489271614993,0.0302199424232244,0.0447081901748926,0.0484675245120142,0.0382556723842343,0.0511551482713763,0.0298756379536262,0.0611702887354879,0.0155234773950254,0.095171453203314,-0.00160461479029686
0.0373548611955917,0.00720761994302269,0.0420035493096533,-0.0308040404851492,0.0522279519191348,-0.029173879955824,0.0522061688070305,-0.0283942894629739,0.0888270085653375,-0.000355699412837224,0.0358624126614068,0.046708879325443,0.0523127319036487,0.0344467786236388,0.0521471446753413,0.0291077332462059,0.0522144164068373,0.0253188549751767,0.0891433744921925,-0.000158405170974148
0.0368389565389442,-0.0105838091647566,0.0403497538837466,-0.0350462784328575,0.0493874586850114,-0.0311826668495866,0.066942163341542,-0.00836689117746051,0.0959044247029311,0.0145211898811743,0.0339480213877021,0.0459618804068744,0.0502784692669431,0.0333311097311497,0.051757622166034,0.0287272254719656,0.054171051193096,0.0230388347355175,0.0891707474019615,0.00115487375152798
0.0372669867309848,-0.0124070480067945,0.0486876690218907,-0.0265769507372454,0.05081765673144,-0.0307395730288713,0.0597336328211193,-0.014331588531332,0.0933194209073147,0.0231549383997805,0.040500630709906,0.0511148837232592,0.0520082990353587,0.0356372038548868,0.0516709986922433,0.0279905508405749,0.0559240019940862,0.015467038334089,0.0956355851806587,-0.00282558257216649
0.0301134862660612,0.0174658565293576,0.0463447876566972,-0.0196845341438589,0.04813567772472,-0.0324157184817775,0.0517058814039773,-0.00501053812387219,0.0757896641637114,0.013068449523436,0.0304352633694719,0.0496348920842411,0.0473185993200479,0.0409670458794043,0.050362986729481,0.030211199825912,0.0546515246358119,0.0208553750389687,0.0862169960002445,0.00325386698768041
0.0274691764848275,0.0149789793908315,0.0399712284554083,-0.0157924468467974,0.0482318091699406,-0.0306541599570955,0.0612294890853531,-0.0056427909749426,0.0883211038061986,0.013081966740529,0.0335152492567981,0.0496018397357161,0.049116328171818,0.0396512300150491,0.0500738724709783,0.028973829185939,0.058732411366799,0.0202862034636232,0.0912293999704675,0.00212037081756419
0.0309202433570817,0.0193069197394382,0.0460894259800429,-0.0175525288593092,0.0479991679134069,-0.0329053358052932,0.0582952710408157,-0.0147643819951612,0.0852106806397245,0.00374432262895191,0.0335292634844663,0.0477278291803686,0.0509623937073711,0.0396285098586972,0.0514700034579596,0.0313189783410363,0.0519642597572813,0.0241710034731527,0.087305006395299,0.00309605998449639
0.00536011395486941,-0.00633111516582638,0.0236602215260386,0.0135662447369487,0.0478659908830968,-0.0163202196870434,0.0485806694476992,-0.0256720155038755,0.061669420987605,-0.00801366347810803,0.0307753472633873,0.0479525801284164,0.0458466062527087,0.0408249821045699,0.0505426077615775,0.0294985864076966,0.0574586436824298,0.0162900003191578,0.0985939254781103,-0.005819745139434
0.0254638671867093,0.00736420490617098,0.0390862265725121,-0.0153944445138961,0.0489921041290077,-0.0307555318216123,0.066062311867016,-0.00476504473587315,0.0951741350065747,0.0174859759915257,0.0297046359428499,0.0484197128648778,0.0468987219244814,0.0422646101040576,0.0513266577037889,0.0313639186898563,0.0510116231197104,0.0255610497751358,0.0854660987661004,0.00144178006999236
0.0340304853012767,0.00365168154984253,0.0481342861392119,-0.0201398018944201,0.0490670901005005,-0.0296123250094301,0.058356773287692,0.000774455860657618,0.0920456329852557,0.0159109046746584,0.021841688192379,0.0373092170513279,0.0431127815117422,0.0465623787089798,0.0511707824977834,0.0330849319167637,0.0508317573569556,0.0271708551096453,0.0678290412061963,0.00818127466279064
0.016961114874899,0.0105215180948266,0.0474559142327082,-0.0150670363343617,0.0499903050142598,-0.0324073587978845,0.0473171436475999,-0.00647637561569638,0.0825951222016192,0.0026778351524577,0.0276791920726007,0.0457174478330179,0.0490356074809536,0.0384530460099115,0.0522609512073425,0.0300437981835443,0.0519175275112756,0.0272956912665878,0.0797657613255165,-0.000505846257280122
0.00750246714536949,0.0061384428893682,0.0567608684276272,0.00415714692087422,0.0489542826074195,-0.0257684351358339,0.0489472121284712,-0.0294757826673584,0.0796896555958836,-0.00262648014565248,0.0318347968666365,0.0515253078809847,0.0513685312232157,0.0388208692382222,0.0515900503310657,0.0290506745441553,0.0528271381248515,0.0139416952043666,0.0870648711691698,-0.00371498439300129
0.0277409246967908,0.00682344123101224,0.0505583674530227,-0.0222667828287541,0.0511146470970823,-0.0288562528341129,0.0501545658327099,-0.0254570903933226,0.0875957396426286,-0.00330051215305568,0.0321640813604784,0.0472922802947618,0.0461228288212218,0.0369188283952207,0.0515966091717961,0.0314203341817079,0.0514033332172,0.02673310128755,0.0815641189594295,0.000635699124937701
0.0302828425138153,0.00784343747359685,0.0481847627235051,-0.026561450665825,0.0487485299299621,-0.0300600096784682,0.0492708584107604,-0.0210071170477127,0.0778946612790096,0.000850371618663703,0.0336618080124584,0.0492369253860779,0.0497499907730191,0.0381138812685006,0.0505632139997789,0.0299106104246737,0.0522113895116565,0.0237660146575608,0.0857887632177096,0.00320531770040354
0.0184249510681081,0.0137188801472411,0.0644637767125542,-0.00567116598040654,0.0501677238005296,-0.0240609832013838,0.0483068979893203,-0.0288778918310668,0.0528859102873405,-0.0205713220987374,0.0282515323386547,0.0479600866454103,0.0477437628443232,0.0447968031414283,0.0505563991009341,0.0322496893397208,0.0515220902136988,0.0244450233004435,0.0788687141762846,0.0040484416640981
0.0275000975483166,0.00547299654981185,0.0441070388452404,-0.0226809258668095,0.0490807974155719,-0.0293043020142643,0.0639476178321426,-0.0208626003072109,0.0975077747288044,0.00465952844029827,0.031570229729129,0.0503710018212717,0.0509102604898057,0.0414356348552316,0.0506733550729792,0.0303578205942253,0.0535614080411599,0.0220487200455675,0.0870384750116857,0.00440182781719251
0.0372363818263486,-0.0189913919445166,0.0446056532321131,-0.0320772222578521,0.0493076827829292,-0.0330244215109322,0.0644684333002722,-0.00099048134071761,0.0941135154378794,0.0181802209170008,0.0280971769449537,0.047195858770204,0.0474062057843981,0.0430956298407774,0.0506803923878208,0.0303824153684487,0.0597920586164073,0.0131924112179318,0.096779487566763,-0.00337702286015886
0.0224720615764742,0.00757771319547819,0.0429522186862103,-0.0187161104324848,0.0471446698932862,-0.0320413280391545,0.0701841563428207,-0.0188980271893963,0.0953651332769062,0.00494771675044979,0.0257708452608823,0.0363280013204891,0.0439914567487287,0.0387699189712009,0.0495746470197639,0.0323919013882449,0.0518514983925014,0.027526400032118,0.0781679201358187,0.00573329099448158
0.0493068433020367,0.0195404485603441,0.060418173948045,-0.0180620686519712,0.0527110312168557,-0.0243816177587871,0.0491258886578915,-0.0287960418646472,0.062193083827373,-0.0213773411351432,0.0260606071133508,0.0428904504189362,0.0445334924857738,0.0421604320211262,0.0508497545816862,0.0320555061807172,0.0524613119774441,0.0261412226867768,0.0782418574768734,0.00645018610203451
