u1_1,u1_2,u1_3,u1_4,u1_5,u1_6,u1_7,u1_8,u1_9,u1_10,u2_1,u2_2,u2_3,u2_4,u2_5,u2_6,u2_7,u2_8,u2_9,u2_10
0.0762816977653581,0.0172551378453654,0.0939901272488539,0.00776223891816366,0.0988837515190968,-0.00303284191141337,0.0484349059111534,-0.0286441440041387,0.0463725585359868,-0.0313603379607925,0.0266093253243612,0.0219458094475435,0.0503561273941775,0.0258372367066661,0.0619175019226764,0.0226693556353075,0.099039748459293,-0.00265082185246435,0.0992250060235395,-0.00317495040016042
0.0117629472479009,-0.00150123553770213,0.0258213499499849,-0.0168631577620644,0.0482349590473428,-0.02715572302076,0.0698899899304304,-0.0207693467682904,0.0872107548859626,-0.00716243131831515,0.0275034651539465,0.041175178259042,0.0465496008613076,0.0267061279496815,0.0526420144160894,0.0261850038636034,0.0679529048715623,-0.0063855396822252,0.101522162038928,-0.0130565292182498
0.0157584212087686,-0.00429383187751121,0.0264171068505431,-0.0236665592316697,0.0469416582759509,-0.0296701163573479,0.0704985218097451,-0.0212472653177512,0.0933276785405227,-0.00761750161843549,0.0147184520128059,-0.0210460242351228,0.0443543285083617,0.0100982900751595,0.0482061426933768,0.0328463217152598,0.0511095878462936,0.0288458863874053,0.0735113255305916,0.0102385313816941
0.032307517297686,-0.0210643608371587,0.0702749381141242,-0.0211991835720149,0.0985894769723972,0.000681042759764926,0.0981720524134632,0.00104704935438272,0.0954180317314919,0.00669988212684643,0.00333666790319951,-0.00047769042904986,0.0034926678000187,0.00032934266183586,0.00420856919633856,0.00256022043062015,0.0529242927667296,0.0155674120034585,0.0502279560516784,0.0304094519590549
0.0406527965043703,-0.0212082339263962,0.083325568057837,-0.0139740852482672,0.098291931719467,-0.000383273434742285,0.0997012477347591,-0.0015892500343586,0.0989255686430602,0.000490272722757226,0.0329666402331979,-0.017462535598917,0.0535261512637107,0.00901411463470761,0.0486319112527499,0.0248877073731995,0.0517714134874591,0.0299026494992938,0.065140831833558,0.0202046649396493
0.0151586267870011,-0.0177317715584352,0.0402763019472474,-0.0271593257874713,0.0578905430380063,-0.0258485281001652,0.0927179228445873,-0.00766625533107465,0.0974859610524594,0.000572575970126397,0.00335321965700311,-0.00159306459446185,0.0130888432601873,-0.0382058187129991,0.0559042931162366,0.00330269310820329,0.0512759861009031,0.0281669273037349,0.057295716693791,0.028330525736634
0.0306639284373317,-0.0243894213468493,0.0568426728432403,-0.0242917153738129,0.0971959621284539,-0.000702009814683187,0.0981049683322871,-0.000554612519792391,0.0980423960518652,-0.000675522187262888,0.0132454602906113,-0.0220629861878853,0.0525680055745922,0.0131282037060562,0.0521906723174411,0.0283167073994408,0.0538045091878486,0.0245811257926635,0.0910265093155005,-0.0147426234286362
0.0186122856878341,-0.0115629742218656,0.0377279109378738,-0.0280309332339462,0.0617977475707572,-0.0256360639043179,0.0910397262568769,-0.0112951649231111,0.098861608599208,-0.000957621715520121,0.0242255769889482,-0.0284956641552538,0.0434537688780448,0.0101322553996248,0.0495105445982153,0.0281185425529315,0.0508556050405743,0.03102941491856,0.0689886271721938,0.0164155490821809
0.0212103235633997,-0.0106303637045805,0.03666143759537,-0.0250303198979568,0.0538064687374132,-0.0277114526495856,0.0732782375118792,-0.021914157876488,0.0952603070311744,-0.00665955503649273,0.0242365595492402,-0.0360913268261405,0.0647763088234724,-0.00928814818825439,0.0530696058564475,0.028789288003346,0.0480829502270457,0.0311155534494331,0.0548902647465525,0.0291283258654444
0.0143949682880139,-0.0145777138914431,0.0355443476288555,-0.0242263053708003,0.049914444697925,-0.031080154384827,0.0727111486539463,-0.021888789245524,0.0956571726620826,-0.00676466246627381,0.0248414047994818,-0.0411064959973821,0.0756110943426624,-0.00785704869659393,0.0562585758423809,0.0182938303834443,0.0499537284634179,0.031266172640388,0.0530688866369955,0.0271591971330348
0.0237300856956912,-0.0163074271164851,0.044680836135129,-0.0266534690215878,0.0682853086989119,-0.0217157079738201,0.0982779806299593,-0.00231743624328965,0.0985177394588327,-0.00106223631085121,0.00604373901532838,-0.0245252845603086,0.0644312263756211,-0.00986119759775906,0.0518406179171251,0.0284002731295126,0.0510890655730662,0.0286019270981219,0.0644732888796769,0.0218386446975705
0.013470400334261,-0.0100557692606163,0.0299588204576179,-0.024030352917441,0.0454991075398667,-0.0297348530884974,0.0587977992317254,-0.0295163832323701,0.0896550939679267,-0.0134466692836335,0.019477498277388,-0.0404503653328751,0.0653898356432014,-0.0024887542279139,0.0527505742871109,0.0301276624872888,0.0479981846181388,0.0296519106133501,0.0866330791253482,0.00309422738692181
0.00527985736701502,0.00025652163715773,0.0389889191177334,0.0215586394148474,0.0938210459008996,0.000520621767610479,0.086431909630516,0.00296194118479441,0.0912879011042983,0.000143213329865999,0.00407655175323762,-0.000894294403578974,0.0616295757394658,-0.031357081273253,0.0951427259258023,0.00495927974953221,0.101000620308685,-0.00127837562751141,0.0994889905402837,-0.00141226406492681
0.00788743560349302,-0.00730588559604555,0.0312381413898998,-0.0183465099762926,0.0446159307034602,-0.0255487535792645,0.0621314412274275,-0.0238087432974236,0.0700729400683774,-0.00865640721061524,0.0252856848845452,-0.0247497711002724,0.0596649915899852,-0.0126146820660705,0.0581380605723254,0.0104945831525537,0.0532049866843772,0.0298042252330056,0.0553316946619305,0.0309339931956111
0.0201288925125603,-0.0237713783738642,0.0517053758990328,-0.0254047234304499,0.0527433107104253,-0.0212681065307671,0.0822191481134081,-0.00250706005574263,0.0903229396712361,0.00367133425185752,0.0416572308683969,-0.0359368724396687,0.0603441474192973,-0.00970765244106396,0.0494782876487445,0.02143765520094,0.053623246810225,0.0322834329176689,0.0620739301465179,0.0262190436334478
0.030330956412612,-0.0135491674226883,0.0477608635757206,0.00275759460005607,0.0751072714082423,-0.0054641384001624,0.057907905241842,-0.0258906658918933,0.072428629630509,-0.0155837667208278,0.0412923298279763,-0.0252457828180569,0.0296553410544672,0.0315999525328013,0.0539613101345999,0.0324911132087752,0.0947238034756293,0.00709622652975509,0.0984153930453556,0.00026065826656082
0.0371905779871933,-0.0213581946667324,0.0578960695814394,-0.0228593397169514,0.0794229883044736,-0.00332710896758022,0.0828082266063831,0.00282254729995374,0.0688517742815918,0.0166841364340134,0.0486937247498246,-0.0374671657241322,0.0611827771935842,-0.0214603579927,0.0549493582172489,0.00769894187173969,0.0537911847295297,0.0267880739544813,0.0513048365310208,0.0395172521808616
0.0166963633461433,-0.00873345747460967,0.0338131355636982,-0.0257030210659826,0.0472365004805212,-0.0321046395298337,0.0521906360560662,-0.0285627702824641,0.0796307882458606,-0.0114037525626574,0.048270390896187,-0.0308149532609483,0.0531924390406159,-0.0104953315102245,0.0484371976938073,0.031423577895632,0.052999295269493,0.0314608989152451,0.0988336714901198,-2.61764007772722e-05
0.0196536376433337,-0.0173230819503285,0.0407474814091292,-0.0306991207294275,0.054685426030721,-0.0252056846554359,0.0540633156891948,-0.0279083157721839,0.072989687457861,-0.0194359396004323,0.0243502214245985,-0.0266149606304535,0.0563905649038157,-0.0292065786299525,0.0237168273561433,-0.00439067508381232,0.0542047902727134,0.0290837608337578,0.0665307860828157,0.0209420451874579
0.0136256204047084,-0.0112392137035558,0.0336737146020276,-0.0274511975209328,0.0535466825732715,-0.0276447661936744,0.065268219116092,-0.00592958171605658,0.0758489294419182,0.00386610554693913,0.0143985886301321,-0.0173419756760263,0.0634879143889241,-0.019511241620768,0.0551908751535866,0.00283556881048745,0.053466112817188,0.026714960759811,0.0663508192188844,0.0225820399699862
0.0307741330634375,-0.0229632866089583,0.0473622168279667,-0.025057733615292,0.051355855243205,-0.029653286836709,0.0583257530446354,0.000148107902011995,0.0889324804755155,0.00085021518300271,0.0136556656536781,-0.0215495094827617,0.0493377736391641,-0.0263784235657084,0.0520058658664429,0.0137319522259697,0.0494040795016157,0.0317078023070446,0.0994546517738059,0.00354235608487116
0.0231330974835472,-0.0169877964427222,0.0469755808966062,-0.0276571093256307,0.0498059039411803,0.00311980546231884,0.0664315765946216,0.0134338413687204,0.0908132352907602,-0.0014234290294315,0.0258525068675464,-0.0329373460207838,0.0495982839984847,-0.00213722205757373,0.047714635287094,0.0290332102398375,0.0541373068008928,0.0269281745135824,0.0983062752921227,0.00137517308739066
0.0273380751500157,-0.0120676464337588,0.05212265410289,-0.0230222797252581,0.0458429989546476,-0.0265917615856279,0.0508327289858449,0.013669038191318,0.0783405101210987,0.0202658334089726,0.0195019196385609,-0.0182909437489584,0.0531352030384378,-0.00635290557630133,0.0459730273754547,0.0200772359309132,0.0528749478871203,0.0332901866486481,0.0838481985136022,0.0257493815109405
0.0290819191052466,-0.0117633921998484,0.0467263088269684,-0.0330469818269199,0.0514824436573324,-0.0285030500126737,0.0492955040771136,-0.0203005887724179,0.0534036751647805,-0.00389925903456541,0.0371142064270541,-0.0333510470820694,0.0251456935394661,0.023902468725332,0.0509772312684463,0.0251977888688969,0.0786922367144864,0.00853200587825776,0.101167501507983,-0.000888309254709463
0.0120063798615974,-0.0184734834901923,0.0491286127084836,-0.0347571777654449,0.047563601463071,-0.0214590865261703,0.0667626396315479,0.0360170854645004,0.0836006970482204,0.0191996446206586,0.0364394351379793,-0.0418911571772662,0.0598268537451183,-0.0472022717473918,0.0435909653243743,0.0112039812672313,0.0530003097626877,0.0361236514161581,0.0900128304332453,0.005442972437284
0.0148033476431671,-0.0191386188591694,0.0458542705682066,-0.0273219132458579,0.0654373072384047,-0.028803408236731,0.0848257530950919,-0.0119303200112585,0.0970780850030171,0.00571008366722312,0.0131818900228358,-0.0195731860080365,0.0365750737673958,-0.0396254044372298,0.0684857506347564,-0.0335392829368927,0.0888023262069362,-0.0228926345949529,0.098659089250431,-0.00977973953818868
0.0189138577201093,-0.0169766614390328,0.0468096975583647,-0.0254602654716929,0.0562326198663837,-0.0108697773054748,0.0534754922976943,0.0279776670684195,0.0839956695059607,0.00928727781057863,0.00921587538694275,-0.020475856599555,0.0532330417465785,-0.0031917635092027,0.053071428322104,0.025729648947208,0.0480053121826347,0.0335210733610377,0.0941861583787146,0.00804476696640837
0.0157384424545517,-0.0146520852179162,0.035805772051111,-0.0256604335032327,0.0548122571187283,-0.0128028091281701,0.0526407899609152,0.0362045027569773,0.0692726368779322,0.0182165096533209,0.0318862176736147,0.00373457498256322,0.0441639980120904,0.0268695126248891,0.0455782911697285,0.0374503778293948,0.0514090362800738,0.029927903380298,0.0908086227364015,0.0161983871900397
0.0166414514090379,-0.0061935200517461,0.0296117881748577,-0.0275040068239307,0.0400571901541471,-0.0322492234779751,0.053565505208066,-0.0271558761963122,0.0749741562866636,-0.0119804141953939,0.0386841675637629,-0.0163475599667443,0.0364497485784447,0.00242654766705521,0.0488489735303458,0.0328806637026832,0.0492739344482401,0.0277144751038432,0.0813737903705852,0.0168983224502537
0.0301500014331011,-0.0246377636047815,0.0296826596910878,-0.0228292579017903,0.0309770215694001,-0.00954162544363739,0.055405545463638,-0.0216973416005343,0.059325033811388,0.00193612252262134,0.00823000278247433,0.00927488119327221,0.0490206065135195,0.0227613812253238,0.0519165145125899,0.0274619609200729,0.0706722986197123,0.0188042741842614,0.100590268328426,7.49502847413092e-05
0.0282934495361994,-0.0271828947683851,0.044152671170034,-0.0279035041152772,0.0502176929706924,-0.007859474389921,0.0499923389470633,0.0311452470197328,0.0671474628872053,0.0206012772692765,0.00770495688604717,-0.00395353109776745,0.0515254872121688,-0.00409933432104914,0.0463597150244862,0.0332565434987238,0.0522509154825457,0.0282966979073303,0.0766937354996642,0.00968943487195618
0.0202963505422315,-0.0162867854381003,0.0199988899660972,-0.0160373478952815,0.0484144705790691,-0.0311798467630011,0.0716930680724934,0.00330838548262033,0.0518255491097672,0.0325011687510808,0.0140921520348593,-0.0260161105622496,0.0593283962698645,-0.0265274764408272,0.0578652684637089,0.0164982962621151,0.0473912134410656,0.031858129648136,0.0633052966840147,0.0271837323222173
0.0135275126028705,-0.00833014419350552,0.0468784672604993,-0.0228401146250597,0.0560287345013056,-0.0122084615259046,0.0542047761284005,0.0337120382917253,0.0750494430144458,0.017579067518214,0.0203973343769207,-0.0140121748916789,0.0476172205297133,0.00660499919304985,0.0501449018442339,0.0247923241348233,0.0510080747413692,0.032536383239381,0.0876060965326052,0.0118061668043287
0.0371682069692859,-0.0231900669058278,0.0521784798509627,-0.0256584151417352,0.0505777830994493,-0.0205131719606628,0.0507693195575391,0.0349465505114547,0.0850080657438808,0.0119995379633324,0.00840963288706807,-0.00486074703865356,0.0431392778282101,0.0294219839370621,0.0502571450736054,0.0261905028021119,0.0651772988911242,0.0284568371324788,0.0969884528455381,-0.00272751970172015
0.0132285286471404,-0.00395027967744975,0.0348621702739226,-0.0318397175514784,0.0424322620651817,-0.0342107611747266,0.0544862713434507,-0.0274674733019165,0.0854184284486327,-0.0101361548752349,0.048771919968799,-0.0177260532814871,0.0500307901337128,0.029570398386877,0.0717907603985005,0.0125703145990606,0.0967003555719185,0.00300216075302155,0.100778431668305,-0.00297280861818876
0.0213583544746729,-0.0100236531352153,0.0443952591808111,-0.0235142445801075,0.056216164363159,-0.0261929917895576,0.0563097721741243,0.00989967527466719,0.0535099347682383,0.0317650911433945,0.025359663537614,-0.0143617732462577,0.0550943700651793,-0.00543634143899195,0.0525951996909738,0.0213306057657334,0.0519966678425216,0.0324455005695848,0.0610690670930481,0.0297798238941006
0.0100897015727087,-0.00728366660254174,0.0238553261809156,-0.0228503262651382,0.0269107404029965,-0.0259151001945554,0.0546175712928307,-0.0310221563955658,0.0477986106217101,0.0398935693470547,0.00395557706132509,-0.00392781118764493,0.00354488171820861,-0.00267189313867999,0.0038634029051747,-0.00190216803714963,0.0484836553993817,-0.0312606607075882,0.0500437753013262,0.0364741241081441
0.0367703146731036,-0.0288571611826486,0.0467602743658064,-0.0317213915036367,0.0491707580818029,-0.027217295304591,0.0468413106167231,0.00722410192362721,0.0643800686665609,0.0284477845528503,0.0192963728945824,-0.0210574762278674,0.0635480303480295,0.00423322075573231,0.0509252744987472,0.0289341625441648,0.0548174938872941,0.026248984480973,0.0938982695355292,0.00377612002273678
0.0288126094235716,-0.017521143353923,0.0562693155651253,-0.026342512745654,0.0410184517397983,-0.0275342816261408,0.049265274338581,0.0227818158682077,0.0532406731114292,0.0318729041792999,0.017812057168556,-0.0365110791184689,0.0881467635606967,-0.0213051499923612,0.0300777744345334,0.005550794705309,0.0488549508605536,0.0381655851279964,0.0637781179542352,0.022041300250711
0.0135251976912812,-0.0115525079688195,0.0508670200924726,-0.0242753143704368,0.0505044404006027,-0.0226613549808228,0.0505003088372869,0.045178198465709,0.0967629612905933,0.00184970909042787,0.0357941365761945,-0.0168671048468619,0.0512731053840184,0.0135247886713714,0.049872767090844,0.0300577873537421,0.0498335588362812,0.0323377558349755,0.0967420935564332,0.00455758974785882
0.0296013970976549,-0.0127207270306104,0.0323287854044394,-0.0310690524174753,0.0554295184684447,-0.0194726882887104,0.0531758034811862,0.021455788872038,0.0685572054414419,0.0357591513997447,0.0376492865329105,-0.014238690405393,0.0137477696724082,0.00735275491824454,0.0504782981225075,0.0314596738729565,0.048647727004368,0.030802712878733,0.0849118217244769,0.0287454309539072
0.0109757576856324,-0.0128194352105172,0.0347023116727756,-0.0296977762189952,0.0441439550312653,-0.0338645751764459,0.0530136921508679,-0.0268039821199264,0.0765793291198262,-0.0120941034645756,0.0244566217070074,-0.038959502188372,0.0518650548760588,-0.0361769097990032,0.0459339076493204,0.0171842685340549,0.0475544690948826,0.0362251376911471,0.0700232706780373,0.0146916648351762
0.0314562766221657,-0.0190633325117745,0.0540991334957782,-0.0296196060405715,0.0504752062323782,0.0106324663885337,0.0502010435786988,0.0354756104682701,0.0933244476370583,0.00386342250336568,0.0338411745574367,-0.0264755415260992,0.0684909102459731,-0.0187026990273119,0.0505479285508383,0.0158569282873152,0.0488551903362948,0.0334968063241076,0.0948012739086137,0.00713221609314591
0.0129516076167902,-0.00982578082509449,0.0484674524618736,-0.0234022504295671,0.0508744080147449,-0.0246020227745736,0.0462393143897417,0.0299580019968806,0.0622443064639509,0.0233361079029377,0.00711036943861872,-0.0148898026703938,0.057412501009053,-0.0225899795039309,0.0536798215686061,0.00490724880317704,0.047674836173692,0.0315442527656835,0.0732097397701163,0.0163971023473588
0.0302308875885916,-0.0195190767923654,0.0547081653685663,-0.0294527624007411,0.0379649731352143,0.0308021030280588,0.051776599198718,0.0386084037896796,0.0868800215418482,0.00605995927701789,0.0338457154722382,-0.0271504528891116,0.0657357033314576,-0.00335934411011223,0.0265905988702106,0.0306589205629222,0.0475339660735836,0.035977984577494,0.0820179345526027,0.0112481623873815
0.0210152413379031,-0.0247011565429937,0.0502826631030555,-0.0273022718546306,0.040562230350353,0.0232730322219004,0.0619095254485554,0.0290059465114487,0.0825797761096884,0.00617033174505605,0.0224599684311186,-0.0268785254055901,0.0728800757817017,-0.0151649953860031,0.0418015231226594,0.0285827872082575,0.0482952759071042,0.0269193026343697,0.0849360945143383,0.00865823023198128
0.0318294559953187,-0.0118126891819791,0.0517869014292699,-0.0254804050990822,0.0455702136920795,-0.0215843249694303,0.0436690343507336,0.033828995542171,0.0839080132057785,0.0128491584589969,0.0375888996902644,-0.0155019436547245,0.0701614383271706,-0.00582789828180486,0.0465639087901688,0.0205456114225645,0.0520208604053175,0.0309783696316106,0.0865704095925409,0.0170760182779221
0.012304115260209,-0.0187556998975827,0.047442252933148,-0.0278203793340616,0.0461495908958658,-0.0116589584063558,0.0479191644686015,0.0360836764441997,0.0792559432632052,0.0108848151648894,0.0146390517809786,-0.0300432230482928,0.0648047370780202,-0.020460672154268,0.0477243795790578,0.00742293192175572,0.0515833622125814,0.0300990541082347,0.0641508126845389,0.0220517501678894
0.00900831861444423,-0.0111567422952544,0.0419954023197177,-0.0146548920843606,0.0472946698163431,-0.0279098017899885,0.0580895640234751,-0.0143607653967191,0.0808255554242047,0.00254554030059933,0.0165751252512097,-0.0158708232124169,0.0499942095665554,0.0164772032139,0.0527328043880991,0.0273248696949343,0.0758552997050278,0.010638904938408,0.0977307899277022,0.00234526570024267
0.0118754259939417,-0.012017843679189,0.0410084590473586,-0.0183038636957937,0.0475856591353052,-0.0228750882779275,0.0530113821263296,0.0212600417035335,0.0937313318133851,-0.000735457401716283,0.029066461782789,0.0130574813286714,0.0493940692707941,0.0297238712055087,0.052297070167748,0.0290342670066996,0.0767645604931022,0.0246787686267594,0.102663999762989,-0.000234711892698083
0.010011701764771,-0.00954643764440407,0.0369801653416072,-0.0294042823598296,0.0511330791034587,-0.0178294767167478,0.0483570153577593,0.0368005418350281,0.0621927813695029,0.0210706018147438,0.0203017830618577,-0.0282191196976299,0.0535765254942077,-0.0153590325885853,0.049644345543941,0.028736820024551,0.0490667271144759,0.0384554326669393,0.0803137326263622,0.011352709437777
0.0165936759174243,-0.0165166436324105,0.0474707650095288,-0.0212537297626216,0.050185761984518,-0.0285120198829301,0.0522099529288572,0.0331290600582295,0.0946873603456978,0.00578454697413286,0.0292164972572959,-0.0306118517764198,0.051644609646604,0.0185063838835816,0.048730354699815,0.0179556371465782,0.0693408858257708,0.0296867187470512,0.103874403586186,4.79084499914436e-05
0.0154228739692911,-0.0139731218139756,0.0526564640823092,-0.0295349187805097,0.0447746866679222,0.00144289508762333,0.0549464261551812,0.0383092270598368,0.0758970753151009,0.0128415818443027,0.00591319465098547,-0.00883857080684625,0.0474543698526417,-0.0109121392239458,0.0472184102231557,0.0279065929947079,0.0506270712950519,0.0338877719737158,0.0750716657590575,0.0160397143507482
0.031804154511163,-0.0269012257645406,0.0476377116754877,-0.0218593066290384,0.021306196063573,0.0229129143482584,0.076459518808603,0.017378681853751,0.0831371648186627,0.00768876483692743,0.0252520113822483,0.0230795032532215,0.0567744794827744,0.0281653916333319,0.0541564968500078,0.0248958999551235,0.0789408743394449,0.0131668016672539,0.0979193600189331,0.000266029807598534
0.0276540897127613,-0.00820823010803269,0.0451838315876839,-0.0314906424163356,0.0506100306771086,-0.0303099372906088,0.0659766663538731,-0.0151380652526173,0.0885712375145671,-0.00217069856962238,0.00306790680847002,-0.00173039389187175,0.0486709539267693,-0.0210134210645303,0.0451380713120053,0.040400953691867,0.0621388492745496,0.0190082517522887,0.100295119091264,-0.0017255807575363
0.0189638827627663,-0.0111054359939695,0.0414212248800006,-0.0291449757771463,0.0523551686005714,-0.0168198631191626,0.0486253339738104,0.0302699192208247,0.0536416959425826,0.023342560365969,0.0349256296762486,-0.0233168868744193,0.0246617688901439,0.0127842334111228,0.0484468888840214,0.0352636810926808,0.0538745496834345,0.024858840181181,0.0983280781431031,0.00332149435455722
0.0169180407235693,-0.0124336133650767,0.0457362708279218,-0.0233993313046921,0.0508182198938005,-0.00867273514300201,0.0463296403097144,0.0333011323503919,0.0638211709239551,0.0184128454312382,0.0398560728402464,-0.0181996230944989,0.0559081228703053,0.0209725408466887,0.0497019989808515,0.0319543222263684,0.0498441405794793,0.0333052167046618,0.0839930319078467,0.0167846539397738
0.0152982045296478,-0.0177876819279757,0.0499190643440888,-0.0360995041159555,0.048633120530216,-0.0107461167113183,0.0547339422236069,0.0328493292178434,0.0807485470882807,0.0155624346942059,0.0276223022339672,-0.0305571866593773,0.0626464572174558,-0.0173911607543816,0.0527496881175232,0.0156997280927334,0.0552629314064805,0.0321304811306793,0.0824228260885599,0.0167287266475245
0.0203155296809064,-0.00885787516398094,0.0369523219223744,-0.0286277452336039,0.0539089063911398,-0.0299147429834041,0.0871226646173907,-0.0116827990569109,0.0984208555672327,-0.0012293423426208,0.0320470630508851,-0.0402125540402187,0.0471730480464315,0.0248927987978874,0.0503621864655774,0.0278408752029254,0.060895491179242,0.0219099066889205,0.0936613902578431,0.0228179139287858
0.0211590102992451,-0.0194465851903077,0.0515028222145112,-0.0239735150447372,0.0476706273289124,-0.0276345215889463,0.0503790025265078,0.0171633506025164,0.0770600274036116,0.0275868946445205,0.00789784986092388,-0.00791522150454018,0.0525419694832112,-0.00603893575667196,0.055602163295359,0.025338684894994,0.0528178027309394,0.0302695639439752,0.0905320437905807,0.0241314453226271
0.0220156888436934,-0.0210749267216019,0.0481041532303729,-0.0239207032068197,0.064329139671716,0.0273289483731215,0.0950306364684656,-0.0013854512714804,0.0954514474400781,-0.00296674876852438,0.0161574643288221,-0.016598320165521,0.0654595720696963,0.00845136595433469,0.0497600906095842,0.0281126222529117,0.0758134808035219,0.025992173573268,0.0983543108932295,0.00137225832832884
0.0177760632671717,-0.0127613519233589,0.0492433267701538,-0.0305866321563127,0.050413483749255,0.0264518936823135,0.0520122478463286,0.0357732043115284,0.0737186151331461,0.0167919316536618,0.0287549104792182,-0.0203822957933318,0.0546151271245832,0.0138271538360083,0.0502189726039969,0.0329330114001049,0.0541709611952969,0.0275850497511639,0.0848937178396661,0.00933097320856858
0.0139864609517039,-0.0160026548505671,0.0590026778584994,-0.0249294852638075,0.0497413833222708,0.0358462403521093,0.0609626498748803,0.0239790763474356,0.0937807712209706,-0.000223217654239426,0.0352606446900383,-0.0304611725067773,0.0618663516346974,0.00680999655855784,0.0544080920605988,0.0360058327046018,0.053192795398077,0.0285580550426773,0.0889288592911257,0.0157590012916589
0.0143542015705779,-0.0118378284740619,0.0432449636772351,-0.029311474162319,0.0545150950011888,-0.00469480616304879,0.0472693826051761,0.0342910541052146,0.0871259090381857,0.00503789039699726,0.0171646147443493,-0.0276458708259381,0.0655796566053673,0.00239773200794154,0.0539251987504393,0.030339325079943,0.0506755769691674,0.0295036967021861,0.0955075343343225,0.00599813935141174
0.0126395064455703,-0.00936254939972785,0.0507024308527282,-0.031006491951176,0.0481694045345845,0.0283819763752393,0.0602730895765517,0.0268793088047398,0.0882562772981858,0.00678191207437041,0.046431297626103,-0.0221731134252493,0.0501698567645895,0.0212903414852245,0.0518917909973089,0.032911043630594,0.0620898438570487,0.0271193520363263,0.0970062498356048,0.00454194835631839
0.0152210000117454,-0.015157415342627,0.0365420817133494,-0.0332572630631247,0.0512197660577859,-0.028453455948056,0.0532122753981795,0.00401898176568699,0.0796707429257383,0.0188656431565156,0.0115521937340702,-0.0213053093489089,0.0800155748696029,0.0032949612588107,0.048357251425938,0.028121812344613,0.0484820824597088,0.0272133997069951,0.0902215878286202,0.0162244687368913
0.0105278817275092,-0.00769572149237395,0.0437957217910608,-0.0182860023295241,0.0503551924759997,-0.0263437047483629,0.0489065609785849,0.0160155841233161,0.0587455024964333,0.0354256005722553,0.0345052478197224,-0.0180307959827496,0.0537706742171417,0.0186299607300595,0.04988454543785,0.025209198750163,0.0495784349988812,0.0349730879986213,0.0894802041089217,0.0222711760364127
0.0307437344776357,-0.0116903553750108,0.0488795723736872,-0.0277973430755842,0.0489483448498357,0.0395033769687874,0.0537900392823234,0.0304347276670592,0.0879282589823171,-0.000376239774078418,0.0317391012877108,-0.0143145514121565,0.0509047173567874,0.0118526978388238,0.0529228084977107,0.0345964665475333,0.0528647921505783,0.0276671508739139,0.0907316239209132,0.00487217430650458
0.0352085874267972,-0.0350542998642361,0.0478046095437838,-0.0312537463499505,0.0498632976814204,-0.0216102600010643,0.0494998541151038,0.0199546625273033,0.0934976744259476,0.0135300494629588,0.00411598479968173,-0.000528665141705848,0.0591672228360889,-0.0166183521082042,0.051998959023848,0.0351756355571029,0.0574970376592065,0.0237075964756047,0.0941330619624116,0.00177981084748368
0.0289770024472086,-0.0128225988169863,0.051092751286467,-0.0215039539627921,0.0452910319638988,0.00324637886264057,0.0511968740969194,0.0373669315494212,0.0933117306322076,-0.00220325575551461,0.0405889606406812,-0.0218893191124108,0.0645527438081818,0.0153935764704055,0.0502153101252395,0.0288363678460863,0.0566651947944367,0.029277546007295,0.101548623495267,-0.00531347965871881
0.0249540804891462,-0.0261251363516528,0.0506587171549359,-0.0231047313426621,0.04688669645042,0.000802972923620354,0.0575511087480557,0.0415218155067282,0.0713238937856673,0.0131639771072797,0.0245104674214968,-0.0320048092078644,0.0589406464943693,0.0128391751308388,0.0499420218160933,0.0284162731945788,0.0531218335624761,0.0349710992501218,0.0678415348167055,0.0227454577795663
0.0329259938116764,-0.0299838353331031,0.0563515061578306,-0.00779955376394624,0.039426592011738,0.0263453241268147,0.0653123478049796,0.0246998221311174,0.0730701714567021,0.0105284316673887,0.0331423971803724,-0.0352342009878438,0.0696553335250169,-0.00840358325647036,0.0222923193118485,0.0265742177882879,0.0494487095521951,0.028683131113444,0.0658463567887323,0.0209260853236147
0.0100897015727087,-0.00728366660254174,0.0238553261809156,-0.0228503262651382,0.0269107404029965,-0.0259151001945554,0.0546175712928307,-0.0310221563955658,0.0477986106217101,0.0398935693470547,0.00395557706132509,-0.00392781118764493,0.00354488171820861,-0.00267189313867999,0.0038634029051747,-0.00190216803714963,0.0484836553993817,-0.0312606607075882,0.0500437753013262,0.0364741241081441
0.0367703146731036,-0.0288571611826486,0.0467602743658064,-0.0317213915036367,0.0491707580818029,-0.027217295304591,0.0468413106167231,0.00722410192362721,0.0643800686665609,0.0284477845528503,0.0192963728945824,-0.0210574762278674,0.0635480303480295,0.00423322075573231,0.0509252744987472,0.0289341625441648,0.0548174938872941,0.026248984480973,0.0938982695355292,0.00377612002273678
0.0288126094235716,-0.017521143353923,0.0562693155651253,-0.026342512745654,0.0410184517397983,-0.0275342816261408,0.049265274338581,0.0227818158682077,0.0532406731114292,0.0318729041792999,0.017812057168556,-0.0365110791184689,0.0881467635606967,-0.0213051499923612,0.0300777744345334,0.005550794705309,0.0488549508605536,0.0381655851279964,0.0637781179542352,0.022041300250711
0.0135251976912812,-0.0115525079688195,0.0508670200924726,-0.0242753143704368,0.0505044404006027,-0.0226613549808228,0.0505003088372869,0.045178198465709,0.0967629612905933,0.00184970909042787,0.0357941365761945,-0.0168671048468619,0.0512731053840184,0.0135247886713714,0.049872767090844,0.0300577873537421,0.0498335588362812,0.0323377558349755,0.0967420935564332,0.00455758974785882
0.0296013970976549,-0.0127207270306104,0.0323287854044394,-0.0310690524174753,0.0554295184684447,-0.0194726882887104,0.0531758034811862,0.021455788872038,0.0685572054414419,0.0357591513997447,0.0376492865329105,-0.014238690405393,0.0137477696724082,0.00735275491824454,0.0504782981225075,0.0314596738729565,0.048647727004368,0.030802712878733,0.0849118217244769,0.0287454309539072
0.0109757576856324,-0.0128194352105172,0.0347023116727756,-0.0296977762189952,0.0441439550312653,-0.0338645751764459,0.0530136921508679,-0.0268039821199264,0.0765793291198262,-0.0120941034645756,0.0244566217070074,-0.038959502188372,0.0518650548760588,-0.0361769097990032,0.0459339076493204,0.0171842685340549,0.0475544690948826,0.0362251376911471,0.0700232706780373,0.0146916648351762
0.0314562766221657,-0.0190633325117745,0.0540991334957782,-0.0296196060405715,0.0504752062323782,0.0106324663885337,0.0502010435786988,0.0354756104682701,0.0933244476370583,0.00386342250336568,0.0338411745574367,-0.0264755415260992,0.0684909102459731,-0.0187026990273119,0.0505479285508383,0.0158569282873152,0.0488551903362948,0.0334968063241076,0.0948012739086137,0.00713221609314591
0.0129516076167902,-0.00982578082509449,0.0484674524618736,-0.0234022504295671,0.0508744080147449,-0.0246020227745736,0.0462393143897417,0.0299580019968806,0.0622443064639509,0.0233361079029377,0.00711036943861872,-0.0148898026703938,0.057412501009053,-0.0225899795039309,0.0536798215686061,0.00490724880317704,0.047674836173692,0.0315442527656835,0.0732097397701163,0.0163971023473588
0.0302308875885916,-0.0195190767923654,0.0547081653685663,-0.0294527624007411,0.0379649731352143,0.0308021030280588,0.051776599198718,0.0386084037896796,0.0868800215418482,0.00605995927701789,0.0338457154722382,-0.0271504528891116,0.0657357033314576,-0.00335934411011223,0.0265905988702106,0.0306589205629222,0.0475339660735836,0.035977984577494,0.0820179345526027,0.0112481623873815
0.0210152413379031,-0.0247011565429937,0.0502826631030555,-0.0273022718546306,0.040562230350353,0.0232730322219004,0.0619095254485554,0.0290059465114487,0.0825797761096884,0.00617033174505605,0.0224599684311186,-0.0268785254055901,0.0728800757817017,-0.0151649953860031,0.0418015231226594,0.0285827872082575,0.0482952759071042,0.0269193026343697,0.0849360945143383,0.00865823023198128
0.0318294559953187,-0.0118126891819791,0.0517869014292699,-0.0254804050990822,0.0455702136920795,-0.0215843249694303,0.0436690343507336,0.033828995542171,0.0839080132057785,0.0128491584589969,0.0375888996902644,-0.0155019436547245,0.0701614383271706,-0.00582789828180486,0.0465639087901688,0.0205456114225645,0.0520208604053175,0.0309783696316106,0.0865704095925409,0.0170760182779221
0.012304115260209,-0.0187556998975827,0.047442252933148,-0.0278203793340616,0.0461495908958658,-0.0116589584063558,0.0479191644686015,0.0360836764441997,0.0792559432632052,0.0108848151648894,0.0146390517809786,-0.0300432230482928,0.0648047370780202,-0.020460672154268,0.0477243795790578,0.00742293192175572,0.0515833622125814,0.0300990541082347,0.0641508126845389,0.0220517501678894
0.0101082380044146,-0.0234193595091343,0.0490119350397432,-0.0279106676081646,0.0270019266414304,0.0108598100189925,0.0604468053634741,0.0311866328436585,0.0665030641444633,0.0239509269333298,0.0451008848194443,-0.0375956913224557,0.026314163991669,-0.00976466868995056,0.0380462617743577,0.0255226354095559,0.05354178245988,0.0312466084787871,0.0515564292458482,0.0290769209060722
0.0328144999797488,-0.0197708173174545,0.0512608013524761,-0.03453799306826,0.052236979083911,-0.0236867046338442,0.0511629050168731,0.0187507462724041,0.0878328821747727,0.0162329511755244,0.00656634679268393,-0.00574609115508359,0.0754254816172967,-0.00942793208959849,0.0420041333942852,0.0230944709923297,0.0485648667653854,0.0278979711308113,0.0799201506118636,0.0212221039318517
0.0274662639830386,-0.0242359675297173,0.0512670862996596,-0.0293992938971847,0.0453506588290947,0.0109009280007633,0.0457722385255104,0.0435141427803467,0.0701437033311811,0.0245034486550114,0.0301018574049833,-0.0287452325474116,0.051139858625243,-0.0044627010647093,0.0474491071462924,0.0342474122221381,0.0514120810496286,0.032660804443401,0.0948623104798139,0.00925666469279522
0.023509200168474,-0.0219576615184612,0.0500123808707242,-0.0318108511522404,0.0482034028607399,0.00563626348783419,0.0533908004859821,0.0372600192393789,0.0975951222626907,0.000325393374112504,0.0134042727099827,-0.0304491826659326,0.0770608706512944,0.00177708340346165,0.0264852210955414,0.0377447531330289,0.0530531743777934,0.02846828578023,0.108964607911223,-0.0153746745045695
0.0165765370129471,-0.0112938212180058,0.0476751187845142,-0.0325371436040701,0.0495384915666737,-0.0158866098604218,0.0524064827014846,0.0382022378192232,0.0792198736842223,0.0154439497010769,0.0209039036927887,-0.0241012671085776,0.0614231701648536,-0.0412041173444515,0.0484043042799261,0.0160602773582305,0.0535162335571684,0.0310137835700559,0.0995465744192524,-0.00281940846160341
0.0243771540393794,-0.00979128518152963,0.0434214359582486,-0.0170350174654058,0.0513275049214702,-0.0275150566052195,0.0480861295820875,0.0251572899453688,0.0592536600614747,0.035453718176014,0.0258177397519186,0.00670150217869207,0.0394384854161603,0.0204107384661158,0.0492291641245317,0.0281810068164745,0.0503748014994979,0.0355835419310647,0.0829864132509102,0.0149813377360072
0.0419038708298924,-0.0192274794695721,0.0493302727811867,-0.0297794816455808,0.044039493725276,0.0370193422954067,0.0660741221524334,0.0232421049115942,0.0739908561707746,0.00698237016700098,0.0483955992648991,-0.0162591389440549,0.0472323734113442,0.0173368216864236,0.0436770573932309,0.0409401843841969,0.060639811794823,0.0327046355249777,0.085602864806216,0.0164083454607807
0.0285281016242622,-0.0324891641332066,0.0508694241791755,-0.0195329718346124,0.0445066911521968,0.0321916279757628,0.075741218715541,0.0155040500512554,0.0785201860508071,0.00782702682833619,0.0266941400806333,-0.0329988854575238,0.0524427355314223,-0.00131764822460898,0.0515707591502909,0.0262529032546128,0.0631244863744713,0.0213025347496424,0.0662404299044869,0.0193893683840306
0.0171205392605478,-0.0318484525944967,0.0443449136695474,-0.0304603927179008,0.0497344349918283,-0.00591705247661625,0.0516099750170501,0.0431842129080214,0.080354233305278,0.0113850049351093,0.0110659404671744,-0.0298017934448707,0.0436123637912933,-0.00925276927686,0.0429906477979329,0.0220827873756022,0.048483552617102,0.033955511906676,0.0907724343161267,0.011355747908122
0.0143416551154812,-0.014394298305183,0.0403179648906377,-0.0335163101349675,0.0542704625752712,-0.00469873702398109,0.0465141241008055,0.0392136793691494,0.0736474200824538,0.0226217716389636,0.0078827160830221,-0.0243775445326042,0.0662684134455426,-0.00493501917349488,0.0551987840635838,0.0265802873333934,0.0496078507448209,0.0325287047615242,0.0873105534793152,0.00673306877898852
0.0134634114067344,-0.0132956449150022,0.0248544856652188,-0.0297555155636857,0.052207936667927,-0.0335642206007104,0.0491499026176656,0.00729591713018026,0.0485448764289271,0.0318462497415018,0.0267231022997185,-0.0230765641453432,0.0639454501434675,0.010025453349992,0.048957039327723,0.0307846901837645,0.0481661939319655,0.031942057095916,0.0689373999320168,0.018572457369974
0.0193545453712407,-0.0173146038628361,0.0331194671900389,-0.024960317979581,0.0569874716888586,-0.0238777224995497,0.0468793414942137,0.0253013409422686,0.0637989712386782,0.0313538741236443,0.00798243020068921,-0.00680879316657472,0.0206586240368094,-0.0171728038634017,0.0472596139806798,0.00450421198017164,0.0492566544419977,0.0281144562050521,0.064595188980909,0.0312857488152656
0.0198132527482352,-0.00177282377099754,0.035393992387939,-0.0308745609042977,0.0294861610346803,0.0210187062785571,0.0638137801548935,0.00689043139709701,0.0622489707850946,0.0335370386238434,0.0172492456797918,-0.0070189451454807,0.00402947729012025,0.00203037930728322,0.00784150218979243,-0.00978835176793265,0.0176472352580248,-0.00788978940968339,0.0601635698117722,0.00101690983294395
0.0282098945358689,-0.0271788910302422,0.0482260514080424,-0.0314721613148535,0.0494321116137261,0.00356929345763381,0.0493496641050482,0.0445229188758797,0.0727285022172896,0.0183109433030191,0.00835720866958067,-0.0266567181197092,0.0475922181015822,-0.0235089965058985,0.0506011264782921,0.0112793371611644,0.0502629836573155,0.043216604745944,0.055378335625722,0.0274397534241529
0.0216813809456882,-0.0199744999072187,0.0526292832595925,-0.0305109659327615,0.0493762810264621,0.000437989599289139,0.0442524836340655,0.0364790017104804,0.0804315251786697,0.00898631318576545,0.0247222582025312,-0.0293428207077158,0.0580514424925152,-0.0271347548713009,0.0532184848035972,0.0217058503140885,0.0490441068593425,0.0307706771447013,0.0966344078883864,0.00274044341674324
0.0370634839556614,-0.0241766086177779,0.0416346697571264,-0.0298116889788879,0.0672491466684832,-0.0248895837375641,0.0503786932812426,0.0250181221780419,0.051956742578195,0.033313968006801,0.0321434727381325,-0.0221934731333623,0.0653034440865151,-0.00127434616219892,0.0325738906220918,0.0279109430186526,0.0426166846379618,0.0321626262374058,0.0811220256728065,0.019933206759008
0.0162419132702078,-0.0099795138762956,0.0439956394891648,-0.030874067367144,0.0505747060046752,-0.00966519280989157,0.0462463181941651,0.0400026323534266,0.0646628965633825,0.023429586533102,0.034567533173253,-0.030781340106923,0.0565634823546071,0.0015855734490107,0.0506658554406461,0.0275147637897353,0.0500316563549831,0.0233307606018544,0.0996781835159554,0.000214547061641885
0.0154309170212249,-0.00995407296265128,0.0281174332178451,-0.0212620530952314,0.0529550965375425,-0.0312211194211665,0.0491502294379165,0.0401881600744091,0.0687226883031344,0.0123457409122921,0.045092645808404,-0.0254861877523211,0.0565932132746543,0.00781039976961421,0.0521137910110471,0.0392627128194455,0.0492664693235702,0.0286837195795967,0.0945944822113222,0.00604984197040547
0.0362316661411795,-0.0242650314089298,0.0511796536165265,-0.0274557916806635,0.0498290501734168,0.0231497358211014,0.0475488158779186,0.0393640883759577,0.0847576019492981,0.00499196490597615,0.03453222311177,-0.0242886843785541,0.0532236374823642,-0.00245655584479253,0.0537852565815609,0.0369004098304117,0.0513713642828409,0.02960098952569,0.0970479203177617,0.00414065071365811
0.0455449682006309,-0.0334445505796733,0.0513223820745712,-0.0290124757133529,0.0544049791975882,0.0264849308370229,0.100207470119236,-0.00302990849556693,0.0984169600299483,0.000170690981627092,0.0187204232833537,0.00950572699398512,0.043772419270003,-0.0253675656395582,0.0434213937640288,0.0418123562424661,0.0476117439570529,0.0327812154193881,0.0786173873783864,0.0141284315542261
0.0281353654274894,-0.0210126790185794,0.0463198817734466,-0.0230987015555335,0.0481695580645369,-0.0138168175341774,0.0456338703614208,0.0379958070151869,0.0923259191942942,0.00290341266159076,0.0291555288708659,-0.0256087073085176,0.0480104840449563,0.0239073177676283,0.0547306265486234,0.022533204621134,0.054416580062818,0.0352853511773087,0.0775656017334051,0.0189573828916622
0.0152584737238262,-0.0152264874103951,0.0594745527252482,-0.0169895519668689,0.0506085673308751,-0.0287318475996932,0.0491227530785434,0.0275893911190326,0.0629558479581596,0.0279934486406946,0.0199919350656705,-0.0372066425571292,0.0641991020928126,0.00903451112298925,0.0448847893360028,0.0247909672711223,0.0475879979407756,0.0361300159834584,0.07004741010737,0.0170308489348756
0.0210060698691295,-0.0125805599718308,0.0468593090042156,-0.0159672197328326,0.0471936256106704,-0.0100341893878642,0.0569661391278972,0.034095961489614,0.0954487547413482,-0.0046299869087624,0.0190414728193706,-0.0356065691485096,0.0539481097421152,0.0199156063694891,0.0528949719215479,0.0252577483471125,0.0626610670837979,0.0274263713112416,0.100257488660812,-0.000869411156219372
0.0124397626918747,-0.00774125010418797,0.0279705806490136,-0.0279923203575191,0.0401868622027475,-0.0331085908885884,0.0514674162320574,-0.0294363173029238,0.075852868096398,-0.0119609436319432,0.0521574200070628,0.00607749385397735,0.0491541008770985,0.0181369874227307,0.0499650685551312,0.00763379774202537,0.0507358199864284,0.0370995594323533,0.0502347553556602,0.0290866491116067
0.0125705833403374,0.0186146545982668,0.00615891561557479,0.00413612363846926,0.00710432799674592,0.000221144862790298,0.0529241269138472,-0.0256883357644738,0.0596602402142422,0.0214437748348655,0.00389342816694761,-0.00702497086915523,0.0329838230157047,-0.0328580669679759,0.0584282813478101,0.0221642085249561,0.0499094418583918,0.0272010911853053,0.0787769821586763,0.0241451616074064
0.0151332618090829,-0.0165124095243925,0.0464334065355428,-0.0288056357321972,0.0472652939757386,-0.0195134588929608,0.0438820297254934,0.0286920608005864,0.0784071251966318,0.0107764751638368,0.00904317514814378,-0.0265096374444602,0.0581926351297621,-0.0003351869928736,0.0524477353854469,0.0263601460127832,0.0612379669477573,0.026876348286337,0.0927601044290624,0.00437554966952926
0.0213578313998751,-0.0145757157247539,0.037426693331544,-0.0349084391231545,0.0448423856250686,-0.0338443869788026,0.0522218067015671,-0.0274255934041668,0.0869988444524611,-0.00686304482092147,0.0169232531587949,-0.0313146031877432,0.0751428822450257,0.0102746567318024,0.0421880212220613,0.045316305225505,0.0530649389765263,0.0257632074078677,0.086480736796515,0.00850877171774143
0.0171327964625237,-0.0116675539110881,0.0352814009879633,-0.0292043968833767,0.0494693065295361,-0.030225926892584,0.0560340106582305,-0.015211208201446,0.0812632466041924,0.000413416842221629,0.0210585507550384,-0.0373157133467654,0.0596756036188296,0.0228112786540996,0.0468170111718862,0.033757295888443,0.0540787247368315,0.0255063544202611,0.0905011874235383,0.0106470584388531
0.0123415410204791,-0.0141265689869459,0.0426581577657892,-0.0272564542639332,0.0542186903013663,-0.0250053660007195,0.0453642035898619,-0.0103035676413957,0.0475796790211753,0.0341339376975426,0.0185953884114488,-0.0361997462317621,0.060523860633495,0.00729326364896399,0.0530849118603959,0.0231209886687381,0.0497754489460683,0.0291890804071058,0.0734298764709076,0.0258647182721644
0.0188461145928067,-0.0219670136479428,0.0518247014340316,-0.0244286027768833,0.0491246814652245,-0.0196833813503205,0.0496637521996473,0.0408213551643249,0.053814905327772,0.027546922369363,0.021461401555418,-0.0362836540235188,0.0560813600182583,0.0135320678337363,0.048877312225744,0.0227608512795604,0.0447727480950428,0.0396464613898947,0.0689904430806383,0.0165129594345327
0.0325657124419668,-0.0089130843463882,0.0470746662696192,-0.0248782744750467,0.0464732142853758,-0.0203503318457998,0.0736193564634025,0.017812314792767,0.0907986451039914,-0.00314355250317325,0.0397664584616447,-0.00354523465428586,0.0535960621518,0.023444165891268,0.0535557118294045,0.0238628984298007,0.0879861370014144,0.0192394832270834,0.0962273905029584,0.00314329788597275
0.0173307216219157,-0.0261782243528545,0.0528838335379873,-0.032633924307434,0.0471273041497975,0.00913039875652859,0.0458372292634991,0.0380852318345648,0.0667472639538918,0.0137350410195164,0.022715584631694,-0.0351970132859068,0.071200092504502,-0.0206395345686847,0.056307003505726,0.0227419278305227,0.0521424538179717,0.0379153720411252,0.0596055171247072,0.0246842894750513
0.0287230222063723,-0.0134161698498499,0.0498023217453674,-0.0276239724973858,0.0480400433385388,0.0183745983764757,0.0442475429342475,0.0336682555749286,0.0806029062417732,0.0110061803998593,0.0250859500680911,-0.0129174013257257,0.0730535461392508,-0.00562949804195106,0.0522575701931249,0.0262904514197429,0.049688164633566,0.0310997044761176,0.0738776780504565,0.0123829763879728
0.0249773716152143,-0.0238397670217402,0.049715848772199,-0.0324310715697788,0.0460384556743123,0.0272718256641839,0.0464100340564496,0.0394791416304788,0.0908754250678174,8.13024790354412e-05,0.016980963609187,-0.0279196177026343,0.069444369052009,-0.00551398393965222,0.0433684427012473,0.0289267686006566,0.0445883157709667,0.033226665376113,0.0853322021307169,0.00249373201389107
0.0129797944925847,-0.0107457904835713,0.0405757207373885,-0.0342126726256671,0.0496147109952301,-0.0176000066119862,0.0492186726971943,0.0382464722212917,0.0638560874398454,0.0265362843737063,0.015945756624449,-0.0268667971683889,0.0711943583617219,-0.0132921931741296,0.0486404633998357,0.0251604209231729,0.0474592055036647,0.025257279488914,0.101511106970898,-0.00210051051796741
0.0156391863477818,-0.0270728102365822,0.0467687810949348,-0.0241263792362831,0.0497965663395049,-0.02854181285204,0.0461218795178251,0.0305516056911072,0.0617509477205522,0.0285565796237297,0.0527169713969421,-0.0154023787038931,0.0552650904559243,0.0155209559739277,0.0508233456014344,0.0193260875311419,0.0555291669336249,0.0329801297792496,0.0905982691298083,0.00182758705964127
0.0289696621196086,-0.0202201622048978,0.0461525592765341,-0.0334995747133757,0.0510370672104308,-0.02392411651475,0.0497688514118564,0.0213448139640623,0.0759292365573,0.0125973561283524,0.0749188847718407,-0.00750241980354144,0.00554690332204772,0.00284949464788173,0.00331514775722656,0.00150095729107169,0.0483429290020422,0.00624837366129324,0.0533499696930808,0.0267073162579849
0.0223762407053403,-0.0248377559345798,0.0533583911251692,-0.0307870182791837,0.0518501770977879,-0.00348410262625756,0.0473348147114229,0.0313358463822235,0.0592781194611501,0.0215787958854365,0.0231270527674551,-0.0315359095609149,0.0663035555689111,-0.0180176703166355,0.0607079628286967,0.0157574536303259,0.0499157163260443,0.0387715828629533,0.0644109422274095,0.0206330251169428
0.0312477474833056,-0.0112869361226753,0.0482704322228653,-0.0282668423245217,0.0468102387297555,-0.0151605042982112,0.0451157386226782,0.0395979906584857,0.0541631900690925,0.0312648934185179,0.0406660730014739,-0.0178053019467453,0.0583420674801069,0.00036652411987325,0.0547722322631404,0.021500581445748,0.0513218541299841,0.0321103539565627,0.0632444722149042,0.0233762315276054
0.0183643120452602,-0.0109396906724822,0.0427739611276829,-0.0294225994751466,0.0469632610910915,-0.0339446812959278,0.0496233350063714,-0.0292408607446794,0.0822239193132913,-0.00337279541769788,0.0506344121290841,-0.0407379488029447,0.0501591937877042,0.0274161115273247,0.0487949210843662,0.0263537563112375,0.0573568735533908,0.0227311897896093,0.0898867969817993,0.00994248808686156
0.037745458727401,-0.036904412905962,0.0508120523669068,-0.0216486246919727,0.048817365198406,-0.0303250018390461,0.0457784594223331,0.0374219546612134,0.081253090711451,0.0161813589266605,0.0428336069942559,-0.0408073920260986,0.0566091934186317,0.0160326175753404,0.0480228679443772,0.0293255643194722,0.0515881159443565,0.0289863125224059,0.0971462207586231,0.00340920711571085
0.0298374729840782,-0.0321261437830886,0.0508275680767309,-0.0303924217313208,0.0507161917333216,0.0249913731014587,0.0407583308065454,0.0440238932169599,0.0691816344638229,0.0127021994986837,0.0256907063919503,-0.0316247664287348,0.0630550298406892,0.00478235070088324,0.0514663837053486,0.0342442463900472,0.0479936651383203,0.031948543198277,0.0648984668671579,0.0211012376028595
0.0297665244782477,-0.0272276460256537,0.047470089422174,-0.0292290473227551,0.0479059777182751,0.0108714722230616,0.0412098111851482,0.0315307970222238,0.0684602309475229,0.0129949498178947,0.0123062566897042,-0.0208825305430327,0.0582062026661705,-0.027320407998802,0.0561374639048762,0.017711116002475,0.0460848823028858,0.030941810867488,0.0574038054122574,0.0230516524625063
0.0411158159843418,-0.0284276610332982,0.0502363364285916,-0.0279268661538486,0.0471676674255119,0.00797401174612754,0.0455278421697407,0.0331157677054868,0.0550856452773339,0.0242074972173567,0.0389757101421489,-0.0251660748863157,0.0555320928534888,0.0183466700652545,0.0485713943609425,0.0280052554045617,0.047822065934993,0.0302163279771231,0.064425109680831,0.0219498336454245
0.0275036560451496,-0.0334100261159969,0.0472746874850583,-0.0256825455771055,0.0436773637603576,0.021727842820722,0.046134317685725,0.0348946688413275,0.0883873183510485,0.000716145542463967,0.0310107725789164,-0.0349745612270518,0.0527165667911784,0.00710394142265953,0.0473208967355598,0.0288833745703249,0.0524166606020265,0.0278017667569996,0.0841016930013388,0.00899187638065664
0.0257076409397625,-0.025590266662946,0.052880481353876,-0.0252983401706198,0.0459918216616428,-0.0214975329615053,0.0431755092470279,0.0364507667182146,0.0520644840077858,0.0314360400415903,0.0216697187620965,-0.0351816749841374,0.0549915945199264,0.00754866779559735,0.0474734343725516,0.0236475567317149,0.0479354751545062,0.0320618286568716,0.0613962404764444,0.0235073791310549
0.0240811013132157,-0.0232162169715203,0.0489402257978544,-0.0286293617992173,0.0467604007932485,0.01189617967643,0.0429815261530276,0.0325787231947183,0.0866794678801867,0.00756964161698121,0.0283647326927478,-0.035819997117545,0.0466261900430381,0.00509130219033061,0.0460820232882909,0.0299690936654435,0.0535222056851541,0.0259162613010963,0.0948437038807231,0.00739009303430178
0.0213272513159656,-0.0141219976777779,0.0591149579538834,-0.0300598141018989,0.0489976841926894,-0.0236736000962552,0.0497067718836717,0.036908873488257,0.0595389564400469,0.0301481181483577,0.0380696624412654,-0.032119484247845,0.0609846117648119,0.00176699271061808,0.0525492365082988,0.0298531702273238,0.0490869241859896,0.0295949313565225,0.102621317978271,-0.00828269325566619
0.0275054628923456,-0.0213611150726394,0.0427545924807551,-0.030473691582169,0.0487550239808194,-0.0327623633865618,0.0550934008547988,-0.0282614224020279,0.081373940169882,-0.0137467414557786,0.0229068295685533,-0.0368038682782052,0.043834651423613,0.0116612559912262,0.0330018936540675,0.0491668857358544,0.049485259361648,0.0286399616134016,0.0941303482225293,0.00582712049416247
0.0161710104979444,-0.0174323697176117,0.0480320718151237,-0.0269782604323398,0.0466800679957523,-0.0272690555814914,0.0461730838070774,0.0358570351150716,0.075658570907686,0.0173186309202261,0.014059628311047,-0.0298803762786627,0.041905336151057,0.0163377414429956,0.0504422358717497,0.0287042862918669,0.051425487446538,0.0360142312507478,0.0890017718671563,0.0182074941045163
0.0236852192079442,-0.025231575342742,0.0441209114324679,-0.0367118347430663,0.0506065509059746,-0.0311664150539574,0.0429477419773363,0.00481809454340463,0.0633514517951252,0.0345275513014547,0.0414602825496097,-0.0227418807265851,0.04853367398156,0.0241513144744975,0.0548429672251203,0.034883707354482,0.0526100975346134,0.031803890115489,0.0954995566198235,0.00640238296028441
0.0123895800562108,-0.0192798069069445,0.0489164195131504,-0.0290362965520024,0.0472501317261681,0.0170764273242782,0.0459867546515072,0.0334704939113358,0.0947205905555081,0.00843247939282751,0.020699924573385,-0.0270469147201176,0.0571460310710413,0.00139854192992994,0.0496937292110446,0.0336539036738309,0.051217350569507,0.0316547109702513,0.0915073531764363,0.0138321041503246
0.028183542129822,-0.0125227231940542,0.0507723577401565,-0.0295002889479976,0.0498610619793446,0.0128364903201041,0.0513469970007731,0.0326335834035322,0.0927860777961968,-0.00184222924887229,0.0243479986666274,-0.0233151935722725,0.0548157066883715,0.0180633287309602,0.0515252094746018,0.0271744914251873,0.0501129672081275,0.0349324678395962,0.0726450518809595,0.0218776486476095
0.0358349311022797,-0.0264996709551714,0.0493847054704968,-0.028378303192029,0.0510497594222335,0.0341749392832598,0.0610329503116089,0.00847848577273333,0.0888495992591434,0.00275916134042332,0.0392494325141568,-0.0262721080594469,0.057859586704469,0.0179734101661456,0.0538440948733534,0.0348049888685648,0.054194598305955,0.027560042835014,0.0740213440511316,0.0179415183091845
0.0144025741364687,-0.0154253702824304,0.0526974555969263,-0.0273792860493444,0.050666638996993,0.0243430669343593,0.0529582549885563,0.0373736950620605,0.076095469072561,0.00799376011591467,0.0307794920004188,-0.0227842565474783,0.0612952910428052,0.0110263694486332,0.0491902118534888,0.0343651735176425,0.0501416188302152,0.0318207241644587,0.0615559328396892,0.0216233373345201
0.0110202053431151,-0.00866103957851842,0.0363434826614739,-0.0312345664791622,0.0519619859344549,-0.0285818935359903,0.0504681565222239,0.0354164668740907,0.0540998008567028,0.031347793726034,0.0140699538865279,-0.0248623902380064,0.0442463724619878,0.00296782022651152,0.0479083593155994,0.0328944324721333,0.0499070016881614,0.0321362492162285,0.0590159591407995,0.0270755009787619
0.0149785114606778,-0.00734106679482446,0.0446024063123895,-0.031809006739331,0.0506207173330892,-0.0199853259175343,0.0529054071832249,0.0340045534152144,0.0567127860222105,0.029444892864903,0.0161966445305586,-0.0256794655044695,0.0586887222677012,-0.00535340086789133,0.0420998876166045,0.0239099867817884,0.0429243759335454,0.0356443012850337,0.0533121810856766,0.025644097632713
0.0565298240475091,-0.0162187353724587,0.0490609192202023,-0.0253418806778714,0.0498297790970502,-0.0196491786484659,0.0505900447000288,0.0308614966973287,0.0740581675546384,0.0126913054390956,0.0220737159896811,-0.0270432239104188,0.0646046158190974,0.0110441575277324,0.0446589957310898,0.0227268531401101,0.0537964035896056,0.0318356986941339,0.0715645623096825,0.0172565862503411
0.0449556075784248,-0.0200768985830984,0.0515661906720014,-0.0296190300532412,0.0414682418325685,0.0282816213560621,0.0448067540460305,0.033006609291437,0.0675977743298427,0.0111771491289978,0.045456747943334,-0.0219134373571965,0.0493469442818849,0.0186496408212385,0.0446614691909957,0.0377500227703267,0.0497372318717371,0.0306907952311092,0.059177386046893,0.0244507444112229
0.00951689796779447,-0.014493623125496,0.0445333771583921,-0.0345199237311444,0.0495887928531217,-0.0244168760066191,0.0477586605455906,-0.00140318537939969,0.0587682707735839,0.0377805928048422,0.0115884483824804,-0.026181349980381,0.0534459386176024,-0.00407943761146695,0.0481028769805296,0.0267818324246553,0.0595170976517092,0.0315452230436857,0.0876544628738203,0.0120831615330096
0.0506849366798502,-0.0343389952253194,0.0451301089334086,-0.0101313717796287,0.0440895059491404,0.0354323605610252,0.0719222103332648,0.00966330209411033,0.0975650529119486,0.000466176778595396,0.0500341594065118,-0.0413899434949534,0.0412288520764903,0.025641247753851,0.0438516764693592,0.0354096575571506,0.0583213673036138,0.0234511891784162,0.0946021081865177,0.00699172519438648
0.0218264351763966,-0.0060624489367395,0.0442102849028067,-0.0345739317606474,0.0489597725959747,-0.0292085101377144,0.0725282602010107,0.026555329786367,0.0750049091969923,0.0220770549576245,0.0255585786910327,-0.0174236458794012,0.0523888922098557,0.0275057341939806,0.050494143360543,0.0266666083086115,0.0842708718947864,0.0229211483174908,0.0934710881134863,0.0141959682295102
0.0281495232075724,-0.0132186073344943,0.0527522302237443,-0.0279121551712527,0.0493022820373523,-0.029354953466976,0.0536312905934679,0.0198353249374899,0.0711894580696904,0.0289425738312273,0.0341869893819087,-0.0166756561437075,0.0689984335542544,0.00406328386874492,0.0537524159492651,0.0269228338790112,0.0590879440229642,0.0282352872397565,0.0904598601695203,0.0165727812106515
0.00902113974233325,-0.0096537057968146,0.0494082473044353,-0.0314292274544788,0.0489513137495102,0.0118750879111754,0.046444757627468,0.0347887688522057,0.0767200919882039,0.00733495301771399,0.0424697443916579,-0.0287996771454516,0.0536167564102545,0.00865576505136553,0.0461454052162774,0.0384700634670756,0.0492693249383262,0.0286698310744977,0.0940404093674752,0.00435931568979303
0.0404413988852043,-0.0328165455230964,0.0508272570204365,-0.0300910057313585,0.0652629377404862,-0.00105909421988854,0.0550867261151978,0.0272600293536248,0.0770512621670392,0.0141971506589762,0.025881967537591,-0.0236268555775589,0.059314983092471,0.00993516037087362,0.0490436407889282,0.0311389181106573,0.0513163851076113,0.0290284273681398,0.0914259321798181,0.0134563939707365
0.0243154330772583,-0.0242772314889907,0.0495266774144861,-0.0247326146263008,0.0494807693737266,-0.027707008151076,0.0425501910164071,0.0233545524549691,0.0765980737091363,0.0112260353516519,0.0333897636388184,-0.0302605871363788,0.0631839446332083,0.00642039272691596,0.0515818081876655,0.0281229689613879,0.046625033735973,0.0351442300223435,0.0902586488310294,0.0162124686120475
0.019159141605696,-0.0245107911980909,0.0466797815659939,-0.0299765901140453,0.044644325314862,0.00938386087147814,0.0470310381921592,0.0324168380102892,0.0821744335130364,-0.00191123771868269,0.0318069451678657,-0.0269827936191197,0.0581597214973513,0.00741998263228842,0.0515675026218408,0.0374367889233588,0.0501382227017437,0.0295722260683391,0.103355968248581,-0.00806268592755365
0.0328023584244988,-0.017145181670441,0.0503841941549809,-0.0260945744156082,0.0446485903503731,-0.0199481645998515,0.0447917461926508,0.0273600753210207,0.086229712806422,0.000951130020744925,0.0312468455302876,-0.0229973467374569,0.0620511008810727,0.0205803194716699,0.0506012433339098,0.0260030147555162,0.0511941875340124,0.0297828458485444,0.0998714437376184,-0.00177118405840271
0.031636030598845,-0.00441036231049182,0.0461756610558566,-0.0215226318412603,0.0515582186209148,-0.0298335257276849,0.0474804262475135,0.0111223147935221,0.0619787622540384,0.0305077086182487,0.0384207126281204,-0.00787915498876176,0.0508423270100405,0.0215814056369457,0.0550912635581393,0.0254968313172207,0.052402597405475,0.0325915925861924,0.0822989257462069,0.0240956977904216
0.0211194408345427,-0.00773805436324871,0.0352352151885211,-0.0319179677105559,0.0469293689263465,-0.033039247841547,0.0508548407611591,-0.0284328681250502,0.0718260665491572,-0.00462989046830799,0.0426344825705038,-0.0317906136720734,0.0550654560463501,0.0251781738593407,0.0480971015162285,0.043730748003712,0.049549763788639,0.0259849989599204,0.0901815070864827,0.0093104930164343
0.0142637011563104,-0.0167140134226164,0.0563252665067369,-0.0180189520911484,0.0513858915479571,-0.0303430052184422,0.0445838448862645,0.0284464648747193,0.0639357936540254,0.0328251486510632,0.0134780847001701,-0.0167601642078799,0.065864549162097,0.00807705186409266,0.0476687748219782,0.030250333347254,0.0464273487026766,0.0362359957163501,0.0854010684097502,0.0174169924380074
0.0189633846577891,-0.0225870797425883,0.0525655669110248,-0.0285043322387794,0.0493154569984111,-0.0262625111060388,0.0454048107070487,0.0300681233264087,0.0676140186841009,0.0235921389572964,0.00104694015639668,0.00528094706145804,0.0488559828664484,-0.0192694812587402,0.0526661452272218,0.0277268142865795,0.0492410779935146,0.0335487472110747,0.079645012970467,0.0259523662592081
0.0119729261899562,-0.0162264610312877,0.0413023611242245,-0.033662267253222,0.0533429302998392,-0.0229681037623596,0.0533593434485035,0.0216319086763166,0.0500039847436505,0.0362739792541907,0.00722573890228635,-0.0350294916644113,0.0651924283576882,-0.02646554470395,0.0547936444515963,0.0205153133425944,0.0497588030573139,0.0331197070015027,0.0617041533725092,0.0251207055379745
0.0104692098436099,-0.0093170911138824,0.0540223206165959,-0.0305308945968605,0.0519597851976555,-0.0220436492196447,0.0487942631625484,0.0364857617103276,0.054594815910745,0.035464016139372,0.043795298977542,-0.0287869248032204,0.0760776946102538,0.00214218749026672,0.0588992009114734,0.0287280693556795,0.0529793785602967,0.0382021548421392,0.0757285920418473,0.0152064599965501
0.0159160804232084,-0.0237994163620186,0.0489922481178077,-0.0333813262089028,0.0486035256786972,-0.00551152466473586,0.0427058713098064,0.0340167803260428,0.0918457379754259,0.00658538174691899,0.0130440407282176,-0.0244717304354705,0.0676237009164114,-0.0199919537849952,0.0575760834694471,0.0264640077860953,0.0513349844349606,0.0279478053757249,0.0959989529037825,0.00844649878254319
0.0199657870178518,-0.0114038834490811,0.053906535122686,-0.0316811251293171,0.0510460648295064,-0.0233322558821007,0.0445392797193209,0.0322363031523394,0.0482022828039173,0.0344886139073035,0.0366030543225808,-0.0340148008565214,0.0609393699945278,-0.0141417053606205,0.061529756662104,0.0217020904073674,0.0552731580157281,0.0395986628540932,0.0561957345281788,0.0311785525887757
0.0328223813384704,-0.0335943314299265,0.0470118039155872,-0.0278644821556684,0.0442762452864665,-0.00318256510431935,0.0483288661643242,0.0358739007054768,0.0701934365060469,0.0148197476065646,0.0431363809801609,-0.04249524920571,0.0527833119424939,0.00795012510652033,0.0475278688963616,0.0273305309495248,0.048786506856334,0.0363544329315008,0.0747453793097598,0.0207841784269557
0.0174260529702635,-0.0227510169094168,0.0494743000919298,-0.0196809768410679,0.0511401399406921,-0.0273864774271742,0.0443243889822443,0.0355155002304298,0.0480625120213422,0.0318631025462483,0.0148424970474689,-0.040253722079122,0.0556533894466622,0.00743494106078806,0.0540944388197748,0.0227506884543744,0.0473161571834284,0.0359908559551332,0.0574068739163068,0.0242659402266078
0.0302204607978136,-0.0312099530693665,0.0473654562074465,-0.0268968180445423,0.0484614566408158,0.0299691353260534,0.0479450190242169,0.0333948509980764,0.0775040529172449,0.00849493295675292,0.0169130356860061,-0.0355375627894953,0.0614045673727589,0.0137495028639039,0.0517285014894312,0.0316569494264114,0.0536380708194918,0.0266516276528067,0.0857885413648475,0.0023939040668599
0.0223291225139825,-0.0219280600368764,0.0492401505340775,-0.0336503470995551,0.0492486584232336,0.0260807023312772,0.0515619253486561,0.0365125124764654,0.0802455309229061,0.00885494616027478,0.0186751660484248,-0.032649187276269,0.0638212113149723,0.000959476192814521,0.0543685161828978,0.0277450972758883,0.0517477483688489,0.0284962545439783,0.0886867077433237,0.00989582789067932
0.0266848425401434,-0.0187888504762519,0.0500944740426414,-0.0329656663971947,0.0516729817431996,-0.0137083054203746,0.0496853191965272,0.0396552594124737,0.0643680255863773,0.0219384834880897,0.0174616016596606,-0.0284412946079274,0.0631152151251662,-0.0254252098647476,0.0527630863210734,0.0272006293713113,0.0510615020552968,0.0314591911392579,0.0734204545076704,0.0174249977521398
0.0230425312350046,-0.00699305294837751,0.0376410322375393,-0.0245759320069066,0.0492945559495383,-0.0309019423688401,0.0525295509508856,-0.0198716732316451,0.0815791351949983,0.0035273493411999,0.0264360265473228,-0.0434694390399029,0.0657610369970465,0.007736457741368,0.0518092349279323,0.0334447635164282,0.0591737353774038,0.0245842549034601,0.0952668682352207,0.00891156568450779
0.020573138829716,-0.00641684997892506,0.0382979928221757,-0.0227739657436391,0.0473600567273601,-0.0299488160846698,0.0529073967614806,-0.0272753124860945,0.0836563267328997,-0.00853881788786705,0.0458627089835784,-0.0320110506351428,0.0459513587641773,0.0204659673531418,0.0524289013936263,0.0270296911214263,0.0511435353158048,0.0308189498820922,0.090707057439087,0.0171861421656065
0.0173972396672238,-0.0205260601165569,0.0479523292904757,-0.0308625061510743,0.0493170223521947,-0.00724183074110564,0.0450321668058653,0.0346255446810743,0.0660786623051008,0.0190294773314979,0.0114198842274675,-0.020304849377838,0.0551928023722808,-0.0365357809175912,0.0565096981488217,0.0151977990055737,0.0498987632148743,0.0335040707888483,0.065614038955579,0.0170699164186932
0.0311804095624927,-0.0288329189513376,0.0494627906703011,-0.0302817949153507,0.0446262708378327,0.0113885032957293,0.0539873473684476,0.0311551209608871,0.0995316298262037,-0.00787140342486703,0.00819079851207435,-0.021797308716829,0.0585499272580522,0.00228893544728531,0.0492741287992116,0.0282476005331329,0.0608190946237013,0.0276338369382575,0.0993479319622604,-0.00214044827970835
0.0313761548416755,-0.0249301385754217,0.0495687840896368,-0.0261267179043116,0.0515855242703796,-0.0266950313585673,0.0513116531817842,0.0185385384161946,0.0690489721048345,0.0328337698868802,0.0281302650165571,-0.0311732976188254,0.0547468164968621,0.00843296119730508,0.0523889037378532,0.0349752409248431,0.0555788790039795,0.0260368135554988,0.0912857586903088,0.0162277644602179
0.017859261280154,-0.0116692114290533,0.0368191472800272,-0.0262291687257767,0.0484977720975624,-0.0365742461053526,0.0473336384829381,-0.0286831766679221,0.072227818465266,-0.0109078118367346,0.0761885296512352,-0.010131731096927,0.052429917426493,0.035003128763746,0.0907405666310092,0.00638664662176284,0.101397933538721,-0.00436381126348043,0.0994773687429831,0.000615727219581936
0.0238352687564626,-0.0316247147231983,0.0436510769914714,-0.0260055254414706,0.0482248920884717,-0.0333437857946593,0.070613059134251,0.0151022406374664,0.0716817907494325,0.0221083249885711,0.0208208849809715,-0.0391722294780334,0.049848606160847,0.0127790916515246,0.050349775658823,0.0266005004397391,0.0891930423496033,0.00992800341437911,0.0968163578778841,0.00309201481587012
0.0231770784216587,-0.029295331986435,0.0518290380473892,-0.0285330466522564,0.0447586337605919,0.0201529414718587,0.0531219337993082,0.0346636545960898,0.0981261553815959,-0.00846973510519436,0.0295372911447441,-0.0341760898363013,0.0594327321481078,0.0153672253229096,0.0458767102846136,0.0357883358521982,0.0506541808026562,0.028737589624454,0.102909984891337,-0.00828413802917412
0.0116625837235121,-0.0131407931999905,0.0236584368430568,-0.0240307006638551,0.0606818998156928,-0.0271999624989596,0.0441640457218322,0.0323242437883562,0.0517417892985599,0.0356286800797859,0.0245809603025112,-0.032466792882456,0.0662398765537214,0.00680225432312453,0.045528659374233,0.0298015391777181,0.0489617794300909,0.0299493060259426,0.0870493739756378,0.009041266311628
0.0278625354273514,-0.0268821359599149,0.0485822990536856,-0.0266644862670351,0.0477422923385549,0.0272071073577384,0.0581975693275725,0.0201573174728738,0.0933360628441778,-0.000552904750097752,0.0165394039375189,-0.0277459389400181,0.0517723653280706,0.00849214419858765,0.0473761453674064,0.0252043865338928,0.0500588212827232,0.026470537990217,0.0942285786149185,0.00669217063261339
0.0313198131434052,-0.024346449544123,0.0524045040883658,-0.0263572908952965,0.0444100624691192,-0.00336120457429829,0.0477181311348205,0.0302237751268903,0.0706977327152844,0.0155286716184686,0.0165663104909626,-0.0180432593116157,0.0574906820558311,0.00101772396628284,0.0472323397907608,0.0202381642615734,0.0459822248231131,0.0305925053090291,0.070959530396371,0.0161479947485183
0.0385944106712002,-0.0329217293220907,0.0482256770051154,-0.032221716021351,0.0512583927114148,-0.0259280034360202,0.0461967072013481,0.026652919433799,0.0832038937791948,0.0166240503197119,0.0441711642605005,-0.0249265998275531,0.0413629394681126,0.0234244914385877,0.0487761508560884,0.0293155134902204,0.09396108852292,0.0116743305628299,0.0969060728593108,0.00605770109464521
0.0231383197672278,-0.020302752768538,0.0466252095053931,-0.0238790101368577,0.0496662122164707,-0.0289344559680678,0.0489450058538902,0.0263476082257371,0.0502606884221595,0.0329893444004402,0.0134553808977661,-0.0261642184968066,0.0427954497157072,-0.00610648499195619,0.0470551184879905,0.0174615570117752,0.0481944949086045,0.0307723027405998,0.0642431816146619,0.0219647759440602
0.0317857163728184,-0.0288332738948767,0.0505340194513368,-0.0288998965397812,0.0454338953769971,0.0124698421014052,0.0487627553270327,0.0329635833814782,0.092874619553533,-0.00336967471040208,0.0118103072202417,-0.0227402943219219,0.0583984183856255,0.0185455013935536,0.0494800562913224,0.0251534482622931,0.0513883702753063,0.0323149664102326,0.0940322141083781,0.000895999441708469
0.012709091152968,-0.00726890267238392,0.047259842938849,-0.0257242992869867,0.0519594237328078,-0.0281893945442615,0.0499395676367572,0.0235583890411308,0.0507924276923065,0.0274194092804282,0.0188883647749526,-0.0311931013190749,0.0548370717032535,0.0169841973385753,0.0500437792718012,0.0257997093283907,0.0497155137778134,0.0357984262464475,0.0584414180058905,0.026039613750867
0.0148519351500999,-0.0227714476769701,0.0536955944713292,-0.0342036865986583,0.0453582340748304,0.00643674127544434,0.0450020175922792,0.045285306847195,0.0804916245734562,0.00462660403621679,0.0166472925391792,-0.0345029937302301,0.0685030764753549,-0.00781829284703721,0.0448416788973428,0.0345299176203364,0.0552871339010375,0.0298423817257758,0.101560568970133,-0.00401912776131187
0.00907916431997551,-0.00471827880661832,0.0532044079763184,-0.0218340809549718,0.0497225801941223,-0.0272986191719854,0.0474524319166259,0.00731395395791549,0.0553585697826913,0.0333199735144095,0.047786251300095,-0.0219585636174862,0.0516012880473987,0.0243068139026898,0.0546308500988561,0.0218123681436298,0.0529016407901358,0.030918201055534,0.0881718545521856,0.0155102090454306
0.0200693917605773,-0.027202019422944,0.0438710004830299,-0.0313321757521318,0.0489210230020565,-0.0253319339090235,0.0488059490384869,0.0243575119685214,0.0615390232109837,0.026295311066962,0.0075332194511611,-0.0238976894122336,0.0548861854117098,-0.0240933512750035,0.0562201791380706,0.0180100368563776,0.0518047999879198,0.0281459896003055,0.070600356560923,0.0208410349030324
0.0404965311125156,-0.0274354646732146,0.0480520099361853,-0.0299526114676811,0.0624671173271463,0.0178229052989831,0.0946058847243759,-0.00162493297904409,0.079209528502493,0.0129176379978309,0.0442041649590951,-0.00677777387575274,0.0420629465236348,-0.025368111845112,0.0707408298339565,0.0112260272171755,0.0550998410242921,0.0296907213353054,0.0647990864188034,0.0182533465192073
0.0174186261660544,-0.0189070671011436,0.0554588641354514,-0.0286540222002912,0.0474401058494646,-0.0310728170965101,0.0466655049306429,0.007352308576883,0.0518182480390352,0.0297844219842443,0.0152934141944053,-0.0202143196426402,0.0549652787262413,0.000594438487318069,0.0496407185437522,0.0259263475307639,0.0505587576519799,0.0296238667668956,0.0804389893219674,0.0152909897553415
0.0375951243025067,-0.0305471243591129,0.0501256641410878,-0.0269881427667402,0.0499825760257839,0.00828569794643425,0.0518579296646934,0.0297773056515665,0.0560483434562937,0.0212333665442931,0.0242978125930101,-0.0317379588160864,0.0596523652333318,0.000676579051129393,0.0529968966155964,0.0243837370974111,0.0526574148988906,0.0274447433523351,0.0611456704291203,0.019593201808669
0.020293656861512,-0.00288514919052182,0.0441285621624836,-0.0220887808011681,0.0515837511242719,-0.0296997306091555,0.068316821788525,-0.0114207249872189,0.100785125651365,-0.00459280165765138,0.0194305921237837,-0.0382369219822653,0.0594275366180846,0.0080238635613002,0.0434095686319654,0.0336638036949232,0.0523464776533915,0.0270833790791489,0.0647791658003513,0.0205828636710514
0.0346711299213344,-0.015524160779815,0.047053517047552,-0.0304371247760112,0.0502796322345901,-0.0196009017077267,0.0448389037077616,0.0374870083849137,0.0802260016652033,0.00818853169185234,0.046807888547252,-0.0168201183132961,0.0477352509922499,0.0144679151151343,0.0506329623934925,0.0265215889723414,0.0504548591698434,0.0303859184312598,0.0935773192853041,0.00788117288621522
0.0372001634904166,-0.0143658448465955,0.049812980299783,-0.0250870811262559,0.0516590851461618,-0.0233538493713258,0.0435614904692284,0.0135021253514363,0.0692783059215912,0.0321400612392857,0.049904678728451,-0.0207955489315743,0.0494673572023527,0.00896181394290206,0.0517188021543491,0.0298951763619523,0.0464066438251296,0.0312828005442204,0.0877175366247327,0.0211458148155903
0.0409224731637555,-0.0142063895596047,0.0514245341511856,-0.0263022972114316,0.0467182872507743,-0.0232571316765755,0.0490931876779059,0.036785665216266,0.0797998973718465,0.00980495829677334,0.0476004864567549,-0.0134448949651461,0.0567887238447176,0.000187564019111137,0.0500114896026844,0.0294437347737732,0.0511732943012751,0.0332850374414413,0.0869783349689503,0.0128514969751881
0.040576597470877,-0.0196129527402977,0.0526131585470197,-0.020664165746219,0.0502314606270659,-0.032180261537268,0.0443908620530652,0.0359590987315962,0.093986393297558,0.000384304884583427,0.047549757045179,-0.0284512057057313,0.0538155085783236,0.0274533796556111,0.0522789892879274,0.0224376768574417,0.0546725396216982,0.0360618865586261,0.0964959887384338,0.00434404195005589
0.025772038498384,-0.00720894597059125,0.036412080481839,-0.0277366569611594,0.0450662947150372,-0.0330823440700794,0.0528306909111927,-0.0289087147555749,0.0803332473169861,-0.0120178067110484,0.0368567818685435,-0.0390274535961636,0.0418663390069993,0.0185732839336206,0.0474465045621669,0.0380731552994609,0.0537268008564517,0.0274501904032657,0.0843928387214555,-0.00166806071923198
0.0436616631076652,-0.0260637561732315,0.0509578378188172,-0.0325381098301747,0.0458030005382304,0.0329599592070617,0.0464765679909041,0.0439204732899373,0.0839271474635438,0.00175209707378251,0.0113605042207752,-0.00618243462993732,0.0520992066189155,-0.0316199417354339,0.0402666979353104,0.0309075753044679,0.0487300098030134,0.0372240247376966,0.0794579532782076,0.00849621845864779
0.0377284827282722,-0.0179854052091447,0.0466808464431276,-0.0267306087749209,0.0478163842071444,-0.0222433378236365,0.0414665136373672,0.0390747280923973,0.0453651492316475,0.0379620279702731,0.0467277830296686,-0.0268997082760934,0.0510072792454912,0.018318014450696,0.0531436126191272,0.0242845144741678,0.0531050767623807,0.0342605880362728,0.0507721696340402,0.0294889087916566
0.0272570720368539,-0.025262004874718,0.0513660217235171,-0.0269737066441405,0.0494833959293715,0.0364998676875997,0.0533310936990075,0.040120854749614,0.0728488654626031,0.0111021187897078,0.0540394319088151,-0.0346972961338486,0.0549520165955155,0.0245079150125689,0.04888819519262,0.0484975020328113,0.0528112176819582,0.028530780855848,0.0706151898680144,0.0184456570544233
0.0215995393186976,-0.0122251611725597,0.0532242852803635,-0.0287692358132511,0.0475252913918994,-0.00659700436923295,0.0452041831062545,0.0445238074628828,0.0818431312018841,0.0104307295436137,0.0471034173558482,-0.0225805087842581,0.0561311089766978,0.0187363788695639,0.0510397886126579,0.0308734308304885,0.0496163971770162,0.0340570002667679,0.0904639179258948,0.0101126942751373
0.0173088096355767,-0.0121777735320783,0.0504721191961578,-0.0298784078318196,0.0637902799067543,-0.00486723138310543,0.0556031622779562,0.0387976398511427,0.0716051822618058,0.0163519145989751,0.0306483560176268,-0.0208681377837556,0.0628457869623967,0.0022733970097942,0.0583769769703745,0.0313935464101064,0.0504166062453264,0.0311296848492587,0.0796829894618074,0.0142420916167286
0.0173620258981901,-0.0166174534924051,0.0495749195588604,-0.0265005672999829,0.0489914017257276,-0.0143085576854715,0.0432104805680545,0.039012245792232,0.0622990451616258,0.0147254904848428,0.0290054518158463,-0.0300252187771762,0.0614378254344993,-0.00514243375766958,0.0559372468302356,0.0285927316206612,0.0494344268653537,0.0340574054390236,0.0663531283549765,0.0212307248018528
0.0397801049872143,-0.031544026661236,0.0481968451939111,-0.0332344857841551,0.0520920563908153,-0.0299556815779271,0.047472252433755,0.0265963179800283,0.0668788913638765,0.0264629669864838,0.0255811125533141,-0.0154844065951654,0.0592150083014859,0.00482470252585976,0.0536534007005095,0.0321394738725695,0.050260994872654,0.0309437190328077,0.0814334156682376,0.0167389710552214
0.0114946492358347,0.00469308512421992,0.0411455475332907,-0.0259352456606987,0.0466238940016887,-0.0267860735865941,0.0476584743345599,0.0177984963487827,0.047168536304337,0.0394097526357502,0.0132142753734667,0.0117173970095269,0.040679742523502,-0.0148641039373884,0.0508478003364886,0.00697394006026839,0.0537423446298993,0.0261171152672503,0.0567237656342682,0.0293040511716521
0.0516555954541434,-0.0232593133691726,0.0203134782275926,0.0216329028357114,0.0773171402475736,0.00720198158782101,0.0300165529937486,0.000915588519556272,0.0911725808464009,0.00022278577022707,0.00587623286560046,0.00159736366170701,0.00435214376693477,-0.000440936354033656,0.00338490463998189,-0.00298910183711725,0.0551536703890692,0.0248379757132704,0.0506591605817172,0.0249649590312231
0.017483625762259,-0.0145480997206027,0.0287289560869221,-0.0248201480069714,0.0555326788911653,-0.0240377034484516,0.0499517410285353,0.0229346212761672,0.0731799610868927,0.0201753706321439,0.0390922301361199,-0.0124803888047021,0.0441537542967815,0.0271781171811678,0.0510423394485884,0.0215260266918488,0.062161593183861,0.0243709375784841,0.100802013384861,0.00691672470897366
0.0163714406171391,-0.0158513167468594,0.0491615759040094,-0.0303452824917442,0.049263567012442,-0.021196097522239,0.0483235138376665,0.0389339712957571,0.0627098955953944,0.0192896001024843,0.0129669816326198,-0.0202548197348146,0.0508563000186897,-0.00713327257717926,0.0498528104892885,0.023681201763725,0.0514522605497345,0.0284193808419545,0.100664227436168,0.00784758478322956
0.0501766986166784,-0.0291648994014862,0.0460668106395862,0.0291043324253934,0.0972940605205283,-0.00119342830505099,0.0981384419468313,-0.00139533928934448,0.0985325069408253,-0.00304296860720465,0.00409634226472146,-0.00083975095923024,0.00413432638312694,-0.000542584467047526,0.0523617995961312,-0.0244530820424748,0.0521964306579303,0.0313742857308231,0.0704792261923036,0.0227847384782263
0.0262372910504683,-0.0199261038824526,0.0492373448326953,-0.0296154310973088,0.0462885738824365,-0.00362690309416338,0.051502132972513,0.0409939667490849,0.0865234688631421,0.00554434963982769,0.0304004364109037,-0.0219252280861682,0.0520588558337613,0.0140258340887435,0.0497895155018324,0.0288031542920633,0.0556559162469866,0.0288442621422769,0.0969019083023223,0.00294305160954532
0.0470438283990067,-0.0176241492291992,0.0510613762397363,-0.0280659623994341,0.0481917356796802,-0.0148202038733645,0.0479580578500577,0.0376218188473722,0.0645622587490492,0.0183431416520867,0.0297047593447815,-0.0246858662593811,0.0628858845540779,0.0029280607271407,0.0520009000463902,0.0263414375455381,0.0484679658867529,0.0345669145125167,0.0686297835988119,0.0235333089823209
0.0415337509549157,-0.0276663116176538,0.0489941764009138,-0.030143598292433,0.0265440334353772,0.0105510677205206,0.0564983640388979,0.0293246762938629,0.0749391498324495,0.0120240680029397,0.0204506097097852,-0.0144139402452453,0.047521626677626,0.00866755495470809,0.0240535304103125,0.03123629670207,0.0510147780378148,0.0247962562077452,0.079571632106757,0.0150516501276497
0.0124642710244502,-0.00378476196568277,0.0547904601202562,-0.0251506891523655,0.0522154802022885,-0.0279337102864339,0.0535211859671509,0.00805100237059424,0.0630047557197842,0.0308437852540851,0.0408017008897772,-0.0222175961844389,0.0519847259413915,0.0131528390806004,0.0515872804688445,0.0265427602101623,0.0682088987080308,0.0275571186466367,0.086763278112179,0.0118976799493287
0.0193606182215966,-0.00626252250720782,0.0353244964922915,-0.0323548415997966,0.0491006146263815,-0.0297606142020807,0.0513366452428403,-0.0287503485343517,0.0788873136127276,-0.00444560833021526,0.0261711544032041,-0.0394805997938463,0.0780728748889758,-0.000931068033299033,0.0436990786466613,0.0338201684865311,0.050893585054687,0.0279436724634768,0.0759420435666275,0.0134830673359294
0.0279127239683055,-0.0232672675872499,0.0462879575921734,-0.0235548473146692,0.0484653569905611,-0.0161037924994496,0.0456817733079931,0.0364707357655881,0.0938655768399378,1.96102473355538e-05,0.0438125859864333,-0.0307673393368465,0.0473833819366946,0.0174572694083024,0.0497341866210137,0.0254543944692788,0.0542736746691554,0.0327617959542084,0.0732889882264129,0.0221248071036531
0.0192121310858054,-0.0122961634437747,0.0555295323959063,-0.030447810745841,0.0494875149546107,-0.0263370525230412,0.0500900971467018,0.0188036464764387,0.0616457093803773,0.0318666346749297,0.0116692429311901,-0.018945210125783,0.0648615326241025,-0.00564585093242885,0.0468020755675196,0.0305864753974401,0.0452242807640248,0.0313574658797953,0.0777146086111544,0.0194694651945436
0.0395854671052707,-0.0325646520240374,0.0457943634985177,-0.0312003260404341,0.0478084092666181,0.00494316815627633,0.0436625299740097,0.0468187760773446,0.0954204786753457,0.00485521532383429,0.039135771201215,-0.0310148003226765,0.0470644535855839,0.0151285102412664,0.0505883331869861,0.0306890450352014,0.0484583343770691,0.0336022336724834,0.0959033388113159,0.00685760477356705
0.0217307792346219,-0.0036688423735435,0.059293164242593,-0.0281844657831993,0.0533621863217594,-0.0227651305684933,0.0466684927562252,0.0134070558159778,0.0523194310660243,0.045877823200097,0.00562265904164048,-0.00702640014513264,0.062636897964132,-0.0170568751977432,0.0486835013028681,0.0280126312611423,0.0494749346216121,0.0273580340591891,0.0742770903789085,0.0263248393034666
0.0306720479765276,-0.00972865037579618,0.0429152443295899,-0.0294241597663433,0.0478163958053304,-0.0304223974827817,0.0488755663550379,-0.0303804011311585,0.067969968019762,-0.0168150693213869,0.0232907215816625,-0.0410913600184877,0.051142686352431,0.0338432985870774,0.0500661379227781,0.0285762099455803,0.0874358177428285,0.000618535327802612,0.0920269308671677,0.00563160241162821
0.0110924132252644,0.00247782772704904,0.0449939225866808,0.0110383545837049,0.0676028160897562,-0.0208787300954685,0.0593978388285653,-0.0267552433149843,0.0512112026471273,-0.0270656008272718,0.0444913787725453,-0.0229273349946994,0.0551072124621639,0.0338238917479478,0.0908201681761046,-0.000727180224576344,0.0951805142057914,-0.00121062545352205,0.0956280013663768,-0.00155516923144674
0.0238092494840271,0.00257258988497701,0.0466524366906707,-0.0185066385407859,0.0569503223723027,-0.030926628544981,0.0643216162801856,0.0215349895967031,0.0831639280894801,0.0105987899008582,0.0410895768245768,-0.0170051081512999,0.0542452802880331,0.027410835643401,0.0570289440251792,0.0160610568481534,0.0923029592167249,0.00703267135275154,0.0932534408893245,0.00734987627725249
0.0179840442084123,-0.0104509896885154,0.0523000821782761,-0.0313436980148382,0.050147842645704,-0.0303178791741589,0.049913531078668,-0.0248007856780968,0.0910495558594205,-0.00743448651260915,0.000895302853139719,-0.00129975359268946,0.00128080164609572,-0.0150632222947735,0.00335897835171692,-0.0132936938899471,0.0603837433892222,0.035823462877995,0.0523542075629874,0.0254279380843239
0.0167434181447155,-0.00593032127338732,0.0403710294110237,-0.026607960340726,0.0481601182740621,-0.0290157469784016,0.0496797254681279,-0.0279887558326941,0.0848247560055053,-0.00881672911611605,0.0125529200133066,-0.0289729676907361,0.0739184389156315,-0.00136102705941178,0.0432772329297319,0.0413328833165636,0.0517521400447523,0.0272290081746127,0.0673564863034382,0.0219956195570936
0.0298012437021824,-0.0191042703463828,0.0489443399081055,-0.0284445194232726,0.048952060322207,-0.0288579134006913,0.0487499021727377,-0.0284808280300229,0.0787800422777191,-0.0131701919540213,0.0341463549918066,-0.0204184490956958,0.0583053878425174,0.0126670407061131,0.0542626032391026,0.0386183223034398,0.0471530477532742,0.0315103278469929,0.0790414984304164,0.0133732701360268
0.0152206517513157,-0.00935084614437263,0.0395039739060407,-0.0231645727123972,0.0468614838924861,-0.0298591749448053,0.0668491063981916,-0.0224375302044982,0.0921979528793582,-0.00670629291233617,0.0130935907537609,-0.00601374243034572,0.0367662207108475,-0.0150248713311667,0.0440161631398503,0.0196215464611146,0.0491182953476029,0.0301712152057091,0.0659510369980965,0.0199263455737561
0.0143957734415598,-0.00663326991815075,0.0394179613393048,-0.0254794020955419,0.0450509781688586,-0.0332791699988739,0.0605397153287402,-0.0248646568420991,0.0814721864682443,-0.00795292466934164,0.0170651306110878,-0.0387111082459356,0.074094020732397,0.00716368545936792,0.0465538728199774,0.0389826979947058,0.0497369410098855,0.0282179496665023,0.0725653769565175,0.017698597608249
0.0431191816655827,-0.0303662220065152,0.0882362917754718,-0.010902879747521,0.098279797369222,-0.00209172707887127,0.0973464755745401,-0.00050363109213007,0.0986739599882532,-0.00205226425192941,0.0700079703140509,0.0108268289111467,0.0455674404577788,0.0431224805725514,0.0501524071745188,0.0262882699935189,0.0487845712554649,0.0283007731320464,0.0529106004552497,0.0221200868626904
0.0236418897984108,-0.00546813993245958,0.0380134512195741,-0.0253418848608949,0.0467299282889545,-0.0298642367029137,0.0492326646487352,-0.0283826773227197,0.0807165110074059,-0.0121940554916894,0.0400008448612216,-0.0400530425621375,0.058824418378797,0.00897972498928402,0.0436151920045635,0.0252941906640922,0.0486424048349295,0.0289227322701468,0.05114031143485,0.0265919466973369
0.025695214155115,-0.00897049815832523,0.0475309960779834,-0.0281687923567729,0.0505027285854495,-0.029683691848847,0.0648742622592474,-0.019659941502655,0.0943233752780286,0.0020528481174542,0.0495448789697924,-0.0323983105813091,0.0447882853099372,0.0301014925635659,0.0460447065736119,0.028416746150765,0.0498716547408466,0.0281737018642166,0.0848958569809176,0.00750493422741297
0.0368967649230128,-0.013130319218961,0.0445852494218838,-0.0314492919145696,0.0456080439305898,-0.0310605009481072,0.0515197413247283,-0.02964831769213,0.0907533906505947,-0.00790834626545401,0.0392201299288232,-0.0357953579572648,0.0563024207946029,0.0270756204575968,0.049689243412462,0.0273901996047568,0.0696909476894924,0.0184416125994793,0.0938559733078457,0.000563097243781697
0.0286932587597076,-0.0131748526097908,0.0495559939767911,-0.0300827777537153,0.0503184561861981,-0.0305606424249678,0.074103761382207,-0.0150366180240211,0.0942578907375055,-0.00580725475430901,0.0253624078276936,-0.0276479485825506,0.0619087587954305,0.0180185197841883,0.0500492774831552,0.0287583929331559,0.0576616640708829,0.0216740277352154,0.103983838417032,-0.0102093627451347
0.0149376696323315,-0.00739602622493376,0.0446750880602044,-0.027848692528986,0.0489472776946586,-0.0316439028319606,0.0525862051268916,-0.0287895550973898,0.0903339306511601,-0.00614230427720328,0.0127485561118652,-0.0401994787376988,0.0610296778668943,0.00975497530255117,0.0407531794333961,0.0336527005124223,0.0495549900974878,0.0280829119171232,0.0954485135580666,-0.00556090302065756
0.0159299208950404,-0.0172932764307698,0.0462911215214543,-0.0258895363394844,0.0503154689909631,-0.029381326408598,0.0516297492209937,-0.0278610275920091,0.0932159239524305,-0.00837885948247455,0.0355477304556042,-0.0191320517034195,0.0670619531235468,0.0215043033964205,0.0480926526614194,0.0321981077471538,0.0501686706825003,0.02640105474475,0.0972079823952763,-0.00587343694087123
0.0370039329543125,0.0278661682345255,0.0299086939111178,0.0165722408179301,0.0272644373422229,0.0119324331792921,0.0341607759393089,0.0153372946401866,0.0412594172393311,0.0213389245852802,0.0218283646988356,-0.0296615568793544,0.0260098400541166,0.00942094459617886,0.0347943099414809,0.0125901670272349,0.0503898535311657,-0.000589466741256446,0.0505547450771685,-0.0335713442330713
0.0251802530251381,-0.00830278165778771,0.0437913095374244,-0.0302430654488377,0.0468628936083384,-0.0314891554249696,0.0530035355900007,-0.0303211974741114,0.0800322809759103,-0.011208312992508,0.0273177754815915,-0.0387532331339535,0.051645365434166,0.0136659750315375,0.0505604439518194,0.0334232212922534,0.0509447355563074,0.0288735599276372,0.0954645879423897,0.00708556395332538
0.0128208806742736,-0.0105514850041482,0.0468225232366715,-0.0250065408642739,0.0482928673827386,-0.0326293759203901,0.0481711696636942,-0.0322338482431357,0.0888711056729325,-0.00803847505889308,0.0247837780689709,-0.00822758648751823,0.0529921604890805,0.0144093841618595,0.0552272558438038,0.0283420531875204,0.0487184426081801,0.0294790542632424,0.0625978096805547,0.0214213836096681
0.0434481492067411,-0.0176936401051506,0.0485783777045533,-0.0306164553788254,0.0942784025793514,-0.00332315874594771,0.0974197466202363,-0.00113543714927923,0.0973314149917934,-0.00114652648292121,0.0441770562509036,-0.0206706700900539,0.0549347323229651,0.0373843189873921,0.0500405566856723,0.0286640405024103,0.0721494227415541,0.0228049435695887,0.093966801786439,0.00468255036103251
0.014772456167374,-0.00458647067473048,0.0396812002522643,-0.0277328328732246,0.0486876137699295,-0.0300500244058626,0.0571856293230247,-0.0256151364151304,0.0900873606795879,-0.00583625316521468,0.010519365722513,-0.02427192333383,0.057141697123221,-0.00853159737973666,0.0453304533123681,0.0335788214704777,0.0510914163209257,0.0289087951251805,0.0553603144284975,0.0265317213388362
0.0337427159475005,-0.0143001155113238,0.0483987824114822,-0.0314347945489541,0.0451148531282613,-0.0147632479167124,0.04335889941737,0.0245341370874718,0.0799847351703152,0.0144418523658523,0.00391341472913476,-0.00210873767331567,0.0517694728915704,-0.0168074659919475,0.0584566220830231,0.0222959637622833,0.0516791546805243,0.0295994986549816,0.0606292649430512,0.0195439288416471
0.0392702912483525,-0.0261097810565441,0.0498834017227818,-0.0296689994401614,0.0446467942611481,-0.000523838648601294,0.0528747988174093,0.0359921203102557,0.0846148576671948,0.00839475417071602,0.0502760680637428,-0.0311505943640259,0.0460524091447561,0.0243808311536359,0.0522123553949553,0.0269365585309136,0.0858497767813019,0.00690567272427006,0.0938670564847703,-0.00190953780174841
0.0468682710847062,-0.0265765317070932,0.0490283602325558,-0.0300425598003415,0.0541135321370928,0.000832112816351373,0.0555828139018457,0.0388226307409802,0.0867281766832437,0.00465932934367372,0.0307963543152526,-0.0434371257188644,0.05896214446918,0.0131929354857774,0.0521920735478753,0.0295286993055295,0.0902907941940993,0.000480873269222697,0.105269082474774,-0.00325359529348546
0.0453641159212955,-0.0272659527576958,0.0520731525240687,-0.0316040376710776,0.0462268484381552,0.0035553617090906,0.0477856804162832,0.036888263921045,0.077078084195524,0.0146846254514201,0.0296359877286205,-0.0292582395176002,0.0541001484982655,0.0207417529337435,0.0486781600307511,0.0303485596861309,0.05008932503363,0.0277098805852002,0.0823315921206219,0.00376975955004377
0.046409389135763,-0.0309408271655726,0.0482995447378803,-0.0313623192292385,0.0574827463092516,0.0108679911416978,0.0476806455797249,0.0346759974288992,0.0744645587732478,0.0142167506630744,0.0363075521597246,-0.0328232512532958,0.0491772217780884,0.0300408802825889,0.0502705480076069,0.0269737757898475,0.0853914877963125,0.00200435994964327,0.0965769741099915,-0.00237608872493935
0.0502672490804397,-0.0313481680762045,0.0495557407057758,-0.029412775377244,0.0495557407057758,-0.029412775377244,0.049554617948299,-0.0294085453282263,0.0505561248879424,0.0288085606815675,0.0208732613822429,-0.034032654335414,0.076375444045128,0.00876084204523097,0.0530923354730596,0.030591673196503,0.0505366009966623,0.0290658003655816,0.0951618366122182,-0.00279665843433057
0.0497879880251281,-0.0245335633306715,0.0517785495175919,-0.0313447877220756,0.0495645024246903,-0.0302775351326336,0.0458193732272046,0.0395090880635382,0.0554740736834939,0.0311171342174699,0.00377214998553146,-0.00282489149997983,0.0343167147243282,-0.0266870270785485,0.0418115167491151,0.0310983198009538,0.0567222872180068,0.0248005813103884,0.0585706952540165,0.0237920152659152
