u1_1,u1_2,u1_3,u1_4,u1_5,u1_6,u1_7,u1_8,u1_9,u1_10,u2_1,u2_2,u2_3,u2_4,u2_5,u2_6,u2_7,u2_8,u2_9,u2_10
0.0170990840317777,0.0105313345298661,0.00271674628433664,0.00030189732653394,0.00241161954077421,-0.000448259343478569,0.00864884917448273,-0.00130159147355612,0.0486193727303984,-0.0275088603414615,0.0164354958991632,0.0153800697775915,0.0458322823261521,0.0226914373752245,0.0516060715067471,0.0288566271529874,0.0705409624449985,0.0239892806256525,0.0937444801424546,0.00789272206316983
0.0361887595103361,-0.01541808032324,0.045546294684825,-0.0222790045534188,0.049754763168741,-0.028633940655528,0.0499171496031888,-0.028285046238072,0.0786680460953969,-0.0111565690027401,0.0198234293362296,0.00823334213707095,0.036467027332729,0.0173048805947455,0.0474730345682963,0.0249881304407701,0.0635136048692268,0.0290681499933438,0.087195640055616,0.011816085130495
0.0312828808110753,-0.0137319087649424,0.0438389472484086,-0.0241373423257873,0.0479984714422796,-0.0268599755490313,0.0488085272457218,-0.0279542436264563,0.0742287149923015,-0.010032524961912,0.0274028923057896,0.0148449935224455,0.0462318464960935,0.0248588947976419,0.0520778019725453,0.0298172318807844,0.0686299720242706,0.0229574584957195,0.0890499826429475,0.00984437362995248
0.0349070069040504,-0.022717251517708,0.0495372457295544,-0.0267303246525795,0.0497485434838549,-0.0274049688885698,0.0503751378647843,-0.0283900580355268,0.0794103990635921,-0.0112466608686155,0.0115504644392664,0.00666753367256723,0.0319766105604319,0.0242692159189161,0.0469262377091093,0.0297587585963725,0.065251309751763,0.0251573363082043,0.0899608199830261,0.0126033154840897
0.0354947911825234,-0.0211283070797388,0.0433481485341279,-0.0236066422061507,0.0475778353048044,-0.0283932497075896,0.0531176455536188,-0.0269047048160954,0.0754579657062899,-0.00853197559786803,0.014975570828641,0.0182435447533165,0.0375285922984162,0.0254479427574102,0.0536839453733764,0.0304563200122585,0.0692812634774969,0.0229127905731739,0.0849759674969518,0.0129690784270223
0.0204307066361056,-0.00805143704914995,0.0406850894078023,-0.0203099640771425,0.0476931319305546,-0.0266515002854609,0.049951366147411,-0.0279208909859369,0.0758002105592857,-0.0118056876705334,0.0236695287753579,0.0146732603834593,0.0416976298073216,0.0248037253870095,0.0626468835650327,0.0344309889560947,0.0686776068499292,0.0281508774854017,0.0875773890707805,0.01372052287087
0.027640919699354,-0.0172753886506573,0.0455334342543319,-0.024983346356069,0.0485961167708557,-0.0292072391262961,0.0575221645383571,-0.0218107086692324,0.091254891266748,-0.000527115631034287,0.0374605503589344,0.0230218118415991,0.0585347866264319,0.0250735549259315,0.0560152354305324,0.0389781248469188,0.0698589657232886,0.0227423509211188,0.0894609794664295,0.0130452582215631
0.0322957365784729,-0.0136080596040334,0.0451426494619938,-0.0237791319334355,0.0477113883794519,-0.0272880423084728,0.0589758187899238,-0.0275115132407181,0.0811892247564004,-0.00933211424823992,0.0179606258552177,0.0112631226310943,0.0375815002726538,0.0247364994780007,0.055373031369069,0.031906459459157,0.0799511826770529,0.0150459244764421,0.0929114731926115,0.00820842923970067
0.0116813805010124,-0.00303815523713935,0.0378390001735758,-0.0198512629179557,0.0469598496537628,-0.0276711834584152,0.0504727610039707,-0.0277132262315993,0.0758864831025788,-0.0103531067676329,0.0315557340461724,0.0196385152194789,0.0424592816029276,0.0265389106882304,0.0522529106674732,0.031363571780772,0.0556351129601203,0.0317440328804779,0.0835574919620595,0.013219421031099
0.0172711113595485,-0.00556474704739233,0.0450122816163972,-0.0230600437564034,0.0471544980787003,-0.0270614930369235,0.0493971503037822,-0.0287320174701635,0.0748813994908918,-0.0122419604091686,0.0107729264007533,0.00857413343010409,0.0313650240755749,0.0232169519616718,0.0522885117060039,0.0289564337685882,0.0746464541634234,0.0174712560337484,0.0951678909285775,0.0100559462505225
0.0347300306905864,-0.0118355536604905,0.0470356082856988,-0.0214659917700303,0.0502482792462485,-0.0270483606549658,0.0516909076174979,-0.0266830970532721,0.078562380979431,-0.0108167176378992,0.0190636993325692,0.0137841841873496,0.0393171775331277,0.0176461366382808,0.0532336760172182,0.0330075877250975,0.0748127849161309,0.0202312219155359,0.0923789336988385,0.0137534628118661
0.022955201623705,-0.0146000208258533,0.0457341443996017,-0.0216090848419944,0.0482032865920565,-0.0270817794150734,0.0496359715941054,-0.0289731184576323,0.07431158366492,-0.0136995147189056,0.0216366273500226,0.0179450543829931,0.0426869755938041,0.0279900361811186,0.055625230441962,0.0305151627107206,0.0785660297012857,0.0192689003950154,0.0951028063099426,0.00988494055754668
0.0262629473509311,-0.00901055020035633,0.0279420863196268,-0.0126300435943762,0.0397227650230657,-0.0259322066093966,0.0506918594715819,-0.0298487565360359,0.0769943661461319,-0.0144948495505143,0.0171871255606376,0.0123247308612348,0.0375682558606775,0.0242090133939794,0.0495632834674049,0.0307331022057437,0.0721761581784741,0.0215471699209087,0.090824729338385,0.00916985806022929
0.0298668226110086,-0.00764795505246408,0.0415416952417094,-0.0140809533534252,0.0493711184839929,-0.024110781408315,0.051195592491258,-0.0286161717988696,0.067258462474225,-0.017909267943256,0.0160576009724984,0.00947566599062258,0.0354934781460671,0.0193631648657438,0.0491684080480186,0.028521122109348,0.0601382562191667,0.0268291302383794,0.0839494688820744,0.0115424514974708
0.0238374754599765,-0.00893309203676605,0.0380467080597393,-0.0169709600076484,0.0458929314297666,-0.0246671547297466,0.0500630347789425,-0.0290510189137374,0.0700404871235815,-0.0220145627040545,0.017768935149132,0.0110635864625204,0.0346688384829868,0.0217751085344154,0.0505854126428478,0.0301609619252283,0.0702880738645137,0.0191650787162674,0.0937779538108955,0.00510776842609834
0.0291455139011032,-0.00923812944369894,0.0506719982790349,-0.0153976948028716,0.0599099618958517,-0.0221642306930956,0.0495892252206789,-0.0279964952598112,0.0710283307162666,-0.0234730808245244,0.0208857555888374,0.0116339316660581,0.0441257991543989,0.0265535818795797,0.0558829297024903,0.0322461482101697,0.0788798940907704,0.0215394214455409,0.0914605818418652,0.00659641707740377
0.0209914232662223,-0.0125546650809255,0.0428123865045897,-0.016904596188413,0.0577106186066659,-0.0217608848220116,0.0510211718094874,-0.0287417272116453,0.0682956866764723,-0.0212837082609172,0.0263714296755361,0.0178467751035835,0.0476377120542826,0.0280422836973062,0.0778699099100372,0.0199392205053648,0.0973463638280785,0.00257479946830844,0.0986491232539952,0.000382920159798463
0.0180393986633513,-0.0112643614251269,0.0278403673650681,-0.0190114492106906,0.0430880307576386,-0.0249331688053215,0.0481895561433364,-0.0281029776089478,0.0682626039121113,-0.0180486334234263,0.0267315795358709,0.0188476532220315,0.0381657939928671,0.0281155951446308,0.0554560235617287,0.0306246657641938,0.0809062306850385,0.0200408718877212,0.0964867419429793,0.00595336292043202
0.0327667163388385,-0.0112030283463545,0.0395112127281121,-0.00673992304575728,0.0322163607716198,-0.0143658766903381,0.0482071393893519,-0.0254126502896561,0.0640734492806745,-0.0262372855671691,0.0176512323441823,0.0106359192239944,0.0400053584983219,0.0229762506308836,0.0565911380630607,0.0310772967342703,0.0743073915151417,0.0197097836648472,0.0892558826222758,0.00213803857012266
0.0297906032224173,-0.00735268139427472,0.0305448458416444,-0.00833647448788044,0.0420581693135275,-0.0203503009876532,0.0487586503887761,-0.0270186840243381,0.0662974735457103,-0.0215041872286667,0.02742782437564,0.0174687908637723,0.0448220792134504,0.0281073178635945,0.0632017570686614,0.0274873275329886,0.0938435015080361,0.0108783079787466,0.0977363890469243,-0.000116968891856342
0.023528207972773,-0.00576377839842251,0.023788901041864,-0.00980361544577711,0.0463078087057372,-0.0209124262713813,0.0494853004929123,-0.0282310728873392,0.0692898107043619,-0.0194170180818316,0.0152441837062265,0.0117897966909133,0.040245643531533,0.026132824142845,0.0528865863278173,0.0323949753126721,0.0622839189776095,0.0264294998498618,0.0914169467648068,0.0104486978157858
0.0277456520138563,-0.00775152106122691,0.0349799960858335,-0.0134066024320314,0.0421658377178655,-0.0206861634291857,0.0496597797819971,-0.0274006324298274,0.0667227425150812,-0.021205999447778,0.0172437886193359,0.0110650725441633,0.0405456179109477,0.0228810342144857,0.0507089308895572,0.0303068375148054,0.0622271120967789,0.0259161227383774,0.0885407901248402,0.01200181440768
0.0220147490994599,-0.0114379100049854,0.0339393775472779,-0.0180337417902916,0.0467899855666701,-0.0263026089755022,0.050667062770589,-0.0279091190174773,0.073149202510721,-0.0118095589291911,0.0137377884224029,0.0138179140741866,0.0330185703171748,0.0254170194395193,0.0479403177484061,0.0314820939539091,0.0655337718063027,0.0250923788195692,0.089169301768314,0.0145004786268845
0.0195618405770878,-0.0201909013634553,0.0371327833996282,-0.0217489207269024,0.0449044982418477,-0.0259828164095798,0.0492899850002554,-0.0267698397708939,0.0696028834157096,-0.017716331298475,0.0157054492601592,0.0100465127255855,0.0406357881583147,0.0321517088867816,0.0552146673041286,0.0305735111293126,0.07529466911395,0.0196412204792686,0.0943904367286496,0.0108280067877083
0.0278606830553822,-0.00353619868406352,0.0317576730402727,-0.00637723464497676,0.044839695123315,-0.0184044901902665,0.0501088303320525,-0.0260460547291185,0.0722649255280037,-0.0179042543758324,0.0141577231342855,0.0147410668108928,0.0323895403387728,0.0264032448037316,0.0452362058645124,0.0298118715749375,0.062274327653456,0.0271185922400555,0.0862618341548867,0.0120977169097417
0.0207429701495941,-0.00636996527149379,0.0378525599419265,-0.0100752578499358,0.0490895301799468,-0.0196234510272637,0.0500782675629617,-0.0265166842836971,0.0707216266395049,-0.0193862253991284,0.0238067079827161,0.0154280839540474,0.0409064844507646,0.0267154393172936,0.0578353745094243,0.030789117901218,0.0810221515559252,0.0192749921214775,0.0964405263619722,0.00269862273939267
0.0154771380814907,-0.0116850967307666,0.0286708607693175,-0.0120632941950006,0.0346636578227151,-0.0150794862068071,0.048176345887035,-0.0226820317374904,0.0631075383944663,-0.0253264882371803,0.0143895873176527,0.0114971756609391,0.0360853688532879,0.0223381648952941,0.0495557315379031,0.0293014786291027,0.0661023372491099,0.0252784426138764,0.0917599827481934,0.0121514618432445
0.0103984241813201,-0.00816700746490788,0.0225029000752975,-0.0116712413303482,0.0364537442145834,-0.0224276756690051,0.0470920419101345,-0.0271180885874169,0.0656868559391808,-0.0204362499932752,0.0194868185872744,0.0136609151341468,0.0458012857723415,0.0307095429868296,0.0506056687223767,0.0286582978441647,0.0620413476470831,0.0249995964462225,0.0807418105708896,0.0138695161668927
0.0155651980452477,-0.0163050718929733,0.0304460345264352,-0.0202791125605229,0.038667274509457,-0.0273877374819638,0.0489486348116476,-0.0268191127986747,0.0654919296664734,-0.0213178020229531,0.0331798424084237,0.0180344664454504,0.0465342366518502,0.0299448504543128,0.0666629331315262,0.0269285280087213,0.0933829102060099,0.00801609810860634,0.100607709571925,-0.00335339259477435
0.0226837881773418,-0.00569076590331778,0.0320341937336787,-0.011800957878159,0.0440535496029975,-0.0205047345240691,0.0501662488783462,-0.0284936031150954,0.0772442876408818,-0.0144351925117784,0.0164013408073245,0.0113738632052131,0.0343304591310438,0.0225438837006439,0.0501275697350276,0.0299787600156439,0.0659358857061427,0.0242856530967616,0.0893907170457648,0.00849325357765764
0.0210256420618294,-0.00782117799311316,0.0353590227729268,-0.0142073351028991,0.0379058667880603,-0.0195757298319732,0.0483594448766393,-0.0291858041588592,0.0746347809788371,-0.0185996156366872,0.0119454725631875,0.00940291596673792,0.0339457525532714,0.0263732891984161,0.0514654921771574,0.0303783602698699,0.0743331042674163,0.0227787412434489,0.0932716631346253,0.00857602100584614
0.0192169479546368,-0.019181748416278,0.0324353383467854,-0.0205158856564509,0.0393265900906207,-0.023651590497181,0.0490254118068568,-0.0273664718023004,0.0785839474208772,-0.0175749545425673,0.0214263383896923,0.0134597678253528,0.0430725613852209,0.0295558636471677,0.0554559661254768,0.0302238793552048,0.072666878727152,0.0227687678498095,0.0925864795913523,0.00978090774872706
0.00250627767970734,-0.00151865310710594,0.00742166238502838,-0.00754679394631165,0.0228669225950919,-0.00933421702333589,0.0393686126993985,-0.0167883712956609,0.04934257677065,-0.0284896858735206,0.0193431162489724,0.0175390305168519,0.0393591614803163,0.0294921277373517,0.0522341260174727,0.0297415631955417,0.068216316079894,0.024274804364381,0.0915213898262935,0.0121173264356988
0.0124816457001922,-0.00596407896931818,0.023469750505178,-0.00926545924700094,0.0344081618136598,-0.00952063418584156,0.0461947429700355,-0.0192587893055097,0.0651605171592521,-0.025717355520056,0.0132453463339041,0.0151661759691199,0.0343087124892255,0.0246081937490459,0.0506303147018875,0.0305409383579548,0.068246271121813,0.0257534664618751,0.0900979500727686,0.0127539778314374
0.0107552413810737,-0.0122964031954726,0.0263152677402962,-0.0222680033345979,0.0456256606582567,-0.026890140788467,0.0487020723004416,-0.0254195937291746,0.074644806306028,-0.0182259284708423,0.0201303035674773,0.0196935877884248,0.0424321140019088,0.0273924233474315,0.0502046025552548,0.0295566124521377,0.0646836025442926,0.0284051303390651,0.092276276283238,0.0149613125489483
0.0235718383143199,-0.00723849892645038,0.0338259873955195,-0.0154469094115791,0.0427002395242935,-0.0207000898149126,0.050932938765612,-0.0263955348790577,0.0744911001813499,-0.0189206935219653,0.0219162903443187,0.0141868466584666,0.0408740679849474,0.0239453122933932,0.0533715775620945,0.0311094746616688,0.0718262166881366,0.0246757499370119,0.0920461826347003,0.00966452834031997
0.0138088458837883,-0.00741719081437628,0.0283360922522747,-0.01227274532874,0.0442587594172063,-0.0255078541883549,0.0532237435155499,-0.0269531805685377,0.0890797082077145,-0.0123902239855969,0.0189437286041988,0.0188233792065363,0.0395289505221522,0.0304451908559452,0.0493045093680909,0.0307746102018046,0.0609205341831771,0.0299103049620835,0.0841699267021249,0.013385813979768
0.0127735182925378,-0.00251359572570029,0.0237200887651739,-0.0129682494196118,0.0402020058363332,-0.0248417460265988,0.0485194480256277,-0.0293602253967851,0.0748016351419159,-0.0139880824222071,0.0151496218984548,0.0152848757354643,0.0417387550490029,0.0275990563048967,0.0604320679673254,0.0281952891659121,0.0920033978383781,0.0116674681088952,0.0990359209459214,-0.00157714601203418
0.000851525217738298,0.000812672795168827,0.00397316380790867,-0.00394867297046897,0.0188171382444877,-0.0132037702662574,0.0350751795739973,-0.0218891290459541,0.0495318448403449,-0.0246967143141899,0.02892213621719,0.0205346962150454,0.0421535871654363,0.0283078111259769,0.0562256773579807,0.0313671371586877,0.0783005156201292,0.0221858141174982,0.0921707687438982,0.0148025711419974
0.00134759406342711,-0.00111856774431735,0.0045656552132413,-0.00224236483082007,0.017596200525571,-0.0055631200292314,0.0332155601004962,-0.0168227497594795,0.0487283605604465,-0.0260633588133168,0.0149790788884458,0.0104766736426008,0.0361566923567328,0.0243360929299999,0.0487347979088504,0.0277589517221445,0.060484977989629,0.0272227348516983,0.0903071297140309,0.0163472705215021
0.00506059051633494,-0.00971740941219471,0.0251480499815352,-0.0193787067941485,0.0419007354654177,-0.0254044861091528,0.0467820452145727,-0.0288545993154688,0.0712602582307744,-0.0156180238315865,0.0214572940846604,0.0257606075952915,0.0403287444540653,0.0273223430588071,0.0486491283953539,0.0289932290309087,0.0528075904287585,0.0288491887899204,0.0833352393199584,0.0170729261953945
0.00724602678869747,-0.0137924488049048,0.0265766147757134,-0.0226420661568503,0.0439144338232858,-0.024253085516977,0.0465766298343601,-0.0280603341707984,0.074221709621523,-0.0120572294733042,0.0121781528750223,0.0140247576446422,0.032220655930112,0.0283805165084217,0.0469921850483786,0.0276646467564323,0.0561847657281965,0.0282108394933773,0.0898885770072962,0.0121934414812796
0.0183604904566341,-0.0066538558761111,0.0243904677514585,-0.0119875328820519,0.0395330717420154,-0.019930660962654,0.0502964721540666,-0.0270472740472815,0.0810027414787351,-0.0158293976809948,0.0181976887516012,0.0198748272248338,0.0359677151328708,0.0279261844410414,0.0483012943068927,0.0272506930772497,0.0606395754869362,0.0273536982905639,0.0884606148677742,0.0179723260611577
0.0138955180493577,-0.0057064161336506,0.0223819676423028,-0.0132649041374652,0.0308461443941075,-0.0209587406682247,0.048999421667193,-0.0252834787433318,0.0752279622398871,-0.0167399194162736,0.0166540330183559,0.0362575339179589,0.0327709515787031,0.0468063849958613,0.0514906977494904,0.0379153040954933,0.0521568006691272,0.0289096984099717,0.0837068956342405,0.0223170255985354
0.0136229495296056,-0.00666768213371007,0.01719300586742,-0.0139244670549386,0.0285087567625169,-0.0217401042487591,0.0467912992441973,-0.0275208058509137,0.0820878148603618,-0.00989377320703783,0.0151996334042344,0.0218113070933026,0.0418105545658059,0.0378910517520507,0.0512804317279736,0.029554347533323,0.064302416595726,0.0262308682323582,0.0930995296865492,0.00776736566161212
0.0017361213722339,0.000369654645679532,0.00691365553176627,-0.00749754064970562,0.024087213728039,-0.0100931353952618,0.0395683021491306,-0.0179801466810966,0.0656105646596475,-0.0213538274058683,0.0236672941172075,0.0180441629798375,0.0381554515044115,0.0326563401726015,0.0508174538782863,0.0287250966065513,0.0691858271381309,0.0233050121247356,0.0953653822067668,0.0112872544749099
0.00837030318197637,-0.0122993206252339,0.0267370753282404,-0.00884676248949831,0.0401582228285518,-0.0158599408331117,0.0473515780458481,-0.0234755560487217,0.0842830708941827,-0.0123778348239708,0.0163477119673181,0.0186451608219674,0.0371193752911669,0.0312704726199075,0.0516229963283881,0.0293434291636561,0.0615286265705004,0.0260006520482955,0.0934225522615344,0.0131654828248971
0.0153552067452014,0.00154483367595838,0.0320149204864648,-0.00281634214404389,0.0414185924169308,-0.0132799789824995,0.0530100740928994,-0.0259673412219514,0.085666074567094,-0.0110116580623567,0.00757396081687581,0.0143918857394773,0.0327754945956794,0.0273717164696827,0.0510171623380123,0.0300104820792165,0.0581456670869243,0.0262854999291864,0.086300185341922,0.0108286092704424
0.0169159629928536,-0.00388561568740891,0.0356010849925271,-0.0109093781863456,0.0422861568564931,-0.0178431799541637,0.0501542462153546,-0.0258856256492836,0.078472576817965,-0.00369264707371621,0.0192005970788296,0.0254207632064936,0.0396559861556184,0.0290267037971451,0.0507222388707081,0.028610161007421,0.0644667320077148,0.0239578110424654,0.0918836523313075,0.0104206175522937
0.00212148024567295,-0.0164864829306555,0.00256447655750163,-0.00208785815186286,0.0156527252560692,-0.0103707912457211,0.0388628387894998,-0.0201049963098729,0.0493633398718654,-0.02718054428908,0.00367152964799097,-0.000347661139241749,0.0296951269039224,0.0268404163581042,0.0485203866209238,0.0302794240257941,0.0524731671679779,0.0292098017788288,0.0896533683376707,0.0180740409802188
0.0265830304429393,0.0266305105279605,0.03144710404617,0.00758897610229703,0.0401439650669485,-0.0102491382373399,0.0483933527643838,-0.0257639201104049,0.077308497367197,-0.0194326157784717,0.0149636803698372,0.0246180717673345,0.0355179381001755,0.0324445195694922,0.0502244417909215,0.0337823644859754,0.0507786518457336,0.028594884793078,0.0704345010429696,0.0191295187554053
0.00810493282262578,0.00308007301628308,0.0199175795292462,-0.0100503302320519,0.0383495687925658,-0.0156423159205427,0.046963103704202,-0.0263486286840675,0.0737631907610961,-0.0187983615384786,0.0212037543227974,0.0230839287046169,0.0415669018470639,0.0274456202768924,0.0493085022591522,0.0295969255919924,0.0618923991102873,0.0256654224178071,0.0876357042299072,0.01517656186055
0.0164629110291523,0.0311888965756896,0.0354409387025981,0.0295899632507737,0.0410949296596345,0.012120399307313,0.0538354272352344,-0.0126292677743736,0.0491448694859541,-0.0254221249387857,0.0237475505831404,0.0305136295452512,0.0489267858210596,0.0336427665408554,0.0550432836760838,0.0284446529963212,0.0947727451962176,0.00484826121008973,0.09897897216423,-0.00321390104114133
0.0239600908543376,0.040587203730008,0.0520403587433946,0.0285156072704602,0.0691679993273099,0.00882250469454538,0.0640949755777877,-0.00914314498757601,0.0510017898799194,-0.0236543507802139,0.0281874673297529,0.024136325823761,0.0526246722965835,0.0291857985658855,0.0783171887989898,0.0204717858045372,0.0983509379222072,0.00200594449189435,0.099027392258851,-0.00163750525361903
0.0154033450511114,0.0275129450324835,0.0211419617781984,0.00708056147431026,0.0294140986082336,-0.00413944385681348,0.039515074434882,-0.0180841944041025,0.0514572682579868,-0.0274218771013048,0.00812365921175164,0.0136225683453331,0.0247740433108444,0.0365710167010023,0.0536982110200048,0.0332455704944962,0.0545100734547866,0.0313985240224284,0.0884770157637936,0.0250278624335053
0.0136953313649849,0.0281614664127162,0.0279519645519162,-0.00582363265460977,0.0536737671817858,-0.0253459800102133,0.0935623635066398,0.00223521513673058,0.0988123038161694,0.00100078183834001,0.01340550272008,-0.00202370051134864,0.030270658841011,-0.00816422442922758,0.0521340922110505,0.0176718359714392,0.046259786027892,0.0304056277016902,0.0800460569650342,0.032415931746018
0.0154035099848871,0.0238307033271321,0.0371151915507371,0.0237503022279318,0.0464921489379069,0.00346909008611933,0.0496049521397461,-0.0140764547860804,0.0544478953360214,-0.0285990048475907,0.012113148309354,0.0178006986374657,0.0436592240364355,0.0310146681889048,0.0535529541903136,0.0286286371635669,0.053545814935972,0.00268156641171679,0.0807495650099291,-0.0139001516970142
0.0272067192150594,0.00120512683909098,0.037513423582726,-0.00483053341770202,0.0507367033981842,-0.00376010095984331,0.0560251541818709,-0.0162616395731062,0.0563272690467146,-0.0289771185533149,0.0136650397050969,0.0137112018182366,0.0411731885888909,0.028406842087541,0.0571651436278603,0.0289294444333246,0.0651233198723264,-0.00048444117217288,0.105029387282383,-0.0153505810118961
0.0110435887541246,0.019409413371099,0.0203182970462055,0.0111982776568362,0.0327031550630023,-0.00246569747204682,0.0407060710948796,-0.0205630329173439,0.0575425015610803,-0.0235211335754911,0.0287708631756865,0.0204516290705937,0.0482418320652974,0.0326433811025974,0.0534754202859331,0.027643173453372,0.064807085077155,-0.0145072926477946,0.0928891344671291,-0.0251622703926482
0.0205300959909107,0.0273536264690665,0.0360097878224052,0.0149402861341121,0.0400345249968589,-0.00199604788453611,0.0446225005299673,-0.0239494180196627,0.0771362314252484,-0.0208819415371233,0.0312078714614729,0.0257349823013192,0.0491329797044651,0.0297792469874769,0.0554915989146809,0.0278117038430381,0.0474918848977081,-0.0146127873991235,0.0841753593453208,-0.0267481453468569
0.0113375015889755,0.00341899743271026,0.0272046668865132,0.00109663450704653,0.0383849631449487,-0.00682754030205427,0.0442915240047106,-0.0298196004772832,0.0902212838392313,-0.0115441534878468,0.0327045926221296,0.0239886104534048,0.0485776270569927,0.0310001773658973,0.050477285265225,0.00628521930364132,0.0521532323833383,-0.0290540939464846,0.0979700123407761,-0.0233227512291015
0.0168394761798204,0.0248838886679465,0.0398089931430434,0.0197691268603028,0.0441135512978673,0.00288298697615253,0.0501416195805332,-0.0239655353009986,0.096280254052009,-0.00767760877352634,0.0388413639165151,0.0285446970022261,0.0497458200199189,0.0291823924628743,0.0540165259976635,0.00815110785713993,0.0633407113199929,-0.0306465247107994,0.105864193637537,-0.0177566851415985
0.0136343952778943,-0.00122704024764052,0.0362866569022915,0.0311301169230866,0.0462507552661411,0.00883598959197045,0.0476119093813181,-0.0204399083948902,0.0771082733878566,-0.019527392834233,0.0192634476497523,0.026303672106707,0.0503266038792692,0.034424751293458,0.053419554891894,0.00180884913723649,0.0593160500800282,-0.027344580087971,0.104420891662004,-0.0214726225329473
0.0346243493181032,0.0454109349024031,0.043031255880862,0.0257345897871126,0.0476139791222995,0.0101000144348192,0.0469869778415957,-0.0169864596584886,0.0675286348701726,-0.0195913788154473,0.0220996275799356,0.0380863197599281,0.0497697045115446,0.0340357104828442,0.0537538287032238,0.0208049249726127,0.0520798928269341,-0.0192931712568412,0.0914875422622027,-0.0282046355905581
0.0346871544710874,-0.00685658448529041,0.0446562421827365,-0.0168896398569657,0.0461894782403005,-0.022584509176347,0.0486066735390659,-0.0240453421991265,0.0837777599121872,0.00588777065621317,0.0256392344781815,-0.00259088654693527,0.0505019161667383,0.0052460353912474,0.0503503599981069,0.0157070533990002,0.0516103727563944,0.0281375917484602,0.0859985527624341,0.0291204043128385
0.0173505161788804,0.0307935121151527,0.0326423194100748,0.025934884179092,0.0405293845882191,-0.0120089150742125,0.0451996546683978,-0.0249684169280683,0.0615048942894685,-0.0208405643314991,0.0235712360498454,0.0399009497972843,0.0484542661165255,0.0375149515711148,0.051253812033341,0.0268506650267828,0.0691021553986016,-0.00718819983951908,0.0987030402836752,-0.0155406013262332
0.0129888921670402,-0.00834353799414802,0.0229928017668515,-0.000960384993511714,0.0388132801488469,0.0451603031476421,0.0468060772152201,0.00487615761588131,0.0511063650585209,-0.0291875156675742,0.00782869822321,0.0170345722953558,0.0351113054851669,0.051451384853365,0.0501621272078169,0.0363317028114803,0.0542347191718478,0.0103273365589837,0.0769832882102869,-0.0156569230465455
0.018426891765632,0.0174388851276248,0.0343670955930044,0.0129701622545467,0.0533730555148207,0.0186690206894713,0.0509170430256113,-0.00748854345470142,0.051984518178812,-0.0234130915906035,0.0152308553651147,0.0284731050018936,0.0408734833839086,0.0396844996341262,0.0529438636784169,0.0273862165086728,0.0517099426506403,0.00469708961849748,0.0849068487475541,-0.0253308870468676
0.0118770582101392,-0.00353909811880537,0.0337429599705238,-0.0170027068063681,0.0438875725268659,-0.0255553211132186,0.0658581329508549,-0.019875351202992,0.0927635233887537,-0.00400935276444862,0.0156597867555158,0.0338895113371451,0.0446886403839406,0.0470207052295055,0.0506894937291053,0.0298387823339741,0.0557414411175845,-0.00548413151173163,0.0923015680114551,-0.0265650611296109
0.014583796773474,0.0273959626691889,0.033602546498932,0.0308942825759131,0.0467314670915738,0.0107071660088447,0.0477033956297874,-0.00673577011830891,0.0526330245784966,-0.0279010450155586,0.00830733038016405,0.0220734922058765,0.0272774461190933,0.0445459010974577,0.0498053965366165,0.0361498906586361,0.0538552478663717,0.0166270981855885,0.0687449929857405,-0.0279910595917118
0.018569554828502,0.0232959683687034,0.0380779265753307,0.0216375865261573,0.0461895662449025,0.00486930360081863,0.0456732576161596,-0.0122754382913731,0.0560917123508586,-0.0280866118820859,0.00990791822204863,0.0247014585862308,0.0408193716133267,0.0407131812904404,0.0511992898889452,0.0288366251098458,0.0508081888747438,0.00321902058956353,0.0760763629491537,-0.0247023248470166
0.0294124403326947,0.0252077319535611,0.0426344221716293,0.0225446604778255,0.0451974232876676,-0.000672490497891812,0.0501849814134427,-0.0307638481773509,0.0873727461498844,-0.0127771373183721,0.0367585427735094,0.0369618365520299,0.0499356941384423,0.0322364562294717,0.0515533543139201,0.0213147736506897,0.0548686749798062,-0.0264914988894027,0.0993042247755444,-0.0222306367032779
0.0148572952984421,0.0274627072900225,0.0338287174838211,0.0363927468363383,0.0429414647226296,0.00710597957888966,0.0481820976853755,-0.0209399643147231,0.0781523660238879,-0.0229638886795536,0.0237945197415469,0.0324702459599121,0.0451966950169268,0.0394326635863283,0.0536848895729263,0.0212900473844189,0.0599194773728909,-0.0238881377909789,0.0972540535200813,-0.0253855928801702
0.0116820593889909,-0.0062593433858647,0.0304988528343572,-0.0205535822798748,0.0406635054395839,-0.0233551063053265,0.0468673278567433,-0.0266490423982527,0.0766356661581278,-0.0168756124252028,0.0299750122036886,0.0352801981368081,0.0456686256861454,0.032604416861213,0.0545138791585442,0.0241345316133134,0.0644243020729122,-0.0117604867691687,0.0959875006367823,-0.0251734408947105
0.0153476250303977,-0.0114243094307092,0.0261720438067674,-0.0214112053167023,0.0399428941184826,-0.0187159883408051,0.0460416015951465,-0.0213716017757095,0.0667538637350682,-0.0164189239358639,0.0168729050262678,0.0137230188701772,0.0426848937935604,0.0289119015001284,0.0549371014554419,0.021846473942812,0.0719791448827175,-0.0206464029801161,0.102256620822379,-0.0184297918574905
0.0175038634514544,0.0290180132691275,0.0331976433776998,0.0211107417763669,0.042171955815341,0.00457672046181117,0.0455445786137775,-0.0106247220195044,0.0565484494945203,-0.0294054051480113,0.0162387232358732,0.0323889751574481,0.0427281584787267,0.0369223501651849,0.0506383681687854,0.0251898918156411,0.0504339381587181,-0.0182553409237422,0.095112725902242,-0.0239950911613079
0.0106161222878628,0.0124558008405495,0.0318017036492089,0.0319591320420416,0.044542859621405,0.00323649030341758,0.0439466892265936,-0.0203175964081956,0.0609680804885243,-0.0212463622878624,0.0103483473028686,0.0235371880555694,0.0412307584083602,0.0430669071139475,0.0531703343422938,0.0257509345243077,0.0517505575199277,-0.0109368137355268,0.0828574184674013,-0.0280678588247613
0.00873185779699777,-0.00397448226218316,0.0243813929318189,-0.0175396314047655,0.0375478086358335,-0.0266479301653597,0.0469088072942901,-0.0265455064286885,0.0710655846720972,-0.0122673509670144,0.00892314196452511,0.021962195073747,0.0401672219892347,0.0514388336799324,0.0517699937765013,0.0337702153758915,0.0536936768632593,0.00121082086753994,0.100082636919313,-0.0213420448837808
0.0191685293240278,0.00671382803497663,0.0345413483232785,0.0295340390828285,0.0480364885891181,0.00257080857206704,0.0436424428116025,-0.0239880836753081,0.0652749938277333,-0.0229683138721181,0.0120255267108374,0.0219468013725553,0.0397812778988756,0.0438669624802432,0.0528396309272408,0.0261431682581173,0.0478525444213649,-0.0250440577941712,0.0922418410463242,-0.0264915271614097
0.0166554536539379,0.00425445340890864,0.0313286987920622,-0.00197716572739063,0.041277630118173,-0.0150660978094028,0.0469081095775962,-0.0266938237539652,0.077924645171395,-0.0123578982493048,0.0209581476707132,0.0335039689941174,0.04877490953001,0.0320364763600845,0.0524340853707893,0.0178767553533098,0.0625656356624921,-0.0159624699716711,0.0978968605743948,-0.0184880141924155
0.0144374557872472,0.0156965080837967,0.0329602530006912,0.028982894549164,0.0451234057397009,0.00113022043855674,0.0438204674044097,-0.0237564924240535,0.0692731130645944,-0.0181015159441322,0.0145380855103599,0.0262659625311554,0.0392837430884076,0.042931944562418,0.053599492241524,0.022177490887596,0.0507790009559619,-0.0212128254389306,0.090162656303904,-0.0277270678067887
0.0195793255899003,-0.0132167549454722,0.037207429644431,-0.0176907982301312,0.046387008234152,-0.0270727125240781,0.082901879734782,0.000879881519662086,0.0959305231461219,-0.00630051153420149,0.0149557531055863,0.021346121764828,0.0441415711641446,0.027482368714882,0.0661551711958895,0.0274833365603362,0.0739510725174582,-0.0273223800105523,0.101169685248407,-0.0234607026890039
0.031482159512522,0.0328675512236451,0.053167758103971,0.0176752068653651,0.0544811539094166,-0.00106939817096028,0.0598106508937504,-0.0319313858477415,0.0978114367584717,-0.00246804086190862,0.0305311655513698,0.0350086670716415,0.0476554608108038,0.0305357882912437,0.0515303316186086,0.00579088838711758,0.0636334183028995,-0.0474360042994902,0.0925965394824798,-0.026848113539797
0.0289195510713946,-0.00866983876415935,0.0377282534090928,-0.010963434352308,0.0525095723142106,-0.015592769080341,0.0507049172515492,-0.0291553646457222,0.0987764527720651,-0.00584604829348419,0.0243029564909673,0.0390195358766649,0.045147368268502,0.0364902392950424,0.0518839492780722,0.0272748513087927,0.0593594946331343,-0.0101077189198415,0.1011269214012,-0.0183890675411333
0.0194728165617467,-0.00791647326939327,0.033153512440363,-0.021372523744316,0.0421516713345942,-0.0262166211704005,0.0549208522105746,-0.0276055734248257,0.0784042751325819,-0.00853902958634551,0.0239841514105362,0.0453537405820972,0.0531759035525644,0.0401091826285502,0.0513707203237946,0.0262142967298648,0.0518284098440384,-0.0236941211566772,0.103042697549135,-0.0193671196425229
0.0369991829632446,0.0010900496576343,0.0456150920535019,-0.0176099756473018,0.0570380634192408,-0.0146373627241853,0.0814520399195964,-0.000573666357901685,0.100992132764332,-0.00439617881808573,0.0212040844025669,0.0385099998776737,0.0485436074836005,0.0401391437401596,0.0525606468684218,0.0294679250220823,0.064513341007743,0.0104785308910543,0.0987133298357373,-0.0226749024598112
0.021848500182109,-0.00275742413719817,0.0381170428649953,-0.00652243946973888,0.0477634506309302,-0.0225180017132983,0.0690816436088634,0.00174224715286565,0.101245419526244,-0.00824529496110008,0.0233570737909207,0.0409423826086853,0.0475792880162571,0.036590950819488,0.0524286783217471,0.0261223768049234,0.063610366258055,0.00108096904213839,0.0952458271108512,-0.0228776009908729
0.0257335187235743,-0.0177010641142627,0.0412485621570066,-0.0249929993353092,0.0551000030462965,-0.024758947225623,0.0920374975013399,-0.00352585446610348,0.0948148020945418,0.00271353174743908,0.0295642783996037,0.0394139052732298,0.0491069174466629,0.0338015276948081,0.0532373826653186,0.0215812254120449,0.0538077062524841,-0.0203215728985049,0.101854635094748,-0.0166378028329249
0.0271529727010033,-0.0164983150344671,0.0386002553081902,-0.0125977328683342,0.0541860839039089,0.00219945867134572,0.0468164625520658,-0.0181340725855411,0.0635996919560772,-0.0191719083141551,0.0243431076372633,0.0332002828549503,0.0473898084962644,0.0379510996286901,0.0497433668848136,0.0236215886013327,0.0477452418226353,-0.00427543435763412,0.0794121250712352,-0.0146743791870157
0.0198129219955174,0.0120334099973832,0.0405452873575675,0.00994518393142028,0.0448455304563789,-0.00098709548818851,0.0470511532349963,-0.0198810857343407,0.0747170027122467,-0.0269047194666665,0.0229454556486549,0.0428613042391611,0.0523128507323223,0.0445552162623234,0.0532108275425892,0.0298372601575609,0.0426803840546607,-0.0115037128080653,0.0885112277673101,-0.0277842978444412
0.0111913612364189,0.0185357888531393,0.0328879844388724,0.017590801838971,0.0434879008326838,0.0016834623529881,0.0463813041382667,-0.0160271608134574,0.0549684131892832,-0.0275748509908817,0.0118685593474341,0.0286690084654185,0.0338733044807485,0.0533813788446247,0.0505650873752206,0.0420329537029711,0.0512647238257726,0.0255916854910999,0.0578985689617273,-0.00136292789686594
0.0190611695832781,0.0190923136052341,0.0368072034589598,0.0130218064332959,0.0465836182314957,-0.00683101301206583,0.0499991488750754,-0.0239039286129976,0.0748389406695303,-0.0190509696370803,0.0142891789289872,0.0247884402895243,0.044076338762796,0.0469077376688711,0.053578692421621,0.0281094419049128,0.0537061149601858,0.00197036978491033,0.0760190149115637,-0.0125651401924001
0.0207709023867936,-0.00833364499073193,0.0385164746084859,-0.0160527662382682,0.0472296588569689,-0.0274731577988043,0.0724989249927745,-0.000356269050183566,0.094210982002662,-0.00507792248254253,0.0132125716987289,0.0253626563950717,0.0406990900319451,0.0376507226890955,0.049060611277093,0.0305284499555579,0.0578978350609127,0.0231996181223586,0.0739529945873733,-0.00425995977723426
0.0180209841528171,-0.00317570910056936,0.0341691665016931,0.00015118066570169,0.0434143415936486,-0.0153649206009695,0.048882738209493,-0.0267186091964737,0.0796235758120286,-0.010828539751379,0.0139862532363203,0.0219648258941781,0.0364655185823468,0.0374520415922438,0.048259991082299,0.0271501459177352,0.0532618634779702,0.0141963528451399,0.0678889584456727,-0.00267326067660537
0.0210591230899583,-0.0152062062252181,0.0375644390593646,-0.0155252506731871,0.0471868360018297,-0.0263517532104663,0.0802146606596405,0.00359908494446768,0.100464342355921,-0.00390332224433163,0.0209712009518721,0.0270690288978871,0.0448260475646828,0.0308541775248074,0.0606166712917181,0.0264499334004178,0.0831635121545174,-0.00700214592689355,0.0971481261976416,-0.0162926061211552
0.0228184514169118,-0.010587180765562,0.0365463081728212,-0.0140865066970756,0.0479127633912503,-0.0159548714868264,0.0512474894041004,-0.0282271590152679,0.0780186338568645,-0.00254951207536838,0.0160947984108312,0.0292984176099637,0.045855729701359,0.0372528830394449,0.0511907121986886,0.0297504648251424,0.0689724930408943,0.0185509643856389,0.0865486989034515,0.000725485842728582
0.0182210590234729,0.00147559703879696,0.033437356048319,-0.00552768916333207,0.0419475988887681,-0.0166749248765641,0.0472229472292934,-0.0280223028926437,0.0858675841923547,-0.0147436466784336,0.00768508294011142,0.0158663474393534,0.0366641079493084,0.0340745052950427,0.0498217647247046,0.0318386546609507,0.0532408198535612,0.00935041930282462,0.0834434292373977,-0.0304205599154941
0.0217526115212477,-0.00296988546211663,0.0406383663768164,0.00340727373061676,0.0461346321192907,-0.00929475275187717,0.0468371889743944,-0.0254871298939615,0.0587687533339748,-0.0237683917567543,0.0203818489122948,0.0363095317750767,0.0497392530468876,0.035457367220254,0.05271256182018,0.0222151308978348,0.0533405991406959,-0.022367009724541,0.0914110240450968,-0.0283745708188053
0.015328437989884,-0.00262255634258439,0.0263511126701727,-0.0155601046722962,0.0467252838603287,-0.02038702704391,0.0502051315814457,-0.0238843081461765,0.0944399401539445,-0.00275301954763365,0.0278698765074629,0.0122945847176447,0.0471443341473933,0.0247555954301907,0.0698960107588442,0.0268353933555528,0.0836147031958221,-0.0156362030121895,0.0990670713017224,-0.0224622059779445
0.0274396835488344,0.0326541014904261,0.0393895125485908,0.027795579620421,0.0457748493188236,0.00603369228489775,0.0422389833391209,-0.0182293849728534,0.0552826725747819,-0.0244887879168118,0.0317396877236212,0.0487834577315771,0.0496652442260932,0.036981993927691,0.0522630316090636,0.0243372725695418,0.0497779966810591,-0.019328145289093,0.0971379368251911,-0.0229273242998477
0.0156444620656548,-0.00336696933680915,0.0293228463474692,-0.010191746035755,0.0445602222043496,-0.0208768865964923,0.0537667326644511,-0.024161656689013,0.0894893897386611,-0.0145683703659019,0.0141863532150889,0.0232711731210703,0.0383790258366694,0.0328407764642919,0.0520052610133215,0.023725030880632,0.0651621537514627,-0.0248472749057912,0.101264048368551,-0.0231881072436844
0.0107009275428828,-0.000644614022614687,0.0315620775110098,-0.0041259548196598,0.0446383951144376,-0.0213836971748351,0.0521662226383431,-0.0251568313304806,0.0819520000867512,-0.0113087947885257,0.0039408188747702,0.0164088144225005,0.0264577711190075,0.0381704133542578,0.0515753579003483,0.0306550029392742,0.057040792885995,-0.00976308205598743,0.0927658024531545,-0.028382913053183
0.0181575915438822,-0.0136743627362407,0.0391252755886509,-0.0206271890513685,0.0537687447672647,-0.0247203909117216,0.0942297774122361,-0.00101035900133759,0.101036821904181,-0.00550614680967238,0.0148492284282702,0.0212455629902883,0.0386536433445747,0.0284193040975821,0.0657361758849857,0.0189633975644377,0.0834543005292597,-0.0190675619383352,0.0981637521949833,-0.021529355451159
0.0174248882905753,-0.00546872846490919,0.0265197209234447,-0.0276168491842555,0.0385219257341217,-0.0269058106408606,0.0525384345945828,-0.0262892286408793,0.0875586146741875,-0.0144218980415852,0.0148173573090498,0.0344123541318136,0.0443219558137228,0.0459037130996657,0.0511807445102708,0.0282511954883593,0.056373781160412,-0.0253464155377277,0.0996403766559272,-0.0209814518689537
0.0153793746173903,0.00414340346870605,0.0315737179349895,-0.00536176050318829,0.0408875535052604,-0.0138713497012309,0.045893353217652,-0.0256666531151467,0.0700734066419335,-0.01800449032412,0.0172974398335338,0.0297507622502755,0.0451725186746285,0.0339754775809243,0.0514379198839987,0.0255763289175727,0.060322073838341,-0.00386781705819208,0.0988734490909409,-0.0139363470105626
0.0136168640987443,-0.00883482385843993,0.0361798865178206,-0.00366472510789607,0.0444087374457828,-0.0174127250671101,0.0506418702768659,-0.0279786682411326,0.0800536293376963,-0.0209987622217383,0.0146934885652642,0.0257854016485552,0.0412656752576587,0.0385024403839543,0.0503915361930021,0.0292262877902361,0.0570518851902284,0.00304169713996199,0.0865752706165807,-0.0205854979289462
0.0149902942495019,0.00380333059994988,0.0369980592498238,-0.00251987103204723,0.0443164814239705,-0.016284027802626,0.0475006081061146,-0.027296086988988,0.0783483644160789,-0.0164385501213075,0.00884334260375878,0.0159104481377635,0.0357249571942549,0.0367704495770545,0.0499597469579713,0.0298969042055245,0.0559231153443289,0.00593579138439389,0.0822589890510841,-0.00553608375777902
0.0143014831836592,-0.00611419033626773,0.0310210916530742,-0.0152464247413112,0.0432825363973223,-0.0244456471774885,0.0491593420648792,-0.0263774157222474,0.0698886440188129,-0.0133094546293046,0.0295588775435765,0.0511464543814816,0.0498519842852762,0.0431296366479417,0.0511388477574885,0.0304619802254949,0.060803018274767,-0.0122827158238732,0.0887390298604344,-0.0261650009115172
0.0182260191043669,-0.00498998368020997,0.0334901105123248,-0.0107385201236597,0.0458007534606124,-0.0224989844467007,0.0785637157656191,-0.00371132817826991,0.0985486929522382,-0.00355833372308676,0.0136027252069024,0.0250583208428032,0.0353969400563737,0.0381522765372444,0.0504383118601355,0.0276857723825405,0.0707315738060114,-0.00120708618023187,0.0881997119867736,-0.0218500490094606
0.0263762659205573,0.00733939461174516,0.0434039385392526,0.019464308255273,0.0556963469977063,0.00418821964251661,0.05108421364557,-0.0211877217751833,0.0846320716880214,-0.013239502380355,0.0180313045168842,0.0289043628259162,0.0490618270009946,0.0394008752466172,0.0549060001468938,0.0218881859347217,0.0565616733849444,-0.0181298222960975,0.0897204754923669,-0.0260575046183936
0.0209937495937923,0.00451992546360529,0.0284317550069505,-0.00389299924844372,0.0401846486270322,-0.0177762998339863,0.0506951467773053,-0.0259900365432624,0.0731285816441389,-0.0166242392547589,0.0280022340555538,0.0378070100652147,0.0497505470043745,0.0357177979513513,0.0574668746064029,0.000408509093744511,0.0694161477631698,-0.0452616588171259,0.102968106911285,-0.0203263994760801
0.0232313786082534,-0.0105845364055351,0.0323146382418094,-0.0232516861901934,0.0418417332453297,-0.0260291194510904,0.0543747848794507,-0.025706206229269,0.0865146152600981,-0.00608094143528503,0.0316167935552688,0.0539041106494008,0.0577065527361956,0.0416122648163881,0.0519665486020793,0.0260591877362128,0.0425912662103108,-0.0472834676922702,0.095809412915304,-0.0272638808250479
0.0135696013549874,-0.00572110764400202,0.0356700322313029,-0.0115646908508653,0.0463320137578429,-0.0197387819024614,0.0477488035667617,-0.0215825650724643,0.0512738564427412,-0.0247228962257936,0.0151501725355186,-0.00725187071743919,0.0459931833122063,-0.00310346651510559,0.0502341396356902,0.0115258505286269,0.0509418536690468,0.0242602949849867,0.0796649910658211,0.0199902576934259
0.0206333462204771,-0.00453520747857035,0.0268299379446482,-0.0113430802031968,0.0352282939661711,-0.0198421846325207,0.0484362567452271,-0.0235000997201505,0.0631680570440371,-0.00790348607119904,0.0123548208268907,0.0264036033500225,0.0225782642104862,0.0243609072021268,0.029112062773745,0.000107006366811505,0.0471156931878042,0.0135854011439088,0.0705764932977073,0.0273481258256613
0.0212790440993251,0.00909556087644519,0.0393935414124719,-0.00048518660322558,0.0494869974212114,-0.00884305725228204,0.0548404283391891,-0.01981947707968,0.0698723799921051,-0.0273470496739686,0.0258790991161926,0.0106733516326391,0.0479627615329034,0.0206859995452105,0.0535133544631178,0.0260900625577273,0.0773842114113762,0.0200027007021563,0.097455810012518,-0.0023869221667402
0.013532242732895,-0.0130260883489594,0.0391294297454846,-0.0167448532043828,0.0472875924254109,-0.0240843028809027,0.0716417388956404,0.00533776536570956,0.0846159559915593,0.006065696681453,0.0189097536923647,-0.0151557611222833,0.0461699270883049,0.00129850395341789,0.0507994020835812,0.0211647907616408,0.0546345275053657,0.0303275583721292,0.0872694179057558,0.0241944676364835
0.0222890650660218,0.00505175838199701,0.0364351947725891,0.000919620798801446,0.0463576813947094,-0.0158297168266986,0.0565042773072183,-0.0142279178383424,0.086895677485661,-0.0107195087598783,0.0148911187384774,0.0276114968039289,0.0348852413934604,0.0485185942525123,0.052404056228185,0.033847480122924,0.0565882637672308,0.0207628835949327,0.0791992397156908,-0.0172676299613405
0.0195641635382476,0.0207099863528127,0.0342786756015537,0.0273030932796302,0.0437563822748455,0.0172757388875697,0.0479562067998186,-0.00475795624775867,0.0499005245409921,-0.0315538150054469,0.023402179723084,0.0452291391620542,0.0459780311712053,0.0495900962679243,0.0519110674483453,0.0293164415263702,0.0504576712492542,-0.00637247841669966,0.0681425687992384,-0.0411095873775823
0.0168396551977248,-0.00804310112366808,0.0302563031123851,-0.0117931624776115,0.0477330276257653,-0.0182082802493827,0.0499391992302175,-0.0246277103147651,0.0860616339293181,-0.00797742974802704,0.0061092716799251,0.0155955347081518,0.0393275355617106,0.0364986216336348,0.0492982159493034,0.0324540170778098,0.0609330089010272,0.0182254916230741,0.0910424168369484,-0.0254051889949058
0.0193034744586813,0.0152251672683539,0.0320203676910139,0.0152559180954805,0.0453160128731254,0.00100307614240505,0.0479226688935739,-0.0124553497377731,0.0535305100202306,-0.0294724638258748,0.0117093101422485,0.0247633003793996,0.0367086914397668,0.0467173269771794,0.0509387274468208,0.0331985399897942,0.0525025035972368,0.0143715027319865,0.0755094343657263,-0.0158107233274711
0.0194728165617467,-0.00791647326939327,0.033153512440363,-0.021372523744316,0.0421516713345942,-0.0262166211704005,0.0549208522105746,-0.0276055734248257,0.0784042751325819,-0.00853902958634551,0.0239841514105362,0.0453537405820972,0.0531759035525644,0.0401091826285502,0.0513707203237946,0.0262142967298648,0.0518284098440384,-0.0236941211566772,0.103042697549135,-0.0193671196425229
0.0369991829632446,0.0010900496576343,0.0456150920535019,-0.0176099756473018,0.0570380634192408,-0.0146373627241853,0.0814520399195964,-0.000573666357901685,0.100992132764332,-0.00439617881808573,0.0212040844025669,0.0385099998776737,0.0485436074836005,0.0401391437401596,0.0525606468684218,0.0294679250220823,0.064513341007743,0.0104785308910543,0.0987133298357373,-0.0226749024598112
0.021848500182109,-0.00275742413719817,0.0381170428649953,-0.00652243946973888,0.0477634506309302,-0.0225180017132983,0.0690816436088634,0.00174224715286565,0.101245419526244,-0.00824529496110008,0.0233570737909207,0.0409423826086853,0.0475792880162571,0.036590950819488,0.0524286783217471,0.0261223768049234,0.063610366258055,0.00108096904213839,0.0952458271108512,-0.0228776009908729
0.0257335187235743,-0.0177010641142627,0.0412485621570066,-0.0249929993353092,0.0551000030462965,-0.024758947225623,0.0920374975013399,-0.00352585446610348,0.0948148020945418,0.00271353174743908,0.0295642783996037,0.0394139052732298,0.0491069174466629,0.0338015276948081,0.0532373826653186,0.0215812254120449,0.0538077062524841,-0.0203215728985049,0.101854635094748,-0.0166378028329249
0.0271529727010033,-0.0164983150344671,0.0386002553081902,-0.0125977328683342,0.0541860839039089,0.00219945867134572,0.0468164625520658,-0.0181340725855411,0.0635996919560772,-0.0191719083141551,0.0243431076372633,0.0332002828549503,0.0473898084962644,0.0379510996286901,0.0497433668848136,0.0236215886013327,0.0477452418226353,-0.00427543435763412,0.0794121250712352,-0.0146743791870157
0.0198129219955174,0.0120334099973832,0.0405452873575675,0.00994518393142028,0.0448455304563789,-0.00098709548818851,0.0470511532349963,-0.0198810857343407,0.0747170027122467,-0.0269047194666665,0.0229454556486549,0.0428613042391611,0.0523128507323223,0.0445552162623234,0.0532108275425892,0.0298372601575609,0.0426803840546607,-0.0115037128080653,0.0885112277673101,-0.0277842978444412
0.0111913612364189,0.0185357888531393,0.0328879844388724,0.017590801838971,0.0434879008326838,0.0016834623529881,0.0463813041382667,-0.0160271608134574,0.0549684131892832,-0.0275748509908817,0.0118685593474341,0.0286690084654185,0.0338733044807485,0.0533813788446247,0.0505650873752206,0.0420329537029711,0.0512647238257726,0.0255916854910999,0.0578985689617273,-0.00136292789686594
0.0190611695832781,0.0190923136052341,0.0368072034589598,0.0130218064332959,0.0465836182314957,-0.00683101301206583,0.0499991488750754,-0.0239039286129976,0.0748389406695303,-0.0190509696370803,0.0142891789289872,0.0247884402895243,0.044076338762796,0.0469077376688711,0.053578692421621,0.0281094419049128,0.0537061149601858,0.00197036978491033,0.0760190149115637,-0.0125651401924001
0.0207709023867936,-0.00833364499073193,0.0385164746084859,-0.0160527662382682,0.0472296588569689,-0.0274731577988043,0.0724989249927745,-0.000356269050183566,0.094210982002662,-0.00507792248254253,0.0132125716987289,0.0253626563950717,0.0406990900319451,0.0376507226890955,0.049060611277093,0.0305284499555579,0.0578978350609127,0.0231996181223586,0.0739529945873733,-0.00425995977723426
0.0180209841528171,-0.00317570910056936,0.0341691665016931,0.00015118066570169,0.0434143415936486,-0.0153649206009695,0.048882738209493,-0.0267186091964737,0.0796235758120286,-0.010828539751379,0.0139862532363203,0.0219648258941781,0.0364655185823468,0.0374520415922438,0.048259991082299,0.0271501459177352,0.0532618634779702,0.0141963528451399,0.0678889584456727,-0.00267326067660537
0.0210591230899583,-0.0152062062252181,0.0375644390593646,-0.0155252506731871,0.0471868360018297,-0.0263517532104663,0.0802146606596405,0.00359908494446768,0.100464342355921,-0.00390332224433163,0.0209712009518721,0.0270690288978871,0.0448260475646828,0.0308541775248074,0.0606166712917181,0.0264499334004178,0.0831635121545174,-0.00700214592689355,0.0971481261976416,-0.0162926061211552
0.0228184514169118,-0.010587180765562,0.0365463081728212,-0.0140865066970756,0.0479127633912503,-0.0159548714868264,0.0512474894041004,-0.0282271590152679,0.0780186338568645,-0.00254951207536838,0.0160947984108312,0.0292984176099637,0.045855729701359,0.0372528830394449,0.0511907121986886,0.0297504648251424,0.0689724930408943,0.0185509643856389,0.0865486989034515,0.000725485842728582
0.012804546261813,-0.00376069357349977,0.0258732547819172,-0.0200022836031554,0.0381908524393764,-0.0240669545003393,0.047677743476589,-0.0284708168207471,0.0864328370575444,-0.00236965537023083,0.00820656991293466,0.0118863471871746,0.0346738185118027,0.0372200815090865,0.0474254750044352,0.0310380254740268,0.0553429665788083,0.0244058807738847,0.0767100827234884,-0.00207105912489004
0.0154844889817398,0.0085471001417574,0.0307598063184707,-0.000491761367509991,0.0429740341128175,-0.0161376794150697,0.0500307090607007,-0.0253049825957501,0.0759643221273199,-0.00810057392415453,0.00893403320200212,0.0182478287757538,0.0275512633808392,0.0319180308091193,0.0472611430464259,0.0306679219668329,0.0535663684243508,0.0194123207213982,0.0742237160693873,0.00456747614031088
0.020580690145121,-0.0179172396055492,0.0418717737455046,-0.0229199474080786,0.047967789177178,-0.0246683231580572,0.083455141424453,-0.00557861863101003,0.097745532142539,0.00367517484165829,0.031838459911063,0.0370791875756815,0.0454114960275533,0.0353423536191128,0.0507642921286625,0.0291164304278841,0.0513941823265993,0.0107738218626697,0.0777445658839253,-0.00818778742560475
0.0228794815784853,0.00329735823374431,0.0356247967241402,0.0250866960355827,0.0509278261177456,-0.000623761581100096,0.0469643799140353,-0.0224614738457891,0.0732253535079849,-0.0140167158300379,0.02134327620568,0.0325258474944166,0.0432885702460877,0.037824187760319,0.0530766371997849,0.0269265612094726,0.0544523329680596,0.00914828731262668,0.0713008719607828,-0.00421833754694833
0.0148241824166326,0.00887671459655012,0.0416894344917645,-0.00733212211238224,0.0457861944735198,-0.0215351081670249,0.0522883656040735,-0.0276682773985464,0.0873713653106288,-0.00520775102221551,0.0101656934300228,0.0149349551462054,0.0302170350723461,0.0323800461014071,0.0512898979001908,0.0313690734175557,0.0551961633543736,0.0190630130285347,0.077826521514042,0.0062811823961627
0.0243546508692966,0.00049674471258668,0.0409310799189033,-0.0177995430706691,0.0483051470040996,-0.0227300769815041,0.0510756712721688,-0.0271081873642908,0.0852503278216316,-0.010012319850982,0.0168370153274435,0.019275798262396,0.0391741881874353,0.0269545251481244,0.0505288896078379,0.0305861102801137,0.0571450302173817,0.0227385370065825,0.0881874391771837,0.008460756248975
0.0155974009769837,0.0101006834008464,0.0337254770773957,0.00211931358767288,0.0425169950750938,-0.0102480841661743,0.0494981602702942,-0.0231411339462083,0.0741197944468567,-0.0146356966291362,0.0134872669772576,0.0210584354476479,0.039398051223287,0.0327418747946512,0.0511901417380523,0.0295992317153067,0.0702983198148649,0.0187930242269217,0.0956450869681492,0.010995651356253
0.0200601105072672,0.00903744298961793,0.0410086090396679,0.0112733294061059,0.0490095841844874,-0.0152461587228715,0.0536110607548604,-0.0265522055430584,0.0759232911695719,-0.0169970217651348,0.024533880112128,0.0384630880828721,0.0505601959723161,0.038489450217998,0.0627017596137825,0.0117313191071962,0.082057813400182,-0.0016421293769,0.0877062802279922,-0.00913322293887934
0.0121539774367074,-0.0101906208675926,0.0259870497407381,-0.0159740872801986,0.039351194328389,-0.0190489892804587,0.048174180437548,-0.0266602908088587,0.0887212329929123,-0.00122813135935184,0.0102445335719131,0.0193726345385154,0.0173863284044918,0.0262347587312693,0.0429753132530245,0.0328001022723769,0.0562706998916236,0.0323303111962285,0.086952336458146,0.0158906255069263
0.0165291284148193,-0.00247400522518938,0.0277270827778445,-0.00784974254257276,0.0407968314579521,-0.0100875260865363,0.0506540593011055,-0.025760548102581,0.0701681145641647,0.00072578915849271,0.00910314516741693,0.019366229071034,0.027373890510666,0.0383360334203929,0.0555907108574874,0.0299880274958662,0.0636704313928206,0.0298720509675419,0.0939875799032524,0.00869686822203217
0.0206728428811303,0.0363534758259487,0.0358901586662824,0.0265181333631331,0.0473325668901423,0.0046341036481385,0.0416671737708891,-0.0244324026296003,0.0833949603214549,-0.00728671287822811,0.026488070747161,0.0404575174165416,0.0444073160729079,0.0399584556888992,0.0509011938254711,0.0278942525410017,0.0508170645025329,0.00241524722714732,0.0887409939820827,-0.00956284182257603
0.0229147018569015,0.0422894795519805,0.0403952447499183,0.0404926886830631,0.0452782859934,0.0209398360344469,0.049380723213844,-0.0096104916142061,0.0657860352892532,-0.0249050868309055,0.0230831046585761,0.0437331476077627,0.0456117572617742,0.0475462267725908,0.0503585860885112,0.0337819567952146,0.0540351876260538,0.00766623797474416,0.0679592261098735,-0.00998360627837345
0.0223820446378312,0.00577969044698783,0.0355071536079402,0.0330197698654276,0.0447476766314711,0.000894276254696205,0.0406460002627995,-0.0265863013702509,0.0716543934064083,-0.0141075183011659,0.016759059799838,0.0272642328529126,0.0457015999329464,0.0373448907084626,0.051446798098667,0.0252608879575086,0.0452191711288373,-0.00665572860626386,0.0744251831382341,-0.033714121716729
0.0138857664404304,0.0294515304237072,0.0265895383350433,0.0300994308865238,0.0373495405403245,0.00847606546413319,0.0451377108363891,-0.0235506321938653,0.0790894502304405,-0.0107395153248697,0.0293157226754219,0.0463920117056321,0.0474794057276736,0.0444303309240608,0.0505261824386222,0.0307141138668739,0.0550116990717514,-0.00633711087388378,0.0848963195030458,-0.0197599319273823
0.0222096269051745,0.00661737628077733,0.0394710084545515,0.0446944867547464,0.049099152279932,0.00949357183417453,0.0437017415872325,-0.0207830573277782,0.0507295069064452,-0.0296655362746914,0.0229832394887308,0.0348943762748075,0.0548699065493832,0.04367309278934,0.052255280523586,0.0254494939621314,0.0427841468728027,-0.0118570169629585,0.0820301432331432,-0.0327469496744306
0.0116276230993528,0.00405340418793837,0.0230974737032274,0.0416270274970724,0.0393936454817648,0.0180606798123388,0.0458755753731815,-0.00365048600492056,0.0483401506924322,-0.0284566373328806,0.0159132995479459,0.0305680528169057,0.0396298523464307,0.0399692083173251,0.052232623923762,0.0287644147484723,0.0480046777691515,0.00588477709290144,0.077499019767685,-0.0137982934040191
0.017241933479701,-0.00701884286409847,0.0315404209507211,-0.0274798401362308,0.0443867454334321,-0.0280374729362616,0.0630352975442837,-0.0197604474792645,0.0890282636980254,0.00229843867344634,0.0286669524544067,0.0454681878985725,0.0400888412245847,0.0402962203844487,0.0490897049648201,0.0299739370396934,0.0622561886221063,0.000623482825235162,0.0944857133785106,-0.0227210439691563
0.01906858376469,0.00127582248288877,0.0361242448706163,0.0306970434664109,0.0487281807957377,0.00559928225593775,0.0470764176773057,-0.0150986224102276,0.0628833832386947,-0.027829715724825,0.021800841964083,0.0315745143359731,0.0463783133440429,0.038174281661443,0.0507819813699141,0.0259439231170319,0.0572237002067207,0.00496267626822226,0.0765629642539353,-0.0145031677687766
0.026747104380476,0.0355535601067525,0.0419967703912974,0.0275033916585255,0.0522504557538755,0.00356995313143047,0.0523179312848833,-0.0243091020264478,0.0674194228906106,-0.0258486274835542,0.0344648729966853,0.0441338279762499,0.0486450220112674,0.0335682424539449,0.0552588939507632,0.00998845565754377,0.0745128289139793,-0.0160425972268822,0.103764183167426,-0.0168557495193177
0.0278078367450813,0.0281241816037676,0.0382922351089886,0.0138533929653577,0.0446054014831616,-0.00284932026835443,0.0478339058231097,-0.0264399509827128,0.095241425827344,-0.00654497171999382,0.0290460657399496,0.0378233317335141,0.0466313831375846,0.0321251440198246,0.05752909908181,0.017985622971954,0.077995956214775,-0.0182843160717535,0.0967940926106047,-0.023055640721412
0.0172722692074394,0.0309851937884078,0.0416591453776363,0.0329231580501997,0.0455192906783833,0.00794917354045736,0.0394157201921726,-0.0177151388100242,0.0574267338645961,-0.0224200868186329,0.0307938532760169,0.0469065837565672,0.0504015100783656,0.0386043135267649,0.0509985108049474,0.0261905557675643,0.0542253419345764,0.00277106755270872,0.0909801222864074,-0.0158367837142985
0.0100070715739272,0.00314566297848824,0.028782028540917,-0.0140340509147994,0.0421991559782754,-0.0269245680720617,0.0524217857865281,-0.0249057296398878,0.0945243564698526,0.00574568617862316,0.0236094344044134,0.0322520915425695,0.0454913981654357,0.0367274544813739,0.0530426654347617,0.027832657960272,0.0650661396875228,-0.00268348198581689,0.094047509149167,-0.0197894512222135
0.0155489137191672,-0.0124467396795644,0.026339419623184,-0.0184055901888195,0.0442985131942436,-0.0139213758082563,0.0467156694274203,-0.0195489211845131,0.0608285415750604,-0.0182550242586174,0.00763966257713765,-0.00245153137689573,0.0215742342840986,0.018560682307812,0.0444487728654166,0.0275784344135962,0.0511560618351321,0.0285351499079046,0.0715204276429276,0.0161680823682443
0.0231248776237543,-0.0176479554785275,0.0391900143751122,-0.0232353545133472,0.0496348144772336,-0.0251557979654505,0.0843215257907864,0.00772370614485149,0.0913518038619626,0.000850509014221755,0.020188987540239,0.0230161136461256,0.0403961359567782,0.0170428295141943,0.0551814659292621,0.0253132546955195,0.0515483366948106,0.0284839550700642,0.087500292182439,0.0199840121954486
0.0267193530507928,0.0312253701112672,0.0397947781963101,0.0240986307980769,0.0476919458694171,-0.00108069824456779,0.0490239368625158,-0.0283044903748499,0.0895437240268158,-0.00133887746714276,0.0172649363038061,0.032212105281454,0.0481667997269766,0.0414820528132386,0.0529349708477343,0.0248384470061035,0.0650760346777552,-0.0168329438998098,0.103743545510948,-0.0107138211608328
0.023827091316133,0.00720806943838621,0.0362791471939616,0.0376749522523935,0.0512201874264842,0.0104784697500925,0.0441261691736137,-0.0209411368453377,0.0565053080205557,-0.0249873803380989,0.0134446979196358,0.0259555181335854,0.045562297049083,0.0439755130952613,0.0528478897774124,0.0287285619416197,0.0523958395311248,-0.0088664371999685,0.0920554896033682,-0.0220262774839659
0.0258037414451839,0.00553702856170332,0.0387767575293677,0.000116136638373937,0.04351568677101,-0.0109106235622048,0.0456080962862674,-0.0241927675193546,0.0662242291601354,-0.0208603228113486,0.0249777491123912,0.0351206680067903,0.0480651216945496,0.0339445201545459,0.0526581617537273,0.022973991296355,0.0569512481124606,-0.0150098500481336,0.0939666637688766,-0.0230339253424875
0.0174111809518739,0.0315657412876273,0.0357377000906461,0.0276943732391724,0.048108461378288,0.00298146490630948,0.0404719564806921,-0.0162239725916649,0.0506367668911691,-0.0296657540473976,0.016272007222823,0.0355290528136463,0.0488647580304284,0.042994134797688,0.0533818450929809,0.0289606962644662,0.0517902128980547,0.0017654463682739,0.0833982568517776,-0.0269442001747703
0.0183632727610101,-0.000354322519053856,0.0416932354746573,-0.006783876538874,0.0474436352243075,-0.0172151458365908,0.0459731970163783,-0.0305811871643598,0.0789606134971251,-0.0185321362074985,0.0123056142031079,0.0194552879709783,0.0438795450050953,0.0324643713300798,0.0514635378386487,0.0263968253454627,0.0484793108295849,-0.01823443272607,0.0874160359500664,-0.0278662475498696
0.0218996879556268,0.0404468633297734,0.0354580922160045,0.0370899299219181,0.0469998321862648,0.0124159753612657,0.040965989346435,-0.0147276550342571,0.0594229407427486,-0.0199803210877094,0.0317738163624324,0.0468081479253008,0.0476153337720905,0.0345794814213757,0.0521858726373538,0.017198645100953,0.0595673467947397,-0.0323834725366619,0.10608663129071,-0.0133232782018619
0.0281405169582509,0.0491872380098717,0.0349027947421396,0.0300907435761015,0.0445153604964215,0.0105733875351845,0.0371371253997213,-0.0127179187812916,0.0516740516113152,-0.0274267559033052,0.0347790028434411,0.0490890897898513,0.0480951962523302,0.035000593817276,0.0522043182018527,0.0212894649540643,0.0608336281440549,-0.0312717243612139,0.0966705703051211,-0.0224407474038582
0.0292534472943177,0.0445753753880468,0.0450493751022788,0.0212592518277146,0.0473442402380421,-0.00140315381489439,0.0534442348835679,-0.0236048834912812,0.0501710571363057,-0.0263948388837537,0.0255762691294121,0.0457420009562708,0.0511526465462068,0.0333866417889689,0.0546871291449605,0.0106762165477234,0.0747525389726217,-0.0384727099096594,0.0909777615791607,-0.010752567646689
0.030206107629928,0.0304067273770142,0.0465426644059779,0.0356780195300564,0.0448182588569349,0.000676146151245986,0.0472108296831064,-0.0244296253891744,0.0783684054245851,-0.0107877126364199,0.0234244390431403,0.0363321358135415,0.0516836996725084,0.0426807162923686,0.051733726915182,0.0239377821580232,0.0537131300137309,-0.0329692425148057,0.0938224793013506,-0.0239798438960184
0.0213350603000119,0.0418542636342335,0.0403312125092661,0.0310889710343511,0.0354436496679163,-0.0135698830788098,0.0446637904491337,-0.0238237946848148,0.0699074627344798,-0.0131816556199333,0.0478706948371825,0.0423121622692902,0.0534793661434422,0.0284318859625371,0.0513164769647377,0.012804397162559,0.0706500614621716,-0.0409242398632184,0.102033294129472,-0.0127530397382283
0.0176816015361728,-0.00997370793786333,0.0344257039518088,-0.0201621633493854,0.0450372665781253,-0.0270274422724445,0.0546423891948741,-0.0252488189346682,0.0821623668111788,-0.0117199555251751,0.0264141983961829,0.0354102614075408,0.0471184456750433,0.0336594900481824,0.0522836731812964,0.029607535116371,0.0610853960120284,0.0128413238352652,0.0912633431241894,-0.0252119336144147
0.0214150335933648,0.0192750259446229,0.0438187303628663,0.0294562553083711,0.0441192941035754,0.00229721373423758,0.0469121765476031,-0.0222473904974989,0.0633469598669891,-0.0238782716050471,0.0107453912701875,0.0115501173470706,0.0419579511201903,0.0332439316684745,0.0519817480071053,0.0293384191940341,0.0553325510488549,-0.0212944947721153,0.0830473223100041,-0.028863629820796
0.00963300700938753,0.0208764711968699,0.0375751268311776,0.0366155070881895,0.0437192670306072,0.00191163747119918,0.0482726859921262,-0.019664358871986,0.0480677455924505,-0.032506176253559,0.038305915776652,0.0518768557852472,0.0499694889945123,0.0331656994243382,0.05449015327142,0.0039672532534553,0.0792211784942517,-0.0154497133046877,0.0699191309564056,-0.0402945124000276
0.0207508514508637,0.00264255700525496,0.0430925252731003,-0.00782894059471599,0.0454576945159341,-0.0159214977334655,0.047415549233255,-0.0230173542785154,0.0728752497245219,-0.0165040685183309,0.0174312265962532,0.0180320695165151,0.047387760514628,0.0267497388738108,0.0525330318187594,0.0280456128983165,0.0695103128980811,0.00224888316015146,0.0933443070161233,-0.0254233658545389
0.0151802072677663,-0.0076423009198932,0.0351947666963953,-0.0209648431149113,0.0440621412675177,-0.0244241556211452,0.0496659690922687,-0.0264224068320407,0.0707408409192786,-0.0140312720788928,0.0410337745522783,0.0472083848445272,0.0512839540550323,0.0338899509294849,0.0510188731992528,0.025778359067245,0.0745899265898314,-0.0210562207213879,0.105815005472778,-0.0146096707131664
0.0245296988091015,0.00661014298208497,0.0463566264109333,0.0169312997363919,0.0509291860263031,0.00339656509479918,0.0467030119092867,-0.0204178364399542,0.055700029849113,-0.0236498026261377,0.0191935360658843,0.0272817906554244,0.0502279478854542,0.0358542017722066,0.0518340120885298,0.0279394031442428,0.0455300273988482,-0.0135192454135398,0.0794427110289087,-0.017664482410785
0.0198350411445155,-0.0103068532204222,0.0376332515675126,-0.0127983895071323,0.0458965164197413,-0.0201938534850033,0.0534103344689313,-0.0267937737766304,0.101066624042207,-0.00839082479132386,0.016096392235298,0.0220332812852573,0.0405603448723549,0.0330188392501694,0.0504914897584024,0.0304494003392824,0.0577618509455572,0.00797003856747886,0.0917151162880295,-0.0255481583011166
0.0298407627848243,0.0444691609233069,0.0435744845580187,0.0151253075389734,0.0428638333639435,-0.00798194871032282,0.0486834926803947,-0.0233588946037049,0.0661162010653906,-0.0184308509727676,0.0123832857331475,0.0202842867177542,0.0463972351130238,0.0442589322284452,0.0512668208726557,0.0275568232198493,0.0526153259830211,-0.00683211168529379,0.0957537590543081,-0.0203148558214672
0.0173235589371508,0.0261946505193876,0.0321256469942807,-0.0128736910818128,0.0484058404101447,-0.022209356771183,0.0866185051097798,0.00223740139841926,0.0985384141741834,-0.00488048720411432,0.0130615935943169,0.00511127271114223,0.0424443937651069,0.0271029497907404,0.061806563385707,0.0286477015847872,0.0823649348106471,-0.0230668381583627,0.110285289615283,-0.0155022927097125
0.0171760963519719,-0.0135434214992727,0.0351029254961589,-0.0157941056623821,0.0479674570942236,-0.0114897256435713,0.0551721694485602,-0.0187695706072579,0.0485287619120332,-0.0274767167716793,0.0166459798349874,-3.42316045860451e-05,0.0464105217830053,0.025302135864131,0.0584362916183432,0.0190182988647375,0.0557551952537183,-0.0345420415048868,0.106167774834047,-0.0195291517797199
0.0206107534449538,-0.011224012505044,0.0370189396753137,-0.0201742395540244,0.0454165767966875,-0.0248888542468295,0.0553688093291398,-0.0212473457604802,0.0890155966257438,-0.00166917859394955,0.0403358045521561,0.0318076046032929,0.0527408870355882,0.0290465775416156,0.0626240714878924,0.021650695017114,0.0682911066341939,-0.00854665912451728,0.101138780226488,-0.0218517274558971
0.0169873590999146,0.0035755806092239,0.0378781379575557,0.0341188216130775,0.0456374670720907,-0.000689281283060617,0.0473754540808673,-0.0249297488653238,0.0825103655529253,-0.00911859590425881,0.0143878996517686,0.0219721640974626,0.0451260578762253,0.039049603054443,0.0516032959768739,0.0215125531834713,0.0561916467336972,-0.0276867494433282,0.0901581894681636,-0.0249509335304505
0.0165931867943662,-0.0113558930603505,0.0383460543437169,0.0231877962291746,0.0518163701683189,0.0365285956690736,0.0495244534906988,-0.00168671955230125,0.0492998881744775,-0.0264745489713022,0.0484795996425065,0.0500515474097112,0.0525505862781431,0.0367595556214195,0.0488314057678597,0.016203265343616,0.0656050331369383,-0.0254835060855998,0.105581130609062,-0.0165619310846358
0.0117558136653895,0.0207951682672902,0.0390943199058369,0.0294756553334604,0.045201579094865,0.00171327846446188,0.0442037795285132,-0.0252851711731648,0.0766107298911598,-0.0114715280577135,0.0207583951914332,0.0330173209980343,0.0484982453913825,0.0408040119679193,0.0528884882939152,0.0246819625824092,0.0505751341762824,-0.0291058563209246,0.0921293982378632,-0.0233647781618838
0.0216895200982276,8.91857569274129e-05,0.037312021091799,0.035291691408664,0.0497275463568675,0.0209156572790892,0.0373227267407476,-0.0252368583267522,0.0502632155016199,-0.0277019126085147,0.00361483950833865,0.0164481763049414,0.022521412279658,0.027941337030292,0.0124895361027002,0.0248200665701032,0.0503933939635126,0.0444340477299663,0.0427465135940973,-0.0122671621562084
0.0117841157554819,0.0117742705565474,0.027510461052229,0.0103190894532407,0.0509841960227427,0.0374039102356205,0.0475143890562855,-0.000193138785005348,0.0526732178829704,-0.0245668802688927,0.0156991793978746,0.021895131659182,0.0435088052152848,0.0388110135110495,0.0514854274785895,0.0297543556329125,0.0496465881106791,-0.0064786204185435,0.0735586028593841,-0.0219125161468929
0.014659699609909,0.0253781695481734,0.0371002254876883,0.0357401468243417,0.045178153673897,0.0121989414857336,0.0472823465735994,-0.0078208950174021,0.049005214073786,-0.0281558440919056,0.0182162712522274,0.0346103028375115,0.0444268055050667,0.0342877831195207,0.0513908753910765,0.0266906386000942,0.0554397294470066,-0.0150710018559443,0.0910243779258619,-0.0262067311787994
0.0192089619325797,0.0221034003169913,0.0387103523742401,0.0412144405198165,0.0444102520026436,0.0150079020572287,0.0469591657893678,-0.0179826100247907,0.0516195747769896,-0.028341853138302,0.0175245252357806,0.0269852037135793,0.0411110811353934,0.0408246826344202,0.0492504230902499,0.0253974090643873,0.0513300108404536,-0.027734433076482,0.0973177007428518,-0.0201056324968815
0.0179990277394301,0.0309439912484162,0.0360964206894291,0.0446147544958247,0.0441958414898145,0.0181776327099618,0.0403433734388297,-0.0148682737683959,0.049370752099129,-0.0283770660964667,0.0200566694544465,0.0299678063574187,0.0472513228045478,0.0396657771099993,0.0513867820503486,0.0284219832363007,0.0426746437373713,-0.00899622700626343,0.0754824237049209,-0.0341522410472078
0.0195498725547985,0.00478900635838231,0.0353830530363288,0.044286280645906,0.0452038518509623,0.00873806331233478,0.0442520626388634,-0.0156854979660253,0.0553737441866726,-0.0289888614128039,0.032602115680081,0.0356108436137829,0.0487502790178479,0.0356039103177045,0.0509981895561033,0.0222588507895564,0.0509161463023357,-0.0030144897868838,0.0767686956611254,-0.0343231181026451
0.0173882483385804,0.034862814361227,0.0390565816451927,0.0362454509752037,0.0382952108671411,-0.0188413047905669,0.0470487277761981,-0.0269749972770494,0.0569541002411037,-0.0231813669399107,0.00977543828378431,0.0134899317492611,0.0475537126768822,0.0326985107851382,0.0764145188711724,-0.00502939021500973,0.0996280800550399,-0.00145839974215988,0.0990553755061483,0.00049334875330096
0.0178149413835051,0.0341482420050355,0.037415894558405,0.0200099238216891,0.0534364139303215,-0.00455516662057723,0.0500219010207978,-0.0249251582947892,0.0683715911295306,-0.0129745684290098,0.0248295581165148,0.0339963042505935,0.0465813886135084,0.0326034832806671,0.0568847960030361,0.0231338217715674,0.0813720557819241,-0.022773981928815,0.0773338303409503,-0.00903855340170496
0.0190069844456919,0.0290642647763571,0.0420271626097046,0.0267696655855308,0.0422267526520328,0.00248553328270787,0.0440291812004206,-0.0260523678189658,0.0687069927855112,-0.0162967282442246,0.0305805931132555,0.0460215512169841,0.0502675395746603,0.0325643452705226,0.0581920229487236,0.00959706440822563,0.0623822911220258,-0.0323421710266621,0.092803436876921,-0.0227544057471079
0.0285033962477317,0.0387612973092934,0.0465086316086231,0.00475517765477862,0.0499257176815431,-0.020438084491903,0.0516228274088509,-0.0259951410958298,0.0739161739450682,-0.0162225871402646,0.039780677342848,0.0404689269535269,0.0530742729529789,0.0262003074447385,0.0684200701293282,-0.000686488899449907,0.093776583848509,-0.00800855982305297,0.0936561810420202,0.000482560098818427
0.013418669322818,0.0275706266335861,0.0289876722942651,0.0347119854954782,0.0426313693362425,0.0086081656183323,0.0404332029251795,-0.0314225504910847,0.0643807732205839,-0.0205607308312549,0.0211085798528878,0.034912779874412,0.0447360700177911,0.0382548332075867,0.0535586524566224,0.0171889203755022,0.059119309639747,-0.043996152334647,0.0919344377547215,-0.0202866026879544
0.00997416730133537,-0.00458271777235692,0.0214929069877024,-0.0168673700305743,0.0415420629037361,-0.0235183940740152,0.0456124926791946,-0.0271191802247909,0.0641675942893046,-0.0216951271762794,0.0038933950537374,0.00692383157962464,0.0370601446794262,0.035840044698712,0.0500450310280956,0.0319656797985445,0.0674384988870565,0.0284276186339488,0.105590042287102,-0.0110996945257837
0.0194195742867349,-0.00158651037473406,0.0336837178306774,0.0322247050176434,0.0330937697223371,0.0274273284101459,0.0395795990346122,0.0212932162301659,0.0471501498333283,-0.0233709712543809,0.0233076807811163,0.0370752316705758,0.0110941279300487,0.011473440781188,0.0292357960083586,0.0341193204755529,0.0359692218408307,0.0557889677370689,0.0493256765867671,0.029408285421548
0.0170257681269021,0.0292295396473341,0.0400129652153542,0.0306005627180589,0.038205699362048,-0.00334868536245624,0.0451813804429051,-0.029282364503752,0.0642706554911726,-0.0159978194793177,0.0151251536322898,0.0209718102596268,0.0370503744203922,0.0474661268135828,0.0512851573881107,0.0370336581076942,0.0517461306170222,-0.0204043955339184,0.0725658135399479,-0.037259515532108
0.0239107806857549,0.0409348001079479,0.0397029348458955,0.0301455287455587,0.0479661640809149,0.000587944015222611,0.0505328658008317,-0.0174941823331858,0.0496334136166721,-0.0301738673971928,0.036895381829511,0.0398479597940586,0.0492813855260581,0.0342015198376256,0.0571655716610774,0.00998058164276417,0.0634084466055297,-0.0238643228069039,0.0798776012494447,-0.0302979502161571
0.029252657196111,0.0143982815884834,0.0558622980970641,-0.00516355078090848,0.0664590084609826,-0.0219716610411488,0.0496075715634852,-0.0222194210730622,0.0436996080960584,-0.0284294334693131,0.0481258197071056,0.0301270655562073,0.0895224618451389,0.00616476021672448,0.0980845254279588,-0.00216210745039383,0.0556978772676502,-0.0147410343305568,0.0668481605053334,-0.0422226533639331
0.0158251328864032,-0.00532410237166439,0.0382565867965152,-0.0138908535709589,0.0430061874166471,-0.024213861081744,0.0496416613534174,-0.0289612046092779,0.0837539116795828,-0.0176122117435104,0.0437909275647221,0.0208406358975614,0.0494179444232778,0.0258157648650966,0.05406241554475,-0.00212168425353867,0.0541546367287178,-0.0353058927509692,0.0978559275486637,-0.0234772256298525
0.0220560163684169,0.0355538056204158,0.0423952105191186,0.0171889981084424,0.0439034439579301,-0.00370163818640805,0.0403750752790262,-0.031433359880224,0.0541170777818282,-0.0269187425650813,0.0309517274609306,0.0413537744929061,0.0493025323091872,0.0334614183337928,0.0580695133187907,0.0148589567867148,0.0415541343016232,-0.0301971480557836,0.0820293048951416,-0.0332150620218635
0.016141359023899,-0.013776012787807,0.0342978310917211,-0.0259664653189328,0.0430907411217568,-0.0263653823678839,0.0520129182987093,-0.0261381456632017,0.0776565727011558,-0.0114696778074633,0.0367154062903262,0.0435836166894896,0.0480907813133636,0.0390298989106633,0.0535713600688454,0.0323209680616073,0.0536040321958532,0.0277069716520206,0.0712933547659374,0.00834277297154547
0.0198147656338823,0.013276630488703,0.045636037354666,0.00566942263926542,0.0528013855567772,-0.0143345363005779,0.0449754086210175,-0.0294272628495211,0.0788087735697566,-0.0083226723701057,0.0251431052555338,0.0295973614377199,0.051001904311214,0.0300838749040323,0.0694374094876416,0.00421652283608176,0.0533977085009694,-0.0407402769377219,0.0894853660744902,-0.0177571980815912
0.0219521308041902,-0.00882953349570093,0.0410400847802174,-0.0221130056784044,0.0473235008275669,-0.0291839123911232,0.0856459002967836,0.00235203008408183,0.088913567882059,0.00207076552491494,0.0181389575536437,0.0181123875424624,0.0421142662275341,0.00825341331118527,0.0454093021958313,-0.0311234712569354,0.0626118856603788,0.0140937590174285,0.0499468013704363,0.0262039024257952
0.0204078774638054,0.00420987560153041,0.0368712350091364,0.0390068445508618,0.048988225079766,0.00970427532288116,0.0395771852389235,-0.015795509985675,0.053326394662522,-0.0279884163014863,0.0136310140577576,0.0193835151908936,0.0459934152412032,0.040561183501554,0.0527027184730453,0.0241073405183432,0.0387622794305267,-0.0194477659287812,0.0826373266227226,-0.0316011276974758
0.0104271083862126,0.00146128065241465,0.0330520014692776,0.0407871815243118,0.0454398903974814,0.0131930730654694,0.0371938315948743,-0.0215738344283078,0.0590227358607996,-0.0253329867674797,0.0102181115832632,0.0227218062616405,0.0428614275590896,0.0481042530487039,0.0510653302679216,0.0281443760540446,0.0449929094327471,-0.021275270133647,0.0839676690607135,-0.0300204974909765
0.013956044031216,-0.00687699370507512,0.0400113138750234,-0.0210331830773512,0.0473018028898531,-0.0266251186565755,0.0520333778959649,-0.0259292844515611,0.0851839331365683,-0.0145214828621323,0.00821357191930195,0.0151560997836758,0.0352488501089356,0.0462338417054446,0.0454003705212982,0.0359224994101327,0.0612147262555429,0.0228838188070241,0.106576683603149,-0.013956282450101
-0.000269059396627781,-0.017941356973756,-0.000420843802310632,-0.0180889672406651,0.00488846085224284,0.00108799152004636,0.0398858299662097,-0.0108881810460888,0.045416861075668,-0.0314767257364825,0.0527790761219758,0.0496484962205043,0.0136696012567505,0.0125844022948465,0.0132417206472749,0.0152353458101239,0.0477418761400633,0.0299735636560865,0.0594138956004469,-0.0236108696176371
0.0219445133025481,0.00660234748813387,0.0388604579484217,0.0372881137588856,0.0455682274508145,0.00234896878928242,0.048092112091838,-0.0250647238467468,0.0686176148272502,-0.0278940990191824,0.0298464294699321,0.0277556949986564,0.0504755655269138,0.0421297335402365,0.0554112744434316,0.0219614289057864,0.0642525268831544,-0.0121570606388492,0.0982802316668643,-0.0209190738407864
0.0238093918306405,-0.00648926687464083,0.036911519807615,0.0254312639323175,0.0525780607158786,0.00639592529624125,0.0428049064614926,-0.0246101964362316,0.0576179578856805,-0.0272375120655595,0.0300555171725534,0.0228161758247154,0.0489253858978155,0.0370377371588966,0.0527144944376199,0.0241874802411396,0.0599927460320359,-0.0225294697714981,0.0894534599377743,-0.0174403919228351
0.0161302231880738,0.020932140317236,0.0481848233325313,0.0364149780173375,0.041747952130929,0.00419639502530555,0.0423465676393225,-0.0127686342515639,0.048932288328843,-0.0291156750639765,0.0145315103061286,0.0243150083761412,0.0494385843239901,0.0428493055791728,0.0490755037688591,0.0283789774287331,0.0549957360692414,-0.000289714786024606,0.0724610757533865,-0.0384170453272376
0.023555662228586,-0.0111823281552138,0.0351117996743173,-0.0243237580226922,0.0448768169630461,-0.027612423551817,0.0521491633545542,-0.0277241367350139,0.0792668546205674,-0.0147655265775158,0.0319430705625521,0.0435418544885487,0.0499518977644227,0.0339145411899073,0.0519026302036848,0.0290937221514546,0.0629824552478782,0.0151208989719624,0.105356116631567,-0.0148711090283712
0.0135791136649296,0.0228322776668658,0.043481886541353,0.0358822329158786,0.0417729782696557,0.000825527690780827,0.0444940900295416,-0.022249511272792,0.0572604836521713,-0.0251996073627084,0.0226141145289652,0.0236926716114023,0.0481031537260355,0.0385233657025723,0.0507641210350053,0.0264190728914563,0.0507160228017492,-0.0230421709615656,0.0817111745434596,-0.0312238744429573
0.0209980695137202,0.0261484135294461,0.049558129934022,0.0364832735974974,0.0450675485987461,0.00623896279049764,0.0420825521241013,-0.0262464621805802,0.0646630692906898,-0.0193715899427225,0.0277157127839643,0.0296750667191949,0.0509560965087898,0.0384630963110287,0.051823284723329,0.0222105491227745,0.0487873399836664,-0.0364526879823248,0.0818574261968092,-0.0304300285457882
0.0213301459298206,-0.0163988096010575,0.036992808121787,0.0293922966210587,0.0501171165488381,0.0191567369948153,0.0497355833351185,-0.0156290232040353,0.0505971068823818,-0.0295229164148267,0.0285331588609496,0.0216917708367667,0.0486574452695325,0.036180439436112,0.0588185940791892,0.0170104003640615,0.05792938488924,-0.0331590951475806,0.078438090200284,-0.0337414997071112
0.0280218120028585,-0.0276998907038617,0.0387575362593072,-0.0167193170662798,0.0570604484691644,-0.000375429911705786,0.0525814395996115,-0.0132380676990023,0.0518368289413877,-0.0259000626592805,0.0103477370956039,-0.0231887151069432,0.0243034689569513,0.0177162686527947,0.0484178408865033,0.0303248884898607,0.058722705979551,0.025492606055686,0.0773516010975531,0.00905493386671021
0.00553837076861151,-0.0276205095778342,0.0201577631651701,-0.033279886260513,0.0435732070855774,-0.0250495958005404,0.0485429676585012,-0.0263772600995176,0.0702296833097131,-0.0151527693279186,0.0372439283354447,0.0420949874139827,0.0493319603719926,0.0328757808848119,0.0606748903129674,0.0199395778678747,0.078849211420238,-0.0288289341898605,0.110365383054323,-0.0177015069622146
0.0168393528033406,-0.00919309004248486,0.0358865643615908,0.0475102282688863,0.0492684432311007,0.0175303730160176,0.049818336796436,-0.0107087159188797,0.0572947823551122,-0.0273106495881515,0.0176733359791646,0.0313757687848984,0.0516389670598675,0.0355867319611439,0.0519574115689622,0.0190166047505908,0.0667611550528701,-0.028764058307866,0.0988833065428963,-0.020065868267588
0.0274261248664567,0.0280090589025303,0.0528065755190595,0.0236444646441847,0.0514383281978803,0.00908156788536093,0.0482671953696696,-0.0151463676597616,0.0567885434146504,-0.0283924801394101,0.0244617243323865,0.0324750010733967,0.0506853717417703,0.0330433032228015,0.0513045779986014,0.0264554887086917,0.0609120960656847,-0.0157480905682595,0.0842759370200546,-0.0306259670058815
0.00425877926620247,-0.0016067488760996,0.00425983420459843,-0.0016070613580812,0.00439967182560619,-0.00164846877435116,0.0345005342611427,-0.0186847122008244,0.0493773671727842,-0.0312705432264598,0.00438775426728814,0.00253246363103171,0.00616710431549808,0.016644597973886,0.00496558664995154,0.0111405369351063,0.0358915642287148,0.0340318274026311,0.0668524058542428,-0.00112754429015675
0.00979376074103657,-0.00519230033027517,0.0282541844059732,-0.0249235509761938,0.04452094761938,-0.0292380111029716,0.0528125302397538,-0.0266374492332903,0.0837501806841656,-0.00815287173334845,0.027412384206409,0.0442643764722557,0.0494646377805813,0.0337293163810805,0.0545372620273857,0.0241906570123125,0.0809186374698759,-0.0179938534340104,0.105538957141811,-0.0134772410740484
0.0151577887832388,-0.0102549774829203,0.0400941937025162,-0.018941558986119,0.0455992836077592,-0.023891843374662,0.0496852396441091,-0.0255573048281603,0.0814651468689769,-0.00849560384381829,0.0218750715830258,0.0246539919080529,0.0440757189214724,0.0292641386771869,0.0538008506403541,0.0275389189376555,0.0710216128593248,0.0171636512315844,0.102787607810666,-0.00835281077718819
0.0204258858693974,-0.00946411050861801,0.0394023503752319,-0.0228726476709338,0.0453990550008879,-0.0272332949603822,0.0498485685912187,-0.0274096139786886,0.0873770892641704,-0.0132081288811794,0.0266396736122924,0.0269088507444302,0.0438630729644297,0.0298699489874309,0.0545872517672725,0.0275687053900808,0.0867445137722234,0.0120992028507265,0.0981368422271225,0.00449546816170192
0.0194243202207911,-0.00685975731812882,0.0312418383410553,-0.0221642340551766,0.0453914190119126,-0.0273209402189908,0.0493968404093719,-0.0273282931572817,0.0838876745942516,-0.00347821700558861,0.010508998811855,0.0175679537857971,0.0333116628133349,0.0299761371130039,0.0446053122123066,0.0301122738160692,0.0532914487854309,0.0284328018181572,0.0821239509265337,0.0141643053858668
0.0144669321747409,-0.012933621574908,0.0437719867076728,-0.0245224496356519,0.0466006622143204,-0.0277305184033313,0.064043442489718,-0.023822892820232,0.0948074545146899,-0.00839494689049199,0.0270330263121102,0.0278670681920727,0.0429511114362491,0.0294913004324126,0.0494427734953594,0.028789138941664,0.061384706316932,0.0270105512254523,0.093465239107503,0.00750066592135021
0.0172989878513223,-0.013715357664568,0.039125185390978,-0.0244451915913996,0.048157400525756,-0.0273184742446074,0.0627156336591665,-0.0221031403344619,0.0868157732384652,-0.00614135140450982,0.0145500562138199,0.0205897300649071,0.0397916268556278,0.0282406537691666,0.0477913445182843,0.0284409939638168,0.0554101995622048,0.0271396312136949,0.0878167910358467,0.014432525718183
0.0198185897304483,-0.00681795130561454,0.0365100571857122,-0.0239703463827793,0.044839950094271,-0.0284208102121222,0.0553091408169873,-0.0274605313489228,0.0827443563868172,-0.0122541325860383,0.0207392461312995,0.0247983100791685,0.0407862477682775,0.0348843051857484,0.0498136787434685,0.0314936568238381,0.0603966039838763,0.0194677805874563,0.0946247608019995,-0.00663292362841097
0.0174622783040045,-0.0158799629527279,0.0356633121692569,-0.0256346625501682,0.0441975849522802,-0.0304881785105243,0.0545381653658093,-0.0267702068581974,0.0811033511392882,-0.00713501965146142,0.0177707305791717,0.0245496297050764,0.0334782630814828,0.0304097361568054,0.0533322239280068,0.0281616218288609,0.0592483714519701,0.0249681760195296,0.0956173793456327,0.0068935749147091
0.0113986528640858,-0.0112483345024538,0.0328699543736781,-0.0180658229560392,0.0450621620602455,-0.0250839233148182,0.0500931288253275,-0.0277271265664695,0.0799780973035293,-0.00918567326549332,0.010164127517965,0.013880675509881,0.0464614157698752,0.0259322545698194,0.0527525248719001,0.0310570146261422,0.0767544541251987,0.0209011702877496,0.0942846250580812,0.00958488159186588
0.0230083811472005,-0.0121892952069246,0.0417402145366706,-0.02118959330484,0.0464997296800397,-0.0279588694545508,0.0618415141320396,-0.0209626303702319,0.0904770729515088,-0.00938863057695812,0.0143974477495873,0.0156438286666982,0.0458203649946644,0.0332375514144478,0.0510023034291613,0.0305304849067563,0.0712866660379847,0.022576993530084,0.0948966544487683,0.00816730732841824
0.0150827749305015,-0.0157281289450129,0.0343480033558205,-0.0267841269072011,0.0480249768639483,-0.029608338089267,0.0610007693273828,-0.0210373703184628,0.0901198563585512,-0.00443593351311364,0.0126791535277265,0.0147567527487272,0.0347754557834813,0.0292391686690462,0.0472853282682874,0.0311149739079584,0.0555711939478549,0.0274647502659244,0.0849414793175895,0.0115714217393793
0.0177934319119514,-0.0145430123450775,0.0335459907268223,-0.0233459829568149,0.0455300695856059,-0.025784596926802,0.0514364059855458,-0.0272977839477452,0.0824355084548498,-0.0121430806671124,0.015210545647824,0.0251667945286807,0.0321409328154421,0.0339411580838555,0.0448018408352737,0.0294621224626948,0.0561335396794583,0.0269309662768985,0.0869990966532862,0.0150772533759536
0.0194876240546436,-0.0015523637878898,0.0392943490886027,-0.0125160777184916,0.0407724506125563,-0.0235653621135179,0.0448236156465095,-0.0278505473013812,0.0660012467256577,-0.019075265724014,0.00636979064749538,0.0105466072221966,0.0263331992775542,0.0264812908063052,0.0454003653060483,0.0310471608730191,0.0631174745739464,0.0268282155154386,0.0995450131056686,0.000843743931040427
0.009995094519854,-0.00230485986907032,0.0277580098781475,-0.018305394646427,0.0409709093664219,-0.0261381630604127,0.0486100091446348,-0.0282886958778774,0.0692329883987384,-0.0171589208192961,0.0283534286847666,0.0279553628230936,0.0418441441570256,0.0299134022399108,0.0502037933196906,0.02980919451556,0.0603270268901811,0.028365485181016,0.0855120701552491,0.0149723708214097
0.0137357322482397,-0.00282566573210995,0.0290867378371253,-0.0159947868476048,0.0434856319128024,-0.0215608125501537,0.0478526176447228,-0.029763473838565,0.0675449317922456,-0.0181942869012298,0.0101319429099437,0.0067620471364764,0.0408328338513878,0.0246605577101905,0.051033063604248,0.0266659277628824,0.0739676129660511,0.0199596196914361,0.0963763099685228,0.0056618914720686
0.0149968774609847,-0.00402281136967895,0.0368755794233026,-0.0151546708904886,0.0428966130636374,-0.0253059658144952,0.0498330977246892,-0.0290869526688266,0.0762943142622901,-0.016805433071244,0.0265471633674212,0.0235340166868063,0.0461462435067949,0.0275580674792664,0.0533460717861992,0.0273714238061946,0.0724040837334723,0.0224045984801266,0.0960574520884921,0.00486278782216434
0.00787108849357691,-0.00454617289968654,0.0309056533426439,-0.012701122749284,0.0388446093138736,-0.0278182740526385,0.0508732969467888,-0.0291096448225078,0.0730096981031329,-0.0104993195917762,0.00972398437066469,0.00907267499150866,0.0300413309297781,0.0251264133778776,0.0427540921695065,0.0286141249235239,0.054964926461438,0.0269655937716618,0.0773319326548468,0.0185826495311895
0.0169728808013365,-0.0187734505159153,0.0348390445356425,-0.0238576921380725,0.0501401749593814,-0.0279555673394769,0.0596930335686656,-0.0227915820359051,0.0889700226944517,0.00639666688234124,0.030996411954673,0.0237549991378769,0.0440766570148219,0.0283301161448131,0.0531747644778101,0.0282548433826045,0.072464335336328,0.0220704321506323,0.101935370801249,-0.00552444902926887
0.0221283572720252,-0.00878116342464762,0.0382364845617372,-0.0190522517131976,0.0425704087073712,-0.027308287808801,0.0491130042105039,-0.0302717838190134,0.0714343372741286,-0.014223123582288,0.0254198454218377,0.0241829375948001,0.0391639428681181,0.0289281222347047,0.0480283671448603,0.0300909155139212,0.060190827702067,0.0259736310990297,0.0813328398862054,0.0143133133880981
0.0132717087384798,-0.00928029373989268,0.0344979966042364,-0.0187651237020412,0.041945550681312,-0.0295125066039346,0.0492625626618103,-0.0288315682766159,0.0760842621207032,-0.0130339010779383,0.0205915073141257,0.0157706124958192,0.0429283572929408,0.0254244136871922,0.0520681706644317,0.0263798280379588,0.0836031844166644,0.0126840057623261,0.0935744314265741,0.000409046112021452
0.0273493946519155,-0.0150537039005037,0.0419008022961278,-0.0266918820106147,0.054955893394477,-0.0265111709175629,0.0966273843155854,0.00110933175994446,0.0970931144306349,0.00108939079559912,0.0288648428383401,0.0272104258306496,0.045557249159592,0.0303507122674217,0.0503755527135307,0.0289132103010554,0.0651924276814763,0.0216447108403602,0.0915534945238082,0.00421520709286916
0.0151093666705934,-0.0136169979119153,0.0320928788099662,-0.0187795467659041,0.0423392788920745,-0.0257353252045767,0.0480693478199839,-0.0309944128883398,0.0736950635680313,-0.0125976299404249,0.0281572240664201,0.0198510683262716,0.0439151852776247,0.0252116125126091,0.0505252992699517,0.0261416461978097,0.0696940543272844,0.0231490504977547,0.09608107676875,0.00443573493978005
0.0155358177375029,-0.00713496933971557,0.0337080447149955,-0.0210675188412727,0.0425895284412225,-0.0270803400155256,0.050951528412366,-0.0285179770645603,0.0784713621546435,-0.0126997985657392,0.0131387902588355,0.0130184047640904,0.0416225016463384,0.0271111301675618,0.0495214051121432,0.028992357879681,0.0522626224000795,0.0279476105360342,0.0781879532963497,0.0159654569155664
