u1_1,u1_2,u1_3,u1_4,u1_5,u1_6,u1_7,u1_8,u1_9,u1_10,u2_1,u2_2,u2_3,u2_4,u2_5,u2_6,u2_7,u2_8,u2_9,u2_10
0.0445412560393483,-0.0129909835348742,0.0489655285020927,-0.0289452160232262,0.0564154978694264,-0.0290494397678008,0.0971729794277188,0.000596786600382716,0.0970731235703296,0.00331111625389704,0.0178409454908122,0.00972480460542611,0.0373500335882405,0.0301943887829415,0.0507989441455462,0.029674679253911,0.0736357677632778,0.0168684311794928,0.0853507820851533,0.00927322816229223
0.0560542875697248,-0.0345620247316654,0.0543853601876051,-0.020336856576891,0.100102587491971,-0.0022446935541894,0.0970411082146884,0.00367156957427962,0.0993995755327779,0.00151227946620123,0.0351311600179331,0.0285426009171176,0.0481531362692134,0.0315041961708356,0.0522893228678665,0.0302349694808306,0.0795386299199881,0.00949591109294306,0.0941505322521787,0.00549245532089
0.0394150990249246,-0.0224714458585836,0.0501683492096262,-0.0319700702026336,0.0914876617380235,-0.00723580594101179,0.0958782069315529,0.00328634930935023,0.0966319508983779,0.00196193299874655,0.0205287897462477,0.0116267826065442,0.0416480797977761,0.0280077523893072,0.0499770206719334,0.0305036577308226,0.0663928509712105,0.023374978211876,0.0770855048448673,0.0100191040053566
0.0326774442954256,-0.00864448124951828,0.0486774817008531,-0.0265405112261223,0.0500067335500423,-0.0301930973099034,0.0836090310192987,-0.0128575182690925,0.0987077337798772,-0.00190597290565261,0.0244476858020859,0.0244688550819239,0.0428896989245523,0.0262893774571064,0.0502372395519381,0.0314857323450933,0.0614627134058201,0.0258384582690477,0.084273742530203,0.00918232840870535
0.0357052448435642,-0.0218770766505563,0.0458730395752501,-0.0275408064540842,0.050393660441093,-0.0340701751401165,0.0745010365000716,-0.0231354673324201,0.0992033087391514,-0.00333581156560089,0.0268198392309355,0.0138685175943111,0.0413562386275903,0.030455255647353,0.0483457614837287,0.0324057476294486,0.068274619291254,0.0230503233267767,0.0809385032984424,0.0104222741257382
0.0356945427876008,-0.0154558973929366,0.0501775701980336,-0.0303425487732351,0.0523335184138531,-0.0285149540655106,0.0798628922712189,-0.0131216730256349,0.0921792640562739,-0.00231110544399271,0.0351875807951609,0.0277666981472215,0.0470720747637621,0.0319194291355695,0.064872551995247,0.0227352889887799,0.0843311321396001,0.00639634988706076,0.0998756230418765,-0.00472103612652023
0.0240031791108628,-0.0127773241923383,0.0451487350520926,-0.0320594416894422,0.0521411427469131,-0.0311219741480252,0.08254638807666,-0.0151187029041969,0.0979507643300795,-0.00224625356583318,0.0318947310344979,0.0111736115004592,0.0438614946908177,0.0265934136280087,0.0493730054127482,0.032229089969672,0.0630036003043321,0.0246998621682966,0.0832790694221017,0.0103153142632971
0.0425423107605333,-0.0258563098765313,0.0559537007490962,-0.030794880926765,0.0946945596466916,-0.0097480734560422,0.0994022737621055,-0.0014554670731752,0.0988202043864206,0.00120379546439249,0.0304078635922506,0.00880082752468452,0.0432386322176794,0.0258016396983056,0.0513461785203741,0.031909571394034,0.070639882404546,0.0172161601629942,0.079102064133244,0.00532949010435505
0.0154000828145548,-0.00797718710373721,0.0362434299563594,-0.0262561626477188,0.0483891896985631,-0.0292120182592308,0.0578926419955825,-0.0266146953716247,0.0806184339786864,-0.0144213585426887,0.0302529204526765,0.0119944750986063,0.0452768706981075,0.0287112747855716,0.0493885199047758,0.0319095682065685,0.0706600705854481,0.0187999280880674,0.0905130423125593,0.00818495796740354
0.0249157981297056,-0.00610914051971646,0.0415138539580565,-0.0244506711704131,0.0479306812210731,-0.029743571728158,0.060415868440291,-0.0288564913480664,0.0810140556496274,-0.0161800676339717,0.0354271908083773,0.00772761065910921,0.0477700799990073,0.0247367445069455,0.0469717811541842,0.0306513580780876,0.0556132356958817,0.0313372522415021,0.0767683246228843,0.0130240415455754
0.0167876654083981,-0.00710510238074467,0.0338379772790875,-0.0219030725043635,0.044652681954583,-0.0291497225825246,0.0518510825800544,-0.0313390305149697,0.0785397125163637,-0.0109009764305226,0.0371535506962287,0.021379326450812,0.0463680556120542,0.0287121034024368,0.0498978907694964,0.0318020587801722,0.0673464146614356,0.0222420195113528,0.0877337531993723,0.0129192274923121
0.0256338231284678,-0.0106094062267935,0.0422261700703957,-0.0253426219504052,0.0491517555255018,-0.0297889116566909,0.0719999811175563,-0.0243493728912899,0.0906645620074842,-0.0117586593130468,0.0330702118149215,0.0196482400258189,0.0456274699496203,0.0326770636677156,0.0526810937612975,0.0297331831455866,0.0735616681951989,0.0175420398556302,0.0922610858804455,0.0057856037750385
0.0364360360799432,-0.00973312907648462,0.0449198727992533,-0.0203338050655233,0.0502567019911779,-0.0303306049861107,0.0671014963786362,-0.0188191169535227,0.0962493330503933,-0.00537845683979352,0.0349115979259446,0.0124193758951383,0.0500204566705936,0.0260242944451805,0.047770492220557,0.0218683014099578,0.0521602125337654,0.0329537557711429,0.0856129336015188,0.0231665257047255
0.0332771683082949,-0.0130252308553382,0.045640413254441,-0.0241754955496976,0.0584568737315203,-0.0223901193648707,0.0852982800328628,-0.00307505806834558,0.100494485305475,-0.00405908803784263,0.0354632199291719,0.0166199194734142,0.0506686275571805,0.0228145582732186,0.0450474983707722,0.0272477276454937,0.0564998657966575,0.0302803031181291,0.086898058868514,0.0100174029742174
0.0290191718979286,-0.00822561824981043,0.0392588310428958,-0.0182831715624808,0.051317330642386,-0.0263165178713585,0.0542872528778792,-0.0322947122427763,0.0674063104152096,-0.0259294125863231,0.0397298817259892,0.0166571927342825,0.0506467464658775,0.0306127481608964,0.0745198155338823,0.0194472449167286,0.0936539468857206,0.0062654646734031,0.0970013730998446,-0.000953562374842993
0.0302094844773898,-0.0165557640902049,0.0514895453431653,-0.0293537948685688,0.0759414242795045,-0.00302812489703666,0.0988975943601793,0.00066296917692285,0.0994174784083764,-0.00141105439779999,0.0442501249215697,0.0209117423408602,0.0438193639136346,0.0221227720715373,0.0524916553352028,0.027911577777208,0.0499071434377981,0.0302569850433207,0.0891415916036646,0.0111417133969934
0.0372703169865145,-0.0132192660540648,0.0469950344712693,-0.024268498829154,0.0494775749122946,-0.0289251108853211,0.0832206124645746,-0.00271251344126554,0.0998430434518043,-0.00314976184590224,0.045253725099828,0.0231610714075741,0.0498686044288691,0.0268403088104319,0.04603452976894,0.0213463707589038,0.0532094523256843,0.0331980454890171,0.0847584250971211,0.0135595328618563
0.0187295322858653,-0.00984806326269197,0.0422089647049219,-0.023664235055664,0.0494411236767708,-0.0292601504758678,0.0518462939520617,-0.0292902096910715,0.0802143691949345,-0.011856972031763,0.0418396707010808,0.0232830128755669,0.0479242787668927,0.0314411653746146,0.0505102524899272,0.0303654495006931,0.0675797958177994,0.0161685086413443,0.0882533895808134,0.00614765456384168
0.0326522988461245,-0.0194180014195506,0.0517168219627934,-0.0283721929428447,0.0827444798785958,0.00304874594022395,0.0976150468918424,0.00256107506422591,0.0996935920174963,0.00027230988779718,0.0315799170898776,0.00709202729645223,0.0436751014328635,0.00144791457570246,0.0456587406234864,0.0269528521146102,0.0552917199632731,0.0313423071348755,0.0752202058347179,0.0140528373386549
0.0136068716794892,0.00477874648876146,0.0360851633600915,-0.0127472468805586,0.0454684648539865,-0.022406582351843,0.0504258161559681,-0.0287705459487768,0.0710739170193589,-0.0208211898697774,0.0321016313979859,0.0260551751174567,0.0488655729934341,0.025199928530107,0.0488239947501007,0.0274798734456844,0.0540917512707033,0.0293243319700615,0.0867889728427216,0.0185562347321559
0.0112029782490057,0.00341153243720931,0.0312920048478155,-0.00950710443101961,0.0407975180088245,-0.0203695529926304,0.0545024645996696,-0.0265872979180831,0.077091278354169,-0.0170272471915423,0.0362955501489502,0.027682560159971,0.0484865998741801,0.0287884403909216,0.0544622738431958,0.0289311969064739,0.0805639215901663,0.0132878016801126,0.0951149702333712,0.00717518927164675
0.0158604486663287,-0.00435647112565231,0.0319676089843595,-0.0166622238887978,0.0442013877182897,-0.0269659170239447,0.064215253088228,-0.0228840917618545,0.0847466038241617,-0.0109550638945416,0.0257721425521929,0.0151616367939686,0.0479325225675931,0.028879754029017,0.0567881185443858,0.0258816308187058,0.0869292905453454,0.0171350733500243,0.0940540329539889,0.00939988619300819
0.0125389784435009,-0.00399954792545374,0.034358322289705,-0.0154888632862787,0.0446747525041912,-0.0241906509976342,0.0562845034864481,-0.0297108645904487,0.0793052145687979,-0.0131877948619699,0.0401568651729492,0.0216099404510202,0.0524606648742761,0.0292898140782294,0.0513424065318349,0.0260024222872381,0.0788867812308456,0.0133560563460088,0.0942884635116365,0.00693019540071051
0.0417509900909686,-0.0216287497656483,0.0515411304164121,-0.0284164161111802,0.096848412659471,0.00152124186405052,0.099057284764467,-0.00117924345257678,0.0974768089117851,0.00250267086174328,0.0512124344115949,0.0331314116022964,0.0993037738673678,-0.00372323054749273,0.00861216519504653,-0.0049555757857204,0.0039615348245036,0.00147273087279464,0.0466676609600677,0.0296435709152104
0.0241976425941038,-0.00610305384950307,0.0376056182739193,-0.0126607905644375,0.0462477379212202,-0.0282230564138394,0.0542995655731998,-0.0285992663121777,0.0820242782037371,-0.0183256906579109,0.0301947748615151,0.0160269449644538,0.0509958600147975,0.0321577920475252,0.0591535097574101,0.0221797325017432,0.0812520374919972,0.0176873625322013,0.0939639642928517,0.0103599236572107
0.0207072549123395,-0.00311739114709076,0.0361430128246585,-0.0224270524757034,0.0439250410480906,-0.026119937054681,0.0513817803708754,-0.0281348885285941,0.0801242908181843,-0.0131449162775761,0.0391168345029728,0.0245388853372759,0.0498917521664371,0.0265790155560109,0.0511105151493478,0.0286031888714702,0.0622306067197458,0.024313221638311,0.0925778706120313,0.0166223613771565
0.0311370445487007,-0.0139922235998587,0.0453444044155098,-0.0267306624639934,0.0497379950204312,-0.029620418797186,0.0774754166890093,-0.0123877712681241,0.0990264435700303,-0.00231987481496182,0.0452429036264017,0.0274846953240972,0.0503617120642234,0.0265757896294032,0.0452421169138336,0.0263506623172836,0.0522429689899539,0.0343991925124376,0.0776279801571066,0.0207298849223892
0.0185755383735845,-0.0162794059475536,0.0465676872845552,-0.0210061717658098,0.0518799443220731,-0.0285460427265505,0.057947007169193,-0.0228504175434613,0.0847486396315455,-0.00647009595670813,0.0370760580475755,0.0111055179737765,0.0469522164530019,0.0248699846135083,0.0468355992923596,0.0291588661382048,0.0564017620410134,0.0306250574303474,0.0777415969806684,0.0184471653331931
0.0274448377418734,-0.0165312052075504,0.0430964961329584,-0.0275447979808771,0.0497640759754749,-0.031681738115632,0.0540169635240468,-0.0294102540138185,0.0823277692359535,-0.0113754772885405,0.0223582372158945,0.00957010895540638,0.0433653555750688,0.0372050139571167,0.0490089419959057,0.033380392977758,0.0581773974615156,0.0242128264789768,0.094216556963435,0.00572855157002662
0.0280319465264808,-0.0105066057501412,0.0410166565725614,-0.0182602457019088,0.0484838662990055,-0.025821422574875,0.0507924535194295,-0.0294871117212902,0.0850786539657704,-0.0123957476970553,0.0327627044435891,0.016223407168398,0.0431361881717948,0.0259957772342321,0.048598715849114,0.0290901862672573,0.0481146771021244,0.0295327967231431,0.0770000377984977,0.0174372885861002
0.0208964603790533,-0.00854948832406749,0.0342387910474311,-0.0176704453178115,0.0459459016613096,-0.0237442190639935,0.0511130930476865,-0.028078032479333,0.0706396251356091,-0.0191541665739666,0.0343050929409683,0.0196778697281904,0.0495774119979324,0.0297930452780187,0.0592150004844684,0.0258985494575125,0.0691109717805254,0.0136645160369765,0.0878981131405455,0.00960516484911814
0.0136436774779718,-0.00643529222344958,0.0297072377019773,-0.0137024288392524,0.0389960444935427,-0.0225429378957313,0.0506441676334957,-0.0278861115668002,0.0823798963049291,-0.0138791168168247,0.0273475856653067,0.0162895963305121,0.0456956740165832,0.0296042131635214,0.0509915279299914,0.0293570400103139,0.0705927178532292,0.0183786915845964,0.0940223993122316,0.0115950633036357
0.0206940692934254,-0.00348820280918821,0.0330568451550885,-0.0163548480540809,0.0489665961497258,-0.0252352045251109,0.0593479101800378,-0.0252954081032562,0.0942023425449202,-0.00827966121267742,0.0306181153960991,0.0241908513934815,0.0492626601635242,0.0312710941355817,0.0663951151609279,0.0202132702895647,0.0941859661139713,0.00715361451256402,0.100347227980935,-0.00311110984562467
0.0191760588067693,-0.00771782393633197,0.0315976875314353,-0.0170248291840358,0.0466526153008369,-0.0264955943842718,0.0584076272325695,-0.0266443459373072,0.082539102061781,-0.00819756873904496,0.0356641523837639,0.0232344337079701,0.05070853060461,0.0299901250578218,0.0705311272752822,0.0176228312309361,0.0944701590610924,0.00419776887500155,0.097172212603696,0.000622445303244795
0.030304548494187,-0.0205060675294919,0.0364454528823502,-0.0245160091635262,0.0471578486613631,-0.0279430725872221,0.0505158458943348,-0.0320645690422031,0.0832487641321731,-0.00902337909186735,0.0509702830503948,0.0380818560188837,0.0520154840235183,0.0290016078848291,0.0970729801214744,0.00290315538498621,0.0985191666375905,0.000980904868521921,0.0992193136121455,-8.21195668886901e-05
0.0325236494122669,-0.0142244822177877,0.0437239992762323,-0.0218797044046219,0.0474357477948746,-0.0276270588547592,0.0536413657657255,-0.0292606788365019,0.0656119022739777,-0.0243499956038549,0.0323791530117727,0.0147703892605152,0.0450851403509827,0.0280619058625894,0.0481663738471046,0.0318362409981478,0.0627151385589093,0.0203741849570508,0.0854563886399222,0.00741616352667534
0.0266956023502082,-0.0107616333386234,0.0413170269031056,-0.0174332153706409,0.0477116258818138,-0.0262489263766127,0.0526360500414066,-0.0329728169150834,0.0840093277295432,-0.0170188671189384,0.0283325949596956,0.0102841041978066,0.0460571604337186,0.028239920792871,0.0503858539194748,0.0303192975152888,0.0709622614913852,0.0209889749770556,0.084826402969363,0.0107332160298984
0.0272829907777095,-0.00770835634898655,0.0386370724972406,-0.0192386325590093,0.0506289014698081,-0.027356739703044,0.0539507361185498,-0.0292751754391708,0.0717423580073817,-0.0165826444515302,0.036874567387571,0.025330670417666,0.0487158406163358,0.0268822349137238,0.0496100731246046,0.0321964393850682,0.0704620280811868,0.0215939894484043,0.0896369653068905,0.00491381366516089
0.0327786154057234,-0.00332409903963747,0.0414389832339986,-0.0216351701310247,0.0498980718151546,-0.0289213579230871,0.0520044990147204,-0.0281207543418496,0.0796576466577596,-0.0123272232186553,0.0504518198749175,0.027076457818609,0.0672958741440934,0.0183127566779422,0.0849407200030141,0.00427446732946466,0.0995232079484994,-0.00181608382964043,0.0999046083448721,-0.00134735153233742
0.028309862029577,-0.0105971911608727,0.0368885501896406,-0.020744942743238,0.0510188639713423,-0.0284520096409622,0.0511534092957912,-0.0288895859513224,0.0811593238491104,-0.0113055784786932,0.0476061797180065,0.0269072217203396,0.0704788067147638,0.0183171750387774,0.0979814853405264,0.000600987874139693,0.0998844270362972,-0.00379071967441662,0.0963221496421439,0.00304958586819527
0.0177963952430853,-0.015798779418513,0.0367044632233736,-0.0244574575904414,0.0461786994531904,-0.0294410603131557,0.0503555151593695,-0.031098592761077,0.0784755176102993,-0.0175572797580382,0.0518565220674688,0.0413469238755124,0.0643807450885957,0.0177801001015463,0.100301852003977,-0.00321190769248825,0.0974678732674255,0.00139111241398409,0.0749726690117298,0.00437631331217555
0.0300353172019924,-0.0204300333891784,0.046769703674389,-0.0266813690748925,0.0490148902651438,-0.0305743317679136,0.0668042988078057,-0.0219764264528103,0.0999117540315773,-0.00244400354959537,0.0426509996914622,0.0357222762776701,0.0663983603963709,0.0189000514431651,0.0977440515376122,0.00184338054515734,0.0976101004332897,0.00103185728908563,0.0885839752345347,-0.000162645192629926
0.0292273754080758,-0.0112435162292564,0.0403903078363326,-0.0208492233941042,0.0502664798925425,-0.0289926170438423,0.0497210601259117,-0.0310509659632444,0.0717784960227927,-0.0182827240767328,0.0409887954702704,0.0257924257717285,0.0636891021439041,0.0209427048470065,0.0944399014420671,0.00524983222052876,0.0964715369333261,-0.000981970172863741,0.101483803007673,-0.0073465165447711
0.0245539884792153,-0.00973197083405757,0.0388749418513569,-0.0227305254539908,0.0510742397135137,-0.0278108274218775,0.0499750573427463,-0.0307281805358348,0.0792699636001272,-0.0133325811039884,0.0334990906066992,0.0116122964713174,0.0495029451797184,0.0331442518193183,0.0585959459815387,0.0243672909029759,0.0959216509724086,0.00560506068384252,0.0968673406236363,-0.00511996483109363
0.0246328358607128,-0.0151498648362855,0.0347752071210888,-0.0216410950617867,0.0508634470420908,-0.0292886435698061,0.0500726584759533,-0.0321810763853203,0.066250381513863,-0.02276440583997,0.0344200508575177,0.0169701131397038,0.0496868732115246,0.0307673059272447,0.0575575267496444,0.0260933994460764,0.0859375220596748,0.0082342714638413,0.0994998660014638,-0.00321688372582285
0.0292756062556596,-0.0196566357862341,0.0415529363672526,-0.0265322103689577,0.0497850033772904,-0.0281627645257456,0.0504366963106254,-0.0314282424461399,0.0646277804536452,-0.0198983111568259,0.0253786816426784,0.00779809609040219,0.0428730795611442,0.0235931073483589,0.0516116084190217,0.0308821612897609,0.0727636529401678,0.0182004542993694,0.0832371034753418,0.0021744224126682
0.0193515368809728,-0.00534542806734999,0.0312908145164194,-0.011121894956627,0.0459034474833735,-0.0272846476627792,0.0498011076954177,-0.0305928870196712,0.0714033818433187,-0.0227405062096156,0.0263200278405069,0.0151136315029576,0.046368177162208,0.0283454969809534,0.0513870598870895,0.0294102565782195,0.0746541755563632,0.0144933293567554,0.0909338529255273,0.00506500008170277
0.018607520886636,-0.00198318533686803,0.0312138780772454,-0.0192328116137631,0.0471643190614318,-0.0299751040949854,0.0509283474011273,-0.0315479623656283,0.0807705827750553,-0.0191906595113103,0.0415733941165796,0.0190709614193935,0.0508616525705436,0.0309424386161039,0.0674151183099019,0.016113060152104,0.0771787310207644,0.00306920218600447,0.0955122623962262,0.00362577093820455
0.0305372634956542,-0.0135607480591369,0.0446632180252368,-0.0200696248616232,0.0486780755582422,-0.0267355761502769,0.051097712114834,-0.0308102276081178,0.0833349037015814,-0.0134922903408444,0.0328587913831879,0.00562028815888395,0.04367055360153,0.0281492006878782,0.0513409916622152,0.0328056095178156,0.0749367148917223,0.0218663866272884,0.0838522642427672,0.00315796481626423
0.0302802914009355,-0.0157486502873082,0.0366811099087486,-0.0231838678999501,0.0496584023282376,-0.0292165692909547,0.0505456247634425,-0.0300726488990145,0.0734449253998737,-0.0152930785623965,0.040040761924532,0.0256678028173153,0.0503874584478923,0.0277094132932956,0.0630075151434683,0.0248555721564006,0.0755019841004821,0.011602766791081,0.090130066817538,0.00527727149925968
0.0191926611011433,-0.0121089797479241,0.0359954252190326,-0.0243450223523295,0.0441821398162757,-0.0267847820204461,0.0505827686725185,-0.0317158179870179,0.0842614202419759,-0.0067860145410747,0.0204771408083086,0.00983609449774015,0.0422275528028182,0.0246350600188269,0.0517632058036702,0.0310092270414704,0.0725538572562259,0.0194089453625184,0.0937290777973149,0.0157273042885417
0.0264596551929212,-0.0148961394658788,0.0408413869364885,-0.0269496074762282,0.0481703464859983,-0.028478504965176,0.0528119670090703,-0.0310317613924234,0.0903705928811169,-0.00367583937549799,0.0360721798889088,0.0145917840459531,0.0473135855442733,0.0258326771867364,0.0519959612957913,0.0301636799098152,0.0700592343160959,0.0166537894987541,0.092474408443524,0.0140864536771719
0.0315220372652022,-0.0117566905015081,0.0411032657036546,-0.0243768411635063,0.0464393821339894,-0.0280587906051254,0.0511735314316488,-0.0297072902954392,0.0735670995031594,-0.0221970225123041,0.0382230086429212,0.0239146955812838,0.0493022358890548,0.0291208776524968,0.0505474506252525,0.0284165843503854,0.0653246697738227,0.0197385398599834,0.0908378670543718,0.00413056127150862
0.00925096561243793,-0.000654485531546485,0.033314129396525,-0.0189732824383011,0.0432749084697256,-0.0247053688225111,0.0511245832545261,-0.0293015782634186,0.0762776651380091,-0.014671098029261,0.0309372518178428,0.015855296597157,0.0469795106331965,0.0296552945147477,0.049722945690225,0.0282959099827837,0.0750848867398499,0.0136170572159584,0.0955118662169491,0.00443599925479444
0.0121968566633195,-0.0332203789904388,0.0349686023110917,-0.0329504857687806,0.0478209697137511,-0.0279537505698774,0.0495560165492334,-0.031521471913432,0.07061939479468,-0.0193170351915796,0.0560728824790106,0.0428959306240431,0.0506581868142765,0.0274174656110888,0.0881425595836311,0.00564282177657226,0.0994736985120117,-0.00105259381842784,0.0992821902382464,-0.00100794262143924
0.0270341888968455,-0.0156017306516769,0.0406731953059259,-0.0122808862195226,0.0507713194796376,-0.0237445054892497,0.0510793524932914,-0.0288467196441414,0.0566763259116806,-0.0258371397091708,0.0142765702063995,0.00681552740289587,0.039246835232147,0.0286319440393671,0.0503933136391708,0.0303832004422857,0.0754796732639798,0.0235729744849134,0.0902557347403687,0.0101445002552604
0.0331226448961717,-0.00933497778357948,0.0401680438325985,-0.0208542848154006,0.0508444638892078,-0.0264272328607621,0.0515481900405523,-0.0306225718818114,0.0738569411013456,-0.01817290924452,0.0508999693523533,0.0277100743917179,0.0496883088808053,0.028869001914612,0.0745429550330193,0.0200297443373919,0.0910646311694518,0.00789455831654878,0.0957793106666578,0.00133735643308488
0.0305857041485993,-0.016485904021975,0.040251166240138,-0.0166637109799068,0.0484455163668673,-0.0241494518928202,0.0505919837346039,-0.0296779041297396,0.0505373864201236,-0.0285326055987083,0.0327753938856791,0.0132327245551196,0.0454004911312192,0.0326694419474565,0.052425860022234,0.0295749764005053,0.0720384959492303,0.0162810595986398,0.0933838191163117,0.00527378199857965
0.0336823792892005,-0.0233931161695795,0.0446176611567134,-0.0276031413958596,0.0488543756778142,-0.0314635970111251,0.0501119300437302,-0.029337480382998,0.0786318315748696,-0.0155378683703941,0.0283600285173883,0.0154209314397209,0.0460537653867408,0.0422227510312463,0.0489956616753533,0.0338777712364891,0.0556792683471511,0.0272787017424799,0.0852645590010697,0.00840948988478928
0.0271043159832423,-0.00738178885385472,0.037177156945656,-0.014553866998645,0.0441764221528653,-0.0231890089138415,0.0500010988802783,-0.02777580104693,0.0529466505960862,-0.0282841540017538,0.0261972447990483,0.0177431978410801,0.0446128560157332,0.0279192640571385,0.0559289876999658,0.0266571379512248,0.0754969905791988,0.0156221670389255,0.095776204431235,0.00257355486959118
0.0262968919609719,0.012731937619673,0.0403543615337795,-0.00475583506815806,0.0510250998383299,-0.0238054479937706,0.0501870322693427,-0.0300277658567884,0.0639611726074839,-0.0231543650297922,0.0477557957128059,0.0287566893314731,0.0542705017621383,0.0289620077396835,0.077140001335503,0.0132265861253915,0.0842413874367655,-0.000434261577549096,0.0894236759373708,-0.00684493384401066
0.02108366999058,-0.00914657239636088,0.0348540466309655,-0.0216664278015241,0.0488654956307326,-0.0282842195181633,0.0508234064748526,-0.0309102750938048,0.0766197229791481,-0.0178014724709103,0.0277019447599842,0.0173431084727998,0.0449990846983655,0.0327125291131146,0.0545982427202712,0.0288026671786701,0.0768109708198895,0.0120502329688488,0.0936876038823635,0.00456453271119297
0.0154826228663148,-0.000431353252392419,0.0375961981488735,-0.021986181206391,0.0542603653551257,-0.0296226422028674,0.0513064420273318,-0.0300932148779724,0.0580783864060393,-0.0267690349512784,0.036859307505953,0.0269118750270178,0.0430128523235187,0.0308152770624486,0.0527805088717173,0.0285486089619498,0.0744841439999017,0.0158863620300401,0.0969070963096638,0.00386932867598893
0.0164474206208801,-0.0105265293191814,0.0344769577718217,-0.0215719705545823,0.0465575685033969,-0.027152572031169,0.0520713151858895,-0.0302597048548521,0.0822361276032348,-0.0117386966772138,0.024497634650706,0.00990652648940712,0.0475400787404741,0.0272398510799268,0.0511066716020911,0.0298054047635503,0.0678164430567385,0.0201133477791077,0.0889096738585255,0.0133405836878975
0.0111928896986522,0.00148352525545691,0.0310385508151485,-0.0192283199164688,0.0476169487649249,-0.0276359797656022,0.0520911929636798,-0.0290309651206491,0.0796801774116812,-0.0143213470444584,0.0246856172974836,0.0175298368476764,0.044957599641422,0.0331890671546482,0.0506242615598871,0.0274837958010215,0.0714538580938483,0.0168505679214943,0.0937024338699326,0.00859909110031254
0.0286661727824179,-0.0258652509078821,0.0455836363107722,-0.0281920483327992,0.0489238195303275,-0.0299684450074925,0.0538981236827875,-0.0277720267174454,0.0890011445906074,-0.00262367469741602,0.0307282685933328,0.013273370250314,0.0486158497532091,0.03406521892793,0.095620223627447,0.00426082199011065,0.0991430165894182,-0.00202417431784742,0.0984637658144355,-0.00231473308524983
0.0168344005026078,-0.00572546873988022,0.0354132628458522,-0.026294853967011,0.0502773491215157,-0.0296115817335902,0.056767295340275,-0.0262390644980114,0.0849491643403181,-0.00847721009508437,0.0360967966338912,0.0217102693398429,0.0491460343335438,0.0292224140310007,0.072399527703516,0.0173935196675401,0.0954887500319465,0.00699791403594497,0.0973950091920883,0.00177768601370901
0.0232544372306278,-0.0102618260574301,0.0478394255372438,-0.0306316658041933,0.0607327752894043,-0.0208420172334347,0.0974222570925571,0.000213249993391796,0.0975004225802767,0.000289037888604715,0.0417413261215338,0.0339297926983053,0.0680731571745246,0.0173170587889903,0.0957813069927451,0.00298330323768621,0.0966298208873444,0.00303673590685645,0.0948124930340527,0.00667798002573025
0.0139834808170428,-0.0122739695139182,0.034108087905361,-0.0242961390431095,0.0443689114026798,-0.0292635715371399,0.0498808900345558,-0.0294179378988557,0.0744962440004698,-0.0194296924167559,0.0519439867308377,0.0400919267356349,0.065045696708784,0.0215404926942273,0.0980773619508709,0.00138208116665893,0.0996021017111448,-0.00212810418977676,0.0993027885928863,-0.00182191600078936
0.0275114107473156,-0.00698737002263328,0.0367915415264634,-0.0222334420078462,0.0461983551949946,-0.0272011783584382,0.0498221040605824,-0.0297017427065538,0.0795329460302106,-0.0121677162954834,0.0501672054956892,0.027923130001036,0.0528338869643304,0.0300971484296168,0.069877389277165,0.0190097504599737,0.0838074366335838,0.00487048938377259,0.0973950215383073,0.00491339706561703
0.0139594518203233,-2.90158604655665e-05,0.0311933074100394,-0.0202148798399411,0.0486609091679073,-0.0292053112099156,0.0525018241433682,-0.0307698997325335,0.0748143984197118,-0.0198439657430847,0.0419588051798194,0.031284392914551,0.0473514417507729,0.0296487020812372,0.0637610708294736,0.0218028310625391,0.0812349367333369,0.00255597486205515,0.0949439376518952,0.00820010374374384
0.0192379327145586,-0.00392123010630716,0.0378765257821503,-0.0239872027394419,0.0492860742853257,-0.0289225922888597,0.0509835411985679,-0.0295632926739837,0.0716224825309185,-0.012987958539591,0.0381129255587826,0.0369629944442585,0.0548459008938952,0.0272798480200695,0.0831094768757674,0.0154268099034454,0.0941988005004594,0.00513030326277556,0.095709134299676,0.00312379708583239
0.0295470033560269,-0.00908234141924286,0.0392247497397357,-0.0250445174275364,0.0497212090876837,-0.0304621136074173,0.0529637942886532,-0.0299778798418132,0.082523095566617,-0.0158642923754085,0.0217092887396779,0.0127510231096213,0.0413021618223051,0.029398600255771,0.051448279297473,0.024439910851384,0.0762722422796901,0.0184510931517927,0.0951195485661059,0.00571707445074324
0.00969166167264971,-0.0172488115388543,0.0314367232524943,-0.0264614781267943,0.0478134412369558,-0.028909878804121,0.0496616728347008,-0.0311333689523054,0.0710047466248407,-0.0196176980149486,0.0465419507591843,0.0298263449893133,0.0514178234267914,0.0334975831353221,0.0714575173913805,0.0220616451420572,0.098937451568574,0.00148842813906121,0.10184221352451,-0.00594936056440894
0.0254063919101617,-0.0061859400506854,0.0424579739195425,-0.0228406688186045,0.0499928760213002,-0.0270837881548375,0.0510821257534149,-0.0293453889099826,0.0710574955781974,-0.0154353594949775,0.0399347757645059,0.0212399779256204,0.0486227306854646,0.0311131595363766,0.0667204280077113,0.022458887190821,0.0842614388536042,0.0115799995286415,0.0958756140117605,0.00394190281815554
0.0217128084952434,-0.0074937672280447,0.0456327028009156,-0.023959975662841,0.0509906249928248,-0.0287558894692344,0.0523750829849912,-0.0296484583769345,0.0755439449748634,-0.0116899532107782,0.0455830740545569,0.0303090391584665,0.0576212688798691,0.0276766429089435,0.0776029125043442,0.0119707556952383,0.0919428078320738,0.00479941314785181,0.0985450533432636,-0.00483385401281871
0.0306687210789024,-0.00863773587413841,0.0454981716519424,-0.0240061243956868,0.0483243496590246,-0.0297587699311172,0.0500342360865923,-0.0304523238855779,0.0718127638366105,-0.0186793770401808,0.0515266474195245,0.0331953067381643,0.0762332722652813,0.020937253818799,0.0970370573055231,0.00403738505940345,0.0999587241172966,-0.00420140008448352,0.0999498304580938,-0.00375771488874427
0.0301649922020821,-0.0172218294157405,0.0451136606593079,-0.0265366328753161,0.0487383665765964,-0.0297992940355743,0.0494460216717386,-0.0303766134356533,0.0730579650490371,-0.02014025144961,0.0624351295543868,0.0277039680774782,0.0941745735250071,0.00676427811824379,0.100315154994051,-0.00151896618642503,0.100516126158415,-0.00189541288294248,0.100548587610627,-0.00222106344581119
0.0273027755585037,-0.0054352784826056,0.0363167861481498,-0.0131149050602249,0.0495093705243275,-0.0268098203521288,0.0499946036800695,-0.0308453580372183,0.069434510348036,-0.0196375044936499,0.0399688993710397,0.0286198409060142,0.050599601961137,0.0291780744913288,0.0671261771547452,0.0250843934338405,0.083965518075172,0.0111356642938795,0.0916820465641796,0.00322255381862225
0.0208656976994698,-0.010605694070491,0.0404943389488828,-0.0208296359240294,0.052980525765313,-0.0295868663304785,0.0513149709851975,-0.030245449422653,0.0916074783576511,-0.0124659160590764,0.0264843697535186,0.0164076607700469,0.0449426498636902,0.0299171626486166,0.0585440507454342,0.0287523991672722,0.0824673145090643,0.0110341050907861,0.0956779891588741,0.00463827087451893
0.0368155786197728,-0.0173828113774524,0.0509751117944811,-0.0257306113415789,0.0508250542180318,-0.0301019030536831,0.0519162781112601,-0.0293739132172254,0.0946385143554543,-7.52827254731358e-05,0.0482672804125536,0.0332090063554518,0.083557917840327,0.00396977580367855,0.0993197725372871,-0.00215404721009581,0.0978998641396932,0.00199964984690302,0.0997025199172251,0.000150404571075251
0.0234838560724766,-0.0125100988388376,0.0419001184596312,-0.0201118463977009,0.0506318248009482,-0.0274212502678604,0.0495983935514404,-0.0300060363294686,0.0665741708708112,-0.0206536331012622,0.0419695737519804,0.0233577596620166,0.0517724360119578,0.0305265291703679,0.0815497391148647,0.0180668450896465,0.0953109277941738,0.00530471930297103,0.0969815218065221,-0.00288191514766137
0.0346968994585773,-0.018602091417393,0.0449638541066318,-0.0261284959319066,0.0510583463637681,-0.031960885902948,0.0503891254983967,-0.0311453679549013,0.053824022059472,-0.0281139338961648,0.0277007057917721,0.0165335207735072,0.0463085809885106,0.0263537622253459,0.0520574717742837,0.0325110074914277,0.0782303315305671,0.00937988132798966,0.0865228559386774,-0.00223933900228512
0.0225342955239452,-0.0125475319250559,0.0400113647486693,-0.0212152911003287,0.049277785490265,-0.0294720840100929,0.0510976886299325,-0.0318888236215769,0.068300240978778,-0.0214277383598563,0.028692101488663,0.0131452359621998,0.047137821156628,0.0294877483127128,0.0609865820461347,0.0231745581513752,0.0810458912017846,0.00759315551956203,0.0918874564004383,0.0032979151470003
0.0194831450106941,-0.00738668599710863,0.0318016602453325,-0.0130191936949701,0.0433380787171576,-0.0224821569024323,0.0502441225663443,-0.0306293565910302,0.0725574800497,-0.0204434991441702,0.0217194046613105,0.00730770509232395,0.0427704936500113,0.0240350598329422,0.0510056051536166,0.0324077501835046,0.075670531114143,0.0164025306264408,0.0957700681296096,0.00791265641463097
0.0323488741149614,-0.0258325220086794,0.0494489570954175,-0.0307057203608778,0.0939908690652803,0.00357068378918817,0.100709751922811,-0.0016721211849396,0.10171221220737,-0.00440435406995206,0.04119133158541,0.00016316809747801,0.00754771871394142,0.00720804930259722,0.00173061025173474,0.00188270142490507,0.00148977009729734,0.00424293112366511,0.0451494844871071,0.0386673143073424
0.0181721466685765,-0.00665765451745533,0.0354686137212227,-0.0203145446637303,0.046795971132487,-0.0261680729035876,0.0493736334240341,-0.0315490538453562,0.0656168194232018,-0.0224840787606772,0.0154546419431141,0.0115345086603666,0.0393954553134713,0.0244727724921787,0.0523660139524488,0.0275814981960953,0.0589693749628006,0.0232136868570219,0.0846629154441034,0.00418673215283021
0.0108565096521595,-0.00971532142494387,0.0296497368820011,-0.0212644653173188,0.0451835329595155,-0.0287043055925861,0.049346622352173,-0.0315979391037481,0.0649027339035605,-0.02157269648883,0.0289218930957877,0.0301449411018893,0.0496519698834337,0.0287506329608906,0.0878717573910869,0.0143873824147404,0.099982146853776,-0.00192481147272662,0.101132919743446,-0.00435295791407222
0.025755037937391,-0.00312876890487466,0.0400618595298287,-0.0135471011722378,0.0456513178345582,-0.0231162252860379,0.0514290312249238,-0.0291644044521843,0.0620349422117899,-0.0234866680126194,0.0210239068784659,0.0132553043756884,0.0463440695082992,0.0241546895117177,0.0489616530606944,0.0331927067692816,0.0686044393083732,0.0187369674851552,0.0856842951506257,0.0031514195393822
0.0331598122099094,-0.00392215253258561,0.045532283646534,-0.0200034087448377,0.0521549500161497,-0.0257016917655158,0.0518849344136542,-0.0281682238728809,0.0769210270175815,-0.0140417008141002,0.0223476576304477,0.0160791239662435,0.040299469165297,0.0322570039745088,0.0518997028996115,0.0304306166069964,0.0763095493757997,0.0163856067100492,0.0932476114499197,0.00632594557651255
0.0298742751717468,-0.0128979749759201,0.0402333310366919,-0.0214914871103851,0.0451733565045078,-0.0275089478309672,0.0523660784860316,-0.0320726067924991,0.0937689381588029,-0.0126289637636296,0.0202000138696226,0.0122929607180763,0.0467893738578909,0.0271162394701959,0.0507227665092047,0.0284010251497827,0.0502020517204685,0.027950139559603,0.0690602344459343,0.0146951936772719
0.0179115690127464,-0.00342950910240441,0.033956334395252,-0.00723573391775512,0.0477598365268711,-0.0230284699322988,0.0521078205196661,-0.0295465758616175,0.0772551077380136,-0.0189780285598845,0.0279158476781115,0.0205908568151182,0.0504114710157496,0.0295033949381299,0.0649134106338305,0.0231223486090506,0.082820317562934,0.0126277458401068,0.0965102102396182,0.00418165343550248
0.0264579636723811,-0.00899480407199823,0.032212123950033,-0.0102791902301732,0.0472389010142272,-0.021776615146591,0.051700244569668,-0.0288422804366941,0.0637367818123621,-0.0213396634844489,0.0377261754055119,0.015702004607473,0.0474603675065205,0.0345483440200641,0.0530660632053466,0.0302942725704889,0.0721501037492208,0.0114797834200221,0.0918342828447365,0.00327600031442653
0.023703983101036,-0.0158114394642481,0.0297914460480266,-0.0145199103970346,0.0452306821375901,-0.0251615345142078,0.0481132779050847,-0.0316731403644577,0.0711799655055259,-0.0182890401708316,0.0376651515058355,0.0088404577422061,0.0470616427250074,0.0308206013245492,0.0683780206088335,0.0268265908808495,0.0724462562224435,0.0128585202575818,0.0859088332584029,0.00357750007132229
0.0167378340766518,-0.0121865840814943,0.0371506637374156,-0.0146616430107532,0.0462073395317013,-0.0245430398656839,0.0513038550184335,-0.0308288296271026,0.0792080267564687,-0.0139610380922264,0.0482514940590637,0.0191613745773896,0.0521370613887767,0.0310486076826903,0.0908405702186782,0.00957343907392623,0.100056804224844,-0.00452863768514485,0.0996503250879336,-0.00107155218085798
0.0216468065507419,0.00220153497269376,0.034309374920827,-0.00536470286556402,0.0478438138444881,-0.0235332477155652,0.0504079643120277,-0.0295155221861261,0.0672808311194321,-0.0234939181755807,0.0361857456894156,0.0288256466162507,0.0565983121330143,0.0293747816267702,0.0946466406876493,0.0039337371345079,0.0990427618732372,-0.00258048079824111,0.0977171270031348,-0.00417568161656388
0.0271612706852867,-0.00143421811024024,0.0358163557280279,-0.0138942191828937,0.0472264213361455,-0.0249570861011328,0.0489771311951037,-0.0298721500902983,0.0787269264808706,-0.0155064402396285,0.0287711032004253,0.0233398538161753,0.0486743426235491,0.0303372239910422,0.0664839424000565,0.024112390219876,0.0820411586580392,0.0152536223197301,0.0942398404441748,0.00516115799256617
0.00461380468348904,-0.00253006963959785,0.0276024955169575,-0.0170733710239068,0.042427587051785,-0.0275065220361715,0.0550824394492276,-0.0293691381239793,0.0983672588765961,0.00299473543021329,0.0308237148870332,0.0170924958649408,0.0466704574177865,0.0277790136118193,0.050073480333857,0.0304847700013689,0.069719007325696,0.0219797799967001,0.0946001035834214,0.01218407065192
0.0145257576449652,-0.0148094684837927,0.0339302972750378,-0.0208948673365471,0.0485659210342485,-0.0283388688358152,0.050880622584246,-0.0295876136031686,0.085821431459765,-0.011146917686056,0.0242860503872905,0.00931970115317379,0.0400098508874799,0.0281493679910416,0.0494881017807861,0.0304873841260297,0.0707685929750368,0.0158506203065465,0.0960255561767013,0.00621896114843886
0.0171438766719878,-0.0106331299576713,0.037341074334946,-0.024136077503344,0.0476743035216934,-0.0284896203338734,0.0493540344157947,-0.0286316365905585,0.0756943323844998,-0.0112701047772798,0.0284099353599141,0.0151237463191207,0.0443807408404529,0.026410267758757,0.0543741748037376,0.029337106051574,0.0735708706340239,0.0181152481670596,0.0956944563611997,0.0102691795872171
0.0147209399051572,-0.00865141505709774,0.0328264337066048,-0.0237054912548446,0.0454391421081535,-0.0283146059439748,0.0478101147028967,-0.030288321068042,0.077215408272209,-0.0137201949277577,0.0160255816347879,0.0112431113284178,0.042352241212859,0.0295294441220511,0.051392892838676,0.0271230809610732,0.0644004572352597,0.0209752586400317,0.0959788437974836,0.00829353879330913
0.00687349160561636,-0.00680475468196813,0.0397196777221162,-0.0290190418566715,0.0518528679798902,-0.0242814924460105,0.0923012862711404,0.00820578039382595,0.103319624218796,-0.0123813399377765,0.0232417089358995,0.0112922886775349,0.0439827014090452,0.0288850402111688,0.0563637799019051,0.0313045918725516,0.0896895355743474,0.0203680589838768,0.101073757375044,-0.00526475013415845
0.0187320437352924,-0.00771969581174146,0.0423452530870161,-0.0220803342140829,0.0472600376519563,-0.0298027347414968,0.0544968633583209,-0.0269171984437504,0.0807844907508092,-0.00961659954005411,0.0246006524740735,0.0114791558722222,0.0481199502995754,0.0278332698091161,0.0523971375938737,0.0259261182491005,0.071945074590877,0.0194476323805752,0.0944149301498641,0.0118756005736316
0.0110016742452241,-0.0205051360211143,0.0355375705087785,-0.0334786907413422,0.0494257840833983,-0.0332124132790292,0.066565059214691,-0.0113322894812269,0.0938458679948735,0.0100428625130549,0.0125353320336958,0.0144422634792256,0.0495000796438649,0.0367066879469113,0.0476968717160271,0.0403118800653886,0.0541394743313909,0.0272377396184012,0.0757942285590421,0.0068425908532194
0.0223759293170553,-0.00794727377571919,0.0429228591293404,-0.024032450917226,0.0491262748662449,-0.02931836770522,0.0575058415034765,-0.0187127618398371,0.0828213887138446,-0.000546824511673454,0.0276699328283779,0.00746594189723219,0.0454972926703784,0.0189595105415797,0.0488272058616438,0.0225540278995522,0.0532324746607381,0.032198716289533,0.0760722862128378,0.0213007461777153
0.0281208719107136,-0.0133067289787848,0.0478134026941674,-0.0270587482566581,0.0599518237997312,-0.0192910789976246,0.0925428472524286,-0.0017849652642067,0.0996853505262427,-0.000476169556135115,0.0199648179141589,0.010837471824935,0.0465373506807829,0.0266567603243057,0.0520153546952482,0.0309217383848014,0.0804051829199033,0.0224190080521489,0.0931270070006777,0.00982877663323172
0.00522353115032735,0.00459332139258435,0.0285077500426568,-0.00451432547999421,0.0473773899958808,-0.0224159385346112,0.050946827580572,-0.0290659614478494,0.0813926917747084,-0.0160819466832592,0.0377202873555355,0.0296349704906874,0.0505550731339596,0.0319141815214423,0.0615733107427367,0.021725776531209,0.0778506034665833,0.0133426622803225,0.094621721323684,0.00888311658790425
0.0114815596936949,-0.0112566176823088,0.0372976503460788,-0.0264193633227078,0.0480406531979114,-0.0308583910366081,0.0569170234251785,-0.0284292110888859,0.0876859634363955,-0.00964103038222918,0.0276130008203,0.0185795101355355,0.0454964656098049,0.034806283079762,0.0503011083772963,0.0305419162801529,0.0574119829853363,0.0248763742461155,0.0830439701239382,0.00226222712299576
0.024749210575899,-0.00277051874790666,0.0385222547224324,-0.0226441793691412,0.0460535971148351,-0.0315976235201398,0.0562318341054866,-0.0161647320015338,0.083384301347359,0.00165374600792351,0.0195348010197655,0.00820224771282181,0.0331815390897805,0.0248222929398047,0.0511224891355595,0.0322446764474753,0.0525585408248373,0.0232891848669278,0.0906959849999291,0.0166040557777539
0.0157715177563176,-0.00554372732272826,0.0389594655911819,-0.0247979062801756,0.0471184802091415,-0.0275933946508604,0.0690898659498768,-0.018264416937492,0.0978631292332564,0.00189365169281676,0.0243787228183344,0.0199113433858088,0.0427724179521641,0.0287681597023381,0.0522526818247913,0.0300028031129061,0.068233890873235,0.0181764718689537,0.0931274312435625,0.0115448741996069
0.0195557841440181,-0.0143368563725234,0.0522876575057189,-0.0347230782385506,0.0495340549422076,-0.0267352288624721,0.0969909215891414,0.00600409951860858,0.0964071015229344,0.00769243105512504,0.0379264267542132,0.01847719136861,0.0492035685903033,0.0333874456179841,0.0702000621817256,0.0158275453855208,0.0965986020053443,0.00215526145264154,0.0971119028534691,0.000815615652423587
0.0108221757957325,-0.007687855704558,0.0355999052705913,-0.0240362680437875,0.0521116861080573,-0.0312309846630466,0.0532723363793709,-0.0298549942192979,0.0821410283730625,-0.0130025514629207,0.0174414304603551,0.0173523585708994,0.038134875152265,0.0311756429347867,0.0481071586406719,0.0310668747680704,0.059882021237945,0.0247224534649459,0.0847038479117995,0.00770715235414443
0.0201933283860246,-0.00636624437214492,0.0409178904915486,-0.0196545654891377,0.0478207944287962,-0.0270082969932211,0.0633890602131355,-0.0181737967063769,0.0797681286999104,-0.00464765324266748,0.0262380936694459,0.0129549822299037,0.0441094994783921,0.0214753114251769,0.0495719435522319,0.0243363017805959,0.0528659683071154,0.0278430926076051,0.0801464796686404,0.0147470059662422
0.0330900921727669,-0.020216180754068,0.0496954208525255,-0.0252263993952117,0.0503081270596341,-0.0275495538502641,0.0506982352118297,-0.0291050012477865,0.0767895484724813,-0.0148250418704495,0.0276236639059914,0.0105735289326524,0.0454405153770688,0.0250811456511717,0.0507806701364795,0.0285808066163465,0.0715475796282478,0.0176053309902795,0.0910269554016493,0.014432529408515
0.0114002852451373,-0.00927742366613011,0.0374016808585013,-0.0187831827301957,0.0491582806982816,-0.0268169621408657,0.0506950646549805,-0.0282021134258791,0.077441952881856,-0.0183111438588994,0.01007978423171,0.00652122529770207,0.0392739634353857,0.0202219473495308,0.0492355044350192,0.0312727043899565,0.0655385800021433,0.0235984473690314,0.0904072643979852,0.0161317050364803
0.0295434694815586,-0.0108294788367143,0.0445101379883159,-0.0249803009965606,0.0502598217261546,-0.0301098785834538,0.0657203795069203,-0.0134674728076575,0.0924132420361783,0.00245318202060644,0.0270152840910172,0.0193421656652943,0.0485561881674596,0.0254914859647003,0.0521089427038972,0.0255360482323935,0.0584829055708182,0.0244216669686949,0.0891248283747974,0.017914692124892
0.0258756760634195,-0.00999954872785743,0.039508328418274,-0.0217907204440533,0.0500259798599507,-0.0263897763569198,0.0700596114445848,-0.0187102801758801,0.0949878745490488,-0.00183769567633996,0.0254496116750652,0.0133813060973281,0.043745406959418,0.0232650228716178,0.0508887385952577,0.0311419933420915,0.0784311142417266,0.0166094693328592,0.0936659667830801,0.0110535598375002
0.0307292529399872,-0.0178126966109929,0.0548672235908791,-0.027384864560496,0.0657501960592252,-0.00716003382089712,0.0951083266848486,0.00177500832179082,0.101343866619997,-0.00505361546808568,0.0320556225618217,0.00671900176779101,0.0499291577338685,0.0262112228267453,0.0513123597665053,0.0346436849319418,0.0758864374539105,0.0207919602097593,0.0967971380374533,0.00231742129210422
0.0100460902121718,-0.00910899817749546,0.0349894694978697,-0.0191993367305352,0.0496021458537412,-0.0297694226980418,0.0573011661342739,-0.0278493261421893,0.0858248491021117,-0.0121096349762968,0.0017099031854508,0.00259780642824091,0.0244897938063786,0.0151244967360734,0.0514919674172356,0.0315397715435846,0.062125599409119,0.0204162513641735,0.0945364971251481,0.0087453847266807
0.00956906440313895,-0.00783949108491177,0.0359282595945542,-0.0194623460962766,0.0488518643511296,-0.0274817487913074,0.0528576611651513,-0.0250748528435607,0.0844674404241091,-0.00433047917628843,0.0223772888783723,0.012574278827089,0.0457351750371071,0.0276276178185471,0.0509073632101419,0.0304559568745347,0.0717038651398452,0.0214592266615281,0.0926064634058109,0.0106276656651762
0.0345075971736261,-0.0272858964341554,0.0232022933698682,-0.018164203532853,0.003164317658239,-0.00461936699207667,0.0372069256908845,-0.0273837131482076,0.0624871641815864,-0.0236009982815156,0.056662525189371,0.0470159974696757,0.0236689080636614,0.0248662610741181,0.0132583224951712,0.0107759231045874,0.0480011816728173,0.0413796621768505,0.0571722926226845,0.026647555641124
0.0142818160937405,-0.00316269383023597,0.0380257680706533,-0.0216109790138215,0.045980827567803,-0.0292115029374736,0.0632485694528779,-0.018759675469326,0.0905820809674579,0.00228931962219126,0.0199333093914473,0.014261273473331,0.0468608211943116,0.0181487921931035,0.0453659416044774,0.0209704470169744,0.0557055978789463,0.031377440783591,0.0780737691028663,0.0129473541989172
0.0127030620154848,-0.00466810414188298,0.03530621247181,-0.0214475661189089,0.0470807728452585,-0.0282428980145857,0.056074049899596,-0.0231115574118935,0.0839905544096476,-0.000955118626346293,0.0196703761834253,0.0131410610216207,0.0375028364295476,0.0193875514788615,0.0392882671055434,0.0262983865197921,0.0534178891360899,0.0337334650202436,0.0828061980620489,0.0107004179204271
0.00836016630213613,-0.00983652856017914,0.034038220494013,-0.0237165164495842,0.052090600207922,-0.0309390130509629,0.0532862861848421,-0.0301006912002274,0.0793218933997031,-0.0163153678147682,0.0138667401400655,0.014078147859297,0.0393575015338577,0.0323797642001568,0.0451133854848827,0.0346887594987125,0.0542529760466678,0.028176829265829,0.0755702550391356,0.00824782203273362
0.0188328858177064,-0.0040320632890104,0.039309954440029,-0.018865938136978,0.0470749468138733,-0.0304297984947881,0.057709725368887,-0.0191596771496587,0.0793937267955517,-3.25942502296617e-05,0.0199972208206637,0.00942503550247237,0.0387003400320049,0.0175128880069587,0.0435573285081835,0.0211147401763864,0.0499809886496829,0.0335666798030832,0.0839449925815453,0.0134897470239935
0.0159767243033746,-0.00611515138860531,0.0365578947703315,-0.0219660649867148,0.046830703900517,-0.0299959581960032,0.0611364323883782,-0.0208649756239997,0.0858091727587702,-0.00371723055876921,0.0190658722529387,0.0125227622888581,0.0388021104750093,0.0204718949751111,0.0413988580202805,0.025447260651383,0.0577107215284178,0.0277946809892629,0.083868018319031,0.00752063394731369
0.0287155138455102,-0.0101430228938211,0.0469043492148858,-0.0262443252967612,0.0509331014627405,-0.0266954758820884,0.0776182503610354,-0.0137355331429758,0.101066334646892,-0.00356963520263529,0.0194051011258557,0.0141596774329414,0.0458144260971664,0.0209251989039935,0.0504507388684126,0.0319022408670489,0.0717423352099345,0.018434694587441,0.0950584413489505,0.00735134318937897
0.00480040613105887,0.00269498736993179,0.0366260496426051,-0.0191029930857927,0.0486931016029182,-0.0258622516094717,0.0581896991252927,-0.0247436617576684,0.0902160224337551,-0.00597886882622468,0.0318581598442948,0.0286777294390871,0.0482495084995712,0.0276317137863484,0.0603526522449048,0.021985474734274,0.0739963477005754,0.00848087638778569,0.0962080444262006,0.00619579013716087
0.0200153966245742,-0.0142232912616918,0.0474114052518379,-0.0243103831727842,0.0506905145202666,-0.0300140379272752,0.0834467653279038,-0.00167189888506523,0.0975274300122102,0.00301139541150349,0.029425842146167,0.00766565976550143,0.0451701282500026,0.024232593906583,0.0498337506895003,0.0297933610207045,0.0781293042781742,0.0200043215755878,0.0954639949001762,0.00784175228897359
0.0160438448158122,-0.00246549089231609,0.0375949705705223,-0.0196556247275957,0.0470172342148359,-0.0279611810646273,0.0579743171173251,-0.0260848070108564,0.0869995979750229,-0.00993559745671082,0.0361788918767484,0.0245723306439942,0.0469981566827435,0.0312133626817355,0.0584392658360556,0.0229897034832007,0.0716322596543546,0.0131085936019655,0.096573508838792,0.00486288363947139
0.004799921766956,0.00085887890448572,0.0320832168853397,-0.0105867421200501,0.0474235353923321,-0.0269586221408797,0.0569513048621972,-0.0273088754609267,0.0861677477275838,-0.00901776299277942,0.0331107304418334,0.0266677915019528,0.0465636388054444,0.0294526986313919,0.0605634721787188,0.0220425157732375,0.076765735114945,0.00925758871315203,0.0958538777951779,0.00758378194820317
0.020400170209564,-0.00710571512815525,0.042509608049583,-0.0256958715510973,0.0503862935624487,-0.0325281299045887,0.0650654490536242,-0.0185932857741507,0.0953374790818373,0.00286453160712352,0.027402542123593,0.0212290987943118,0.0465344203925141,0.0288700601015756,0.0538105543255855,0.0276640147685368,0.0722216171969374,0.0141295321117853,0.0923807544441404,0.0122765555665937
0.0273105251865408,-0.0181767008761549,0.0442783650232719,-0.0355182406613063,0.0481249901018854,-0.0319953629352932,0.0833945273118868,-0.00146479905187676,0.095942213191544,0.0106123989542757,0.020209758750358,0.0108917298579566,0.0512826872479861,0.0397846804276308,0.0461887886125139,0.0344988522421113,0.0561532884002089,0.0261360299356891,0.0822909910944347,0.00441625528505197
0.0271463892849963,-0.00665152022089646,0.0448512589985763,-0.0289175139876371,0.0505972950183213,-0.0294183730941492,0.0906422017032825,-0.00449756380703757,0.0996438390532851,0.000570211611781885,0.0366461181425489,0.0248531961773905,0.048409395993747,0.0294063108325013,0.0580757703131972,0.0230922816063944,0.084064788563004,0.0148802359932145,0.0959602261331657,0.00933830720138017
0.00882659731417839,-0.0159595600864842,0.0355701540801703,-0.0255552147564708,0.0530213211213314,-0.0324316804159354,0.0581306357807171,-0.0256745190349981,0.0923177417588744,-0.000960367734550337,0.0439591919680455,0.0316451221458921,0.051216730836701,0.03048020700874,0.0750366486184375,0.0128393126215672,0.0983506307037692,0.00144998959732282,0.101966972167259,-0.00706941128599579
0.0284165524677332,-0.0150611227630808,0.0484806709860645,-0.0264604971132022,0.0517382319285256,-0.0300883209966869,0.0897163107915769,0.00643978243271848,0.0999226807703193,-0.00272831445664033,0.0265815364374934,0.00654675267053325,0.0382195057309898,0.0236106291556305,0.0418309681296984,0.0296989402642654,0.0576747353215903,0.0307138075886268,0.0923031410573835,0.00516799599272687
0.00475959926432865,-0.00147526052137636,0.00491875072367595,0.00126664405285977,0.0199969464074384,-0.00106299253739019,0.0500359476854295,-0.0287849847384181,0.0640292560061074,-0.0123525507539414,0.0147057871999403,0.0121274125631877,0.0297101069398049,0.029079879095075,0.0485323170058263,0.0266963370218934,0.0526536493936044,0.0315886257854499,0.0847071041214157,0.0134843207513263
0.0279884304552149,-0.0195205939370623,0.0462312364603194,-0.0270149159910759,0.075455026744455,-0.00740140320076156,0.0952077398905523,0.00695504663810618,0.0990943140858342,-0.00080919720378299,0.0153908785152049,0.0109849633425274,0.0403167183190665,0.0280739060332669,0.0500132431851273,0.0338702131878643,0.0672483571908815,0.0232489844215956,0.0888002851386032,0.0035008121068811
0.031559670621754,-0.0197872760403622,0.0526595563655373,-0.0274786086883537,0.0802040930399581,-0.00401616399489759,0.0937097694678257,0.00370970209340857,0.0972012275788658,0.00149567888802554,0.0280250574067386,0.00789044367428872,0.0477850109140153,0.0289197186483637,0.0523407538012654,0.0354947576412727,0.06661803964351,0.0220408035239268,0.0892537607398142,0.000555988363551613
0.0425854268453143,-0.0254711712569291,0.073587522568384,-0.0200097089205208,0.0989549126727641,0.000298301613412302,0.0970009285579494,0.00516959556333806,0.0990815144239994,0.00122848729584649,0.042625947488914,0.022269094430625,0.0601012050033422,0.0162508259676745,0.0617174312777054,0.0254419949695771,0.0514683390153096,0.0291884410269456,0.0765139371675104,0.0147924434451814
0.0211824601752273,-0.00590820301119114,0.0433483229975996,-0.0222103274170667,0.0547634122448479,-0.0268646620809099,0.0858848212644827,-0.00289552678556,0.0981694698535703,-0.000570725152993561,0.0123476186510815,0.0105877377542119,0.0296248406081281,0.0218314714291806,0.0462634265942746,0.02501708081286,0.0547677814407025,0.0323234627698565,0.0791772682235918,0.0121801748339982
0.0209194274817094,-0.004553658407197,0.0495322455911784,-0.0316105651797464,0.0591517217519303,-0.0149775467566235,0.0894878126533166,0.00142635981307612,0.0969339526281143,0.0015202887742119,0.019822650434416,0.0195952029360695,0.0494237065926579,0.0181381541948891,0.0459663186236988,0.0293464047901945,0.0575990911151764,0.030486363232402,0.0800826025854271,0.011258773527592
0.0302839643959623,-0.0185710598733582,0.0488453202334716,-0.0282704994530469,0.0831363089948912,0.0100310287748618,0.0966501935674173,0.00319067575510638,0.0999953295169063,-0.0033787235628089,0.0136887282523972,0.0103205571797264,0.0411539566922149,0.019012302301614,0.0521345100474302,0.0378994616834434,0.0552004051117202,0.0309435339192362,0.0754112989676382,0.0138885809580454
0.0230669132428066,-0.0089646102587621,0.0474626227906929,-0.0280191376132291,0.0675473906761539,-0.0208536981453736,0.0920361544036246,0.0024316306122718,0.0979256625354948,0.00101561118209038,0.0144501566931116,0.0111410936778392,0.0328186866501849,0.0205594149530388,0.0447285448571189,0.0277800777955948,0.0618533409620866,0.0293243878123462,0.0837317177645513,0.011043955427652
0.0242837163755976,-0.00896925444477015,0.0432832219665056,-0.031455450138758,0.0506722765753874,-0.0296293729503525,0.0804273309252042,-0.00692605061534241,0.100119934743185,-0.00456657292199569,0.0114808530165417,0.0116368210061579,0.0440302538322266,0.0272928092805435,0.0479031148730628,0.025689967990361,0.0540670363581787,0.0304881823136157,0.0861160596436917,0.00925375546764272
0.0251523982829511,-0.0103362936462625,0.0468731894441,-0.0295137566142943,0.0576094014677204,-0.0240198167960746,0.087785451078377,-0.00528844568345867,0.101327453983381,-0.00415618667728966,0.0135462545958828,0.0104428129417685,0.0361825033611864,0.0239106117903673,0.0450483816894547,0.0287925892478557,0.0568915213842303,0.0285121638199053,0.0850491249734816,0.0103069524335954
0.0324932783099549,-0.00676286458706321,0.0518268956906709,-0.0275052549050422,0.0590708980180646,-0.0218184781275627,0.0900205570221487,-0.00358517365540199,0.100039769873514,-0.00184233622261019,0.0192374756582295,0.0126626715987055,0.042227803601871,0.0271536364998388,0.0478124290226786,0.0263672491000757,0.0560497138466715,0.0289661105825987,0.0865933532214394,0.00883816665623923
0.0206476765716615,-0.00977371537300688,0.0512976624943481,-0.0297772162608414,0.0623815693366419,-0.0201954103639891,0.0920033345740328,0.00331570954651941,0.0986887492319908,-0.00129276858803485,0.0282100696590561,0.0113541929520466,0.0459132505762344,0.0256094195665518,0.0500422183407854,0.0333338498713332,0.0719580852510261,0.0200038647413087,0.0903822956696856,-0.00165658421641888
0.0189604883805481,-0.0160087455040385,0.0517722887724429,-0.0239359458123446,0.0530153845217556,-0.0290252774314453,0.0611394805454684,-0.0224807326430057,0.0993408216795652,-0.000756845836991025,0.00956999885740639,0.0165145491335434,0.0338071194320353,0.0465663332170116,0.0470188136646252,0.0278753629142621,0.0555436764040207,0.0289906459779775,0.0894780234881087,0.00515269789884595
0.0182046006273426,-0.00130408907602738,0.0420513169187233,-0.0150400454151287,0.0500839630292277,-0.0266929493842546,0.0654972181615519,-0.0236055135551763,0.0962423572497969,-0.00516086276439415,0.022358235996551,0.015688930758377,0.0398815378379049,0.0306470040537272,0.0488830747539676,0.0277427899074575,0.0681371562911795,0.0177853268431408,0.093522561518422,0.00949998624431487
0.0289819470095123,-0.0134486734859517,0.0487230902954165,-0.0223318301606256,0.0484436511048653,-0.0286661940572843,0.0764455590013674,-0.00905382764613481,0.0987846905418938,-0.00156196769309265,0.0187672968600602,0.0086810252406615,0.0429052313098599,0.0176912746995039,0.0478957063407659,0.0249793316028289,0.0508888113148444,0.0330483153005405,0.0774133048954998,0.0135699494691848
0.0292300403218691,-0.0121714954888407,0.0495594500350613,-0.0322319681882357,0.0714027663955021,-0.0138088655973385,0.0951208319901573,0.0021806642535891,0.0971732197346591,0.00310214425253624,0.0338509575441543,0.0182483528665826,0.0480372958931763,0.0244130163016537,0.0518181685849922,0.0294855175747892,0.0634374422489584,0.0252505571962566,0.0883132866549545,0.00992369151287324
0.0252152571776556,-0.0128353573838571,0.0482664915804922,-0.031436806827153,0.0689058269351704,-0.0151216498083091,0.0910722052565134,0.00502431628633781,0.0969453954557952,0.00373563063993596,0.0233449447301766,0.00828191049718477,0.0490331704690857,0.0226387385522243,0.0502383258813782,0.0348655851392674,0.0611375118337299,0.0282516096429756,0.0852954776457729,0.00787074026341041
0.0188060937787849,-0.0230683152843555,0.0483625502867078,-0.034761034146539,0.0582062487249277,-0.0330424705177055,0.0991455136918146,-0.00373395235596074,0.097771798502717,0.000801267570710341,0.0256258578632847,0.0273655750094612,0.0430161009739102,0.0468731046734881,0.049940102781713,0.0293893437308203,0.0690142176456054,0.0198114889341253,0.0854193347006303,0.0097460852750686
0.0308324271994289,-0.00671441947934176,0.0448680165023011,-0.0206270176775529,0.0513622634280401,-0.0270398990386611,0.0768554946976914,-0.0102167915529257,0.0982900687180401,0.00255483753396391,0.0276900190849156,0.00835961609245759,0.0465528296513646,0.0225395698233325,0.0500657581784118,0.0285015780434208,0.0682104565850678,0.0208604855267006,0.0947680694047034,0.0110963129439219
0.00895687442863009,-0.00780831758651798,0.0352001707775043,-0.0108349808699981,0.0507116175934076,-0.0306767758864926,0.0546832431871993,-0.0221942249317716,0.0852658782448176,-0.00424453123527758,-0.000401916533690039,0.0132307098941148,0.0352638200816368,0.0337999085672882,0.0520780695499405,0.0262902416775675,0.0668262263373562,0.0196989531704882,0.0932476575401713,0.015889109261542
0.0054514428250665,0.00922749137578982,0.031289530403486,-0.00114293755768945,0.044733590877874,-0.0258216215805007,0.0501806119913318,-0.032848351130749,0.0794598842863711,-0.0174014047889504,0.0235218165145665,0.0229996423510223,0.0372099259944219,0.034294401001429,0.0504607485818842,0.0280507505329301,0.0638675320972306,0.0202810876581004,0.0758900508651462,0.00870129538324394
0.0184342511702688,-0.00810074208449889,0.036570175939834,-0.0210273866384955,0.0474963625163211,-0.0308447430587795,0.0635143196955769,-0.0197413250525535,0.0957526737560534,-0.00505529657014664,0.0234135631169071,0.0175603155283368,0.0415939927229853,0.0300364350027041,0.0509583926630348,0.028939967779588,0.0647487993528356,0.0203463885358115,0.0918898995016578,0.0122250802688284
0.024365266832255,-0.0110967248587915,0.04520964134675,-0.0253072580943133,0.0552274107553327,-0.0260265956376669,0.0866294410834265,-0.00405903873511515,0.0969807728540117,0.000690064698200883,0.02287184214196,0.013534192196383,0.0400068844206583,0.0223705239001828,0.0504747485816101,0.0265707300430835,0.06176276052447,0.0265359556710598,0.0867459500258077,0.0119398630147548
0.0232848633935564,-0.010783936123742,0.0414181989710453,-0.0204552339524468,0.0490166471981131,-0.0274984360245376,0.0605802305087331,-0.0244431807304335,0.0889964889759922,-0.00866828511683642,0.0275773306938295,0.0114771348516366,0.0442500319732337,0.0247610029085644,0.0480388749100015,0.0298267656286783,0.0684293210303694,0.0189534677260098,0.0893572263617001,0.00866542776288051
0.00914509079199577,-0.000662693070925824,0.0380517534212392,-0.0150056227506308,0.0505614138248186,-0.0273660407330647,0.0613151611153087,-0.0258954703457691,0.0909824065264312,-0.00778478246784021,0.0254087420129354,0.0233063423425722,0.0422366962719474,0.0302606096117886,0.0538904931626299,0.0272321465485486,0.0700863099331146,0.0178269679355939,0.0893944183951569,0.00721867663206959
0.0122069607524825,-0.0108496183821602,0.035432612082565,-0.0151733565720266,0.0477136118192173,-0.0271550494225771,0.062856959639249,-0.0234428116321537,0.0877690917758019,-0.00673889963758752,0.016967020868671,0.0105579080808028,0.0393217564413285,0.027502927547204,0.0500511143220825,0.0291811681383792,0.0650897768641695,0.0201920320159179,0.0908934530153724,0.00790032324175346
0.019787041459443,-0.00870162616721774,0.041442776779294,-0.0233410318452437,0.0479147262921453,-0.0293566929087085,0.0614692998074514,-0.0227637628256533,0.0913797328742594,-0.00661624333224372,0.0209171109447459,0.0149410154121546,0.0408980166877983,0.0299853622514684,0.0512479467852578,0.0296780311263097,0.0630499244809309,0.0179871391914905,0.0863717264992369,0.00797338607290389
0.0286332404962392,-0.0121925914762376,0.0466427599202641,-0.0211313766583138,0.0511877863946623,-0.0326194029188146,0.079696228233181,-0.0102356647395994,0.0960143361096998,0.00279664829450334,0.0309870293960068,0.0186645500041925,0.0494331130633524,0.0363833630277128,0.0561263514952085,0.0270391904488029,0.0863379313140447,0.0136826650851075,0.0958186380639603,0.00483133812088548
0.00654519999331426,-0.000546069186556751,0.034896037133974,-0.0107160127786179,0.0435130264584348,-0.0231193326199741,0.0562174234398565,-0.027868175214635,0.0905202330426307,-0.0113648997591341,0.027832632822667,0.0200538132890462,0.040438449843501,0.0296515124423999,0.0483873890349522,0.0277547043456898,0.0625284802581745,0.019265799574172,0.0778376034199203,0.00415493854668912
0.00833892980765262,-0.0103447672094356,0.0354514313804211,-0.0237366757104027,0.047399161325525,-0.0328826219527252,0.0489767282518003,-0.0310414845792627,0.0787610169870738,-0.0140239458452346,0.0247468179061386,0.0266322045966997,0.0416460137783151,0.0443500161347553,0.0491462917056998,0.034704707877497,0.0517753204929757,0.0302540208221464,0.0791373954115125,0.00675989713687648
0.0147426308239349,-0.011274895038264,0.0412536992037717,-0.0274133190247558,0.0516174172918913,-0.0274623777045868,0.0648672221664532,-0.0205555568655552,0.0956014859599385,0.00265271861905457,0.0229401946324184,0.0227382199330358,0.0416986415693561,0.0304380879636066,0.054003692665324,0.0282842418044327,0.081877645649551,0.00470438138534628,0.101303504148583,-0.00464663819183584
0.0221769791660029,-0.00631874936380606,0.0399855758471689,-0.0185551887157816,0.0479550822162475,-0.0268019324204089,0.0575089293241181,-0.0168601302103896,0.0874462247968492,-0.00131443924252372,0.0295157957270567,0.0184239857585663,0.045172967888273,0.0265513543235946,0.0492133136669432,0.0288702538885908,0.0743404730069501,0.0160291081009326,0.087123837506731,0.010933574288836
0.0222073794912446,-0.0045812215842553,0.0509460682622864,-0.0292902915305756,0.0571281257587087,-0.0191881441128315,0.0974685443991828,-0.00121443847381268,0.0991864103542176,-0.000871919165267029,0.0369601528338841,0.0432073381999353,0.0610953024669444,0.0225181978334853,0.049719503571999,0.0271411598033745,0.0823234505894803,0.0211240786678636,0.0943762123006398,0.0126351103252764
0.0246254514098872,-0.010810573120632,0.0441758805290491,-0.0282460999433743,0.0527892526198888,-0.0226997018956234,0.0802578365376343,-0.0130512928453184,0.098697863196291,-0.00139379737125115,0.0226180058491099,0.0186997555208483,0.0437442456028693,0.0235434165360219,0.048895337874569,0.0271602241905638,0.0665533628848633,0.0217784992799375,0.0907598480066617,0.0106753680763054
0.00926183977476664,-0.01921681328058,0.0349049170520156,-0.0322401723576919,0.0483083178852345,-0.0327030232539686,0.0497077026885901,-0.0313835443797801,0.0841195969060905,-0.0139431094124598,0.013169114009953,0.0140081380332891,0.0346047312925333,0.0283042293934763,0.0461254818946546,0.0291547734255087,0.0513665437537734,0.0297210260330745,0.0841840935039102,0.00946009670396913
0.0100023032420321,0.00054830784605029,0.0370530926070988,-0.00965423940848628,0.0473378178617274,-0.0242945989127803,0.0559900983225161,-0.0217652652251812,0.0885925135265529,-0.00461676298305545,0.025917040149365,0.0189981216732089,0.0425554310478798,0.0242083514536013,0.0497898618471666,0.0254230752465935,0.0514481835049358,0.0267846957352306,0.0809960084168777,0.0152883061860608
0.0336335851898426,-0.0109104509914154,0.0437248234180403,-0.025451999403302,0.0498333180479965,-0.0292866853691594,0.0546945267008701,-0.0265848158354512,0.0823387383745705,-0.0123876540849687,0.0176234782543226,0.0193669229294261,0.0384666075517424,0.0273876688145027,0.051354428037888,0.0275649190192467,0.0529795569189226,0.0263084452110336,0.0854744274554462,0.0089963892478155
0.0219356102259183,-0.00482517539901902,0.042831717841794,-0.0195985370555603,0.0487078903349283,-0.0285148523679978,0.0671766333773397,-0.0252866349590356,0.0922168598681376,-0.00938275149470604,0.0153915172612328,0.0126090026664252,0.0374225729643975,0.0304350696769868,0.0499067249551853,0.0304872195360383,0.0724105939482494,0.0176319768078941,0.0961749219421742,0.00771046601366384
0.0230182153825113,-0.0122621877887213,0.0441620215346557,-0.0267624056274459,0.0516816590968384,-0.0279140081005937,0.0540492100565505,-0.0267841011081115,0.0818706731592301,-0.00733401933066687,0.025823538044361,0.0159122853717596,0.0422510089904446,0.0245193536451939,0.0519518648897056,0.0275241802486667,0.0489361937291152,0.0280587409519397,0.0702606639083197,0.0179023003862126
0.0166880540489872,-0.0132005747041351,0.0488820302641045,-0.0210493670274189,0.0446288346614595,-0.0284610451234455,0.0489992653894007,-0.0293087195599668,0.0706803527144482,-0.0156823551123356,0.0345432218493393,0.0188304681733838,0.0510055724409622,0.0256441373531546,0.045007303846259,0.0283924028418543,0.0598227971221656,0.0202405974004957,0.0758122831886561,0.00434196989489072
0.00917186055138981,-0.013265595338525,0.0329621287349377,-0.0234099197290886,0.0475852546439432,-0.0291466842119717,0.052328111933271,-0.0282010722820348,0.0804009539982828,-0.0122593429546025,0.0327067366642118,0.0256260733533066,0.0509941123622045,0.0356631009668907,0.0497651464057267,0.0314330063311526,0.0662890903873273,0.0220134766289376,0.0919184818467804,0.001869100519456
0.02846103606104,-0.0111920259290108,0.0457372055535817,-0.0245451080069828,0.0508979605500214,-0.0272531786666334,0.087145330342784,0.000691289130486203,0.0997955396191506,-0.00560338469399524,0.0260563911290236,0.0163940652524254,0.0398090314104666,0.0218612823277421,0.0461604314852718,0.0241475951567163,0.0537464479777597,0.0279131724775402,0.0929254243634798,0.00922729497967644
0.00524568263289796,-0.00177262550194291,0.03057850147802,-0.0109262337356542,0.0477644882477355,-0.0275325348076769,0.0528957545562367,-0.0301816469093281,0.0834253226110201,-0.0169487323157224,0.0279391471399733,0.0258949084259289,0.0412352904570236,0.031252994666833,0.0544940702146082,0.0254924915041304,0.0703427513194505,0.0178787325634094,0.0940678691844553,0.00730342778171492
0.0217003889679611,-0.00876047579221623,0.0422018845970763,-0.0237691689703024,0.0485608778353396,-0.0282282901492567,0.056902054978549,-0.0214153904498881,0.0875734160639034,-0.00848296023195908,0.0242901920787483,0.0201418468342698,0.0402549333871704,0.0254753527502856,0.0461198221765465,0.0271804177584896,0.0510852999928336,0.0276959450583884,0.0843656125593192,0.0111819304455037
0.00293469618158765,0.00319538781641367,0.0315146410698554,-0.00198624162919829,0.0431171668958265,-0.0268566501287551,0.0487864005769196,-0.0302894539627771,0.0789549741730329,-0.00227312126650169,0.0185813692328572,0.0209724106156891,0.0337777472078206,0.0325788570602906,0.0445708650105702,0.0272678081566166,0.0523698020703665,0.0270084844655154,0.0710152219546466,0.0200622070149844
0.0197538154135827,-0.00587243538562258,0.0433615516628037,-0.022785527120744,0.0485169642445684,-0.030024273426399,0.0802637455770241,-0.0141256918476915,0.0986176570864799,-0.00340977688182238,0.0215117603808589,0.0173369265479274,0.0390732556628804,0.025298653728638,0.0498319469186374,0.0259387997112743,0.0739544093293778,0.00983586001862298,0.101180632443581,-0.0068732648508271
0.00647851608188742,0.00322031538211842,0.0275285616473334,-0.0117582092887907,0.0510636312229386,-0.0280808070108687,0.056876274248108,-0.0259850484166346,0.086564587489383,-0.00854907284906533,0.0442963923212157,0.0308860342872973,0.0536504199079304,0.0278948728513918,0.0711458832644152,0.0188927689658456,0.0828313278879606,0.0113812989258106,0.0953821500626326,0.00556594021553109
0.00457932205208414,-0.0013988122526122,0.0232720438781279,-0.00957597731148735,0.0441665500090149,-0.0294425205691062,0.0512312638089626,-0.0286761896372871,0.084294111995955,-0.010188944406911,0.0255244707957465,0.0194098355805759,0.0420585125092901,0.0271155709881778,0.0520909857230575,0.0275118431381736,0.0641072671182124,0.0211606605861693,0.082233465881015,0.00816694675440651
0.0113777909155244,-0.00574953808177763,0.0310386872669422,-0.0153570412570344,0.0444278587250632,-0.0267183533073905,0.0545274997581081,-0.0274059436000705,0.0855678770002173,-0.00979697907812022,0.0184047845122114,0.0222363962777236,0.0362801965963056,0.0261948351968495,0.0496192532853998,0.0294161890205549,0.058945310465787,0.025456592919002,0.0803121405294919,0.0114890377541028
0.0200122669380518,-0.0069196125405248,0.042374656767466,-0.021173993612079,0.0499511807506421,-0.0270007263730501,0.0591194025552492,-0.0211601429418079,0.0881193524110752,-0.0106397376892748,0.0190022214722053,0.0186296875182726,0.0408177568453945,0.0251221308542848,0.0526662527985563,0.0276841515051412,0.0550505669869515,0.0267205741970297,0.0763290723557263,0.00762702154575675
0.0121849012921235,-0.0167984369615406,0.0413508952122012,-0.0262329076947364,0.0496186638732966,-0.0292529201771327,0.0509418599910703,-0.0289077312075145,0.0811041320478172,-0.013523852625725,0.0187405269953999,0.0120553844634472,0.0471927053360688,0.0466371933669149,0.0456229988326081,0.0328331551883013,0.0557618622881188,0.024640191640565,0.0832442994244469,0.0112029900753925
0.00837893864641984,0.00244424257396781,0.0318871037311599,-0.00962062150044825,0.0442920581464734,-0.0225585805464704,0.0493624134838847,-0.0279325882152696,0.0803831431915104,-0.00993979662647061,0.0163890752147108,0.0128853845067864,0.0374045851925313,0.028420303646242,0.0466523857480016,0.0277712186308783,0.0591652351467424,0.0208375276001296,0.0900880165560956,0.00771895878766286
0.017339731384871,-0.0123142399335142,0.0408226051982562,-0.0234364768284626,0.0477963148288218,-0.0266205017042701,0.0495247337544207,-0.0282475826865664,0.0802192795530765,-0.0118773898002843,0.0206805509456577,0.00995749022046523,0.0373946411890185,0.0239991370729441,0.0471745270056889,0.0292528174224693,0.0543446759665693,0.0295383296027906,0.0886958670463651,0.0161230939830688
0.0209552065813244,-0.00433921827408509,0.0390729976393518,-0.018376607110846,0.0484811590660151,-0.0268841706970043,0.0638543133276075,-0.0242028072239807,0.0912352439431261,-0.010430455806877,0.0246597850603906,0.0254256472917994,0.0419796546290619,0.0330737922234608,0.0547211279568788,0.0241307259046986,0.0792065620633355,0.00583343588153113,0.0976591073937499,0.00465901459271674
0.0265463432007806,-0.012777408260948,0.0435107395637374,-0.0209735541875763,0.0478535274602142,-0.0251003613105068,0.0494626342890423,-0.0296841317074398,0.072425383119656,-0.0111225743045113,0.0277298001579255,0.00808724113428324,0.0431894771532138,0.0317401126461611,0.0491171186077012,0.032370318310809,0.0653438028426774,0.0110198518154782,0.0949642740270555,0.00666412356513388
0.0188666467028507,-0.0181734298638758,0.0469714612713151,-0.0325702873614951,0.0536539300375705,-0.0288427399152098,0.0938763061032112,-0.00423792037683458,0.0976587918296211,0.000744097991568251,0.0385042474542246,0.0126296937487012,0.0380199958670226,0.0544050695540083,0.0445548688077299,0.0392142816426407,0.0521778817216803,0.0267321712980503,0.0814966980283349,0.0073301310421509
0.0137044399332211,-0.00541568712770065,0.0384727440071243,-0.014201941134323,0.0456550708839775,-0.0232680188670211,0.0494965007650334,-0.0308062489002842,0.0847356035186951,-0.0114445284239435,0.0144911599062982,0.0102546814613164,0.0435991121406874,0.0282503436201104,0.0481692847467295,0.03286935162392,0.0668028627161333,0.0160249659028625,0.0951899942090963,0.00848211386336882
0.0132913655286986,-0.00498583988981329,0.0396012551438641,-0.0188772538367827,0.0472116398524212,-0.0271328436513456,0.049258158409826,-0.0276395421248671,0.0735484391287757,-0.0157022425569085,0.0192767602010645,0.010859878568733,0.0469862159342047,0.0282808983388545,0.0514843226255128,0.0293322407146821,0.071393860233103,0.0121599266393198,0.0961750973758294,0.00827556608031346
0.021309181248776,-0.010600525855513,0.0427240832992919,-0.0288462819182175,0.0506286292085532,-0.0271416012014556,0.0805261140517228,0.00187530130163651,0.0971040924615773,7.56251526060208e-06,0.0286319216976435,0.00682761514063825,0.044065471065805,0.0139061714076212,0.0471409147819557,0.0249964536903354,0.0626620419132643,0.0283810805832572,0.086281052504203,0.0128051087691971
0.0088032805613236,0.0022184696285693,0.0351673402241427,-0.0166602611814528,0.049441639395016,-0.0301515909705657,0.064967622917517,-0.0242554084413014,0.0906109884836652,-0.00969372384855408,0.0360176478232683,0.0277658537067645,0.0465984118347924,0.0338020570216709,0.0579668125188947,0.0237496506197026,0.0739138391174091,0.0112382595911469,0.0935342111059524,0.0066761747756018
0.020024993019187,-0.0119308002167972,0.0427418944078757,-0.0179828524046218,0.0463237022775602,-0.0270732096723322,0.0528386849809785,-0.0315314946777154,0.0859555902108929,-0.0104216565638974,0.0220664209088242,0.0101651580085447,0.0482497980036793,0.0274703869491017,0.0497031415961372,0.028950350394523,0.0609938960433729,0.0152728942572092,0.0800661021647001,7.03339916467377e-05
0.0160151794038933,-0.00637939612538618,0.0393013858777598,-0.0220361870230182,0.0512051697972071,-0.0289058541445305,0.0673237829690141,-0.0217088588718524,0.0889758663716576,-0.00919207357862778,0.029278277981264,0.0187347355154723,0.0422038525061153,0.0297902032080942,0.0559583531932706,0.0311443115829633,0.0728696652548873,0.0118400387281666,0.082632254542455,0.0025865200518362
0.0137389422717539,-0.032603467478323,0.0388587478966823,-0.0304572361226702,0.0505536688179153,-0.0269302518678211,0.0488300974596884,-0.0280272409454715,0.079564870705546,-0.0159123535152225,0.0601958072033541,0.0415297611412299,0.0549611185842851,0.0256965441393253,0.0986785277046239,0.000685927441209229,0.0998586031626383,-0.00161617816781006,0.100078240563094,-0.00290680907630197
0.0201062926166099,-0.0081391001424079,0.0394873065380684,-0.0176203866810274,0.0478788792964044,-0.0229605570589818,0.0515980480073988,-0.0285235116632513,0.09113958494651,-0.0110778833242997,0.0220961566464021,0.0110552736119972,0.0420877310852332,0.0271192005554147,0.0512642056013211,0.0307314386726926,0.0676130375477036,0.0140643045948284,0.0870715007852827,0.00394011581169938
0.0159198384858147,-0.0101295491915528,0.0354246308298653,-0.0271756905934994,0.0470070564681208,-0.0281704248479543,0.0634143389868982,-0.0220557858204619,0.0990790798722614,-0.0094524836155676,0.0223210892752665,0.011043110952202,0.0360203061430228,0.026981207012654,0.0471288851091836,0.0310655457676572,0.0683050629434671,0.0167597821902955,0.0985250716598981,0.00058465401135337
0.0232472444258844,-0.00990545880636761,0.0411128605526249,-0.0217451330464211,0.0476194596431515,-0.0280018118636974,0.0522447270424946,-0.0281475678323719,0.0870643215620404,-0.0133840200414835,0.0221306474938931,0.011116156113465,0.047127783352788,0.0267998670309768,0.0512032349449815,0.0300242673314758,0.0695220493553984,0.0171798523463721,0.098175288067699,0.00441661335450953
0.0260989872109584,-0.0105111210403082,0.0463817074115596,-0.0264769475991484,0.048457302990235,-0.0283969918126385,0.0772390107029991,-0.00922254257392304,0.0996347703407068,-0.00528266474539649,0.0317126111191278,0.0253118577503594,0.0488918576224836,0.02739002803399,0.0501537728173496,0.0263661815044252,0.071291630501165,0.0194627678800089,0.101510418280049,-0.00741908167302451
0.0123583692104683,-0.00861256643165643,0.0362401118104574,-0.0262740233295655,0.0492653837761811,-0.0272603607596922,0.0502754186743639,-0.0303513001595733,0.0833414520822126,-0.0158694751945538,0.0151962913524883,0.0212075130419029,0.045180679852074,0.043533008577379,0.0492492167421855,0.0319933781070256,0.0619697948970854,0.0272991685866849,0.0944698451495527,0.00906034642179813
0.0161776747751449,0.00210540309371087,0.0302041111971842,-0.0101878236729759,0.0442398854577935,-0.0269141111539043,0.0574224497151191,-0.0276205278953342,0.0945812593195669,-0.0133014924949153,0.0212117679656401,0.0104860648133234,0.0334861053238697,0.0312287881666176,0.0446787939204331,0.0321415433412999,0.0559352080458616,0.024663982999568,0.0776776173123294,0.00957510026235363
0.0200307187558606,-0.00606814900749224,0.042596081155194,-0.0214499064473109,0.055030565640439,-0.0311334403599256,0.0568471074182121,-0.0302362264582784,0.0946102040323349,-0.00948988495006945,0.0350732729570298,0.0288545053159654,0.049723226811408,0.0284154749589531,0.0807351819665153,0.0063633162165065,0.0998363372462527,-0.00329287398900879,0.100094927668376,-0.00175616528266622
0.012253610622806,-0.0100932839998223,0.0340046178551092,-0.0193920603258548,0.0463540585928002,-0.025776363221258,0.0535028695114415,-0.0307517498298641,0.0834038975756049,-0.0131068631052104,0.0226301447185772,0.0169413094453186,0.0386416676103495,0.0285872356110699,0.0538112659138434,0.0296017837579956,0.0738197671859576,0.0150777594391597,0.0929867042044837,0.00520206070852315
0.012199487756737,-0.00495036564853742,0.0314530733677801,-0.01457202483133,0.0417935638843361,-0.0257386367350457,0.0523627176189044,-0.0289427684875009,0.0842478267340686,-0.0141838890810998,0.0205771985638145,0.0130622634575019,0.0377512980921123,0.0287096217130198,0.0492796742550229,0.0287696957121558,0.068410196077171,0.0152614223715655,0.0883677733306932,0.00120730604227241
0.00858947533101096,-0.0210147125160533,0.0275855802884691,-0.0285566987953101,0.0452984092436487,-0.0279105307187548,0.0491269836824705,-0.0285802604911748,0.0708922381994494,-0.0193412089028745,0.00917036202456123,0.0132768939539093,0.0408466006383762,0.0380275824697977,0.0484586067079115,0.0279452468938545,0.0695829028011687,0.0181506156549493,0.0888686071996161,0.0117574617679243
0.0306496195211345,-0.0127481992679246,0.0405735647173046,-0.0216743820729678,0.044993962256931,-0.0251599629612623,0.0502754878328375,-0.0297820479880943,0.0794177060281816,-0.0153977354469218,0.0249762550303517,0.00863112255913672,0.0457086513808786,0.0250516732465637,0.0479238366704693,0.0309490602493877,0.0657955906746127,0.0141031349763143,0.08083050423091,0.00635723070048922
0.0118517975031822,-0.0121602187265092,0.0335409865929959,-0.0164532660510663,0.0448112614715554,-0.0243365333268133,0.0554754906013872,-0.0284450115216968,0.086377682768314,-0.0164791205189849,0.023214940410586,0.012219940803365,0.0405584550334124,0.028630195756319,0.0490461246842159,0.0328594889387658,0.0619936045153599,0.0225802167984855,0.0842427014033484,0.0027234395315863
0.0139151621681293,-0.0113175008027741,0.0371917781834808,-0.0148186607182938,0.045440896742747,-0.02745100498141,0.0490265618971788,-0.0286067038950932,0.0728097919285676,-0.0187678876889402,0.0259087185387273,0.00874959264855392,0.0418845626587874,0.0332477990401155,0.0481971804184187,0.0289663671026219,0.0547390589896801,0.025723646984747,0.072018516198273,0.00639262815649788
0.0225248721785373,-0.00819276015158376,0.0429501808762405,-0.0225117907472614,0.0464903258883064,-0.0269974398062119,0.0504063211260327,-0.0306942461525003,0.0788085174320825,-0.014850016908786,0.023879693140155,0.0208730037974659,0.0500520964444388,0.028372720627371,0.0524282501496312,0.0276788762625884,0.0776423522574033,0.00674315080829766,0.0984463874492134,0.00225887568983492
0.0129995903698536,-0.011270120565985,0.0336034993565326,-0.0268115334454068,0.0444385826438171,-0.0348053632614143,0.0504696632663714,-0.0312168262427084,0.0675995931011172,-0.0233438629187443,0.0231670934040288,0.0223934294193919,0.0477171567866511,0.0373399675265891,0.0471987603985499,0.0318777964038534,0.0506844091054625,0.0277381628574074,0.0782943071156389,0.0060547161436024
0.0106885165294062,-0.00677791669152428,0.0344743863744528,-0.0126975918617159,0.0430910586064659,-0.0229175093977681,0.0545175654382541,-0.0298852748860364,0.0790984261861344,-0.01788074005854,0.0272477500605564,0.0157924119393974,0.0472193745563967,0.0277470289803563,0.0550305847028745,0.0262532156420357,0.0816592685569648,0.0058818371741657,0.097693297881329,1.72101806939486e-05
0.0205567938127243,-0.00856040703381906,0.0372198230064851,-0.013175433892888,0.0442205763582473,-0.0244627619032664,0.051886643179233,-0.0277019023819328,0.0866564424360662,-0.01324571218468,0.0140948898105835,0.0058038722445882,0.0363487614122023,0.0249669170001891,0.0499919974522452,0.0317159942354155,0.0602415187031946,0.0242359884499331,0.081917511290078,0.00766250793123709
0.0130883946613631,-0.0126177787945559,0.0382822235880509,-0.0239295320714287,0.0451813799340304,-0.0316661052934566,0.0470395446558026,-0.0323060041427354,0.0750016117939965,-0.0182394007239319,0.0195342271941228,0.0148768346885906,0.0485148697399368,0.0363820647246887,0.0515736983074029,0.032256410926047,0.0494722518991653,0.0275651025648031,0.0710471220917962,0.0104864395158488
0.00943681177819847,-0.0101351164162324,0.0349730664105478,-0.0199468476650108,0.0451510624256829,-0.0291879882060854,0.0480838836203303,-0.0314585164322714,0.070246529453534,-0.0166068219460113,0.0251778062944036,0.00900713511139104,0.0476035136324656,0.0308484795935798,0.0456240604784307,0.032938867012579,0.0591962047830926,0.0243887067140032,0.0906525956775896,0.000366745142685127
0.0143941693534972,-0.00840708023459634,0.0381159093180462,-0.028172273507838,0.0492924148488961,-0.0322485867592125,0.0509558633241677,-0.0308423069598019,0.0801571381559074,-0.0119542169465176,0.0219266812363635,0.0148052501764173,0.0451006895615344,0.0325594148915062,0.0471612215596961,0.032512551970788,0.0599744740236696,0.0235559289386308,0.0912001272947029,0.000514092081039221
0.0144575183666546,-0.00850391525032618,0.0404381609744604,-0.0208044559076642,0.048048373583511,-0.0305947513084611,0.0523056029229401,-0.0272446766380123,0.0818214701267648,-0.0103196840406375,0.0271295800226474,0.0126852863119286,0.0473077203627175,0.0347311686174603,0.0501029571349298,0.032055809923654,0.0689703717380473,0.0182007454557201,0.096548932481878,0.00423142169942438
0.0219203469533221,-0.00757732763484584,0.0425962703243245,-0.0285290177411065,0.0516960129717093,-0.0309333263213438,0.086396335413724,-0.00806285598203257,0.0974263544297197,-0.000491319335557924,0.0202780745168914,0.00920544513778209,0.0446675617880981,0.0279205527955917,0.0488089867242912,0.0319161576706138,0.0692838558432924,0.0193333087925048,0.0922654985290781,0.00515917154629663
0.0210878702375904,-0.00720774111065865,0.0426699724535852,-0.0212763923240794,0.0521087729338464,-0.0291666336394962,0.0645555418657612,-0.0222780532029619,0.0958244292854055,-0.00265594018754815,0.0335819287057802,0.00535537382208388,0.0510045118115902,0.0372141570952656,0.0470401441662015,0.035628513254787,0.0492870667507715,0.0326390259027227,0.0783987603824485,0.00972433061564065
0.00901270463067741,-0.00603605806951199,0.0296672625230929,-0.0202015203961373,0.0451498058113344,-0.0265316216989814,0.0497361810465935,-0.0281141401572229,0.0795659995581494,-0.0140643528100212,0.020324436375074,0.0132925323947341,0.0416824280672232,0.0436645792897148,0.0483132533040282,0.0364461876354589,0.0609866822191246,0.0241636116104978,0.0827605156450469,0.00526810628005952
0.0116807950363978,-0.00644953668714749,0.0365413228522452,-0.0200995947016366,0.0478144479202258,-0.0307273329430312,0.0567462651744811,-0.0261425147577939,0.0855200151413028,-0.00948542431592789,0.0205720666422217,0.0124474748300721,0.0443245122367455,0.0332871398332306,0.0492529177968287,0.0315088548519035,0.0608284108714806,0.0244664862559414,0.0858163785606708,0.00392911767095562
0.0116773823667153,-0.00780372356199178,0.032451251892023,-0.017677875714391,0.0481205877632813,-0.0269388663519918,0.052222199917559,-0.0284201836014158,0.0825985027429741,-0.0128462710320555,0.0237613372689541,0.00920173879159975,0.047121849882339,0.0289382194216305,0.0518452438729703,0.0350284315639434,0.0709781662253347,0.0225345214702536,0.0822357001889849,0.0122331680975329
0.0161792765859356,-0.00643426821105175,0.0400637971931253,-0.022586059734649,0.0495681128758852,-0.0317243046418399,0.050881401293893,-0.0281900389736032,0.0606031640698663,-0.0253763153952152,0.0197454494241991,0.0160017807396989,0.039090930960719,0.0339248224680257,0.0510276370274651,0.0304987764713097,0.069637750710934,0.0193025225671442,0.0917473787922495,0.00721718910333709
0.0319737481605908,-0.0185570320564974,0.0436115552162518,-0.0286595398846951,0.0489945130329763,-0.0295409052095206,0.0523053304932882,-0.0283249759750276,0.0820807654703446,-0.0135024272625619,0.0303035707783657,0.02020363938909,0.0429884247580195,0.0313816496890099,0.0482197591329177,0.032130063150004,0.0612771629157123,0.0234945776659088,0.0897109952446528,0.00837540511292231
0.0180368984868247,-0.00526089852593703,0.0421137296558272,-0.0191602832891198,0.0485375000835481,-0.0276040237599112,0.0502746404581211,-0.0296274853545668,0.0782943091236193,-0.0141291760762473,0.0223994763128241,0.0138213145579731,0.0450526461340136,0.0310971257269012,0.0500586216305862,0.0325934374576762,0.061478445553561,0.0239862485457267,0.0884594382117951,0.00312068615164539
0.00966393921945106,-0.00680883445295229,0.0284798795604629,-0.0204683367745675,0.0434417160708397,-0.0276473609286508,0.0497675778790637,-0.029892133342563,0.0785897946634547,-0.0125308656615419,0.0186512704133803,0.0201689956565295,0.0420431866411078,0.035224783551724,0.0504757136283373,0.0299888548589597,0.0568101363267132,0.0258660178222351,0.0814675036016721,0.00423835597017706
0.0127654584887834,-0.00566562639326133,0.0327926427159442,-0.0189677940266523,0.046946879859181,-0.029282528795224,0.0531725619002869,-0.0310846978450523,0.081461658706068,-0.0129419482545601,0.0258042987680988,0.0233418610247516,0.0434588400530707,0.0308540114063495,0.0475322014901023,0.0303381488333358,0.0675696961332189,0.0184007105142832,0.0932198526085114,0.00139844476774337
0.0117771601173874,-0.0100436695243967,0.0365756349523248,-0.0166820916700918,0.0498584366917758,-0.0299605319462175,0.058128030953227,-0.0257365423375556,0.085835517049544,-0.00503446318731146,0.0172811212555612,0.00963221977481619,0.0380693375044258,0.0300485399962239,0.0475330032311245,0.0297094730859085,0.0634739092989988,0.0203241483803299,0.0871250928422365,0.00480483355853055
0.00984467180164014,-0.00752923522101835,0.0334393524162934,-0.0183690665265257,0.0465599383500722,-0.0283218429613572,0.0501018196299116,-0.0311875195681772,0.0742744637997754,-0.0112547503416466,0.0464802340871033,0.0252187723228316,0.0492160379154185,0.0301667686110822,0.0527429224391656,0.0308282392570618,0.0796953580940395,0.01157931386941,0.0834060814616309,0.00496812782207453
0.0145813033584543,-0.0060914363858647,0.0361029293291437,-0.0222604817202314,0.0480495663563254,-0.0288645500456432,0.0500629677506359,-0.0288301521463242,0.0836184407988006,-0.0108461665766309,0.0367231603101797,0.00711347587495273,0.0453523045131405,0.0323882867144293,0.0503940329035166,0.0308224963641983,0.0737180893438593,0.0176121339796331,0.0832768146520517,0.00563461352506292
0.0129923591615722,-0.00687730544116978,0.0346933922724229,-0.0194761835131059,0.051377697993073,-0.0294761277169704,0.0537253596062967,-0.0277846239114314,0.0855035268899973,-0.0110118034082035,0.0224310871166705,0.0137814271183925,0.0437020407583402,0.0304945462286282,0.0482484205549802,0.0332721380349058,0.0561484384476413,0.0267435028440681,0.0838292882610168,0.00562275828058675
0.0138513636096977,-0.00777254017787107,0.0378787979140258,-0.0191059482270259,0.0482102145390248,-0.0341177571102585,0.0515009469787588,-0.0305718779260012,0.0803158901673759,-0.0143684006025182,0.0336542856395479,0.0155423780100861,0.0433155903563966,0.0288119406681109,0.0510140941861744,0.0339263588381277,0.0705096296478555,0.018084987479428,0.0899592290506134,0.00266026212689463
0.0144446480230409,-0.00383199222590674,0.0373987501708249,-0.0200710976689275,0.0474866907158988,-0.0303873538297606,0.0553332926422274,-0.0247886283053105,0.0845354254707033,-0.00957115238818378,0.0200637254290603,0.00870393138649533,0.0417881029355146,0.0311197284761698,0.0525719756349787,0.030827658829899,0.0548712070549989,0.0265706260406921,0.0861713587816404,0.00545220175661683
0.0241617501243834,-0.00965374822242539,0.048318095392004,-0.03230866048511,0.0578522824072712,-0.0256194302191043,0.0993245021954471,-0.00289027120640506,0.0972932354552455,-0.000203964982315771,0.0431809876329231,0.0275514834401669,0.0512843714771306,0.0289401509014548,0.0882620507205477,0.00178075362225573,0.101934108409569,-0.0113441851350331,0.100937411091256,-0.00546520110112373
0.0135641839911706,-0.00752242109374999,0.0384195325951538,-0.0202790567887824,0.0479699548771034,-0.0311352345047531,0.0497451876438681,-0.0293338649686286,0.0796510686570302,-0.0135509562515013,0.0185218521546439,0.0195652205508131,0.0376683679401783,0.0382403818591359,0.0494078688723302,0.0305933555281047,0.0625586412500986,0.02265609489074,0.0867398102249862,0.0093849531405091
0.0164536949495715,-0.00847023161688254,0.0416980011314116,-0.0253808897249966,0.0478902339689332,-0.0290936763052803,0.048051690774364,-0.0292931842703135,0.079803396358885,-0.0163899224190843,0.0281154942054701,0.0195258677394071,0.0415353789709354,0.0334402883828438,0.0512736440660995,0.0299708604032988,0.077970369994103,0.0158685038746436,0.0977342686805497,0.0049877760423089
0.0171870543599215,-0.00762964563857617,0.0399045194347865,-0.0270225739633041,0.0487973236250274,-0.0334117233349945,0.0480575459950503,-0.0268423165435245,0.0727534451245188,-0.0208135424350029,0.00773613148777138,0.00643428916149911,0.0367877604680513,0.0403041704556411,0.0502516224369451,0.0322242514482348,0.0492184245865063,0.0303719405767684,0.0757764239981006,0.0121647589357973
