u1_1,u1_2,u1_3,u1_4,u1_5,u1_6,u1_7,u1_8,u1_9,u1_10,u2_1,u2_2,u2_3,u2_4,u2_5,u2_6,u2_7,u2_8,u2_9,u2_10
0.0375794139891038,-0.0194210597192808,0.0491358942151187,-0.0295621126444507,0.0506091352424148,-0.0298247241334933,0.0509743197023576,-0.0307116931853559,0.0700097705346414,-0.023111431015121,0.0557884653917305,0.0351207042995481,0.0976354609163219,-5.06483699796327e-05,0.00416906751958581,0.00368947394888326,0.00507117752717807,-0.000692610133277115,0.0537877481054736,0.0252635996864058
0.0366796803118795,-0.0209926996310323,0.0476031459204128,-0.0281563219330262,0.049612621578331,-0.0304248143757226,0.0540933481804938,-0.0293516388794651,0.0941473335452952,-0.00593657859904541,0.028370121308593,0.0109212902449103,0.0494836536022083,0.0222629887979398,0.0499485660671418,0.0270121882770084,0.0514309249977895,0.0311204407349364,0.0753404347101086,0.0142647395261506
0.0322335319027481,-0.0227537964939379,0.0505384319083141,-0.0288082872691825,0.0537941779214347,-0.031166660131898,0.0846195384631889,-0.0136175658366297,0.0988871558095421,0.00134537178383578,0.0249627361543398,0.0127969302264537,0.0451916066883953,0.0200636383425138,0.0497160657983602,0.029205410218621,0.0507524816952413,0.0306105602400025,0.0691779943635604,0.0171373954556391
0.030460817619226,-0.0165175078915517,0.0466182500380746,-0.0250113310579599,0.049289295366565,-0.0294899956015752,0.0622797415235463,-0.0218184869543007,0.0868979007047398,-0.00795661009989208,0.0225805994706561,0.00636923709281751,0.0423456957441259,0.0176296024908044,0.052895872605543,0.0304344267650843,0.0517351628083347,0.0309502189069831,0.0701656693678427,0.0128573249431022
0.0248831390776888,-0.0161596767248849,0.0461879132070686,-0.0242615674670701,0.0497076666698335,-0.0296966587564373,0.0603339420959467,-0.0246209681016219,0.0861528167124088,-0.00973574934374683,0.0324061312787702,0.0132786257422049,0.0514018384609088,0.02339311496441,0.0519156735354987,0.0301466219254074,0.0543046102547951,0.0276523847168289,0.080239872140284,0.00766751203167746
0.0235626106726988,-0.0113066487592126,0.0427519493453556,-0.0246004934946011,0.0506519131962051,-0.0300976762498909,0.060970417054724,-0.0217869920512986,0.0908249062089097,-0.00941405110832398,0.0236051739762195,0.0111843547191165,0.0397431403727554,0.0236202353731746,0.0477629738724304,0.0308001627600068,0.0528342482565248,0.0286444740108519,0.0868612244818973,0.00470073766246776
0.0265345947270235,-0.00848097378369465,0.0417731080482693,-0.0238746196857595,0.0507036988462368,-0.0279514712868883,0.0502311564136892,-0.0281755118600932,0.0730341638285273,-0.0154067507022902,0.014213450409075,0.0119195028830401,0.0388873624960662,0.018246297484623,0.0500307407323167,0.0285623583398712,0.0519646756400766,0.028232896340442,0.0786051327808683,0.00956061511627279
0.0209557712911937,-0.0112422683776195,0.0409489409995516,-0.02390444636282,0.0499448827674039,-0.0280364477608384,0.058537078711207,-0.0262551517783567,0.0858846308554291,-0.00931177296235904,0.0184453356575302,0.00930901888267777,0.0442681871896905,0.0213737432446907,0.050032544473774,0.0288525475732816,0.0508207218907419,0.0289392783132367,0.0735084663133215,0.0143267235702766
0.0216279346769759,-0.0102079653156138,0.0422954966167075,-0.0241113061821676,0.0496718221846995,-0.0269555876284418,0.0524945774254258,-0.0280998481738506,0.0812382390495469,-0.00989834539866477,0.0215733543590539,0.00947400859190948,0.0450043195656138,0.0227662160467262,0.0483921539195373,0.0319525572454735,0.0526981066907957,0.0296736216342508,0.087350496988773,0.00678310184567952
0.0278248090964184,-0.0148203506081728,0.0466989830820375,-0.0277798734417649,0.0507323018197241,-0.0296382505257528,0.0692274450587236,-0.015992890574197,0.0933604931276809,-0.00609976315564129,0.0175116846082783,0.00736027875306267,0.0402054825699238,0.0221440851475868,0.0499178560580071,0.0331993922874453,0.0543445910055095,0.0297351119171588,0.0830995668597473,0.0111950266910303
0.0255125543091111,-0.00856288065607983,0.0432927643067373,-0.0256878388168696,0.0493364866318471,-0.0293129759137912,0.0574840431992344,-0.0224488635819577,0.0834899104496925,-0.00843013481189313,0.0223547523516532,0.00861623718408093,0.0467596011184762,0.0212659135943898,0.0503940016999164,0.0315264343704304,0.065639673779004,0.0235339264759063,0.0925699186583158,0.00682501994422939
0.037109718713803,-0.0207158718026435,0.0494215780485324,-0.0270271273397086,0.0483800019058403,-0.0276256914941288,0.0617375749433791,-0.0206181193286422,0.0925992487696766,-0.00705515459984916,0.0402401533222312,0.017785240137171,0.0550063913456766,0.0236254325730978,0.0502101131798517,0.0405491201366621,0.0517740584353492,0.0314495222973702,0.0813125639693159,0.0139282756828901
0.0476274273701437,-0.0262484283629477,0.064816508020426,-0.0171451687011299,0.0521438242872946,-0.0177761180910855,0.0701152187082627,-0.0149939894453711,0.0968046758742482,-0.0061094657831615,0.00523730714511477,0.00173800895255035,0.00456385962406401,0.000655523662470165,0.0118669510831152,0.00293435853412999,0.0475724178056102,0.0184981034636693,0.0530268654401763,0.0281677373023031
0.0368182201671744,-0.0180731939264864,0.0523485227827965,-0.0256513876614364,0.0506714109661081,-0.0303831724626281,0.0594501559401841,-0.0148287658845348,0.0863078196702797,-0.00880541695105433,0.0266608638418035,0.000612037742865777,0.041981620701172,0.0144521692348292,0.0469358855431992,0.022341397296023,0.0515488215778627,0.0323686787048872,0.0827600181635632,0.0174968741755209
0.0282564418965426,-0.0219590478970539,0.0544338149980404,-0.0263872750393431,0.0508382840985682,-0.0319403124374673,0.0845100125161492,-0.0143990137167333,0.0932160331282561,-0.006165414060354,0.0295558645298373,0.0128413576798478,0.0478051929537447,0.0267283817636745,0.0663661817673844,0.0227820941610135,0.0956353477242677,0.00422594059783793,0.0986194887778099,-0.000289464431434342
0.0368477386864313,-0.0233886918786778,0.0504959269262435,-0.0278649349764618,0.0509242530215797,-0.0294424804513486,0.0748871744055301,-0.00548585881254714,0.0889214534993844,0.00048268348483396,0.0337537506072542,0.0122384887633483,0.0464129967183027,0.0201881282032919,0.0497941286054018,0.031301892874925,0.0533749592511861,0.0326805805283234,0.0819212140276825,0.0185005685233377
0.0396567884887319,-0.0246352941048117,0.0480307680155905,-0.022799263321429,0.0522843662241099,-0.0301374839308079,0.0507482902553656,-0.0317022547242249,0.0849012761229665,-0.0143496741164146,0.040013237331745,0.0111409175980858,0.0492493089125006,0.0276358121924375,0.0724222574503594,0.012991821844375,0.0963861270544626,0.00302422501203977,0.0956485534583278,0.00466088213134999
0.0399309381829956,-0.0279422286819435,0.0499694871556767,-0.0300835977406041,0.0490962498897498,-0.0315374444914718,0.0515242971663872,-0.0295158005472824,0.0849005283554901,-0.00717258680505655,0.0337582703061419,0.0185638212582449,0.0510916917842217,0.0293810461610245,0.0658702831690501,0.0268554661844053,0.0961147537143204,0.0035016780537613,0.0980905996297813,0.000680417692765193
0.0175213960130465,-0.0105946562442269,0.0384776114785593,-0.0111178625832534,0.0492257486786186,-0.024301997046633,0.0513224177074571,-0.0298223195991957,0.0812895683817522,-0.0145261617673217,0.0288450691271642,0.0110390269463237,0.0476317570029395,0.0190142977157555,0.0520674986490814,0.0268546838658355,0.0760471293396338,0.0154779188238761,0.0975381630202112,0.00102702197848218
0.0258469899483724,-0.00987501352507242,0.0438925984817732,-0.0135785032719579,0.0519691204255847,-0.0266669171453887,0.0531072718813994,-0.0326075826657128,0.0725616300197462,-0.0193455124866828,0.037148893977702,0.0173953619029068,0.0494677741771527,0.028243571833658,0.0553876416257913,0.0266873988122226,0.0951460529182709,0.00238740721859452,0.0976698335396667,0.00146073283826417
0.0310143940580654,-0.00993921933879826,0.0488692122464149,-0.0263772156730658,0.0485594694454287,-0.0278733325910057,0.0534938965824951,-0.0312621050796412,0.0688261794093929,-0.0243403481675944,0.0294050940923973,0.0143946047795923,0.0505964902632983,0.0223968200523463,0.0505162813937147,0.0287020921411712,0.0890517626766373,0.00506682233290422,0.0927645787615996,0.00387174904946464
0.0228635893625514,-0.0109591177824193,0.0405053669917485,-0.0128739089456634,0.0467141952242096,-0.0217488022154,0.0517566001485494,-0.0315210124747728,0.0805037137783883,-0.0210270587011038,0.0227734254194997,0.0127321905564385,0.046445108945898,0.0261958760495401,0.0489342066871822,0.0291024091988039,0.0826190609889124,0.010723417477288,0.0959603877822336,0.00334230518844783
0.0251500451053815,-0.0129332146864517,0.0373453752240456,-0.0167636271362588,0.0481532298039675,-0.029037504777044,0.0568591404976019,-0.0306623601580213,0.0850380479635737,-0.0113384382609249,0.0225230440177782,0.0121995188236788,0.0447919116015596,0.0239315579301361,0.0514679605005631,0.0278980302710749,0.0747541314647857,0.0192301325128506,0.0945751659622428,0.00557998364800204
0.0332838190711705,-0.0230643099250951,0.0474647005782008,-0.0312097917063102,0.0499826995970876,-0.0300556910064153,0.0655542856093592,-0.0247757910884502,0.0891891197551253,-0.00696357235225924,0.0419724838589171,0.0237581694809563,0.0483587160169987,0.0279099773955308,0.089102133192886,0.00688229340612894,0.0992333500226078,-0.00337294738741733,0.0982394476785117,-0.00112267711394112
0.0228304056444119,-0.0166253232063458,0.0496102770548943,-0.022232534723583,0.0516942655282335,-0.0283976933768106,0.0497311586465883,-0.0321484092301828,0.076387265171578,-0.0206867854051311,0.0192355498853405,0.0138410765141911,0.0466903337235035,0.0244176724140849,0.0698576098816255,0.0124194547968796,0.0971830309740714,-0.000421716101001569,0.0961294894586531,0.00282068063056964
0.0233249268594869,-0.0112522711441602,0.0351995032269198,-0.0143891939331984,0.0573157794386632,-0.0262008632711045,0.0511785220035748,-0.0312104903454916,0.0748132117540076,-0.0178078678722993,0.0299147337945839,0.0190898617617289,0.0462113817569451,0.0244010038813358,0.0501988549914808,0.0294074959559546,0.0932897049865059,0.00800170771242903,0.0970651164985594,4.05427440742168e-06
0.0172610812210678,-0.0106866774624571,0.0309230709799267,-0.0194577114042024,0.0533324075478664,-0.033221418408999,0.0503831857200825,-0.0308979390513727,0.059435791563044,-0.025530404740454,0.0305769866919192,0.0195689873681992,0.0494615989395292,0.0301270624070369,0.0880048242557646,0.0106259298715294,0.0987158391497659,-0.00273280180245091,0.0979492925999681,-0.00229687215405203
0.0242130935014835,0.00294595478364245,0.040280592788885,-0.0151407149428463,0.051854265158159,-0.0278387248929541,0.0508955794816197,-0.0289292461415055,0.0799651313939733,-0.0108554842608266,0.0387619510663424,0.0248053457661118,0.0499700872880315,0.0271095635413063,0.0945049049612948,0.00361597897660248,0.0956329118755833,-0.00275012624159508,0.0948495436624333,-0.0010529483161633
0.0313017160085392,-0.0231390037428133,0.0469665864957583,-0.0286168009530683,0.0505549341476208,-0.0290316694102903,0.0739867547756782,-0.017367954265481,0.0930887846739381,-0.00978038031132726,0.0391097368524956,0.021028599331465,0.0480187421807407,0.032598333249505,0.0486148535501642,0.0302591401476643,0.0903666461422529,0.0120207879081652,0.0998311302691455,-0.000167225074978686
0.0270763320582372,-0.00757320599873537,0.0409986905594372,-0.018004715168017,0.053459550511596,-0.02734081477934,0.0522336008985256,-0.0277338403008614,0.0835201558783731,-0.011416955743476,0.0270440919849601,0.0123560043819816,0.0429671557765867,0.0221993666113641,0.0489986439200397,0.0284235730268363,0.0578772680389349,0.0243673041069564,0.0899058598708071,0.00256172155872576
0.015320378148175,-0.00480254622457092,0.034464095792644,-0.0173528325741348,0.0442977563014378,-0.0233044989201835,0.0534708745660947,-0.0333470774402727,0.0805600234619097,-0.0160486935181707,0.0255321170904203,0.0143802918708793,0.0456078369349811,0.0266429785535207,0.0520245032080688,0.0274032335662933,0.0848204494904127,0.0145948401261349,0.0978008402243558,0.00127275171693707
0.0130650874988167,-0.0124336270063895,0.0375050138914785,-0.0225369706539813,0.0490909492103393,-0.02876300235533,0.0545901199870595,-0.0261136355302186,0.0871778041579303,-0.0106081753821165,0.0100153035646345,-0.00162117403756069,0.0414592311491181,0.0158302896550417,0.0494892212716259,0.0252522864499795,0.0548175278124646,0.0316363798119036,0.0920693630754798,0.0169068077217816
0.0177320490640509,-0.0135210337305421,0.0431684864355727,-0.0251130588317514,0.0499657769832431,-0.0320170183071101,0.0617681257315727,-0.0195211642779905,0.091741365914756,-0.00176064400191774,0.0196272715924351,0.00795439380001953,0.0457166025942192,0.0175447813862111,0.0510768394069236,0.02331346337805,0.0502864045995061,0.0297213950577411,0.0745178057835177,0.0262416080826844
0.0137425315128562,-0.0146366658643629,0.0411304462012651,-0.0200580439478746,0.0488517210083932,-0.028521927981515,0.0510400754084514,-0.02809261447692,0.078789476852211,-0.00968892791340116,0.0300306565695082,0.0133756489737531,0.0474371830651578,0.0212417538935487,0.0472505003205699,0.0247411712721119,0.0515788211629393,0.0287120672152442,0.0867712923859684,0.0180803008704463
0.0122093147240735,-0.0214352804928487,0.0420160375382092,-0.0335871700030025,0.0511090287806806,-0.0310761292149692,0.0539371969661168,-0.0318921746444696,0.0797900507530013,-0.0181178675748514,0.022665731757227,0.0189333156576772,0.0462455156910272,0.035617696681929,0.0491841681072434,0.0327081453184826,0.096181757168198,0.00516509801213914,0.0971263095270585,0.00204980790846934
0.0224958314601774,-0.0110234736219212,0.0401010996805831,-0.0260710218622524,0.0472576774966406,-0.0267810907740849,0.0568265513362721,-0.0305662413869845,0.0803181944025994,-0.0158333597474135,0.0294066399633426,0.0159233965153087,0.0486960045045281,0.0217121676720487,0.0509090434577151,0.0242970372684416,0.0569173961126587,0.0285309066284718,0.0651627813871107,0.0255715176336921
0.0224624127869544,-0.0151022022758973,0.0420873632493552,-0.0212083787674354,0.0502652093542761,-0.027967935373636,0.0752472940289882,-0.022569028417249,0.0970849652650309,-0.00868143983963421,0.00818934832402607,0.00893408501531412,0.0368226606155752,0.0189248235104633,0.047193420812724,0.0273766375946645,0.0617787138308374,0.0159397623706748,0.0958390051717211,0.00346502078012187
0.0101585002788475,-0.00755694980136473,0.0365666612014691,-0.0185416785198069,0.0474128196339246,-0.0261934197841413,0.0514689222446321,-0.0278918600373737,0.0721522516985645,-0.0159190472357015,0.0235404826642915,0.00675170665078256,0.0426344708166595,0.0137372720259995,0.0469147639614449,0.0234205909377485,0.0478571018825036,0.029674552523581,0.0750016946234502,0.0262658523115101
0.0174889399773632,-0.0163742903516869,0.0440471177023625,-0.0220157945249591,0.0516227171457672,-0.028158158400476,0.0490691523232013,-0.0281956454368674,0.089346637312098,-0.00795528794848562,0.0225794950393884,0.00544979104354618,0.0434474346057196,0.0197498679841579,0.0465151081134107,0.0269710675893328,0.0495700573209321,0.0280710357884445,0.0874510513989462,0.018322730408037
0.0219708223295697,-0.0161896260620416,0.0441601211137465,-0.0271021627886316,0.0491143513380175,-0.0271920841625721,0.0525794063662577,-0.0298244682364351,0.0771305529231189,-0.0142529636717484,0.0238847939497818,0.01240129121923,0.0500599264943667,0.0247432640825715,0.0499962291000468,0.0259491290242337,0.053271512461623,0.0275064480069044,0.0754724584097385,0.0193752475258378
0.00974904655033926,-0.0160710655333194,0.0396091905198806,-0.0283005586429938,0.0498868868897032,-0.0296209625147718,0.0657135100756077,-0.0202028869446899,0.0881445866792129,-0.00932448726511823,0.0350717536378762,0.0245267582370651,0.0468472346204856,0.0329552151705258,0.0490451859033979,0.0329030029912965,0.0516989023124443,0.0308174107167491,0.082276167337365,0.0135645856147889
0.0153417020497545,-0.0218992665703175,0.0426052262440287,-0.0325272536223421,0.0501380985452903,-0.0302468271501265,0.0702598490229608,-0.0246828007521665,0.0946006628455788,-0.00934275173299042,0.0331059521100071,0.0308946823926043,0.0453319848364652,0.0353165867558245,0.0497185295564415,0.0323864840268463,0.0598925007774266,0.0231015157033327,0.0952140094259639,0.00756918919989348
0.0206973747714954,-0.0156419092499015,0.0449560885307889,-0.0240752243775071,0.0498428523887032,-0.0268069003492752,0.0510472057830736,-0.0289869388320869,0.0751375134923966,-0.00594247818073939,0.0264600594574928,0.010171212023663,0.04306417558581,0.02030573434925,0.0494042060290177,0.025379511558647,0.0556137016603876,0.0325325836399666,0.0883270078028707,0.0149054759469115
0.0180616945821416,-0.00735852233348076,0.0405429180590996,-0.0178163999007202,0.0498437075910624,-0.0257645740378952,0.0510091878689082,-0.0295070810477089,0.0753544045600648,-0.0112845403992351,0.0190902459574614,0.0092382911885448,0.0421090181822524,0.0217033277501127,0.0480020287596453,0.0262180049704182,0.0500008433326607,0.0274426453967252,0.0770578591508024,0.0112872124143473
0.0199128128451263,-0.00871064996131032,0.0425206476526158,-0.023129554542872,0.0487568716388362,-0.0262593419327343,0.0513966363707826,-0.029372269954827,0.076043610212384,-0.0119836350265201,0.0157180280412159,0.0090700722319737,0.0381312073441613,0.0189257436873988,0.0457931338021572,0.028531850251574,0.0496715017327864,0.027998543608017,0.0733406012802029,0.0173758617727056
0.0188187334629352,-0.006089184608661,0.0440114733380454,-0.0219735173635083,0.0483988563601268,-0.0299074857709531,0.0535064405791319,-0.0281246668638813,0.0785525656086026,-0.0116148064181952,0.0196903657394063,0.0111670978558701,0.0428422532255699,0.0216110044965921,0.049688277212457,0.026845727515817,0.0506192022856845,0.0293225404913626,0.0865571676154252,0.017150940621328
0.0102897230268918,-0.0134047600751502,0.0358656965785496,-0.024182786562477,0.0501150496484471,-0.0276886561955477,0.065691225797814,-0.0236669976253017,0.085566574033071,-0.00717452673544104,0.0331817615402347,0.0197615196779872,0.0444193509705187,0.027405272689596,0.0524935063541768,0.0318741789705861,0.0654253660576218,0.0219832959814112,0.0930710240953674,0.00594105832709467
0.0114502679190277,-0.00575180151172837,0.0329970107130723,-0.0201248533316105,0.0491707229334886,-0.0290828477769512,0.0600406785083606,-0.0249717904222302,0.0806292086665951,-0.00622298967050476,0.0175923676087935,0.0107376745364547,0.0377451166317089,0.0236525742141128,0.0505843312174542,0.0284293889194982,0.0547261931990706,0.031975778721626,0.0807020402980373,0.0140473387110508
0.0243577558115706,-0.00943006891544054,0.0415580259539488,-0.0257240461778435,0.0503966743035098,-0.0290568635155625,0.0677388590681907,-0.0224230824236874,0.0966811075383632,-0.00710284535605759,0.0365532486461131,0.0206421890687918,0.0475153567624857,0.0248979393912036,0.0504277838742385,0.0263425883437221,0.0694469516879509,0.0101834501617102,0.097572770139927,-0.000664394163487964
0.0172895242991306,-0.0189288127600218,0.0480787039609849,-0.0258379062297062,0.0527041175835958,-0.0255461676118904,0.0527064023581126,-0.0324542885744139,0.0900574412462469,-0.0179515328061634,0.0131768515807329,0.00619049827246515,0.0458940370929857,0.0276487237990717,0.0495526139964281,0.0294182622265893,0.0765565773256564,0.0103006221636521,0.0968974228661058,0.00235599490327679
0.02285695618775,-0.0192231700636844,0.0498347785138411,-0.0264011263023247,0.0497685992469094,-0.0275942965995097,0.0809658758826982,0.000380877408585988,0.0992495182120539,-0.000256018720457377,0.0331470551455522,0.00976551801966141,0.0467714836853107,0.0210176254503062,0.0476070472269075,0.0285732736171358,0.0560011562453265,0.0342234240267046,0.0918829599158591,0.0148569875954796
0.0202929197441062,-0.022133091938292,0.0500851543310965,-0.0267955271897782,0.0538391484422119,-0.0235581515843206,0.0580074435558448,-0.0282695848590201,0.101451351597799,-0.011209653970385,0.0117897122937489,0.00145334643518405,0.0358146081294923,0.0265179903709927,0.0467625844681589,0.0299725528405499,0.0819672801965272,0.00997324339873656,0.0977864027514799,0.00198131985773776
0.0148692152449128,-0.0212084306813408,0.0270776258780047,-0.0326814873599853,0.0492019860869146,-0.0298876490987025,0.0728698726226388,-0.0146264963003267,0.0931144085258082,-0.00563519746091495,0.00799221753307932,-0.000413264138036813,0.0314558744319665,0.0173407931247056,0.0467906358630553,0.0299032487500708,0.0522638383674068,0.0324876893848552,0.0775922143093693,0.0187069806662891
0.0176223521381305,-0.0159941881289287,0.0452431521771469,-0.0211120673767306,0.051244951438161,-0.0284251394191069,0.052299483080749,-0.0314201524640432,0.085928301561418,-0.0166575640572243,0.0116039779279169,0.00588686621506895,0.0370247287685058,0.0216690817862027,0.0468479532901758,0.0284711141523272,0.048866530411675,0.0270166129844135,0.0935818021500812,0.00782350662080661
0.0124686174559579,-0.0191800430963522,0.0354242257859003,-0.0358849145384067,0.0529652399998612,-0.0295793818905552,0.0583608870004543,-0.027374401603199,0.0820097421819236,-0.0128200438154621,0.014817111944304,0.0143437663014545,0.03666762827433,0.0361629840580394,0.0465551901695488,0.0315870596077202,0.0474424551434789,0.030608169543688,0.0722413168570763,0.0130270474432834
0.0238454547199612,-0.0150879759215131,0.044744191679248,-0.0261157004979806,0.050219444465835,-0.0283596289717937,0.0658211635478099,-0.0207652742852783,0.0968712332453516,-0.0068403051685757,0.0202116956136767,0.00790548800101455,0.0448332357963907,0.018953281471145,0.047797480198082,0.0270826758980164,0.0491023637984172,0.0280688030329925,0.0816102008967635,0.0127638461324247
0.0277131717389733,-0.00700791612417284,0.0434193199880541,-0.0216385899001195,0.0511730644782277,-0.0298990867865188,0.0669393074438411,-0.0285277832719006,0.0900696792088512,-0.00981481567139417,0.0273858380450435,0.019201545008208,0.0478672164651882,0.024587189440422,0.0516887728152214,0.0245680250560094,0.0779872287936366,-0.000288857357239234,0.0940541886418745,0.00169377988907992
0.012528921877429,0.00119969079776685,0.0324423839014854,-0.0157046125465954,0.0468235309020225,-0.0292410972440946,0.0618419412455149,-0.0276475258081999,0.0891318025053256,-0.0122596360571267,0.0167718773059233,0.00986880787121739,0.0391106401484173,0.0217638649031755,0.0524187522447716,0.0235756485543759,0.0718923526263789,0.00809022353974592,0.0979364934049689,-2.98116904355898e-05
0.0173616573742532,-0.0170388758456606,0.0350155688396599,-0.0293363369200639,0.0514311113069731,-0.027936579007503,0.0640212051115665,-0.0237453473450914,0.0880877139114845,-0.0118886958338908,0.0105611691574296,0.00341068327386951,0.0378311920300914,0.0203879818753316,0.0450609959617662,0.0266177065582105,0.0480843045200064,0.0282668059929435,0.0660835697831254,0.0165328726334791
0.0173878084966613,-0.0195735166630648,0.046464613751962,-0.0238957699424036,0.0491947539762588,-0.0280210874024432,0.0687675958490681,-0.0232743073350853,0.0949676218066611,-0.00680630180302064,0.0246536834581214,0.00655049686683411,0.0456595697411749,0.023100300182184,0.0483202306696131,0.0282273571032128,0.0856160440445742,0.00522931402695331,0.0980654729853739,-0.000264708354795256
0.0191808254105596,-0.00523494864755705,0.0402137400074034,-0.0213808968113907,0.0483907971087029,-0.0285645008747205,0.057322319670331,-0.0264199995727347,0.0933617640435517,-0.0120382473700419,0.0145709566567129,0.0119082208227515,0.0388826339279418,0.0189228726455532,0.0476870766607159,0.0268992424529922,0.0504620023580315,0.0276706585002881,0.0861722672388889,0.0100171344374453
0.0273428530915359,-0.0101948917137726,0.0421008924491434,-0.0216882262575517,0.0496661119271873,-0.0284336162614538,0.0556801734499424,-0.0265560268639445,0.0781271246326098,-0.0101330012371854,0.0200615692704955,0.0132969749153808,0.0443649233233435,0.0245977276364631,0.0511004333717182,0.0226112433234103,0.0523741507918588,0.02905292946671,0.0635417117492446,0.0224184054850244
0.0188768726654502,-0.0144196407681975,0.0455636455062546,-0.0208409121680631,0.0521308892568996,-0.0253234441286935,0.0536230351848209,-0.0291725574337991,0.090044993896575,-0.0110557883101936,0.0117976169543207,0.0074410062149523,0.0401505549752083,0.0283814148953886,0.0491060546695713,0.0304422578738475,0.0510628693256876,0.0266591198531777,0.0887395456158565,0.0132005997886623
0.0185588096686513,-0.0128093203794329,0.0437511850645236,-0.0230439881534538,0.0507333179753465,-0.0279975810088015,0.0699545872431762,-0.0170671234659902,0.095779736311539,-0.00111803364229279,0.0203734106977134,0.00888778863139654,0.0435320274228033,0.0196485200526925,0.0490106791133967,0.0299432497012043,0.0543162693416907,0.0291554385947718,0.0924317727998186,0.0131965314370153
0.0149226883084186,-0.00885594619378829,0.0398551772413122,-0.0199349215131555,0.0483935651976198,-0.0250284860405719,0.0503113297840353,-0.0294900937601325,0.0818962665787284,-0.0126995742670776,0.0163211452590696,0.00762787998752005,0.0419517823299673,0.0167128332964021,0.0465175359882571,0.0251293384769006,0.0509621874605139,0.0265472831209291,0.091130075144753,0.00726935299189776
0.0091816337959607,-0.0040941563370926,0.0292438269853653,-0.0255526116948141,0.0481965672429138,-0.0298589317043523,0.0621673335813794,-0.0225565520783289,0.0876817644838491,-0.00694026846377579,0.0243228094981954,0.0186867150760134,0.0430224502866552,0.0362042956221858,0.0505917617415638,0.0321703135104353,0.0854781748986292,0.00351244430228799,0.0992663007018268,-0.00299066658529037
0.0262218985871707,-0.00180608859675181,0.0436114409045285,-0.0153931396136433,0.0521409615392359,-0.0306376262577989,0.070247729246261,-0.0198422415860827,0.0919342642088604,-0.00312546156490111,0.0113879087749126,0.0112842734004345,0.0409743541338697,0.0232358122579469,0.0480696917250485,0.0233769052893961,0.0646783447940548,0.00146400643276328,0.0822134177089637,-0.00243769553293303
0.0217582191726759,-0.00819374507820792,0.0421812182563002,-0.0169483898965132,0.0486043276597198,-0.0272075262141288,0.0616342254663686,-0.0261982184182532,0.090543690708062,-0.00518515003444772,0.0272986014845969,0.0121134511237124,0.0458341654855398,0.0238412040007278,0.050721373875099,0.026935938443336,0.074968093701276,0.00498781087398234,0.0953696534753721,0.00312976080292892
0.0317140005945526,-0.0216140086139562,0.0417198194930192,-0.0283631685394129,0.0495766229798687,-0.0279437096872481,0.0572976495405521,-0.0248292664415928,0.086659739852776,-0.0100193060946207,0.0162721236234761,0.0117047020718082,0.040123042838117,0.0282576577644148,0.0485593312047267,0.0342439705110187,0.0587343299009291,0.0262644818999105,0.0857919455939305,0.00432001740058828
0.0249896107172957,-0.00837700592656123,0.0425290397590074,-0.018997266405951,0.0480202053458192,-0.0283464808426175,0.0604246101464612,-0.0278868006761036,0.0895798537387418,-0.00937163150665117,0.0189143292659335,0.00996474938007119,0.0442170803460834,0.0198002292496572,0.0490939891153092,0.0262706430745251,0.0640848367662401,0.0132027685807868,0.0921446265065013,0.00675113451887649
0.0288965896847914,-0.00926992697873223,0.0423628091968433,-0.0210020650277616,0.0490974071022011,-0.0273389735147029,0.0586275406805391,-0.0288358439843081,0.0932483533441887,-0.0103739229321304,0.0218358940135621,0.0136618772134887,0.0464095226314951,0.0252324730501657,0.0493039689039562,0.0247842833886586,0.0685916662373957,0.00704567296540846,0.0957956663716314,0.00435382553907175
0.0249088637548978,-0.0115025746090554,0.0467513586129107,-0.0250194598326044,0.0492260655857496,-0.0262108375535843,0.0545470479323897,-0.0287499972007466,0.0921854474418346,-0.00676502752738021,0.0235451403436491,0.00599716922466306,0.0432146348185887,0.0164531153519853,0.0477731426633231,0.0288312493831623,0.0525707542271401,0.0251585695053584,0.0924130029276648,0.00990024443671869
0.0205082612070901,-0.0138655457303601,0.0421823720137673,-0.0269614735863506,0.0460075356378814,-0.0285697558548884,0.049592047755595,-0.0296764690233096,0.0760307024635339,-0.0110925899203427,0.0227493849018927,0.0142555134155302,0.0495358327948532,0.0228160295052378,0.046840839217562,0.0280166416202258,0.0531816391355127,0.0298215912012369,0.0950417100536071,0.0120548955060753
0.0138852699427317,-0.0174266146228586,0.0395697068554592,-0.030592011751634,0.0485529733844012,-0.0313798642751181,0.0633806572415055,-0.0268168309715272,0.0825680932651093,-0.01601537769597,0.020948593390009,0.0180198951995722,0.0404398872635716,0.0374935726486745,0.0481069844545732,0.0324225156676413,0.0510534056530457,0.0306223672440082,0.0881034988805748,0.00384142873596903
0.00508035234594552,-0.0110319449001165,0.0350362442806723,-0.021920790297863,0.048351390072105,-0.0282624460588413,0.0557067640635386,-0.0316411228544707,0.0890155098469991,-0.0144608000497357,0.0187778189225276,0.00715336968512883,0.042047078858479,0.0241659699083788,0.0499426474825876,0.0290940881332981,0.0570061317204896,0.0175121783346676,0.0809753605755654,-7.55419932422361e-05
0.0149468423773759,-0.00407957072650617,0.0370932698503374,-0.0187953524608049,0.0497440646423399,-0.0291273442118097,0.0690656755316807,-0.0273687526536358,0.0921480675974376,-0.0115435793221824,0.0252051732185308,0.0186264582495072,0.047761047350217,0.0265835764801932,0.0714830231179706,0.00772047749296067,0.0972129925140996,-0.00169081116570357,0.0978921800021092,-0.00103599849415933
0.0240672954593823,-0.0109033622109312,0.0348318580233214,-0.0254278186121505,0.0509718318002269,-0.0341646527632592,0.0779772874714191,-0.0238343147876303,0.0967792747668521,-0.00910106646692202,0.0204432978862529,0.0190217093456353,0.0474048071856268,0.0271578125110136,0.0549684113048276,0.0208934929891715,0.0813723462192696,-0.00211013667272905,0.0993739183033809,-0.00638187977527795
0.00944831898971713,-0.0158515427765305,0.0315185066115329,-0.0314513010580662,0.046478147210587,-0.0298287097291487,0.0589454503940941,-0.0272500997610184,0.0871676631455903,-0.0127301030148405,0.0472695765510231,0.034081658034183,0.0652037787611212,0.0211001827347923,0.0984347747792684,-0.000905480512522963,0.0981346127918052,-0.000457935962017524,0.0975214675289504,0.0010292860680608
0.0219039766706738,-0.0118042365463461,0.0375596520120168,-0.0261327144202756,0.0466490995588533,-0.0284707238911313,0.0619832721456016,-0.0311765166625967,0.0920003442868184,-0.0135311035978265,0.0227501686449227,0.00852768801471017,0.0459985324082342,0.0218664464557853,0.0498767331691531,0.0258633044588569,0.0502070374244535,0.0276222979727093,0.0819259896294202,0.00633046140161393
0.025586430215883,-0.019508274430428,0.045657042350825,-0.021960722654007,0.0480791633500148,-0.0299302252654323,0.0672837975677212,-0.02476562486499,0.089447668655808,-0.0114850024866581,0.0387935482678219,0.0118261767246891,0.0518005837005232,0.0266670766281628,0.0488909951671046,0.0247021433242028,0.0759843818576115,0.0158083380322903,0.0967447837364263,0.00144395735774128
0.0148407419684809,-0.0111148433792832,0.0429731609657937,-0.0237898194234831,0.0581454554488489,-0.0311768073940524,0.0517553828712795,-0.0262332719240646,0.0754585250801682,-0.0127986515248928,0.0039294453767945,0.00237915185659306,0.0224134849980239,0.0123026969377719,0.0513049276304173,0.0267708262301116,0.0784428561458676,0.00632067902676486,0.0956044586500548,-0.00193524736381939
0.0250652382135073,-0.00497016441002798,0.0412907183546433,-0.0174905250933742,0.0487375526229034,-0.024336851478116,0.057217149666651,-0.0257639442180083,0.0889796865614555,-0.0116288387275895,0.0296373823473972,0.0181819595373867,0.0506928612096257,0.0261489408453357,0.0505608639973968,0.0257017170137835,0.0591257415019377,0.0204265658228056,0.0906560387226821,0.00270927529478459
0.0089772660908012,-0.00751345334519866,0.0339567702230418,-0.0152903882043126,0.0432920956580283,-0.0256468648770112,0.059926585570939,-0.0288040953317015,0.0863332491435833,-0.012416384191814,0.0225829299779437,0.0146370668639238,0.0476389280549813,0.029021357355577,0.0548279250244462,0.0260753558050886,0.0827566975051096,0.00440294577206176,0.0953919454878504,-0.00779215591414905
0.0160811606808469,-0.013627888624429,0.0392169111620851,-0.0174342321178027,0.046129774047123,-0.0276907710948698,0.0599582187287132,-0.0278312597122816,0.0909742972819658,-0.0120706716660264,0.0281722710245908,0.0132059334257052,0.0492555244512735,0.0273212020943222,0.0588744902404081,0.0243655928456981,0.094161467354365,0.00646281725877084,0.0992460711147274,-0.00123915922633543
0.0171315014410216,-0.0043067311114847,0.0390424243499936,-0.017956344205027,0.0431520290825572,-0.026999616038972,0.0557041146047896,-0.0296357464024861,0.0867591554819012,-0.0134435558895378,0.0330425727911109,0.0183472081607649,0.0491349359253086,0.0267309469653152,0.0534346479010881,0.0237137273576143,0.0903998887627392,-0.00115460979857253,0.0995560102371286,-0.00200050262509356
0.0182417324169325,-0.0213375143809657,0.0401417757631404,-0.0333500414169738,0.0531881655856508,-0.0288341144005368,0.0600556274891605,-0.0244714100792279,0.0857076099249133,-0.00824974294278053,0.0351709878042535,0.0319745889950584,0.043971657438318,0.0333433341998614,0.0502248095497942,0.0289667379622466,0.102042171813012,-0.00443196445003221,0.100375691275361,-0.00166270582344283
0.0292337607504963,-0.00605573434038236,0.0404576254825053,-0.0220370831897831,0.0468813359109243,-0.0275524846738896,0.0672037021196614,-0.0256162372439827,0.0930602358426223,-0.0107609156880926,0.0371363620663087,0.0214740118789289,0.0494014672132023,0.0260872254505507,0.0512202283703084,0.0290699004727514,0.0852314776412225,0.00887590837531732,0.098369428751482,-0.00106173530919323
0.00998859805055891,-0.0116993070002852,0.0331869263379795,-0.0292995019230519,0.0470399007917619,-0.0299597229019549,0.0645145452173718,-0.0234782009528965,0.0884974597966372,-0.00776004121234224,0.0289385645007183,0.029246389513941,0.0529056866551142,0.0324588984603401,0.0478675045992701,0.0285215803750537,0.0792505836297534,0.0112149152268498,0.0959928188371345,0.00399073440839577
0.0147795593870061,-0.013232345542225,0.034526475999074,-0.026868973314039,0.0460311114591889,-0.0265949346285914,0.0533723685543671,-0.0292894707321105,0.0918866866156563,-0.0160598175255461,0.0246030206660124,0.0109243085195397,0.0476495735035588,0.0230299549245982,0.051295791407511,0.029437605445981,0.0505830285210727,0.0297759308658515,0.0608267438914629,0.0244029134972797
0.0101166952358524,-0.0172039150303299,0.0368017176657979,-0.0242042594276872,0.0482110499914644,-0.0254057175535425,0.0599184244988411,-0.0290250472671871,0.09336308675129,-0.0139220227893149,0.0176689934644845,0.00300283771605528,0.044563545381334,0.0237269944767939,0.0487069637297633,0.0282337269771865,0.090224407257946,0.00658532611308061,0.0974152045695398,0.00131602496301164
0.0113586061200735,-0.0206431107149953,0.0410882868425067,-0.0243172938346049,0.0500884796387711,-0.022472227552423,0.0562977222668983,-0.0296331451503279,0.0914169999967153,-0.0150804735195343,0.0230881201540947,0.00283752843223591,0.0494993458745402,0.0299666961195462,0.0553562219173093,0.0245061997181513,0.0926714319434164,0.00529856874829753,0.09759665277381,0.00131667274450434
0.0110292630569892,-0.0209384945424594,0.0291929350473477,-0.0271053234415387,0.0487140911108186,-0.0240891324515974,0.0640965182588549,-0.0299151535222845,0.0917969819677621,-0.0123252463351103,0.0186780636752275,0.00369011802403751,0.0515277284964205,0.0287957845160786,0.0622623970502779,0.0162857017695464,0.0943671612739048,0.00287821552173471,0.0976920669254057,0.000697156275140826
0.0135099969849862,-0.0171770645566363,0.0383678216630739,-0.0257070966637261,0.0463700789598539,-0.030685102758345,0.073806097413652,-0.0242207748080261,0.0971310861471714,-0.0118391828005456,0.0226450060879975,0.00765920684523599,0.0452357134038552,0.025652304989514,0.0504355623214971,0.0291593031266725,0.0924954282973025,0.0104234974303596,0.0982713118996723,-0.000715176269282727
0.00776631890163403,-0.0138793862271983,0.0345229778006534,-0.0206872389063271,0.048065898943115,-0.0271923721394394,0.0641146640401741,-0.0290531376879321,0.0949866922352945,-0.00897810587623929,0.0230428811011284,0.014237133857718,0.0450899746481495,0.0302255991393498,0.0497649766179964,0.0286799172604575,0.0822023919983045,0.0107615105699135,0.0975746104479931,0.000972535880467636
0.0188476594789704,-0.00940254903537117,0.0376176642182433,-0.0277829605931558,0.0484209998279685,-0.028989943439286,0.0714729780742516,-0.0225817488245045,0.0933928201042443,-0.0088826158703508,0.0225974665776036,0.0138944168266804,0.044569483849911,0.0199648553512356,0.0510678590589291,0.0271799341976727,0.0788601961850215,0.00868756610643118,0.0986742515759285,0.000299724125556628
0.0161205843791955,-0.00792923672431809,0.0371672328968189,-0.0236611755071309,0.0453322679729797,-0.0276603505179229,0.0749501798292935,-0.0255534293705947,0.0937769263070213,-0.00783637695232201,0.0216973390106925,0.0150554365052747,0.0458086120089141,0.0243398951871155,0.050275995775698,0.0277277037098585,0.0892740294798844,0.00352154444277161,0.099272376389703,-0.000285796819491085
0.0131427836670351,-0.0114630410438575,0.0361507231228597,-0.0189797573687559,0.0475276752858784,-0.0276386083027673,0.0680711937697469,-0.0244977327489379,0.0931074512001154,-0.00705191821109745,0.0288546500638311,0.0145368633303389,0.0496289747382666,0.0291387462724474,0.0720536199901513,0.0101895004684547,0.096889405846109,0.000493288728916063,0.0988485492732427,-0.000282657398705527
0.0235820887357389,-0.00741921540444606,0.0363603433503371,-0.0189581930021698,0.0481680933484315,-0.0268875423108438,0.0616693953023627,-0.026572373919581,0.0882553717224417,-0.0107601399823282,0.0274883413867305,0.0184364944038529,0.0479210886205269,0.0300648508335097,0.0599775428895637,0.0218610059177224,0.0956250972937495,0.000244047238129522,0.0977405610452473,0.000577762114555834
0.0243499441606854,-0.009858252857222,0.0407165896380621,-0.0307646751250296,0.0551707197654166,-0.0313850661906049,0.0574913157657964,-0.0255649547025919,0.0868677593885641,-0.0100399200881847,0.033807700127345,0.02146943267759,0.050652419499613,0.024594901047226,0.0948180268950244,-0.000437312552920905,0.096731038409135,0.00116149567175787,0.0984446503210924,0.00139580301656577
0.00563236906510476,-0.0188469981508206,0.0289930831696366,-0.0258473089248517,0.0474123124542974,-0.0250696843473226,0.0567632485423571,-0.0292963251341146,0.0909893108689042,-0.0128735387422574,0.0357764440918607,0.0150609840020078,0.0490161242643597,0.0305267337763269,0.0551747001410862,0.0265463711362648,0.096884055661957,0.0016880330034374,0.0985869646282871,-0.0019142120543181
0.0050243397225439,-0.0223120251717539,0.037370333560398,-0.025691699689667,0.0482176619946033,-0.0297386469194531,0.0733414435614271,-0.0223777405167442,0.0933620966384233,-0.0125764583706384,0.0151068863818022,0.00556822837659641,0.0410569023499829,0.0256780781794832,0.0530037081867172,0.0322952276517605,0.0507306852123018,0.0269392976430166,0.0826053131334626,0.0175917546137145
0.0024794135136841,-0.0270662890082227,0.0404114001549345,-0.0233870114083709,0.0517955649351767,-0.0311794260744115,0.0864914522471423,-0.0276020358759724,0.098282914397467,-0.0170317411254954,0.027681392245663,0.014057842988475,0.0506393071666407,0.0325456645509889,0.088728301828266,0.00943867078354798,0.100070964535626,-0.00695648067675732,0.0976086179498368,0.000310079033528559
0.0108108863972581,-0.0188312479985597,0.0354475861505397,-0.0296292814291432,0.0673352166513197,-0.0267656720270844,0.0931687101089903,-0.0266530869609825,0.100296884779902,-0.0129544493604601,0.0339104348986182,0.0180845814274058,0.0500980360066458,0.0289162524544762,0.094443889662375,0.00366075854374475,0.0966029724650618,0.00117871777850924,0.09629692520946,0.00416161811290915
0.00890420600072744,-0.0189652262304222,0.0302470880658183,-0.030180640842715,0.0473172038562056,-0.0301397171625361,0.0712663560020972,-0.0236959062903877,0.0896119917774618,-0.0134871838440002,0.0277369884059526,0.0163297895766712,0.0454759803610567,0.0315447636299575,0.0506881109524408,0.0300917527464364,0.0922857263947008,0.0135035687160241,0.100496761221701,-0.00417767284332591
0.0146651178619273,-0.020861607781045,0.0381592524592894,-0.0283395307037589,0.0625350747119206,-0.0284084785204104,0.0890727424261596,-0.0237120082590419,0.0980636470212469,-0.0128893358187911,0.0244400580121479,0.00725529965264842,0.0490739027295932,0.0265202785406288,0.0503339433866668,0.0268858309910849,0.0944357598194873,0.00304015117014875,0.0975566825768271,-0.000186917681929822
0.0103648513737244,-0.00773665227375135,0.0258429018029962,-0.0214076600164051,0.0515770692995673,-0.0303568416519106,0.0723117350873645,-0.0257602772448017,0.0917666305063207,-0.0141884501215317,0.0360705942025509,0.0201773319393409,0.050977190303328,0.0315966644543053,0.0915373447983926,0.00945523519436933,0.097389984274216,-0.000574164723200706,0.0976314956065824,0.00104174252980323
0.00630360596917776,-0.025855822696127,0.0416673643260998,-0.0187948824070874,0.0493699614446478,-0.027226822408487,0.0812837421136528,-0.0284838337088776,0.100200573976771,-0.0175458600881076,0.00564240379432054,-0.00709204819646699,0.0500234844284048,0.0229665880973136,0.0521446152654816,0.0275108127489258,0.0721594948201825,0.0150630655748253,0.0990113914998871,-0.00382665349234953
0.00391748625151923,-0.0212204774835744,0.0181987849666673,-0.0373313768940512,0.0418419893978788,-0.0317689182763936,0.0652223978529151,-0.0225538290243976,0.0847444658463729,-0.0095301117410683,0.0151876426629809,0.0104489229481359,0.0471731776308951,0.0316516198461089,0.0497859617391688,0.0318152187413149,0.0853463358499355,0.0127454537400753,0.0965292714118342,0.00378236584351162
0.0169811998912202,-0.00831263941144132,0.0361806641165537,-0.0199038014929493,0.0423255039523348,-0.0272008051405325,0.0529266329201946,-0.0298743851590405,0.0842547518322925,-0.0118227900753295,0.0170549940858901,0.010398343616766,0.0447500723149922,0.0241090024732231,0.0504384634898675,0.0284406488469226,0.0794164078390814,0.00433463953011518,0.0963928934433734,0.00361661031427931
0.0165917719153471,-0.0150771385234277,0.0406118127284235,-0.0236365543167022,0.0471516348222014,-0.0276351203839493,0.0597878946575994,-0.0250745128593217,0.0872065881178676,-0.00435408446158964,0.0272353290773896,0.0123830747603607,0.0507094398874329,0.0295492898814639,0.0490882616496132,0.0281383375138805,0.0534106062997086,0.0288495425945007,0.0870269362031684,0.0206493463477173
0.00670349657978749,-0.0187063577823847,0.0227767724228709,-0.0303643656972033,0.0412678157383188,-0.0283788498888906,0.0586830530437397,-0.0240631273664468,0.0823722725678931,-0.012921652632807,0.0212672021239423,0.0180461908307346,0.0485327621545364,0.0351969580759577,0.0508282743960571,0.0308203570614702,0.0852464200361385,0.00589207901342703,0.0994884246060359,-0.00332733076789006
0.0100771215711184,-0.0144264696677741,0.0262292009867629,-0.0310498549137547,0.0461125085965937,-0.0275871773234429,0.0622844444671595,-0.0241133041250955,0.0864463544710609,-0.0114608053396984,0.0258756211030086,0.0115867077401432,0.0439189126411386,0.0257961611784475,0.0488329143696324,0.0294712384729607,0.0488708194282855,0.0291701009179245,0.0737065214885644,0.0182439476482599
0.00738635158718245,-0.0197212244336434,0.0352191076684951,-0.0218912031942347,0.0475297077226072,-0.0277760702884609,0.0671257184203012,-0.0256042400112296,0.0957256730546733,-0.0161052782168348,0.00856256471734975,-0.0011903799691717,0.0385903268226728,0.0192422725739441,0.0504637707788823,0.0268405261089179,0.0520433304728678,0.0261087325981939,0.0926092267069321,0.00956135018258888
0.00109752560969752,-0.0161018465556653,0.0134889882576866,-0.03130605574363,0.0295583772807656,-0.030171858268598,0.0461096559460726,-0.0265289982856698,0.0837443043393327,-0.00675987634416051,0.0140964455652688,0.00807628414699305,0.0453115514414822,0.0281877037090348,0.0558185785213455,0.0333505880120322,0.0688238773851788,0.0224683700555013,0.0929654478835968,0.0109747533831519
0.0103122825177472,-0.0152267071444833,0.0311540041866138,-0.0260058901094158,0.0503256152345605,-0.0259159620226059,0.0724309966980847,-0.0260588826430992,0.0956342319586126,-0.014063535168339,0.0129254529844736,0.00528131501335344,0.0329613802903545,0.0161086602609474,0.0482087235919675,0.0289799433662909,0.0569503486159163,0.0211623030205953,0.0950211410085968,0.0040998651311471
0.0121576598815821,-0.00728335527032845,0.0334956652783068,-0.0190146764338252,0.0445888210501395,-0.0281062723490625,0.066204612818841,-0.0272487555635672,0.0933732885194003,-0.0143029406435271,0.0109386059187451,0.00906908069374174,0.0386668022773642,0.0246184051924172,0.0507425631624073,0.0274815986239285,0.0719888975720943,0.00890597941549659,0.0952045683322837,0.00353037545342467
0.00771183358543764,-0.0132396626502976,0.0219816722492093,-0.0259469579366353,0.0492341550281122,-0.0264818493069438,0.0667175296524763,-0.0218844223884246,0.0952821776044516,-0.0103500167858393,0.00622536846125,-0.0054855071100649,0.0251465377479254,0.00891842955454664,0.0478756775607156,0.026764819914174,0.0507099223918182,0.0296064541313251,0.0829819832512674,0.0114205179599239
0.0161952249358815,-0.0223754834914013,0.0382696469888099,-0.0241125976714095,0.0485889028919477,-0.0273696043814595,0.0659007587837098,-0.0257915955745238,0.0962028007451102,-0.0135545869975808,0.0142844265138056,0.00463577140466371,0.0378331975887628,0.0220704201383922,0.0468230164314136,0.0296395146565518,0.050320307187339,0.0259152235039906,0.0850069249031246,0.00589618055449992
0.0216985809291617,-0.0111724581889954,0.0382486991801498,-0.0266067092889386,0.0463746834588734,-0.0269206769920337,0.0615772917371654,-0.0279919927104866,0.0925434497853611,-0.0113555638992801,0.0208536624935077,0.0172661207607974,0.0490641051690693,0.024783756880889,0.0508653175324318,0.0270785830236443,0.0665123674753568,0.0120165213768726,0.0957376210188422,0.00442900350697034
0.0127983391728076,-0.0121312010624572,0.038184766586002,-0.0235738282860158,0.0471738158850476,-0.0265520454477459,0.0587997655143662,-0.0234387144154388,0.0901125047313648,-0.00830973062585495,0.0210084528402905,0.016132714799686,0.0487924951363771,0.0227412472653714,0.050072336216379,0.0278285644901062,0.0605262870172506,0.0236922832455803,0.0938425512329212,0.00727988352961628
0.011839259584621,-0.0152754828007284,0.035898949380146,-0.0293406034803093,0.045817755130952,-0.0321399973299422,0.0527621167970069,-0.0291814942684287,0.0818276541294695,-0.011395530570156,0.0181077660833994,0.0078225704265874,0.0478093904199055,0.0240849369931126,0.0467341505812387,0.0295503033570104,0.0497907378906525,0.0325213549470569,0.0689457004834727,0.0217022910628728
0.0191719473666389,-0.00485969003875759,0.0344131725037406,-0.0228744307028539,0.0467747552641447,-0.0303234787884942,0.0684545400318018,-0.0264646630194158,0.0875179027961993,-0.0124899177594431,0.0162728117333315,0.0131572378088086,0.0442396497233079,0.0245685243811939,0.0510988008043379,0.0263510417010827,0.0795494270689734,0.00230131013816514,0.0993015046299997,-0.00399513792152981
0.00555250537703184,-0.00742839449895011,0.0338548788401576,-0.0201475067855629,0.0430186199957175,-0.0273925348593307,0.0566322019104298,-0.0290560812753647,0.0866862207627848,-0.0126233709420124,0.0242056736485228,0.0129746634621097,0.0475713172239558,0.020342197268536,0.050528603596597,0.0267276002900284,0.0557538376234434,0.0223595551524415,0.0887040956537103,0.00267999661851185
0.0133185803061712,-0.019024714618755,0.0318908013504527,-0.0294307839152255,0.0461742945690215,-0.0295162545877244,0.0662102606154624,-0.0213511113070711,0.0871628977708857,-0.0105438323446838,0.0118010067828795,0.00718158390453379,0.0455479841814114,0.037184669026852,0.0461993243996643,0.0390348185658933,0.0481905439139601,0.0360130901264731,0.0726598946848263,0.0191099151708017
0.0112557909542612,-0.0225671198583483,0.0378276530441408,-0.0287772845333733,0.0506128017177521,-0.0177927391521265,0.0539244886078876,-0.0302124558925231,0.0895283781143541,-0.0138905268186488,0.026803207453086,0.0132552382905047,0.0498693515042077,0.0301413477622891,0.0510399744568056,0.0221651592666415,0.0883444677701785,0.00294412084514808,0.0967221235575286,0.00161451791680924
0.0160708388028744,-0.0193879656479623,0.0422031579589129,-0.0229334973281045,0.0492382802097112,-0.0290198790077319,0.072786078570195,-0.0275220547724593,0.0941473138925576,-0.0126688269254985,0.0147779356574447,0.00495982940627591,0.0449137397167582,0.0226861868445793,0.0490173515569987,0.0261486293079479,0.0607329054818126,0.0162057697239253,0.0963266196222346,0.000590896768983836
0.0126167878961191,-0.0182660817305163,0.0376552255304478,-0.0246839768600442,0.0496407735228752,-0.0263152941075888,0.0679338568789701,-0.0305039745620463,0.0962689957356465,-0.0154741861088418,0.0151327555321197,0.00561282347595722,0.0506833020034528,0.0313067994848799,0.054949079799445,0.024944174301241,0.0976200225032551,-0.00175677140813597,0.0975398129131864,-0.000108645004301756
0.0131987780544446,-0.0226204191606676,0.0240376202257791,-0.0354980242486891,0.0568305187207502,-0.022572252847162,0.076111972654369,-0.0200273794990134,0.0966758011841374,-0.0119013420810628,0.0137686520105522,0.0045529128159766,0.048008003474047,0.0266143805099543,0.0509792011564069,0.0316769321549585,0.0743204377748578,0.0152196488505586,0.0952579247962197,0.00339000233658669
0.00736054067605628,-0.0140045793315785,0.0239298456029521,-0.0282785188802565,0.0508409034088561,-0.0244932578941953,0.0630590468218506,-0.0261109966500923,0.0930054949689066,-0.0113725748727417,0.00732402105305489,0.00121660371814271,0.0413960154808684,0.0196809387953726,0.0500860515888737,0.0318814741129379,0.0680587003744679,0.0160959841092101,0.0946388122664303,0.00571023923068778
0.0328512687042903,-0.0138970416368152,0.0554145318956509,-0.0346022894107744,0.0605593741553433,-0.0264684001571767,0.0518930004359426,-0.0269010786841211,0.0757317381286969,-0.0175374189525423,0.0482883209733388,0.0359286227647071,0.0607289982378073,0.0191173287086637,0.0970312797794641,-5.94515166058682e-05,0.096944198244635,8.5788202343887e-05,0.0970009198924916,2.05101215488979e-06
0.0114854702576459,-0.0153851855952663,0.0367786056084741,-0.0202892986175196,0.0437669089284788,-0.0262489909710066,0.0593232021936964,-0.0303433396102587,0.0887211009722391,-0.0127710189871896,0.0157794952094667,0.00683686955976073,0.0439103860938035,0.0205309390091395,0.0493612327683923,0.0273813411043277,0.0600387063271924,0.0177395647926871,0.0860984014449744,-0.00195118034057554
0.0100143943668972,-0.0102370478577942,0.0293869180328404,-0.0220606224491529,0.0447519184352554,-0.0240935180129303,0.0550276646878955,-0.0298391051900844,0.0867802677207631,-0.0136662264967285,0.0267741341907545,0.0125648484383028,0.051250775476445,0.0282152123188656,0.055896388202382,0.0199802499268179,0.0916866567987094,0.00225886487615337,0.0988067536903778,-0.00154973230217679
0.0181617763290329,-0.0161623294839168,0.0351280081251566,-0.0235352267025265,0.0438336960807935,-0.028577504793936,0.0513741820685462,-0.0281889388035494,0.0817813917478494,-0.0130160629796719,0.035951055497689,0.0268042069894686,0.0466932814537378,0.0282682526567447,0.066631803201046,0.0201171441561685,0.0964883064618069,0.00190705060007409,0.0981720404506068,-0.0013825193487214
0.0146590966740889,0.00211400654873535,0.0302193294336441,-0.0146318348013006,0.0443904159273749,-0.0258882512903607,0.0552347767024352,-0.0272464260905743,0.0854079705536117,-0.0120576831339249,0.0188582127177322,0.0171963722442117,0.0405255026653721,0.0349370492912411,0.0491005640436387,0.0303972868665974,0.0615830348374815,0.0224727488149503,0.0922355881615235,0.00928490164832278
0.00918262502775534,-0.0255320703670475,0.0319481414750521,-0.0330420889859816,0.0423614046265809,-0.0343207894191448,0.056142682822763,-0.0265812199473669,0.0817512141462137,-0.0130035611393021,0.02607959501081,0.0222736524314219,0.0455781192278789,0.0315828945247074,0.0476763454465621,0.0301696055911997,0.0517198906582267,0.0292933163975877,0.093834267135343,0.0126651901916901
0.00576244168204192,-0.0129297082802513,0.0176808448980633,-0.0261739587402149,0.0444420667590446,-0.0235790207827799,0.0529575800911449,-0.0290750057369008,0.0873574211852258,-0.014612966377907,0.0212879762232584,0.0109728810000083,0.0478502162927562,0.0288822442493552,0.0554785244468528,0.0238612842757989,0.0931855927861027,0.00707008343659332,0.0954595917401792,0.00378659905168073
0.0118389928182612,-0.0116916673655477,0.0348886044768032,-0.0201263135439036,0.0460511445162985,-0.0256976207765287,0.0517126872586891,-0.0294946259063951,0.086376504143927,-0.0137314113338315,0.0253882000157916,0.0097396863933484,0.047186641522225,0.025740686510461,0.0518356525466943,0.0297746493412496,0.0839256142274206,0.0121128723930185,0.0966429250710669,0.00280366972866831
0.0236385940409528,-0.00511114730167929,0.036705987431309,-0.0226737476067898,0.0520353423563303,-0.0337738676373651,0.0523032486272781,-0.0292886759812028,0.0787664056020974,-0.0153310863729363,0.0137707200412616,0.00996347110158989,0.0458617524989942,0.0256230666413814,0.050735315176069,0.0282516975869033,0.0677465330141063,0.0111158417486272,0.0890081068166901,-0.00332933045865448
0.0136853769583484,-0.00629284816364274,0.0277677093123755,-0.0185758703689263,0.0418033006446893,-0.0259646001763945,0.0586093812002953,-0.0294008947308969,0.083551675970165,-0.0150830521885973,0.0348983143374995,0.0157315908733707,0.0506339216153526,0.0259927924166012,0.0556771986543748,0.0252032271319216,0.0975903268298923,-0.00195846368250409,0.0975967532997604,-0.0011109859117758
0.00472145964262778,-0.00750654354371909,0.0256456752448674,-0.0165299183788878,0.0380631272879577,-0.0264405322902524,0.0555770115363221,-0.0282088736776147,0.0855897118499897,-0.0124123855121037,0.0194616690130809,0.0140828639146828,0.0478251720033166,0.0276364823562095,0.053375154798891,0.0253329450326692,0.093184360472673,0.00350544372056515,0.0973838124412938,-0.00142010809594672
0.00454717744283055,-0.0153547034376055,0.031729854584336,-0.0206728799812219,0.0388288123069298,-0.027810719214532,0.0591500044914479,-0.027363558874665,0.0896387113739413,-0.00971093286806588,0.0260763473128338,0.0134478692227196,0.0525137717186284,0.0270381356374142,0.0490490838884779,0.0223964504183788,0.0734293258016464,0.00277433908096372,0.0975772614539631,-0.002374052967041
0.0204200148859114,-0.0193781213522273,0.0390779431372419,-0.017505251375878,0.0508455531335753,-0.0258474137147956,0.0528945526830802,-0.0279221221207306,0.0839238230992678,-0.0161096359375681,0.0332369758426017,0.00938478433430577,0.0494922753891737,0.027040195397499,0.0571981824818429,0.0224519662995111,0.0870714945469562,0.00119599434642505,0.0969058082777794,-0.00101233830882003
0.0086055539362675,-0.0146890771020239,0.0357768044030622,-0.0221135287257035,0.0419089141727276,-0.0284485130982353,0.0543551639067901,-0.0296292457342272,0.082202254539239,-0.0150121250421975,0.0355937860709048,0.0162466897701369,0.0499307770034843,0.0277047567819294,0.0570015330731535,0.0125585994731379,0.0889362094257174,0.004371887663242,0.0970508109393966,0.000550744404252561
0.0203955067842156,-0.00768737942951383,0.0385281062618217,-0.0185672981398032,0.0427329968651038,-0.0254876224141709,0.0512842313180574,-0.0302874342342163,0.0848571499164581,-0.0133173871425481,0.0250789836198057,0.0169341255930076,0.0518726366522277,0.0271889415214639,0.0501064126093759,0.0260550531959459,0.0792283409952384,0.00166598449322098,0.0991397021439786,-0.00922103919461426
0.0161426592194443,-0.00769717171975329,0.0306883823023344,-0.0224072399830688,0.0409757416808277,-0.0262928674965843,0.05514811299102,-0.028828856526608,0.0857721011894991,-0.0117585408440759,0.0277789313844353,0.0232452764748827,0.0466406771885342,0.0267320901784761,0.0505155566899752,0.0283225974118713,0.0895231352489647,0.00526052219801305,0.0972835214300236,0.00219187665988128
0.00850561214321396,-0.00708649709511481,0.0251422644560447,-0.0179992338182473,0.0368682701615896,-0.0263711697964117,0.0546356268464211,-0.0283924824517988,0.0843514019478341,-0.0134110204376457,0.028351827688888,0.0184414088889636,0.0518328074470431,0.0299084903466009,0.062942240676078,0.0156746515528142,0.0966283782011393,-0.0011497384281535,0.0980619673401225,0.0005481986526025
0.0155556885416999,-0.00756524586254501,0.0301926420386577,-0.0239455632029801,0.0476620476058967,-0.0314888873782322,0.0518032560584547,-0.0314735653169252,0.0819004473057661,-0.0108071091074912,0.0254010975028481,0.0181329416631786,0.0463946351907441,0.028182283197243,0.0677236728595701,0.00384477824492856,0.0804625425042091,-0.013238668861706,0.094964588686964,-0.000123326321780689
0.0114599464763136,-0.0106261152185322,0.0308019928982834,-0.0176774322627848,0.0451963721233517,-0.0270966080666121,0.0616483508385645,-0.0237640869570586,0.0873658081119033,-0.00531748953748004,0.0213050268966769,0.0190789811903988,0.0461349843062048,0.0322881030090239,0.0467945697436353,0.029456115310459,0.0606075963468596,0.02160607439013,0.0832852939966118,0.00351993488210697
0.012713497400431,-0.0146872902884233,0.0279982531385343,-0.0268308550694693,0.0428755106865808,-0.0284552103920853,0.0556799280794116,-0.0242813389124183,0.0854160409246919,-0.0123640899587116,0.0184080713941646,0.0138257624877438,0.0475913799948971,0.0295452202093196,0.0482205770582032,0.0300068063417707,0.0736017892944928,0.0139326677321972,0.100872909366878,-0.00616160407333348
0.0160081870337516,-0.0165961150684194,0.0292996072957216,-0.0262219797292257,0.0499966192163094,-0.0203011874699988,0.0500971247031505,-0.024306949367223,0.0813272251543001,-0.0194811332394056,0.0436264344405132,0.0116324247524118,0.0471876202970862,0.0209875699108084,0.0492964156259945,0.0263133544512135,0.048292412872602,0.0293205896072873,0.0761682071244217,0.00638591218604654
0.00972200758550733,-0.0203765581962135,0.0227063762264044,-0.0284442878008341,0.0526554734191239,-0.0219200354762942,0.047860437646901,-0.0253853893450779,0.0849729463177492,-0.0194208441730156,0.0300551134096315,0.0238805962327807,0.0499690262372035,0.0345335321445169,0.0497744274055993,0.0306698800307665,0.0712694890838521,0.0139398378169443,0.0956203501027519,0.00344559892718565
0.00957795806099862,-0.0217982222522214,0.0276393463947091,-0.0310051714603504,0.0583083375295936,-0.0207441906023112,0.0505583226325807,-0.0247107238726236,0.0783465419084969,-0.0239049358622835,0.0215446714556294,0.0175348877803625,0.0538134940716555,0.0318703676762118,0.0518287644111505,0.0292157714962401,0.0870860957447797,0.00522069077380095,0.0959970662690794,0.00146955576247095
0.0128051127758105,-0.0250453471429713,0.0295550925118421,-0.0318023443171183,0.0527339858450351,-0.0216815992544368,0.0515808758560918,-0.026988787557165,0.0846166608505074,-0.0207099119131121,0.00401459503227528,0.000864363906190402,0.00447793996395882,-0.002594187716762,0.00641968114740762,0.00095224047407585,0.0523658481209069,0.0316356221069892,0.058864164869026,0.0243801028348134
0.00950530250266468,-0.0242987465010664,0.0350767255104646,-0.0322478548253961,0.0465039582915564,-0.0319472314594579,0.0559999643426959,-0.026810488865947,0.0861015489689063,-0.00970481964833981,0.0101954523254658,0.00839200702898211,0.0500651854474039,0.0302357725141185,0.053192413895914,0.0312819383049173,0.084352381324344,0.00861741204677159,0.100771806228804,-0.00654168006297846
0.0135075593142286,-0.0185295567791308,0.0278530460586734,-0.0289326885833448,0.0531623578806932,-0.0233391680783493,0.0493252872368795,-0.026681702977965,0.0920156533365356,-0.015234100902726,0.0223241389247723,0.00965843611779356,0.0510637922573176,0.0246275880981726,0.0468715450028721,0.0275086686578135,0.0503720892205213,0.027132746725535,0.0860582056640841,0.0140619638850527
0.0183344978574627,-0.0163471535557285,0.0386584465016259,-0.0255242927099456,0.0430156371367435,-0.0272309437194607,0.0542891911377812,-0.0290266128657508,0.0889931837594004,-0.0132826277223258,0.0226986881037415,0.00947960065462956,0.0470401249504908,0.0221857248636604,0.0489475666750831,0.0255883354959805,0.0502941393678496,0.0282185525617852,0.0712496768398266,0.0111070759070072
0.00705844675168263,0.00399375375971835,0.0254213299126918,-0.0182952701016616,0.0481169820556949,-0.0327332522500654,0.0518616292700881,-0.029284751037906,0.0849800611306849,-0.00960317669240291,0.0289139312421043,0.025691576518259,0.0470673091035501,0.0264087595832818,0.0720699193878408,0.0126089839068052,0.0970056530853456,0.000733549381925929,0.0970978471282908,0.0010279195866861
0.0110293466487714,-0.013767311683582,0.034722351813123,-0.0205060827432487,0.0414129541936785,-0.0281063175458679,0.0550978002829107,-0.0286440109274429,0.0878352429409017,-0.00826940606052006,0.038798952682752,0.01179351426318,0.0495295659449542,0.0264034393983334,0.0522068703211597,0.0262977480877907,0.0919946136701857,0.00096091708493463,0.0969760879198553,0.00222647861095684
0.0196365203085427,-0.00443363592843051,0.0307135798906512,-0.0209474907613901,0.0404966687535808,-0.0270027548225494,0.0507280260560838,-0.0288516486609048,0.0837035244985321,-0.0134857108422144,0.0268095172515435,0.0246807807649052,0.0474361502731612,0.0255278320332218,0.0509414841828732,0.0281050911557875,0.066899503437286,0.0150927400489037,0.0937246172898102,0.000995533195450411
0.00799647761427544,-0.0174780837155581,0.0237341212205816,-0.0278913720358868,0.0452978515464486,-0.0220998563526833,0.0523316347289923,-0.0280543512931087,0.0830496055826493,-0.0168431803325992,0.014770029848432,0.00467450805291279,0.0517410154898709,0.0302987962631524,0.0512801338745787,0.029151334786859,0.0830320531764335,0.00423201200125914,0.0986036392916097,-0.00192240242399252
0.0138192741244197,-0.0211154645184285,0.0283161117811534,-0.031908647661769,0.0549896385056699,-0.0235823055804952,0.0500950449100404,-0.0278707325564822,0.0897821300022132,-0.0153706874028436,0.0180548657763182,0.0172341845589051,0.0568887585508768,0.0305593900770533,0.0525652603520198,0.0291620635044314,0.0493798921315505,0.0280407465277776,0.0783397010247165,0.00805487281516014
0.00679972992125596,-0.0143137882734669,0.0273490084035034,-0.0267347052167787,0.045695512928861,-0.0269109310352225,0.0559453259681089,-0.0300613515999105,0.0879721248814441,-0.0111177483575589,0.00748124034042686,0.00593025252156836,0.0350764615706006,0.0205787265983826,0.0519734524763489,0.028082950873569,0.0554975333534753,0.0248493769562386,0.086434463191843,0.00587110248591081
0.010450813910847,-0.0171939131790092,0.0396355789991171,-0.0202962137023756,0.0495120802839344,-0.0237855596473291,0.0542675230043843,-0.0296253039536904,0.0923971719124413,-0.0109108195178549,0.0063191665086301,-0.000866057709318602,0.0463052865468125,0.0208836571873331,0.0498824257539138,0.0273274787175562,0.053246764776836,0.0249903667914044,0.0920350255131794,-0.00054781730240412
0.0139523398704509,-0.0223416456681534,0.0366935026722043,-0.029094156040834,0.0531869563342073,-0.0234095958591286,0.05572448138995,-0.0302637282123847,0.094669832135511,-0.0145593415516782,0.0322283756993821,0.0176614340877274,0.0550787488660054,0.0315888189527209,0.0510951269513309,0.029209416858845,0.0780070090868089,0.00997287891193654,0.0965008483082062,0.00060141473218268
0.0161258116648711,-0.00998431593447525,0.0406456236017009,-0.0182488687375324,0.0437101430163074,-0.0247540800606812,0.0525155538781249,-0.0282505205650696,0.0904820780287585,-0.00967887568203147,0.0208898008823421,0.0140091689126984,0.0462951966473807,0.0263554827826235,0.051370096531525,0.0258073469717451,0.0541747162407659,0.0251310264593074,0.0880040953511056,0.00843851778997777
0.0134663118040328,-0.0135754784856423,0.031773060797304,-0.0321417933624562,0.0451781674887338,-0.0312127326114562,0.053934985985525,-0.0263709298907906,0.0826697450368133,-0.0105500960492563,0.0302767336530286,0.0259017776855163,0.0527036306542901,0.0353944306058304,0.0485183258640399,0.0316068714443567,0.0652474133200718,0.0213443270818604,0.10035128857789,-0.00600771823033225
0.0116412473594751,-0.0130785200163546,0.0325574911968826,-0.0277867428266138,0.0443968859784706,-0.0292521199257923,0.0497469164210093,-0.0289093316835002,0.076986591133345,-0.0129220165822198,0.0216648274608552,0.0272937390347202,0.0516992467578946,0.0413624156143904,0.0499556831740468,0.0313269471493223,0.0638090772213525,0.0246746748794534,0.101435952028934,-0.00829287117354014
0.0214688285915579,-0.0227505970993786,0.0362484754459749,-0.0235380691740195,0.0499797803660986,-0.0235122386583111,0.0545897900059737,-0.0294484660835161,0.0806310258456184,-0.0156315697237297,0.0216412195396036,0.014622310809395,0.0484904097981363,0.0298798332604412,0.0488506017460685,0.028967650682872,0.0753346999437587,0.0114060068519222,0.0956488389586659,0.00269398349378058
0.0241063773781921,-0.00787115957812289,0.0387422787088527,-0.0222498078882062,0.0442937510335047,-0.0275823053431339,0.0507360488235088,-0.0294478656849475,0.0822164387452147,-0.0130931345767345,0.0279301129583296,0.0157949684327752,0.0475402193964836,0.0246601309814193,0.0505898890105961,0.0293320853590102,0.0787809918580511,0.00379501825067779,0.0967562022249343,0.00153783962435992
0.0145664744602513,-0.013541929597108,0.0370386816493361,-0.0220461469281826,0.0413630472133904,-0.0253231597312777,0.0509720245497352,-0.0293555779380948,0.0787127495717502,-0.0164371990729405,0.0293124812149945,0.00930347530537079,0.0445823728831804,0.0228927852773236,0.0486498930582036,0.0278130193186603,0.0627633493070733,0.015255987726338,0.0901700706843445,0.00376556500441619
0.00986623144569462,-0.00874837286357553,0.0279841974601521,-0.032924356489233,0.0443616218610638,-0.031626572689196,0.0535532777378685,-0.0280732346843243,0.082424371743036,-0.00876779213012538,0.0249400024189694,0.00994409966524163,0.0514896823385312,0.0286932145403758,0.049927102493187,0.0276930719791895,0.0858942573652806,0.00136027304866105,0.101227946779997,-0.00815345896486038
0.0122205498598589,-0.00771726516874634,0.0347900544637069,-0.0216116167253526,0.0446472816736385,-0.0250370006845287,0.0520600695218221,-0.0276814097084372,0.0827655820366436,-0.016653728236151,0.0111119364569817,0.0174975820355241,0.0433340621808768,0.0248617054740463,0.0507851221471087,0.0258074772431947,0.056505073676978,0.0236563423509043,0.0855953120945488,-0.00300305732270441
0.015898765190682,-0.0159451153846794,0.0415529719519456,-0.0214889474042242,0.0458027108868077,-0.0284243945448902,0.0519854292414082,-0.0298325688188734,0.0853504185814217,-0.0156413993170838,0.02642363541171,0.0125340222514821,0.0474711173592014,0.0265720429582965,0.0492098652046222,0.0271667867369735,0.0515399688003216,0.0263247308047301,0.0791441145918981,-0.000269126542206369
0.0122628245128605,-0.00869356484213923,0.0374016624612797,-0.016915696665695,0.0424902738919158,-0.0269526142572833,0.0524495280677576,-0.0291994771112852,0.0833441984655401,-0.00918783801808847,0.0154203859790148,0.010820839999213,0.0519383904652554,0.0260729059307026,0.0510411039214078,0.0220611115338239,0.0831493199103298,0.00501722763322791,0.096597804936835,0.00195279487767784
0.0189567540572245,-0.00712156219134606,0.0363067255051241,-0.0212591555413206,0.0491440546705937,-0.0265550473557383,0.0548022929498326,-0.0272405661741692,0.0864712495213322,-0.00487475433953863,0.00519616946795289,0.0120666858615488,0.0302952077162556,0.0283648663965651,0.0526681839430231,0.0272813030911924,0.0557392722378316,0.0248645156240419,0.0881041047036124,0.00113109552314837
0.00643314431396967,-0.0196242267912466,0.0325087935333822,-0.0241632362429234,0.0404603971702984,-0.0256934294852982,0.0505977645784495,-0.0288920685260462,0.0813850388177682,-0.0104240314159812,0.0182527649228708,0.010747325093452,0.0489359631783126,0.0299726687501338,0.0557689558445771,0.0237745417394806,0.0933811672689375,0.0029436355734051,0.096866419694322,0.00301118390526327
0.0090647627808133,-0.0222455446007687,0.0266200489616608,-0.036160839091404,0.0453302906798968,-0.0320940527766766,0.0556433934431693,-0.0251970068601268,0.0837152752806561,-0.00631420350737381,0.0205279366143228,0.0231198253789024,0.0557058001169553,0.0328500801919853,0.050170465352326,0.0272645587427103,0.0660890413410874,0.0198673359822487,0.100231737567692,-0.00552227242990916
0.0123075718539328,-0.0232199062114358,0.0411263150518444,-0.0210394381368352,0.0438487177149865,-0.0234418555939152,0.0544406882968286,-0.0308175972025252,0.0864672412065405,-0.00894247443539264,0.0186732382605558,0.00558729949320818,0.0522841261796348,0.0253338005989168,0.0503706436871604,0.0265324754838095,0.0596972191510149,0.0181423931936846,0.0860109469358667,-0.00138010325249142
0.0126639413798465,-0.0110486996637725,0.0330795832174363,-0.0198835281044268,0.048620225881815,-0.0309721298894981,0.0577163442439124,-0.026160935767085,0.0901803312250094,-0.00532299333200946,0.0267470886944567,0.0179371598427279,0.0457684207123326,0.0326971026920604,0.0539150395564192,0.026166397095994,0.0905578880372287,0.00421086059399566,0.0976839192787218,-0.00155414284626034
0.00986589838990141,-0.0182876076880913,0.0286309453218709,-0.0236411870648129,0.0425339523603254,-0.0219807620900137,0.0521600938605483,-0.028315027874598,0.0851151943237896,-0.0120729637266579,0.0224903221461863,0.00605217577017161,0.0507896767390597,0.0253173030197584,0.0509752690573578,0.0260027028278408,0.0624692302278803,0.0133749504910471,0.0865804671859414,0.00367735626599222
0.0199865166031963,-0.00754923169173897,0.0368917338417534,-0.0219920760895883,0.0477997979135273,-0.0293628188519337,0.0565100955937322,-0.0298322379574924,0.0889752113753058,-0.0117664779378087,0.0272176626388888,0.0185637008371066,0.0456736106627012,0.0244683862112543,0.051317350042731,0.0282511801865749,0.0898786708032188,-0.00201379300669516,0.0993558404486318,-0.00427510327814969
0.00876453438350065,-0.0157113205337705,0.0252366688341897,-0.0253283432369174,0.0438795777785207,-0.0266051276826138,0.0481685090363761,-0.0281937319835157,0.0695331205454451,-0.0227991942609006,0.013961318552776,0.00459543295601943,0.0411503851161907,0.025551089043263,0.0504592430597849,0.0297544503198103,0.0589353101602023,0.0249547019236485,0.0931829845824977,0.00656024753010924
0.0163625260304646,-0.0105634190418066,0.0338819671071995,-0.0246738589831245,0.0410388632730031,-0.0281961672645487,0.0537582491807236,-0.0308958061923518,0.0855505345874101,-0.0132837106969308,0.0165504300703735,0.00965392361470582,0.0430046409298616,0.0231437381740595,0.0508732507544934,0.0260513513748578,0.0525570852051746,0.0269102944977194,0.0764140936973136,0.00937265487613232
0.00670376284633975,-0.0233080081674358,0.0331601588107598,-0.0275825523900476,0.0450740368282926,-0.0263109441683916,0.0544396655191339,-0.03116523533628,0.088561015331857,-0.014357311454116,0.00445297035063179,-0.00113202033794814,0.0114305341941358,0.00416299084217152,0.0487021172714006,0.03061353040529,0.0547196228721597,0.0251598602178809,0.096051175518213,0.00110775295685545
0.00814307121788803,-0.0243957368302225,0.0327076432969656,-0.0292511439059671,0.0487562135244922,-0.0226545138796067,0.0498352009794665,-0.0287108599240767,0.0816838846311898,-0.0194338196549862,0.00461575085445663,-0.00610548432547516,0.0392712315433583,0.0179172113402009,0.0515923773226286,0.0292622708571353,0.0713382520601342,0.0107837864238536,0.0957249383771121,0.00336006084578307
0.0162612793624491,-0.00608974017690345,0.0334664943425828,-0.0215583294057027,0.0407930807258793,-0.0264815214429103,0.0522283952110977,-0.0306270063071207,0.0859017589664828,-0.0165260499701906,0.0109776127901813,0.0117553882964412,0.0394119568849402,0.0263742187442931,0.0488434494796813,0.025809302003068,0.053453509975477,0.0276185721357787,0.0784419764114296,0.00549581286422876
0.015614322832682,-0.0182531248448633,0.0359626858040068,-0.027421840851009,0.0447391044097985,-0.0298155434967711,0.0599556573378,-0.0228181118976721,0.092289731199683,-0.0102981903272108,0.01847589140768,0.0103305357497446,0.0470769611398089,0.0331027569183198,0.0472526232926708,0.0317841949163426,0.0479009517524625,0.0313104711384924,0.0903095680484412,0.00687842408661371
0.0268951761015108,-0.0104482264005403,0.0418957383527774,-0.0259122750411462,0.0439493947036005,-0.0280814389511704,0.0479665755010746,-0.0292063560329958,0.074836311064471,-0.0195531667810122,0.0329178296553477,0.0206060429022343,0.0507573827151718,0.0206187215607,0.049753666567049,0.0267922675193149,0.0517691069935575,0.0288515062311173,0.0939302888406668,0.00589307237578511
0.011436061199168,-0.0120772043537956,0.0323311389632271,-0.023264005925204,0.0400721571231543,-0.0284027360799389,0.0511655862470884,-0.030731349338473,0.0767563249761865,-0.0159505225208214,0.0125030126559326,0.00941115137592795,0.0398990362314121,0.0198021805710029,0.0498595804000181,0.0273316190350374,0.0515749517976246,0.0283377732569274,0.0807541869005867,0.00606139000657794
0.0123616100350548,-0.0207341738973349,0.0364571791358068,-0.0281312564951866,0.0508137374504371,-0.0252226100554521,0.0513903467177853,-0.0286775713867895,0.0821004573519236,-0.0189972699952649,0.00415017504992733,-8.87997245249749e-05,0.00603024777966135,-0.00178927023184878,0.0465240332041687,0.0243018439261854,0.0507603950487863,0.0279834479566112,0.0719223988371899,0.01495046079477
0.0253538052852043,-0.012084704006564,0.0376468431566898,-0.0274745473525386,0.0453581841155656,-0.0313765118917947,0.0571411214723164,-0.0286025770836879,0.0871000831760377,-0.00900337248856355,0.0161846411485871,0.0106902455662833,0.0532011587005544,0.0252955093871496,0.0531543448450901,0.0258369131763232,0.0892302622941064,-0.00575593334774449,0.0966347153788149,0.000976125193531851
0.00811921268551799,-0.02482195160063,0.0260414726284111,-0.0363189191254723,0.0427305763640143,-0.030528304098419,0.0567222497933611,-0.0255485419177012,0.0830517326789375,-0.00971821550705898,0.0173004949389697,0.0194697984159369,0.0475309825214453,0.0357766695074377,0.0532685062247212,0.0306123091483215,0.0507118936411289,0.028926522035307,0.0674110286492575,0.0195481148486315
0.0232569867088642,-9.55627072497509e-05,0.0368540064350272,-0.0185973636757776,0.0427362593660394,-0.025939847618164,0.0519667282676849,-0.0304579129244999,0.0842722104636958,-0.012003870105013,0.0290253376509719,0.027332573178054,0.0478417679669204,0.0279900347080815,0.0542562962209586,0.0253646729718808,0.0948125677239015,0.0051921609538831,0.0968679973681675,0.0024530514174129
0.0175951341169941,-0.0113364510438697,0.0355951348603023,-0.0270121575586339,0.0406095477737965,-0.0311064954716891,0.0559574521411158,-0.0301902956526603,0.0880951759052416,-0.00996931390094049,0.0190332215397236,0.0127792141966871,0.0442970012950787,0.0260567221729584,0.0526092110314529,0.0247117542249858,0.0562185317688237,0.0236341922108268,0.0934816882208392,0.00364661956070225
0.0104621505219929,-0.0108575341520356,0.0350959129901965,-0.0194089697372964,0.0406928993084858,-0.0263389064887195,0.0515341588899559,-0.0294379395907754,0.0815462183499538,-0.0127281568486997,0.0147076029335184,0.00777270530370606,0.0418016301643687,0.0190044964091666,0.0498621935272868,0.0267408530389605,0.0514311514416602,0.0258254183309905,0.0735926149117555,0.00894294848521583
0.0208813449436435,-0.0250754399982538,0.0470262428129472,-0.0230685900060099,0.0477350861700769,-0.0239884729469135,0.0549880879292808,-0.028303642464165,0.0894729233879018,-0.0119889866096364,0.00745038172317822,-0.00194489244441959,0.0475456824722459,0.0203236670491167,0.0503889641759537,0.0274539517130063,0.0542137356111463,0.0240766975689183,0.0852409466414953,0.00414051097460228
0.00734488793161209,-0.0199035352198402,0.0335684790496125,-0.0310967542540384,0.0455703237540616,-0.0280342909371616,0.0542816621505592,-0.0305634809552718,0.089022119761449,-0.0149784852330453,0.00695243709455274,-9.47172963340185e-05,0.0422594309190854,0.0133093207653751,0.050636985689251,0.0272342458870477,0.0560006160460914,0.0232023968110745,0.0876014176927226,-0.00467576957566428
0.00880811627652517,-0.0156252326031883,0.03152539212729,-0.0242476775498127,0.0418154189568423,-0.0270253284368782,0.0498497937893756,-0.0295740980937649,0.0767417668661894,-0.0179824254269209,0.0230786278921064,0.0144437956039484,0.0532471608856152,0.0225371923420843,0.0516684404348155,0.0262511065450782,0.0558939096757495,0.0242629272853074,0.0878759304001923,-0.00416551824920954
0.0236314931387979,-0.0282517047672219,0.0377826592172447,-0.0301199370170488,0.0451024078028244,-0.0300046189294697,0.0556946517452033,-0.0251597538280003,0.0848993933035181,-0.0107812964260121,0.0205785011050901,0.0190926598334955,0.0420806978453613,0.034949614329845,0.0523158176030492,0.031005921911575,0.0738367668438533,0.0158354299544407,0.101888717615228,-0.00641850491969444
0.0122471713645425,-0.023681541000723,0.0381196950315695,-0.0216863057043273,0.0460576111511924,-0.0257823538634303,0.0548776139002331,-0.0290665381165198,0.0868847408338145,-0.00794066163543969,0.0042731412128652,-0.000723153998545001,0.00546495136948923,-0.0023690145973762,0.0381279674347948,0.0165538810768568,0.0484857010234903,0.0308130352978938,0.0772869058998736,0.0117651891463757
0.0113710693355437,-0.0255289174509024,0.0249105315084489,-0.030871991565818,0.0480525234102505,-0.0220157996018112,0.052113154756954,-0.0301826161159768,0.0823744397521331,-0.0148797702605648,0.00712545796035906,0.000347065121696776,0.049491738115132,0.0200004075779293,0.0483133983684672,0.0385457705652576,0.0617054860433059,0.0249247765524669,0.0932709227053351,0.00872048705137813
0.0262860763361889,-0.026652697157333,0.0452429045228612,-0.0216314132689334,0.046342578457909,-0.0254538803813325,0.053336726886292,-0.0295267596442927,0.0897389732417795,-0.0128679890693731,0.0157537428990249,0.00844575170420482,0.0516098643453657,0.0266232851074542,0.0482869747459602,0.0273349729265461,0.0719267272524368,0.0102650509009039,0.0947849567094172,0.00251319462669474
0.0119401749685682,-0.0128580456805784,0.0321004036789508,-0.0247891972345822,0.0453945478220555,-0.028691666453235,0.0538901728215336,-0.0274639327992992,0.0883126250898679,-0.00816038636316437,0.0141906041377389,0.0135101958064422,0.0430438793269718,0.0319169537283412,0.0507867894520099,0.029130895521944,0.0636141595300598,0.0194124664003624,0.0910180767959563,0.00858466946628116
0.0146802562784947,-0.0321202585399092,0.0347099771925053,-0.0327820440645326,0.0458323711139801,-0.0306580771790355,0.0601277261748624,-0.0230203852531528,0.0842269593739448,-0.0106292103947391,0.0327945867658395,0.0374179964822993,0.0521003259643912,0.0349887642884261,0.052866859386674,0.0271634043714585,0.107296438222382,-0.0129336675483483,0.104016399465003,-0.00659221222046141
0.0275859117963122,-0.0199425869073904,0.0522890961796088,-0.0320146034158677,0.0503948942664659,-0.026433640837349,0.0507011426557319,-0.0283381605556085,0.0679587954063857,-0.0209261812000631,0.0432469722191887,0.0189603589251662,0.0813698650873705,0.00196884790253651,0.0967563165191157,-0.00117412145849119,0.0977448734630147,-0.00215351230626404,0.0972762279604799,-0.00110876535707638
0.0148322495651251,-0.0117845393527679,0.0327573510650619,-0.0203588981505583,0.0398884459049359,-0.024681326520818,0.0540525979791087,-0.0284608668963658,0.0816843970944161,-0.0106053395886213,0.0274021524112812,0.0139244618654652,0.044744704808239,0.0250172561142565,0.048091679443344,0.029665884460276,0.0664028630149696,0.0180838363414201,0.0958770603481153,0.00377725082932253
0.00557141733646954,-0.017879298698295,0.0207220538012368,-0.0296394616960673,0.0463320663192449,-0.0276832107675569,0.0517497343193649,-0.0291194204755179,0.0845758971318384,-0.0117713735091667,0.0041017177444009,-0.00200589555629285,0.00751404018511349,-0.00308525971853402,0.0537652204567272,0.0278714076609899,0.0682938871560681,0.0165407753930437,0.0967057751498871,0.00332635762228931
0.00964879857050307,-0.0146737294426503,0.023640134200044,-0.0276294584797215,0.0459736797813501,-0.0274011570556029,0.0538741390747373,-0.0295852031552338,0.0837358023656423,-0.0114904410667133,0.0173961993697632,0.00538409169865596,0.0410389171974279,0.0231581160792312,0.0528779578859961,0.0303096485758425,0.0632545403692259,0.0217489100126932,0.0936514232949827,0.00743369065861554
0.0145630500401741,-0.0247154478158642,0.0315827087459142,-0.0351244786821981,0.0446198864381975,-0.0314476354264686,0.0557110529763796,-0.0251654161090748,0.0851216725706617,-0.00669833097713832,0.0129000834660763,0.00954651783565212,0.0403342318685392,0.0284613176223492,0.0500410952623813,0.0371920219534885,0.0558851807949498,0.032195777597844,0.0877968924455403,0.00882602560995973
0.0163859940077879,-0.021001624885307,0.0375443920744071,-0.0227612930282235,0.0433953292158622,-0.0255733475681841,0.0528016421963707,-0.0309585282345299,0.0832467175134889,-0.0150039156044252,0.0283297103162076,0.00841690201210478,0.0429497552041759,0.0239843792573882,0.0489234867277437,0.0288265420135494,0.0852548517255513,0.00983286834346251,0.0983978473873858,-0.00176700866999908
0.0204725221601893,-0.00907445761051995,0.0336518675634415,-0.0192545605164659,0.0406818273834409,-0.0233741930802668,0.053206063626899,-0.029806853463531,0.0751397787553543,-0.0133458218750558,0.0177302189265167,0.0126853903451343,0.0444657957847211,0.0224223438422513,0.0498561973423341,0.028586348870618,0.0624136746557723,0.0203268556769318,0.0956833629432439,0.00335715330340737
0.0106303166782612,-0.0165062398818101,0.0379671285965651,-0.0226004668747964,0.0421348437679723,-0.0274591498221031,0.0582747558744156,-0.0266466558001698,0.0913596739691577,-0.00208097606917328,0.0453653634983058,0.0181259141186932,0.0503999288231838,0.0291807807870685,0.0747050648787237,0.0137690378517354,0.0983069989632286,-0.00245890585212053,0.0966339512084455,0.00348242058559241
0.00912417035036743,-0.0180319103161001,0.0259700631776541,-0.0267487613595982,0.0466307410190394,-0.0225301118836512,0.0547394009048941,-0.0289285814790694,0.0853618936070542,-0.0105959851797784,0.00284304482045422,0.00276643612637855,0.00346950685285936,-0.000776605559148759,0.0317822970489298,0.0133629439816195,0.0505467517127691,0.0293769603982666,0.0823759411167957,0.0081766595078999
0.0155916460872834,-0.0209837913199389,0.0288923624883622,-0.0314893758374602,0.0455230033225428,-0.0261335774594366,0.0503482520650599,-0.0272345605966187,0.0854151581388616,-0.0138162674255891,0.0273853808457506,0.0244011145870831,0.0482334297951484,0.0360125188751341,0.0472000724383179,0.0317744908351253,0.0623917555596781,0.0244282823130163,0.103750704006857,-0.0120719777266821
0.0106291545591489,-0.0164195738751338,0.0392258419353267,-0.0262060763739326,0.0440642570535901,-0.0254589332905477,0.0485397930910755,-0.0268176496137507,0.0800525342008413,-0.0169176692068861,0.0274122397841528,0.00352597261614735,0.0419769431169929,0.0267174200749397,0.0502573788305009,0.0271897977580473,0.0509480389135505,0.0280799679745585,0.0876277819571264,0.00532638372533544
0.00783930977571218,-0.0165904221467171,0.0277287365446074,-0.0258013906439471,0.0427394152055672,-0.0289116692982557,0.0544935467631464,-0.0276457843708946,0.0840800716505137,-0.0116020977396934,0.0220170160107875,0.00844472984584187,0.0407871506658833,0.026280582070165,0.0490089002238156,0.0260101449784346,0.051420365549844,0.0252959241850593,0.0853880068482319,0.00620384330966237
0.0107413539860725,-0.0202051777976891,0.0382294863329077,-0.0261100585971053,0.0459310071143217,-0.0286970256790041,0.0515233113330126,-0.0290424844977049,0.0919839106029825,-0.01642375305371,0.0379485653150702,0.0369145597273271,0.0682369399887065,0.0197888640807085,0.100708017045728,-0.00486341454991021,0.0995847126317595,-0.00314827348807002,0.0991223456417888,-0.00227829931758365
0.0130405682016202,-0.0118286434351431,0.0283243813452414,-0.0305506538852564,0.0413591701139004,-0.0329809714037492,0.0492395935009521,-0.028843150442548,0.0770760692246141,-0.0123220579482999,0.00915943648398167,0.00667363533712042,0.0348103783572161,0.0226918728106521,0.0472816347410149,0.0310767775728226,0.0526470914507832,0.0308231202608988,0.0772241088318697,0.015825394931354
0.0242640717684514,-0.0269685406687446,0.0362320046166897,-0.0291969803197139,0.0429827457525119,-0.0293751184436614,0.0493236004303669,-0.0280869001942242,0.0744104793451106,-0.0154361272364468,0.00874520078054497,0.00537044333405161,0.0365502373170128,0.0268083271847908,0.0481947026071717,0.0303635843506586,0.0615066699895548,0.0234578740610182,0.0950193580817858,0.00602818646630343
0.0118955282682612,-0.0189020180525182,0.0305549088459653,-0.0309787058769961,0.0460352739245113,-0.03088827587153,0.0534035646804134,-0.0265963213948887,0.0822739159402324,-0.0127746457327962,0.0174569131340029,0.0104951429062298,0.0400904176092954,0.0288050769334057,0.0518830280860115,0.0310355224440672,0.0558397606175274,0.0276272081398497,0.0991368684379104,-0.00452383242790882
0.0103198162598042,-0.0147683686235573,0.0234479332791389,-0.0314888575185925,0.0429576136239981,-0.0285315495326544,0.0580799330561424,-0.0247817469058657,0.0893901067873726,-0.010419851946311,0.0195396699947441,0.012288742462099,0.0464544870851382,0.0283049020276423,0.0490505015910349,0.0284073284946974,0.0519597072689219,0.0287368408690361,0.0956158047460322,0.00730581191275781
0.00890061001512652,-0.0163518523440294,0.0255513982831142,-0.0308393151927082,0.0442666850929356,-0.0300844411319161,0.0528195533107596,-0.0263253861870628,0.0836000999466657,-0.0128307812778528,0.0105675462430071,0.00922940313511559,0.0389004159445007,0.0301422424743666,0.0489735880524842,0.0317920071053713,0.0519628719438727,0.0299745093255864,0.0783117816060639,0.0124925770690178
0.0123766231378633,-0.0136361555313907,0.0289855553481802,-0.0294734958266961,0.0441431330461713,-0.029913848535949,0.052264532328074,-0.0275421687765506,0.0855350775005969,-0.0117849968095325,0.00682682045539683,0.00315798827986373,0.0378164082044517,0.0232300873233541,0.0494218202877091,0.0308515479676967,0.0503736581209741,0.0299637252669157,0.0787992286830985,0.0108938462735648
0.0100846657517418,-0.00765529772982983,0.0233935445702105,-0.0266060659002002,0.0454664409039625,-0.0276016405951531,0.0534248880251573,-0.0263971402999947,0.082482759276819,-0.0102048945883762,0.0159126723481255,0.00856818403783668,0.0468178041640006,0.0309763805411025,0.0487466471931833,0.0293958883333993,0.0631070091871471,0.0220814919033914,0.0968599050451997,0.00248366646414236
0.00822350791236943,-0.0130686683091604,0.0258414694046194,-0.030140348772934,0.0415988969730899,-0.0297026452952578,0.0508425548986566,-0.0276133481847741,0.0810289046599326,-0.0142414751391447,0.00855344196981269,0.00337528070085924,0.035233167538319,0.0202297270205878,0.0491815043514625,0.0300588624266738,0.0550317634482023,0.0273776628866086,0.0831281703152688,0.00730388250925197
0.0147789025940038,-0.0154771742242272,0.0317798548725879,-0.0303550637597511,0.0447681726580021,-0.0312776806362876,0.0547659303905276,-0.0253649378854401,0.0840400545619688,-0.0104938790394417,0.00587917921143851,0.00235591914672696,0.0156441752037515,0.00984509563044936,0.0401129587916782,0.0239633079408834,0.0663768807401477,0.0212338302124529,0.0909164698724643,0.0091914908032614
0.00908626430581017,-0.0111197232394983,0.0207300500114913,-0.0305670278569197,0.0393985282833007,-0.0297291533043341,0.0538924599765126,-0.0257743338227959,0.0803929725817836,-0.0118573311248335,0.0182073908391408,0.0124694616995854,0.0675042980194149,0.0201533316947684,0.0641263970140861,0.0234471823681239,0.0922155608893203,0.0108453624118773,0.0960372436649071,0.00347370750813232
0.00173519199367413,-0.0020535583858667,0.0196786206036881,-0.024858856986305,0.0433136639493544,-0.0322204411514296,0.0543342441569568,-0.0268054622365904,0.0821257297528256,-0.00893940977078905,0.0100844235918515,0.0104312673003432,0.0386679355375362,0.0319895869163964,0.05920489337322,0.0292753886478468,0.0791306985937205,0.0128435789819117,0.0997471943840912,-0.00464855171380081
0.015175273424361,-0.0156736070393527,0.0333448870485962,-0.0277400825108808,0.048079608933513,-0.027153833622498,0.0585544711459015,-0.0240198563524206,0.0874357054903739,-0.00944731798751571,0.0379192988614639,0.0422207602753393,0.0518747386566562,0.0291863594861704,0.0837982786257822,0.00170665258256101,0.0981143130930624,-0.00261260436762116,0.100436012938607,-0.00331569043262613
0.023839352159409,-0.0267912098089696,0.0409236915587029,-0.0279633130320255,0.0494040771966933,-0.0283300116948067,0.059497277014653,-0.0245121827427645,0.0874872912829144,-0.0107598721268841,0.0424526516885081,0.0357587815360493,0.0507625126972322,0.0300495490184202,0.0977804435102249,-0.00787229093902157,0.100505363746354,-0.00256190427873976,0.10017873772611,-0.00308763656184224
0.0118280030524856,-0.0142366796505519,0.0300854770042746,-0.0290844648098707,0.0483275179400666,-0.0277621710171254,0.0527196195459978,-0.0273234475346883,0.0890393499670723,-0.00956206373533529,0.0227421836982496,0.02054210400938,0.0478965643048864,0.0279381197096326,0.0568335219271394,0.024746311192456,0.0930050357487612,0.000502944327175226,0.101820328430517,-0.00664955519918989
0.00871728182903378,-0.019634085549573,0.0317550863638803,-0.0284240434090139,0.0495250353771684,-0.0311283128032503,0.0517415456715251,-0.0298685638166057,0.0760446337073579,-0.0161973144689383,0.0252054323719069,0.0216721099160062,0.0458712301672989,0.0273170899579018,0.0620513227114649,0.0251871937385743,0.0985027449491549,-0.000542415192798873,0.102164977574324,-0.00442923645125155
0.0120596685028359,-0.0160973184072461,0.0341515100709846,-0.0279882946477233,0.0489132513724369,-0.0273269741537046,0.053977053407687,-0.0271732075567742,0.0930890056941191,-0.00901990907741452,0.0266525726104802,0.0218637544035087,0.045248398525116,0.0265804928215339,0.0496539730639772,0.0271671291680121,0.0760592859076754,0.0139361971815755,0.0991659661670911,-0.00628312784577559
0.0124302743493966,-0.0112784173025103,0.0286236907076515,-0.0304676845136131,0.0481295979599742,-0.0276859794269358,0.0534702861383968,-0.0264280053481634,0.0882344594472455,-0.00891411179627303,0.0211853257660099,0.0211141376871617,0.0444109158628999,0.0296883380239157,0.0589275458367855,0.0253367014049964,0.0903880593633893,0.00451827855858604,0.10183241602048,-0.00673623806292475
0.0156264309314861,-0.0161773381658936,0.0315824542186063,-0.0281530046903552,0.0466860105234436,-0.0261067227581856,0.049679466053115,-0.0277780459236257,0.0702576430482995,-0.0225206104388289,0.0240493585484318,0.0276661288370962,0.0499655251944275,0.0321595813587301,0.066394151073452,0.0227989194122301,0.09738191486299,-0.00204325544391783,0.0999081844655569,-0.00371924942664316
0.00847724761858984,-0.0124490884550352,0.0264498118374851,-0.031274973779632,0.0472761498553746,-0.0289451597953119,0.0504924766920267,-0.0283381786424671,0.0869425651997195,-0.011135934470106,0.0143948186991329,0.014685925497285,0.0345006376994303,0.0271820819580887,0.0520067338834883,0.0277648037610909,0.0748919123804092,0.0162517046083529,0.0922790513555182,-0.00119921612556824
0.0147311401672039,-0.0191013221393915,0.0406427626478059,-0.0297029443089178,0.047097148362405,-0.0292405963601102,0.0516739257000195,-0.0283251099264057,0.0793781090678443,-0.0128644211515403,0.0213592331597152,0.0202995090165981,0.0464779359392133,0.0240060389279073,0.0496990989869485,0.0260198796595734,0.0715680423952886,0.018076002996689,0.0941765187501069,-0.00323727879062827
0.012105999895176,-0.0197323970024294,0.0386975501281226,-0.0288347312537906,0.0478434119254533,-0.0299841770844159,0.0511478713060161,-0.028711423201902,0.0749629381478358,-0.0173375686600387,0.0189543650660113,0.0146295311025922,0.0483930832391814,0.0234537101867853,0.0526843801979576,0.0271961473717613,0.0835644961834752,0.00897811899016639,0.10030464446944,-0.00443766217169899
0.0111946620749703,-0.0107817430834349,0.0337824231933075,-0.0286446957537567,0.0498868439828522,-0.0270441453757388,0.0502163298229636,-0.0267376655649614,0.0873727091372701,-0.0116508180451083,0.022309178726498,0.0109427997415644,0.0500700282169207,0.0265888358661833,0.051463391128344,0.0272070941621059,0.0832504704404751,0.00920746136035241,0.100320755607202,-0.00420942306611036
0.0159814095057466,-0.0160530156796214,0.0345106265129841,-0.0238376189993785,0.0448260339701383,-0.0288212238933743,0.0499045997311948,-0.0266212449021725,0.0767161999709125,-0.016286099147113,0.0246622393218186,0.0110118184257578,0.0420269829442056,0.0263420995322032,0.0512786953698388,0.0326519123430575,0.0502255623815461,0.0289745176902848,0.0793187648743148,0.0149885882173919
