u1_5nodes_1,u1_5nodes_2,u1_5nodes_3,u1_5nodes_4,u1_5nodes_5,u1_5nodes_6,u1_5nodes_7,u1_5nodes_8,u1_5nodes_9,u1_5nodes_10,u2_5nodes_1,u2_5nodes_2,u2_5nodes_3,u2_5nodes_4,u2_5nodes_5,u2_5nodes_6,u2_5nodes_7,u2_5nodes_8,u2_5nodes_9,u2_5nodes_10
-0.0217629108485591,0.0178694402118753,-0.0217056693378267,0.0177405699922212,-0.018215832001857,0.0162427553254504,-0.000901084915518175,0.0130343395972446,0.0165004514306594,0.0104356077338196,-0.0246013276724174,0.0217035704938205,-0.00920725761220692,0.034626587063519,0.00427767697271781,0.0376767718785271,0.0212397316834503,0.0308434893022025,0.0300029713747196,0.023031283617404
-0.0340310809154771,0.00825414873645152,-0.0209970653003656,0.0165689315449207,-0.00801423018022905,0.02723909524367,0.00704545971808364,0.0294190843557315,0.0217958868434409,0.0300326458802725,-0.0356066034733324,0.0103430474953356,-0.0204973227270413,0.0235741685861055,-0.00332058849040194,0.0318678637754788,0.0175923210007372,0.0288753504594199,0.0291905087481639,0.0247258325170325
-0.0259450388922339,0.00557167728091647,-0.0111406370574902,0.0101052238724747,0.00374586737953892,0.0123915632603985,0.0197858833940867,0.00742737106567777,0.0307334138366285,0.00660491812494845,-0.0348991567777448,0.00437444963480263,-0.0208385502114379,0.00812053006943208,-0.00716156782421871,0.0144280008355664,0.00510326715336711,0.0122883547656695,0.0220188154124451,0.00768517162625409
-0.0312885105459937,-0.0145148065948889,-0.024225620860831,-0.0259765983105652,-0.0181132023025321,-0.0297319357097006,-0.00959715653800466,-0.0360659966985831,-0.00478050491376276,-0.0330787607557708,-0.022839960339987,0.00993230884076087,-0.0135902546638706,0.0139117411819462,0.00216613759259691,0.0176261172500432,0.0246352542908384,0.0245198851515163,0.042079222789024,0.0136053033320022
-0.0350923753283148,-0.0143332997534682,-0.0318896107458501,-0.0187466469246629,-0.0208564779390242,-0.0307017494694176,-0.000782339181542034,-0.0331840101435318,0.0219413319447381,-0.0256920720706858,-0.0227204161628017,0.0128902167303786,-0.00315991418232226,0.027020314217526,0.0145304285751722,0.0332810289679352,0.0236477043001464,0.0315432712144134,0.0327406309398846,0.0275572149600472
-0.034466183428569,-0.0172838972254926,-0.0256976696720737,-0.0275993832726997,-0.0145055202261429,-0.033361508517039,-0.00659860433646618,-0.0340128815712692,0.0200692976288274,-0.0306249986586325,-0.0260072670916514,0.00895523935544438,-0.00532395730012683,0.018000682322972,0.00687858203625908,0.0226363222040084,0.0201579364244502,0.0276660694140953,0.03238608330855,0.0240322302265293
-0.0233331227515407,-0.0229071142909335,-0.00695528914111229,-0.0348978987728993,0.0232473582951316,-0.0323129154361618,0.0461119723084696,-0.0231292386839952,0.0535717887137465,-0.0142147037204784,-0.025033270187165,0.0098778884016772,-0.00719972114092414,0.0254492633582521,0.00647172625728857,0.0323221215356877,0.0229802458480561,0.0318525238225939,0.0285556569922157,0.0289853838277844
-0.0246262435670178,-0.0228155319139841,-0.0164427651374883,-0.0288209322636906,-0.00381851058941022,-0.0376436232126481,0.0210521314699315,-0.0370815199040305,0.0450835013571842,-0.0238132467420984,-0.0280584257642457,0.00835015352669941,-0.0127298803903179,0.0181078860428475,0.0075431289279701,0.0283535269743224,0.0215587043333169,0.0258300932016599,0.0343129214925541,0.0286009713615465
-0.0303177669480386,-0.0161594752473277,-0.0180202579636463,-0.0298758767182112,-0.00514085881218968,-0.0370662050492779,0.00683934044826887,-0.0400810583999445,0.0269460543001764,-0.0378442040037894,-0.0265678730625547,0.0194706537522775,-0.00904700290610165,0.028632266314216,0.0071404165823181,0.030613431127764,0.0194330060948267,0.0269912029949859,0.0248323936011958,0.0251177726886451
-0.0323424853139762,-0.0181463245634683,-0.0168756697858402,-0.0319043531884012,0.00398325717176212,-0.0299580838897964,0.0140646991821891,-0.0228364546868451,0.0322696371512932,0.00262294716011246,-0.0480719196545839,0.0115879386725652,-0.0447329698351843,0.018896616169613,-0.0281861737436532,0.0386056535965402,-0.00711905625272202,0.0505228878729463,0.0153529996627732,0.0363255675710066
-0.0289465326111279,-0.017319489269734,-0.0136205110733572,-0.0307581580551804,-0.00015632142961964,-0.0353685547038653,0.00796280830803707,-0.03774180684519,0.0253338446272453,-0.0268089281977725,-0.0299437632081823,0.014638875235112,-0.0101934601648672,0.0230584030292702,0.0140545241896475,0.0197882114977603,0.0241790707671965,0.0243384334226698,0.0406394733519458,0.0190175683317978
-0.0335503340972078,-0.0197103978274969,-0.0203327410489111,-0.0286847474301102,-0.00775949516161003,-0.0350728953718569,0.0114642962465038,-0.0334504683696058,0.0304182339440013,-0.0324014436492624,-0.0291634266502663,0.0176095558722952,-0.0141611082544551,0.0266000656847228,0.0057664946504278,0.0248599252748479,0.0172637749111844,0.0299147864319412,0.0264894384738394,0.0314503660253231
-0.0396983287656787,-0.0155681090056062,-0.0265761812726817,-0.0217393427999437,-0.0186372393151214,-0.0239809075415581,-0.00504389875879703,-0.0228903944938973,0.0122835505385832,-0.020602659537849,-0.026967883199238,0.00613895855701894,-0.0131435629719983,0.0150545746361066,-0.00123948865076593,0.0255673443815268,0.0154933441366995,0.0285319178040057,0.0264142839691333,0.0275032039916251
-0.0264865067076656,-0.0221406406041826,-0.0107093716516327,-0.0257588609223391,0.00530043388230837,-0.0268319179233188,0.0118221468447451,-0.0282944269907693,0.0142794175400394,-0.02877568639148,-0.0127143134174328,0.0274731162959375,0.0160640686310263,0.0349180985454146,0.0323888324518872,0.0244895695991166,0.0362979053656885,0.021742510119032,0.0397035096180908,0.015525726516973
-0.0391018679112033,-0.030323796287354,-0.0386790783419195,-0.0302592597677433,-0.0280076941470032,-0.0412920877067731,-0.0145281897803524,-0.0232709015868813,0.00968121484983036,-0.0214203902137787,-0.0404080204834173,0.0222816054419939,-0.0288622652447082,0.0329816581979041,-0.018514028028693,0.0310468331932717,-0.00137373285345073,0.0364934515668421,0.0229046663670694,0.0318305364384897
-0.0334814187694177,-0.0235340560304225,-0.0125426422007109,-0.0236763269167924,-0.0112901893704758,-0.0284398440154968,0.00293113053811472,-0.0278920778830995,0.0236492079226226,-0.0123918177262614,-0.02042095260094,0.0213575960241248,-0.000519191080077811,0.0323901891496738,0.00454012318500498,0.036744157196662,0.0166239741730364,0.0352936212918795,0.0282715703619603,0.0242732502115138
-0.0174449090195534,-0.0320534244930965,-0.0200452956751024,-0.0344915192340039,-0.00563456238488765,-0.0304123175866128,0.02963581671097,-0.0220736944984952,0.0367456587909373,-0.0221309392359989,-0.0238365837350861,0.0260618820749531,-0.00814606152293881,0.0305186327796437,0.000831731628753141,0.0359057524499198,0.0238740613303611,0.036316046995803,0.0361558576106568,0.0261141522985932
-0.0256449622890324,-0.0287812633219065,-0.0165637772672725,-0.0367897439948039,0.000600031923953402,-0.0367764529899272,0.00380092415748984,-0.0368222335614765,0.037096677937601,-0.0287583238578366,-0.0449579835400649,0.0169823839446052,-0.0150335957996053,0.0356868581504453,0.00693382117731505,0.0317495222765663,0.0116625548208778,0.0303084091484736,0.0239483448991678,0.0331421342896618
-0.0312991095650643,-0.0273828081422983,-0.0165715086330396,-0.0294925475904981,-0.00171397762539655,-0.0344873070724297,0.0150359387869868,-0.0349952317875193,0.0244871063948493,-0.0302018349364527,-0.0389271299953584,0.0237690249329218,-0.013562991201068,0.0307749579354656,0.00701476554549431,0.0425837744530113,0.0206896142409668,0.0292789764751467,0.0399323850023054,0.0117339517740614
-0.0261115221668547,-0.0259581315448529,-0.00891145459731997,-0.0342536997960334,0.000217599210754968,-0.0390748323079452,0.0126333902285971,-0.0359094387248033,0.0337398599484748,-0.0283309958854401,-0.0435331328785174,0.0195512398782715,-0.042054928018293,0.0203202370683749,-0.0116528028417131,0.019627812231072,0.00479107211629029,0.0356819419347036,0.0143322400347641,0.0345133685543878
-0.0279982200778601,-0.0303262147667766,-0.00880157746655,-0.0355718087214328,0.0104254998226224,-0.0371438522202779,0.0383829223208957,-0.0289862214786861,0.0476329277834618,-0.0194879994190159,-0.0339280682726281,0.0152299434141559,-0.00961247024534766,0.0193728346405841,0.00790389818879635,0.0299744480978247,0.022696908279318,0.0279107547961724,0.0399063595357004,0.01763818463637
-0.040175313131031,-0.0179924367241718,-0.0181141087574021,-0.0358981442344844,-0.00687489913789423,-0.0412141624790161,0.0143715327941251,-0.0431106002190866,0.0238640182754621,-0.0401192160644724,-0.0321614242720207,0.0283982632638331,-0.0079055465644706,0.0407157916954986,0.00148337390722229,0.0399942949249463,0.0195051932523865,0.0352063042880125,0.0314063997404149,0.0213176452925189
-0.0284080187495842,-0.0294805630184168,-0.0155946815175648,-0.0359247747949676,-0.00752668396812399,-0.0426850242659702,0.0118603870533547,-0.042025150084955,0.0433763968700897,-0.0246447037460913,-0.0307604826753336,0.00632588198598539,-0.0104519298509786,0.0205998214656382,0.00402164208352285,0.0277519031042239,0.0249067912119845,0.0319778711104067,0.0338981566519932,0.0245998888944679
-0.0258867768793461,-0.0293598668427714,-0.00398581855585416,-0.0393373563011744,0.0266886581921897,-0.0336042411669898,0.0468287562280461,-0.0229584619192305,0.046821571278636,-0.0244593439187451,-0.035696101436516,0.0241035307544415,-0.00636738640440337,0.03016470948661,0.0204157558033737,0.0346384917477104,0.036228730909598,0.0233711402576893,0.039026413714781,0.0201977761162938
-0.0319288345796025,-0.0255932076427407,-0.0236042640163109,-0.0274525827328129,-0.0167714673721623,-0.0262744652814082,-0.0104570116844427,-0.0275596043717704,0.0152944105255876,-0.0217548385059451,-0.0406172273471304,0.0223044635572461,-0.0243013507071868,0.0349432067626549,-0.0147892896502519,0.0396540555361885,0.00963652552497469,0.0376461749247867,0.0248040855793348,0.0334799756211252
-0.0228792376097388,-0.0291082599601653,-0.0186818427956862,-0.0309153098658317,-0.0141736029565273,-0.0299495512601605,-0.00448813531804126,-0.0290053679828838,0.0154673591157739,-0.024611443652289,-0.0477125985149131,0.0110290729788152,-0.0419585851156247,0.0143049259812571,-0.0125130879128458,0.0336978828066316,0.00825888472371103,0.041024794273456,0.028388584303772,0.0323422754875898
-0.0208785831849491,-0.0267251984860177,-0.0146613373814576,-0.0282870267315469,-0.0129479550941357,-0.029647101184867,-0.00399348589290297,-0.0301958867726729,0.026877023414681,-0.00199480712842149,-0.0470074682066834,0.0133688292960631,-0.032452094442182,0.0254701655310571,-0.00764514703739685,0.0310387542541599,0.0100255266792826,0.0366369102388207,0.0282712160774832,0.022842541172578
-0.0239419946851405,-0.0261312980154278,-0.00531308296706862,-0.0256307129697032,-0.00308499003777297,-0.0280700503872118,0.00604776012218824,-0.027092397483112,0.0196540547286769,-0.0190154267010201,-0.0364400381715571,0.0237347270530669,-0.0138708003231679,0.0410728988223438,0.0111951404841519,0.031156822072748,0.0290978259750278,0.0292837469091513,0.0383196933966987,0.0155901069995978
-0.0294474014647658,-0.0242974002020277,-0.0189228964282815,-0.0275816391445652,-0.0114199473704633,-0.0329131169147631,0.00406993419565938,-0.0277309962936398,0.0319620997300739,0.00855739786017633,-0.04096092604128,0.0149872652095895,-0.0340961632413049,0.0236773073151196,-0.00937319118039277,0.0216357658570725,0.0185919170504801,0.0333922018949347,0.0304382673105465,0.0254323010368014
-0.0196115209805053,-0.0286280140617765,-0.0183270911420571,-0.0314741234010315,-0.0174711246120088,-0.0320715451579006,0.001253054396698,-0.0330019345215956,0.0186809426247135,-0.0219513831875857,-0.0418880764793778,0.0217126108089414,-0.0355897644641473,0.0299994146588385,-0.00745828745340033,0.0349897097530632,0.0117333657918028,0.0400360769224614,0.0293574734064736,0.0244118173079863
-0.0285618325478316,-0.0178826638801967,-0.0136023001129915,-0.0257739261198373,-0.00865491859346198,-0.0288203617318612,0.012090922048505,-0.0264939418048801,0.0355766180871369,-0.0169780614968857,-0.0407911143295144,0.023205336169651,-0.0248029919606476,0.0442576226474938,-0.0113738092187632,0.0513975549615858,0.0187147443819468,0.0334792263246068,0.0437099126449413,0.00919198146373239
-0.0188916362870211,-0.036592249210981,-0.0125736107415645,-0.0352490032397389,-0.00714974669082126,-0.039415407557882,0.0183118833512753,-0.0232225107211126,0.0395931411309378,0.0169751552773526,-0.0330591416127822,0.0317423209490888,-0.0175195148323265,0.0355056126088051,0.00668373463541545,0.0326961716571596,0.0275626488924253,0.02644052588642,0.0372193284476314,0.0265199819471283
-0.0220606745872103,-0.0225261506741589,-0.00648049009242777,-0.0312350782706969,-0.000788586340435487,-0.0330264078828656,0.00550877590321473,-0.0329672592508745,0.0171484671305931,0.00644056036176857,-0.0426206131375369,0.0189737674697098,-0.0239928005518914,0.0350400226395214,0.00153331400087174,0.042419274081538,0.0182976191406467,0.0378568996644935,0.0287880009471967,0.0266267266174095
-0.0176517687706827,-0.0297094883892065,-0.010352161444732,-0.0339954927637337,0.000229031272926751,-0.0330521469738568,0.02400240389702,-0.0210198062920762,0.0364699976352028,0.0115720965506679,-0.0398843186743681,0.017124650373604,-0.0156689695284806,0.0308609649779423,0.00800683940007235,0.0365708674831136,0.0213915543841016,0.0321691820805094,0.0365726140784914,0.0211541130263466
-0.0265223147936044,-0.0231595336261515,-0.011077776673366,-0.0336085177339045,-0.00543945565898167,-0.0359479557806895,0.00225518469749801,-0.0362403036810699,0.0145212411458369,-0.0333573186897941,-0.0389483530027694,0.0126221344002968,-0.0233075691528321,0.0291294530737146,-0.00693449417354684,0.0361922957425993,0.0168904218257038,0.0382014570307633,0.0237169877449073,0.033965085585858
-0.0245992597121758,-0.0223358325818867,-0.00758533244453932,-0.0300601478212273,-0.00250710704057617,-0.0360725176589069,0.0174526470999199,-0.0316902505293044,0.0377271667887605,-0.023614413945133,-0.0271202241940794,0.00833086357331691,-0.0119281657402191,0.0276319406495463,0.0152298702016913,0.0292608863451843,0.0337858325657216,0.0311109554883903,0.0420366209283517,0.0147893138823548
-0.0318740195291,-0.021042864211693,-0.016191161851692,-0.0256118893400636,-0.00945225681706382,-0.03413962234168,0.00492844345890374,-0.0356444903478114,0.0319783017553289,-0.0218323972125248,-0.0403773524871991,0.00161946359885998,-0.0266422032146431,0.0178823459959475,-0.00974651296142274,0.0241751045550647,0.0137638184085715,0.0336143293601523,0.0330150053622998,0.0323625714485558
-0.0311015634952068,-0.0178309397319584,-0.0187976675101799,-0.0288557295657926,-0.0136927211881231,-0.0314476141524156,-0.00756384326576873,-0.0324438277110953,0.0390463815109633,-0.00855618743492797,-0.043673252489384,0.0189883848611507,-0.0343111839509365,0.0302830853300722,-0.0218937020300503,0.0343400648206544,-0.0115046730775872,0.0388971657202771,0.0376702518295085,0.0135584223171828
-0.030777098414221,-0.0195599462432042,-0.0143336475751208,-0.0339154426465024,0.0101136801428078,-0.0374237149781994,0.0246213331430008,-0.0334516679264135,0.0479302132792027,-0.0200328898073645,-0.0341231559476114,0.0161997615859997,-0.0140271287271821,0.0224469584273836,0.00685592734478297,0.0282907582265007,0.0213862476310516,0.0361460461127161,0.0374205599685872,0.0202044438586439
-0.0395511206248179,-0.0124380130389587,-0.024576736587306,-0.0282028491524677,-0.0124942521975248,-0.0330118997195135,0.00698176029362151,-0.0329731763559953,0.0271569453559818,-0.018567270382107,-0.0467736177484677,0.0142878879883998,-0.0258975811382648,0.0257358834693374,0.00199978600329913,0.0368976505790106,0.0236612086483902,0.0303151100196327,0.0428685496586329,0.00995353788511335
-0.0300923650566923,-0.0177633075780329,-0.0130446619656652,-0.0343303597576845,0.000488012104496821,-0.0341662210240898,0.0200588667552378,-0.0375755896375309,0.0382105511251385,-0.0277610269113658,-0.039044196093482,0.024662923315079,-0.0179155399513487,0.037213755580714,0.000104051994138158,0.033446300738118,0.01527681556973,0.0361950428713261,0.0301052008487008,0.0221686873856598
-0.0274104177719462,-0.022847329830664,-0.0168142725266636,-0.0359946547284692,-0.00544107183956591,-0.0335150553473116,0.00610121671067121,-0.0335080620502823,0.0251287373140606,-0.0189371482058008,-0.0397581973419977,0.0155649670740865,-0.0236959142508396,0.0337102030676712,0.00543174390899709,0.0316605996893147,0.024013724763646,0.0282480092606699,0.0412705376126405,0.00959341608495756
-0.0291658623796872,-0.0132925428896035,-0.0165192111307646,-0.0277385159264377,-0.0100258662918314,-0.0355332804939721,0.00575435681214628,-0.0278879025634752,0.0182704685600978,-0.00979406235221828,-0.0360585028479818,0.0209169102663569,-0.0257743931010615,0.0271103142444528,-0.00773005493227097,0.0287255883354778,0.0127492919708335,0.0327654576092649,0.02445714058894,0.0223295021707905
-0.0226704670469074,-0.0237956221616848,-0.00388079126193043,-0.0291819701431508,-0.00269058868390886,-0.0296533179885199,0.00641820831782268,-0.0273506792487949,0.0252354607597794,-0.00795708938573818,-0.0280539381183656,0.00845474421392062,-0.0173402245053429,0.0226271911471477,0.00316304089963695,0.0248973561664688,0.0201018907492202,0.0345047772416666,0.0347825261281255,0.0177435850459723
-0.0315130965029391,-0.0136791449710531,-0.00939289217766815,-0.0298784505174137,-0.00299693688750494,-0.0309283191534044,0.00891212099850199,-0.0265398687481035,0.0254064392064242,-0.00756676002876375,-0.0368357046411246,0.000147205069625583,-0.0193448249519686,-0.00645057399294691,-0.00750636591109437,0.0207057678468318,0.0188049344545194,0.0310431335938627,0.0329921191069368,0.0152746698383704
-0.0239800530057882,-0.032655085102956,-0.00532022425731635,-0.0324277801709833,0.00067063041298959,-0.0219346630538059,0.0103363488283132,0.00896605631475681,0.0255706748344924,0.0146364850940931,-0.0388290358111398,-0.00465046941151872,-0.0269424204220238,-0.00503089571692464,-0.00486131754994471,0.00139622304116089,0.0227429718857412,0.0288636326804544,0.0297850621902045,0.0282119802175962
-0.0249988230617852,-0.0231698663342082,-0.000927649147445282,-0.0399177508735234,0.0120194504171693,-0.0369734019618718,0.0219725542882678,-0.034725935843736,0.0385130852971834,-0.024405542864683,-0.0310696559197849,0.0118453901799026,-0.0152700508544069,0.0177060545520078,0.00117641124906679,0.0300001177962546,0.0217625394991437,0.0193789510036163,0.0314363566960039,0.0273592901785677
-0.0251573602366107,-0.0230523632543529,-0.00569094694406967,-0.0287329110605438,0.0144466909391789,-0.0414164432201686,0.0348068443604651,-0.0313335208301628,0.0469982315778662,-0.0189940157050858,-0.029448199760236,0.00456115921365821,-0.0185583126665596,0.0275178605734273,0.00194196723256197,0.0333243372717607,0.0189174030445695,0.0309211723120634,0.0347844758588317,0.0206624173514686
-0.0352091721665348,-0.0134359797766655,-0.0206621280884895,-0.0265875368553912,-0.0140112346631505,-0.0293173252993487,-0.00637066414335093,-0.0281990398063328,0.0117930497385561,-0.0234500832619144,-0.0330285971932639,0.0120133476294441,-0.021111470106355,0.0267025787784552,-0.00755684546435416,0.0316351418480918,0.00863890125532254,0.0377197501738567,0.0237205527087594,0.0219991214491695
-0.0206022004165434,-0.0317170470296425,-0.00584615719022263,-0.0296692817981676,0.0233541714163764,-0.0167896401884031,0.0378428717504098,-0.00123099874089332,0.0436061405183664,0.00612633517407331,-0.0269016989671889,0.0319260243733172,-0.0139037115244857,0.0391001475402354,0.000473002703679583,0.0333471059412439,0.0170217363711356,0.0262141367584723,0.0290708868690773,0.0174818413622419
-0.0308442548598974,-0.0152658927137939,-0.0162364508957437,-0.027644198726321,-0.00748344411168185,-0.0221271053244144,0.000429870000240056,-0.0275589870822796,0.0259791129939667,-0.020457210903608,-0.0335402301498102,-0.0159756098057713,-0.0234065945028889,0.0033506657459711,-0.00447399537809915,0.0257772213768141,0.0124077050006223,0.0370983890809329,0.0323173023438468,0.0175988109625327
-0.037761333040693,-0.025189643612166,-0.0140237492947123,-0.0302950990533593,0.000333503961608545,-0.0295483099006085,0.0231696450638354,-0.023104779619537,0.0391929725807085,-0.00572580550098222,-0.0321388492622924,0.00371524493431384,-0.0125843199974523,0.0148344313017752,0.00526742294960113,0.0311905650927114,0.0199675056219972,0.0270767636682117,0.0379406754925078,0.0125156583958112
-0.0300367066523853,-0.019525654962347,-0.0127758776893014,-0.0302847686899527,0.0072604580848754,-0.0259332861376371,0.020855565156441,-0.0133346497149749,0.0349892927820774,0.00647661153990112,-0.0381463932431417,-0.00847106299266608,-0.0298228504568531,0.0160065855267151,-0.00629686618965054,0.0253828010653091,0.010567143689788,0.0397638479836163,0.0298317448122765,0.0269732685046294
-0.0229091882291315,-0.0214857180310494,-0.0110705333440619,-0.0318813319685226,0.00268874256564146,-0.0290993974808504,0.0162071373894362,-0.0266447243881203,0.0373677400436354,-0.0169574572136021,-0.0446165481656228,0.0194411369553215,-0.0346591952049564,0.0307633218019497,-0.0114181642753299,0.0305490556914258,0.0172055656205353,0.0337462765479878,0.0352963649199884,0.0205176735049097
-0.0271526598561628,-0.0263903788003498,-0.00564349935704245,-0.0318752827392791,0.00141960632305076,-0.0332162335784747,0.0187682751104362,-0.0157535121178777,0.0284190030540827,0.00796175420264794,-0.0264326336183568,0.00740234123598386,-0.00864895972284497,0.0314490262350181,0.0211581320151712,0.018428069439549,0.0304930930881646,0.0223187052774589,0.0413539228360851,0.0109755344963161
-0.0126952844676956,-0.0251078045574935,-0.00383041256069694,-0.0289071786608062,0.0154039512986587,-0.0254175797840118,0.0292335445109841,-0.0186540965546882,0.0321889461970654,0.00218649624941967,-0.0439910987912997,0.0193981801892754,-0.0241180602133023,0.0322554570000938,0.0108304048669787,0.0325001783963223,0.0320225252715518,0.0314623454101576,0.040698922440466,0.0137195726080872
-0.031789187484913,-0.0159963823385852,-0.00625046541954233,-0.0353702366225177,0.00214722088870885,-0.0319616937933616,0.014510360930062,-0.0268060356231992,0.0282630460514023,-0.0171858227928378,-0.0324389201351121,-0.00270026258016026,-0.0131956964906188,0.00617224040507216,-0.000206108737631768,0.0214219064165879,0.0167806366473544,0.0331029839985765,0.0322424203743956,0.0213057698663069
-0.0331564238040467,-0.0201432041059415,-0.0136727637524144,-0.0259861224571463,-0.00850955496280503,-0.0327812509726289,0.00304057793468805,-0.0305646302316023,0.0188742044429894,-0.021754155293157,-0.0267871995974854,0.0100709113945234,-0.010582393818361,0.0155798735350578,0.00414142924870074,0.03000749948338,0.0194747360862596,0.028473928404125,0.0353580071992256,0.01845065539326
-0.0266824591971504,-0.0188210074989128,-0.0107487845783932,-0.0313812789837321,0.00542287288550443,-0.0259082555473274,0.0200059291178396,-0.0196228028836586,0.0324935738652928,0.00577381932881038,-0.0360354043853005,0.00273648583582135,-0.0132247350884622,0.0249966185003481,0.0089805243306141,0.0362951107967397,0.0199941511235129,0.0307150773200772,0.0302108713097835,0.024378760330209
-0.0340012938139572,-0.0223481910779106,-0.0124636524408839,-0.031612943158721,0.00108531554013617,-0.0331225280846075,0.0118673848680809,-0.0117404753665209,0.0257276422979326,0.00602682217606537,-0.033368676644978,0.0112039853352185,-0.00760044395229992,0.0230063592690597,0.00918314424108136,0.03186055833849,0.0191664283871776,0.0265938509945255,0.0272853501018793,0.0172920948970066
-0.0353635218008527,-0.0188634408387873,-0.0262120601838932,-0.0260174714457022,-0.0125921231249308,-0.0283099468930667,0.00304376039324709,-0.0244337171645678,0.0237972184354274,-0.00449422451281737,-0.0334282897107207,0.0131530844093972,-0.0139256789790244,0.0215381345867781,0.00351925715158357,0.0368123679451823,0.0172081574192054,0.0278456317241141,0.0303138168938923,0.0206109314143799
-0.031789501020911,-0.0179407846030637,-0.0158311285631501,-0.0304349695315,-0.0149962678143756,-0.0315480822905731,-0.0055192846986194,-0.0333880300562316,0.0168192160247128,0.00756751753157493,-0.028952374519598,-0.0072432045406472,-0.0222320166458483,0.0242333927685374,0.00622048865590787,0.0344944501781594,0.0314266461925987,0.0126448143955261,0.0406706988771272,0.0056645823345881
-0.0333856872867108,-0.0197592701580976,-0.014840303291137,-0.0325103690172757,-0.0039801411604079,-0.0280222511400868,0.0122149588037719,-0.0256382076894033,0.0280161339245406,-0.000314896430059261,-0.0398155861791925,0.0188053254231586,-0.0179878425825742,0.0264513047495291,-0.00354365596548776,0.0288006556128638,0.0158118024868856,0.0362828665451348,0.0325725768316671,0.0162268238338077
-0.0301432241343958,-0.0155861796842588,-0.01938482539813,-0.0286990613795053,-0.00412583402590049,-0.0302013080061191,0.00371955246358778,-0.0341845937202546,0.0257847158940568,-0.0260216409847602,-0.0453819480532186,0.0119437002327335,-0.030943507407543,0.0238719250449769,-0.00986626679056178,0.0345523384247326,0.016599397113623,0.0380795964863348,0.037731343256061,0.0187140093249571
-0.0252543720507893,-0.0231743921372025,-0.00577154512165139,-0.0325341480315759,0.0174426824227005,-0.039525805239123,0.0425859205755072,-0.0239104882081927,0.0514769994094673,-0.00981418665818502,-0.0406658112955295,0.0145710543168301,-0.0187925671988291,0.0242259491702799,0.00614954660054644,0.031738187480526,0.0245869705296484,0.0324957632765583,0.0392096059691579,0.0180477754531497
-0.0125393750724618,-0.0321874120055941,-0.00776119550554804,-0.0265496564619955,-0.0109205395688502,-0.00501338935812759,0.00834437707384809,0.00248789073771542,0.0337169067082459,0.00280248695402477,-0.0405809445312338,-0.0287455587237837,-0.0132820790433733,0.0284328344041181,0.00973483957721176,0.0379323224372316,0.0286566069521665,0.0207195373459708,0.0349294083029175,0.0186300627232669
-0.0424125723155633,-0.00417233610772263,-0.0272353977219348,-0.0225155536883604,-0.011157223760069,-0.022351163853921,0.00985328086259676,-0.0112832411967302,0.0303418411955003,0.0111549721527851,-0.0285973732591132,-0.0173563877164766,-0.00563308893098558,0.0246947674870553,0.0189524444286129,0.0204175138899257,0.0298357024748417,0.0282654341017552,0.0398083221740704,0.0172671810350425
-0.0281444760293107,-0.02613753270279,0.00239681073862437,-0.0314374743733271,0.00424523162921618,-0.0238199452079543,0.0149153382989487,-0.00458702598908254,0.0328059444115205,0.00821645462044931,-0.0177315900493019,-0.013898777016425,-0.0128458779454199,0.00924398649562778,0.00448374146638651,0.0154416792839238,0.0272854020539804,0.0315550052185849,0.0362406749718361,0.0202416652116205
-0.00987231738465226,-0.0294761486853769,-0.00771156585295031,-0.0243237777950988,-0.00605179376113213,-0.0242336291746373,0.0118418710948785,-0.00176242670158636,0.0384543109039305,0.00574073670881497,-0.0120333181854695,-0.0155100872761403,-0.00383086190606593,0.0127551170118127,0.0153743832407029,0.034575440955892,0.030510420257798,0.0285129511390056,0.0442070667343367,0.00825413895749075
-0.0232376937724329,-0.0264962704268624,-0.015156668583685,-0.0256918811353474,0.00153028172118873,-0.0255137671093046,0.0159993692173876,-0.00833234845277012,0.0354699913947774,0.00759932578963932,-0.0466711561304158,-0.00143562619284207,-0.0269512937636192,0.0303238158546422,0.0107555340566216,0.0295062237325741,0.0310959846414894,0.020852936731738,0.0391651808792447,0.019487946458725
-0.0243919640823346,-0.0240208174191379,-0.0063522068849716,-0.0233868743126635,0.0188808221613924,0.000448926229550904,0.0280106155840772,0.0159697841677672,0.0433604980300208,0.0112152019021857,-0.0306172675024866,0.0161069438809161,0.0171347052389297,0.0128797352487087,0.0302022378888376,0.0276997314670541,0.0332626043596398,0.0275500559370724,0.0426498564134661,0.010649677271825
-0.0312932655947167,-0.0198064821518835,-0.0155633227501745,-0.0362419606529838,-0.00406573348036943,-0.0264337097660665,0.0169761113899808,-0.0045691229520796,0.0359842503819874,0.011232266443575,-0.0354331529866036,-0.0128196482139549,-0.0150566615767842,0.00970097498876085,0.00862074445006398,0.0348753062892529,0.0227680369105415,0.0329873302150396,0.0378209643483827,0.0189847381654094
-0.0289738361075268,-0.0195184102126659,-0.0183821857120054,-0.029671145977694,-0.0129189653833154,-0.0267167378853385,-0.00932515332339206,-0.0267582398667349,0.00363271363716026,-0.0257401568947399,-0.0359412925585364,-0.00398688424702839,-0.0197137183435172,0.0130837486255351,-0.00210387054906249,0.027861074629981,0.012785349552356,0.0316833889406024,0.0298879387763747,0.0248280985037606
-0.030863822424668,-0.0243297998991762,-0.014311863293267,-0.032015068485001,-0.0128025209238341,-0.0320126127383085,-0.00136824778888948,-0.0303188377031282,0.0195808888860918,-0.00785173697086605,-0.030835938718018,0.00523148961106128,-0.0188118253108039,0.0132719115144343,-0.0070888916524956,0.0327288805439192,0.00863536427180413,0.0407033108204557,0.0222619790665107,0.0289242888156033
-0.0250733494093763,-0.016345539719789,-0.0168578702190649,-0.029666699978948,-0.014991264969617,-0.0308824829333331,0.00235424664535826,-0.0243905177633289,0.0235270513757262,0.00821741322246571,-0.0434988379461554,0.0128771683580504,-0.0305541119569761,0.0193315009716561,-0.0152840877404072,0.0361503836911669,0.00339318543418746,0.0432198757047345,0.0230805743239885,0.0256139131147972
-0.0205106010932718,-0.033594641921505,-0.0135225986431637,-0.0319394628226384,-0.0082264562139866,-0.0342123998585682,0.0124369630529099,-0.0242076490774489,0.0251678528902097,0.0123309717090911,-0.036557125597754,-0.00937926968166271,-0.0336595206454268,0.0271091206165185,-0.00204763271243442,0.0246675912322007,0.0157244298422934,0.0224998382050007,0.0254136709470877,0.030738905447987
-0.0376309429493607,-0.0243593734292426,-0.0326490682228741,-0.0281012701381542,-0.0146123933454162,-0.02721764225128,-0.011492659254965,-0.0323112063562012,0.00625530137036847,-0.0190585702750131,-0.0361666455094921,-0.0032144193612463,-0.0175940580393026,0.0128920080889984,0.0049284201093403,0.0390826740170271,0.019448206562199,0.0343538797837578,0.0315581330651039,0.0247431276116944
-0.0302584279010181,-0.0202275514514786,-0.018755265723715,-0.031476415866907,-0.0149519185536762,-0.029195545212892,-0.00173021055462985,-0.0136528464866292,0.0197286678238033,0.00271930783368414,-0.0275720329214823,-0.00888991571704333,-0.0104436127815622,0.0105667959623902,0.00894878111728067,0.0351028989405968,0.0250064657085694,0.0205915342844172,0.0334525674935821,0.00700627789553812
-0.0246973417877375,-0.0243253189157578,-0.0143046677227495,-0.0322728345808892,-0.00626860012276949,-0.0257892497012946,0.0109588931615031,-0.00300227248774525,0.0382655395423645,0.00850497694827058,-0.0227041833479476,-0.0163327724102025,-0.012521643376503,0.00563428394456255,0.0107444014421059,0.0211298004316025,0.0216287803100713,0.0286320569295921,0.0376966442346428,0.0179789238595789
-0.0276117753840873,-0.0273397479792584,-0.0106848439024692,-0.0310399127684882,-0.00617142827327785,-0.0307813009533556,0.00221689221980432,-0.029208267393328,0.0265468022200005,-0.00373092096834022,-0.0347783771356833,-0.00316948964470131,-0.0161981602700253,-0.000634299871662943,-0.00421442389225368,0.0196966637432461,0.0137735993489901,0.037019244658992,0.020928574889414,0.0344191874396108
-0.0359183852022924,-0.00857355837794046,-0.0147546204292462,-0.0292403803000173,0.0011871873874677,-0.0247923873088374,0.00934725769024425,-0.0174653217333424,0.0225629715218145,-0.000351364969611772,-0.0442306211322288,0.0153840533183331,-0.0102957067531938,0.034832289112536,0.0114388292900551,0.0360623968284956,0.0261399048933328,0.0326832504115424,0.0327818304084126,0.0174020499243741
-0.0289331353794542,-0.0223869448947733,-0.0175868150276975,-0.0324024639058655,-0.0136294023045555,-0.0313466665692921,-0.00105772542294987,-0.0297432664819685,0.0218468744108564,-0.0175255624548093,-0.0345119527045082,0.0286909838691231,-0.00701312699905584,0.0244180514059351,0.0185632065432568,0.0316498057360179,0.0364920400196608,0.0240003535792545,0.0438450028443697,0.0108181705690198
-0.032749717289157,-0.0124932130270634,-0.0130496852922906,-0.0193609156330094,-0.0107993887758581,-0.0258963700398301,0.00625522307803262,-0.0223406647795834,0.0313611206505411,-0.00439135590588102,-0.0240207019123525,0.000903732145207576,0.00197183396094736,0.0233002397841347,0.015813254928084,0.0337593517754159,0.037835797626368,0.0185352290273532,0.0446253177304888,0.00630104570241402
-0.0374130495249599,-0.0205658357903564,-0.021551325623436,-0.0288088649379481,-0.0100553751525759,-0.0289086144737716,0.00520868502136798,-0.0265362001031357,0.0189870308470699,-0.00439472243970502,-0.0337606864701207,0.0089162325543228,-0.00672758220452314,0.0308638210409121,0.0122229513121714,0.0318707818433026,0.0268776656848175,0.02524139407634,0.0384771389888415,0.0147012084139243
-0.034059065717876,-0.0200925372385774,-0.0260398389967725,-0.0296474532576078,-0.0104833268630592,-0.0287916947918039,-0.00167571040794384,-0.0321291284430974,0.0223536062411044,-0.0120551769584376,-0.0360252936996585,0.0173843905114953,-0.0198899552816229,0.0321002024776747,-0.00496129598436238,0.0373629325816238,0.0112211382027842,0.0307167029360565,0.0257069775753442,0.0257480392406256
-0.0374993415206439,-0.0106786030591791,-0.0221586180718215,-0.0291864346676349,-0.0121180923040467,-0.0268452589968149,0.00625007317806801,0.00482891906751991,0.0308057852722697,0.0136905355716009,-0.0349793355511932,0.00931406474131962,-0.0183805632128801,0.0244099189844804,0.00337815168781709,0.0419765948017276,0.0204731903802538,0.0238142743637327,0.0277002141267293,0.0221704716410139
-0.0310006803288475,-0.0162179371009949,-0.0165959434894281,-0.0278746348141001,-0.0101259979271743,-0.0330758390715754,0.0119595192907486,-0.00320365394466433,0.0339665876672677,0.0113844386258408,-0.0303906183871614,0.0254805146963414,-0.00983910292635182,0.0364203587415307,-5.32982296092799e-05,0.0357696673926385,0.0219973963330772,0.0228820965166363,0.0322833789986058,0.0163437178084791
-0.0324000656713259,-0.0168442078642769,-0.0204617893103578,-0.0355278103787183,-0.0161415782357324,-0.025601177005605,0.000961958497929085,-0.0230056470009315,0.0219250226296559,-0.0094732075348467,-0.0335451489487696,0.00859243980691975,-0.0181111449047903,0.0260579492099532,-0.00493792698898365,0.0358946495741999,0.016004819601216,0.0403614192575379,0.0286170824510894,0.0215311864732655
-0.0272882797457126,-0.0315578037060354,-0.0202062548919669,-0.0246312337433296,-0.00765435008519819,-0.0244896714328825,0.00412679439660545,0.0115565698909105,0.0381344687671407,0.00454328404344514,-0.0388700056629838,0.0165899258896809,-0.0176079229752023,0.0226315564336328,-0.00179841333971291,0.0450002710850844,0.0212429699019714,0.0293765478189173,0.0320655010738012,0.0158521537754757
-0.0252035530005431,-0.0323900320261439,-0.0188820982658716,-0.0340556209343168,-0.0067477699982719,-0.0222025404607105,0.0109851241807325,-0.00884518826921723,0.0355193068099479,0.00819629304217405,-0.0369281438910678,0.0213030358270641,-0.0230355335357125,0.0301258394630155,-0.00779116323367961,0.0259900885888589,0.00316308224505967,0.0280666898596052,0.0199480296256204,0.0318849761584919
-0.0291098908606839,-0.0234216249542184,-0.0178598189977349,-0.0211495242970712,-0.0134087220080124,-0.0260912099489835,0.00320131470221029,-0.00845395968322431,0.0237400026550287,0.0162982703296125,-0.0281800316266377,0.0141998497585226,-0.0140735670495653,0.0283495892775626,0.0111744380638715,0.0316180640920335,0.0291439209703199,0.0249557182330007,0.0447547041685295,0.00593733741324157
-0.0293762694960315,-0.0261694726058143,-0.00765042862395402,-0.0338499280514313,-0.000260492818264866,-0.0260806277851624,0.00856242672949584,0.00945105063405845,0.0320146960920339,0.0194289818291045,-0.0281381133696225,0.0165475131294845,0.00261952467244536,0.0258534031678836,0.0215575305385473,0.0371741005005872,0.0346296997656509,0.0262192481270444,0.0422501339636798,0.0117388000576524
-0.0451828790249948,-0.0152505525484936,-0.0389884805689648,-0.0192392643286746,-0.022513240228133,-0.0298922565794039,-0.0105183333868227,-0.0254880211043894,0.0122227827075492,0.0174268491353099,-0.0383104953488436,0.0146080459332916,-0.0187147507611701,0.0279076884655805,0.00571150647177271,0.0320731603016098,0.018012196417317,0.0240724745468361,0.0225962567106972,0.0168327035591177
-0.0299574604538625,-0.0150883002845343,-0.0170460596405547,-0.0294949949247784,-0.00967627824158848,-0.0256632335881922,0.0137294324571035,0.0182731987791308,0.032995842061268,0.0165907036304716,-0.0317282641000185,-0.0110758337541648,-0.0174002606948605,0.00496995427332015,0.00848065171744955,0.0291560945142445,0.0198702155068057,0.0160046487741774,0.0385979320508383,0.0164043057965554
-0.0282604697655847,-0.0186535952751374,-0.0153331481843705,-0.036134861433686,-0.0110625067093699,-0.0349429834891383,0.00297052791378208,-0.0216590422652374,0.0246090987868253,0.0151631711489722,-0.0267998266274477,-0.00944673453805719,-0.0166684427758216,0.00266455481786887,0.00157766376236147,0.0183436629971088,0.0147908677378753,0.0269448064819165,0.0211083789438411,0.0257399958679508
-0.0229426647880602,-0.0266960709997884,-0.0190675223446332,-0.0323017065287531,-0.0101258117077215,-0.0280799302675143,0.00233173537257137,0.00734142184717507,0.026506995636884,0.0172327487426427,-0.0287188015299315,-0.0144932073502567,-0.0116741840851015,0.0091690004492041,0.0109009976277534,0.0287351788784683,0.0190028692922738,0.0277685340499235,0.0362686829363373,0.0158901616059478
-0.0281692482270837,-0.0326475498774106,-0.0191086898337548,-0.0250621581495706,-0.0166322947209419,-0.0274924853750887,-0.0020309221483613,-0.0252833482017271,0.0301577673787873,0.000430273541114615,-0.0409731297646664,-0.00860286490876196,-0.0258182015304363,-0.0122572185745581,-0.00543732595566852,0.0214242971965794,0.0207354040735685,0.0252857298376532,0.0370593700373218,0.0248986522302931
-0.0374069012691549,-0.0129404541439961,-0.0228487941355741,-0.0269441529631355,-0.0135990549066395,-0.02928607176184,0.000902067037937719,-0.0301861713993579,0.0172445655389025,1.49039179145252e-05,-0.029586996342021,0.0143480068888224,-0.0229251158159139,0.0355471847300589,-0.00375138056485581,0.0340261157372738,0.0160220304099338,0.0305651082425066,0.0346788512251216,0.0150670344331466
-0.0385106116614236,-0.0190253693231838,-0.0221398760272857,-0.0263264931353493,-0.0149295764296888,-0.0348479535704244,0.000466042720631817,-0.00120999070664227,0.0236143319034466,0.0150174867939108,-0.0445566579834473,-0.0113171920131901,-0.0203976375688751,0.00421541578878812,-0.00638724622925929,0.0227381091338164,0.0156858069301578,0.0246473991214975,0.0268495434576418,0.0183579994733618
-0.0388244333226549,-0.0229747783885089,-0.0210678736198674,-0.0275442882429303,-0.00507138253674576,-0.0305688999797178,0.00900283942560686,-0.0136068651598228,0.0264875381054775,0.0181514131042057,-0.042868266601529,-0.00643735075626423,-0.011444172681851,0.014637648829277,0.0127666961820328,0.0395779655808947,0.0298112613648389,0.0210120902138071,0.0369067555542902,0.0154522096374652
-0.0379154320322456,-0.0174149924380795,-0.0180035496546793,-0.0304987583799104,-0.00491830982940959,-0.0266037564475282,0.0105577106552891,-0.0123742761815366,0.027226888683716,0.0215757250346862,-0.028258932326554,-2.63677884637319e-05,-0.00482031761724502,0.0199269605023242,0.0194156402332408,0.0325953636093629,0.0245278527767612,0.0280434329842071,0.0365321007704573,0.0202746767915311
-0.0284359800237413,-0.029722583043073,-0.0202669185682862,-0.0358694091153996,-0.01820756399501,-0.035106154567967,0.0011187171998423,-0.0360741068762239,0.0199912403948279,-0.0288936552190609,-0.0252415168232605,0.0103312569467909,0.00856485665677399,0.0308421178804477,0.0229485250938559,0.0278949878274199,0.0373645008081559,0.0117856757197187,0.0444698621001639,0.0087084909325699
-0.0239174374198246,-0.0325721630349593,-0.0132638578131436,-0.0330363877710581,-0.00812704645150693,-0.0326433065714058,0.00758773467336135,0.00757616416383529,0.0327659138985992,0.00682398558346279,-0.026995626245047,0.0279246794522905,-0.00248769809475802,0.0383529133143157,0.0176304930218437,0.0311577896213699,0.0240570609465491,0.0238736567723263,0.0305337184575435,0.0196702668661663
-0.0238102378030597,-0.032443787325558,-0.0116717593818717,-0.0351999463298811,-0.0055797716809462,-0.0389252358530623,0.0133535264681855,-0.0251406446406051,0.0304434238869188,-0.0082659855675117,-0.023715289350658,0.017148065812435,-0.00384468696442844,0.0249496898320196,0.0121386666535575,0.0337712508079139,0.0242107237846965,0.0288350670404699,0.0355013976981856,0.0143227952860475
-0.032014953763406,-0.0215544214900786,-0.0164498840561177,-0.0279232331528904,-0.0104242378315809,-0.0292659284392204,0.00396498174208974,-0.028610350068403,0.016559225977657,-0.0221165379272602,-0.0337384863942903,0.0137215999263413,-0.0181226740094109,0.0250578527310298,-0.000763328946398698,0.0354157922818657,0.0188617856068952,0.0327320847036032,0.030853770433383,0.0223372961398331
-0.0327486480281161,-0.0179626165799821,-0.0168445008146,-0.0286646128381398,-0.00950907631471909,-0.0308738454390314,0.00478773217304745,-0.027807276907517,0.0184367494277022,-0.0033394055094498,-0.0377663841446708,0.0144231063414184,-0.0235727971811293,0.0304437781659628,-0.00815980769383051,0.0349422937954769,0.0090691853094526,0.0429848567064424,0.024531157522663,0.0217777135715006
-0.0298061840674352,-0.0188167781244101,-0.013560808943442,-0.0291388824261869,-0.0045998883524931,-0.0284951458291684,0.0104566725789858,-0.0239284138265921,0.0311870371645215,-0.00949036749215053,-0.0375985002514296,0.00329869319195287,-0.0210465940797161,0.0166844774884851,-0.0033645277002834,0.0308089658069269,0.0123200024192154,0.0414003159746547,0.0278222353623051,0.028137709604471
-0.0203886438906012,-0.0214223870432574,-0.00744576051667177,-0.0281031370834222,-0.000769780320556778,-0.0298441206427588,0.0158782534712808,-0.0264671880267417,0.0339900623809817,-0.0110324809111316,-0.0361146640838765,0.0257704729632798,-0.0259107548225611,0.0370337482533244,-0.0110083117035848,0.0333587183470541,0.0115572235032002,0.030160422100376,0.0281951679547116,0.0303715618621327
-0.0325672685656285,-0.0205782769181361,-0.020908399274687,-0.0289424070776245,-0.0172809363292385,-0.0277193481637715,-0.0053438726884764,-0.00140588144628751,0.0194258027737342,0.021943198788567,-0.0403016411561478,-0.016351303618238,-0.0207133200211628,-0.00937224752731616,0.00809346288676534,0.0156390131012616,0.0261863617624364,0.0311363106022303,0.0396076391543771,0.0171082759703764
-0.023603071583987,-0.0158936713924444,-0.015890383902406,-0.0258756435543207,0.014971829326485,-0.0191172565994327,0.0319434066818454,0.00983042400923185,0.0478558983716576,0.00542990999361899,-0.0228548462527029,-0.00383527651485253,-0.00321717374308773,0.009494745629014,0.0227483600683113,0.0128418247177882,0.0343833878277365,0.0126082422526094,0.0415424646557935,0.0139576840995103
-0.0188574467879237,-0.0217963032716837,-0.0138125554373862,-0.0293570556987163,-0.0149303941142387,-0.0286362325558825,0.000452294722933279,0.00897216104403264,0.0284775134894928,0.0219706936308595,-0.0295593101068932,-0.0139406838295479,-0.0196720940061633,-0.00875580733672993,-0.00123191728784664,0.0357472294371888,0.0156707842500921,0.0312645186277146,0.029429035609041,0.0256290930031055
-0.0295317840661034,-0.0185787080484174,-0.0187542638535093,-0.0316205215971901,-0.00755094576515367,-0.0278307224708294,0.00457801494748095,0.0142663823344571,0.031346717953139,0.0162765342872426,-0.034136838461615,-0.0161213514353571,-0.0157313750912107,-0.00688137704543344,0.0142143684439112,0.0169218069715326,0.0209222835680156,0.0284272066228332,0.0308319592745587,0.0230781059067235
-0.0237283597383468,-0.0252744224682857,-0.0160508840824756,-0.029417603039185,-0.0146043433044391,-0.0282467804063766,-0.00178092971197102,0.0128278709277988,0.019828867940419,0.0240502494911005,-0.0257481049679497,-0.0171557145402016,-0.000339985241452419,0.00918010903035423,0.0160931050231637,0.0311492435094666,0.0353350243571059,0.0228439492027,0.0449048120206796,0.00636564235668534
-0.0195153100620886,-0.0288813077481965,-0.0110718507456307,-0.0289088768508427,-0.0154626594795263,-0.0187483434728967,-0.00977122921167111,0.0103486612702991,0.0135383106821321,0.0118299866718761,-0.0350174211389792,-0.00857398262999083,-0.0162180741848145,-0.0109686228680791,0.00773532810654945,0.0185487208377455,0.0266013279613408,0.0316175622622315,0.0387028463806598,0.0228606706557549
-0.0283290703458271,-0.0229984353651041,-0.0172011581833652,-0.032181228511539,-0.0152466713886597,-0.0251231457835227,0.000605436894557775,0.0265645546971078,0.0275300355765381,0.0212279877206427,-0.0391027090133262,-0.0107063015618867,-0.0288179876738278,0.00347809589239729,0.000947300007268913,0.0203665419970485,0.019688468359814,0.0380601340347428,0.0383170207234855,0.016828609177916
-0.0321209446756886,-0.0171650874560204,-0.0164437618575687,-0.0250410869587097,-0.0116960933693722,-0.0168865062025789,-0.00186026471142984,0.021819159630808,0.0266702725186471,0.0138818144152303,-0.034016317363871,-0.0150368675614837,-0.0143864802939878,-0.0204604814863316,0.00500194626419718,0.0158272024793834,0.0161955629589533,0.0318556613081453,0.0303345696467239,0.0185429539846324
-0.0256064766041969,-0.0223996375713438,-0.0127974202530774,-0.0315310160414286,-0.0110470141548612,-0.0296788541905108,0.00221808380204708,0.0176954510696296,0.0275929989939605,0.012472043771752,-0.0301241035435728,-0.0100635209449269,-0.0109233839942158,-0.0153003971678234,0.00450605353815861,0.0130096951868995,0.0217280168875364,0.0305581236851812,0.0260570110447498,0.0278151790069626
-0.0290224467374903,-0.0187404286884677,-0.0155152498348334,-0.023884137840322,-0.0114550470770103,-0.0213833227111561,-0.00211812930056533,0.0201708977985313,0.0255155294253553,0.0152575533051838,-0.0229580741686954,-0.0137583439050476,-0.0064789340202074,-0.00425366843391846,0.0158641011252258,0.0274436426987066,0.0240979414125223,0.0350369343729367,0.042746397696714,0.0121701258226209
-0.0166220520449856,-0.0260564403327405,-0.00147940001772874,0.015770418369992,0.0405525603456423,0.00780106402220412,0.0485050145898993,-0.00263156831938422,0.00167766158931296,0.0104566844958578,-0.0186800543540187,-0.00361045231983494,0.0144484207351218,0.0287865946436991,0.0407414010866762,0.0147054779248663,0.0487906456894623,-0.00206175941771428,-0.00129357537397621,0.014149080796732
-0.0181687070203165,-0.0244968575745831,-0.010755052325424,-0.0299151139497693,-0.00567718391822908,0.0018763414779015,0.0227687513910184,0.0186485542679079,0.0530755437116953,-0.00306120511466652,-0.0231375163149103,-0.0148630793602368,-0.00458198235457189,-0.0185795021398582,0.00865023565852845,0.0081831767404826,0.0216109946351769,0.0235224346017245,0.0232045485822118,0.0350031750737494
-0.0359097852701555,-0.013969816210673,-0.0217195369554339,-0.0311757639576158,-0.018435794519955,-0.0296340543738805,-0.00978176142818844,-0.00992798155233779,0.00847243370172818,0.0199660454265135,-0.0334919405770317,-0.00528716528960378,-0.0188131196385537,0.00865916478270854,-0.00334079363685795,0.0196232328298299,0.0144048084188111,0.0317671419147725,0.0243606425188104,0.0321509518480274
-0.0253677095182393,-0.0233599159888078,-0.0173532871466524,-0.0272120846802208,-0.016927130606913,-0.0275491027438978,-0.0150907337049778,-0.0151806614773286,0.0121595859144312,0.0193419935578497,-0.0390748368460263,-0.00744091454828373,-0.0224468499281452,-0.0127158757132455,-0.00452911788090524,-0.00485003246964755,0.0187449475841321,0.0319390949205667,0.0230718635975957,0.0289256931253217
-0.036548554691139,-0.0135545593869904,-0.0184171430493196,-0.0305985686554313,-0.011147998667648,-0.0175476008824329,-0.0042135615593267,0.0179303771707987,0.0232916321485839,0.0213329022132753,-0.0388174532188665,-0.0126264392499551,-0.0150246463179738,-0.0092630299418605,0.00173247547885557,0.0144715447768597,0.0171237007407753,0.0320876067620789,0.0364938528724118,0.0173181191512201
-0.027834839280192,-0.021318601854129,-0.0145624466822824,-0.0285803007713813,-0.00626007049597206,-0.0232834385170656,-0.000406604765386659,0.0176160780956033,0.0248582116072611,0.0201591055918726,-0.0255188278124835,-0.0198665670990321,-0.00913485008590653,-0.0235694999911581,0.0140064032556858,0.00957349453343584,0.0144821161094567,0.033944061958616,0.0357294304273563,0.023539272540182
-0.0305327810614749,-0.0229528862863453,-0.0179140683745463,-0.0303651240272488,-0.0108200797580961,-0.0186174914028815,-3.58550344261274e-05,0.0206106752936822,0.0274026523599789,0.0159929894752916,-0.0399557434511783,-0.0181844540681898,-0.018560375172787,-0.0262756124403539,-0.00360813353833593,-0.00644165565476667,0.0179505244227834,0.0236654035320951,0.0222041085547295,0.0312416604845286
-0.0278040055738709,-0.0247403214366943,-0.0143518684225568,-0.0279674355217609,-0.00979651004239652,-0.0129440209718666,-0.00136013123989379,0.0223774619706311,0.0244676286707955,0.0183928778744393,-0.0341405290466568,-0.0189979463567932,-0.00850774560121322,-0.0227120476858567,0.00833273200684266,0.0188589132342183,0.0196003544710696,0.0319528906679641,0.0407906574502594,0.0144333706645759
-0.0314058557291215,-0.0157009022505541,-0.0153298450086904,-0.0273382760714555,-0.0117191610927868,0.0105197853446013,0.042872755400635,-0.000397516205009758,0.0530325556725792,-0.00660283861344816,-0.0213346162781978,-0.0262626312225459,-0.000955855406319713,-0.0161220423149767,0.0147720494716341,0.0158964254505797,0.0169886641464755,0.0352499972888505,0.0317829020951498,0.0291676569580818
-0.0274602076307395,-0.0246055190957027,-0.0143041720847029,-0.0315019315166777,-0.0079750293527287,-0.00616259826550291,0.00692232055824769,0.0263396192572785,0.0402052764488865,0.0133026793258503,-0.033131889326038,-0.0187767039017687,-0.00866179610621804,-0.0126715711036684,0.0124082126551405,0.0110423260090241,0.0204468576192473,0.030273278514815,0.0378824216374861,0.0192543676046626
-0.0253921653427367,-0.0261967890324209,-0.0142199084412319,-0.0311514469255733,-0.007209730721114,0.0199711341743055,0.019046283417742,0.0188297272065455,0.035445897274039,0.00990095920704286,-0.028745546149846,-0.0189858652840868,-0.00508287736226495,0.00685727560106845,0.0162445248358832,0.0295551671975544,0.0341540172073907,0.0222907670328063,0.0445696417563167,0.00847771062908627
-0.0234975089076829,-0.0228826591314862,-0.0168359847304636,-0.0290381321768277,-0.00860313368443527,0.010078659837148,0.00961098551110386,0.0236852843698273,0.0255430713897272,0.0138229180456352,-0.0332152575699183,-0.0137166035363168,-0.0164893178848963,-0.00647420130942972,0.00710386610966714,0.0295669659009274,0.0147882932537525,0.0343143162910474,0.0253438293088063,0.0224683173629926
-0.0222727874902076,-0.0254377834808472,-0.0133169245432339,-0.0312948506299893,-0.00616275038323424,-0.0207872690633748,0.00407228790857564,0.0189284165110668,0.0270267616604082,0.0167471676729315,-0.0296753426937032,-0.0190670798601027,-0.00757994343183861,-0.00137373737967984,0.0175115021224848,0.0205788551901238,0.0242514993255224,0.027141596543222,0.0392970472506144,0.0137060820651716
-0.030505587418384,-0.0211301199956797,-0.0150606204708571,-0.0341656942625963,-0.0173877463884699,-0.02189714895272,0.00310142505869215,0.0226446200032836,0.0263999009277278,0.0211058316308978,-0.0310649338327225,-0.0140286853984551,-0.013230264809696,-0.0209411543584854,-0.0137139624334361,-0.00851283196644887,0.0134238238578425,0.0283179812240968,0.0246916516267329,0.0275011814956448
-0.0244148584490455,-0.0256631610127522,-0.0210461122247104,-0.0281821562013437,-0.0211460040962817,-0.0261471041386893,-0.01400079770752,0.0112052183267833,0.0162381886902413,0.0118940279168005,-0.0336740538873307,-0.0201043860328529,-0.00454961254579674,0.00148361546982384,0.0177750114460997,0.0317509023321175,0.0366346036503764,0.0198464609845558,0.0442245867509373,0.00900831637313998
-0.0301483493444781,-0.0174314999076805,-0.0218701005678899,-0.0277334463527965,-0.0172946665311418,-0.0310462892808598,-0.0140150529161389,-0.0298611109078263,0.0126696351264709,-0.00780687489496929,-0.0336704730898448,0.00717544732555133,-0.012825022183923,0.0152634395754389,0.0086444764768429,0.0308097505994969,0.017375740845194,0.0307349426315402,0.0298718594589183,0.0239978476574275
-0.032258439328842,-0.0166868413690224,-0.0214044729638523,-0.0282353010149385,-0.0126484260065708,-0.0260493001681994,0.00138029114940457,0.0105617818584019,0.0193106134320312,0.0215121248458758,-0.0293953775075066,0.0224821450508905,-0.00218032992785187,0.0374202160845607,0.0103136417917321,0.0360603891559272,0.0268849493743491,0.0251933976492171,0.0373765104997571,0.0127280679575385
-0.0327407600290067,-0.0289123280627296,-0.0271674797731088,-0.0342403898263218,-0.0178063286724179,-0.0317645025306257,-0.0069261036994041,-0.0115441053862432,0.0133429836644688,0.0303420450017411,-0.0358969422605419,-0.0046411100174212,-0.0170546196451577,0.00781117276867072,0.00717896861384264,0.0248158394432352,0.0254148796672788,0.022048247652892,0.0363803219099855,0.0126539221559248
-0.0343755303909124,-0.0191185338476405,-0.0191139503001724,-0.0281027336708765,-0.0166167225781248,-0.032834694715029,-0.00735534273740844,0.00834406938088938,0.0194143744377199,0.0323338399400315,-0.0350179371617805,0.00295313647684511,-0.0101656649485334,0.0129533964399963,0.00682325799858309,0.0168018399919918,0.0165035864798323,0.0264649691390373,0.0286229196831567,0.0227469877830774
-0.0417357996165951,-0.0132874124587298,-0.0364931232080878,-0.0150866929324133,-0.0157388575944879,-0.0282771278588298,-0.001903867113796,-0.0326246974110296,0.0256850610054082,-0.0218722436691472,-0.0269038788159195,0.0127464530165373,0.00172421308572405,0.0261772053367283,0.018011915714325,0.0372438540395154,0.0311716588702853,0.0237870161815959,0.0440205511576873,0.00891574809563576
-0.0314486451516158,-0.0186887056276196,-0.0177727556553967,-0.0289445154048929,-0.0109910540421276,-0.0318384666522224,0.00119422586041256,-0.0282855649847047,0.0264322530994962,-0.0032454742099354,-0.0366001664722367,0.0075792507717076,-0.0158855804138655,0.0118629175511993,0.000344800555686993,0.0215583495428869,0.013529365104675,0.0314513138598749,0.0287936422561596,0.0183028983345773
-0.0358733531115185,-0.0194062061229479,-0.0251647388337021,-0.0235481434133619,-0.0112900449328422,-0.0272741930626294,-0.0048563300580386,-0.0230371021846168,0.0147377721838347,-0.00753100707753915,-0.027843224391722,0.000256903556395047,-0.00611822518453017,0.00756281688188358,0.0134263736048785,0.0242022056544111,0.0217301553360402,0.0316408459446672,0.0421935625701328,0.0166895136722238
-0.0336715141412625,-0.0207166853987331,-0.0217035502558585,-0.0286177121692256,-0.00910584200088031,-0.0288667446421301,0.00308180857766103,-0.0267220345152195,0.0273052486333153,-0.00706308814590015,-0.0306741897217642,0.0100110970840753,-0.00811720230788671,0.0190734725344462,0.00987150817115108,0.0251795997883581,0.0216071386944076,0.0316709629445277,0.0382577863534947,0.021041212728477
-0.0354522659458168,-0.0167718781223487,-0.0126019776290944,-0.0269179587053039,-0.00419200860248351,-0.0308943369217065,0.0118970226119014,-0.0241211630181391,0.0279478204767191,-0.0116745535413933,-0.0352949735004339,0.000686814576943854,-0.010836834269198,0.0130338084720026,0.00886745672322573,0.0271711114175402,0.0255553681988861,0.0255141931870125,0.0366414848479083,0.0177461220985746
-0.0321856582390944,-0.0241936902131359,-0.0199072709875558,-0.0338356781097319,-0.017173184065177,-0.0332295324261463,-0.0131024973644137,-0.0326554638296681,0.011340468010562,-0.0177464561913999,-0.0273301250004969,-0.00660390324416912,-0.00448179464392394,0.00762010564980779,0.0167141540946995,0.0216391305859038,0.0273572061430787,0.0242134038313997,0.0392123474432735,0.0186568251423103
-0.0391814095496586,-0.0174915744894525,-0.0234557187585183,-0.0265606582806325,-0.00647601404328633,-0.0285734522420137,0.000435873016619107,-0.0315990945124141,0.0260020790371474,-0.0194268993813842,-0.0362871782091851,0.00788393211789889,-0.0135386487557463,0.0195640436428643,0.0093312035422286,0.0300298488405391,0.0241217427453217,0.0321187181191497,0.0334640775152655,0.0256517768914718
-0.0397040309292583,-0.0166285434466381,-0.0287037960740015,-0.0292543502229143,-0.0146418720737589,-0.0325631915130892,0.00173170829363405,-0.0275616370930146,0.0284924311866788,-0.0151116826357933,-0.0236265166368883,0.0162291205713708,-0.000890798584119556,0.0316283877939509,0.0150703614678515,0.0363169629183476,0.0285129548375904,0.0209692875661539,0.0367725069574134,0.0118888842000386
-0.0313465303025353,-0.0172322647464549,-0.0168560941155952,-0.0292249050229296,-0.00742946234147169,-0.0329971156093222,0.00215211972072515,-0.0325495846035507,0.0276164718291271,-0.0216316721348223,-0.0341922048163928,0.00623838614322874,-0.0120039340711795,0.0258646818681754,-0.000154488308316405,0.0302562885548322,0.019971772776066,0.0255683107469919,0.0307036830386865,0.0217494933263226
-0.0321512020168596,-0.0214493636203465,-0.0146169102201784,-0.0272198442668107,-0.00599826315215025,-0.0318329238198743,0.00557914571634718,-0.0287603619670424,0.0220667036035929,-0.0215539999044213,-0.0304656365987646,0.00944169378068414,-0.00827545762845757,0.030118622599118,0.00547384426175744,0.0302275325908409,0.0203470861344562,0.0250951489547976,0.033468725729555,0.0194569834659662
-0.0303804547804399,-0.0174370712392246,-0.013796876876273,-0.0337148759813221,-0.00739474625414099,-0.034403994670057,-0.00235340448658422,-0.0329396242639416,0.0201976845256242,-0.0192165783588249,-0.0326863374676685,-0.00824578643609472,-0.0128185818424985,0.00752414096445968,0.0135727672439331,0.021063857316424,0.0316281537978278,0.026448749436681,0.0475226179660257,0.0101825970840474
-0.0239390244968543,-0.0275025464703459,-0.0136649817261441,-0.0321483637710043,-0.000427354406796587,-0.0293470515663766,0.0299400519832439,-0.00968718160840292,0.0385856013813855,-0.000176619557174809,-0.0248054690585043,0.0129358838865298,-0.0109432895537417,0.0227775797200718,0.00357173903821933,0.0285788671541958,0.0197467724994135,0.0277073466496684,0.0332792956955604,0.0236623924417832
-0.0334031240201993,-0.0192232771289672,-0.0170886461240345,-0.031441167441461,-0.0133334194165927,-0.0324136118318385,-0.00463044829260672,-0.0330319121005145,0.016939730821772,-0.019485535070216,-0.031433713509512,0.00555600470476654,-0.0100109040711429,0.017677137251383,0.00766702100178758,0.0241267458758105,0.0221399803689978,0.0261548545349148,0.0354208931230332,0.0179601061839538
-0.0334827769184681,-0.0196486749178859,-0.0158409221690255,-0.0276826304761412,-0.0109579274949324,-0.0288823359395912,-0.00235502887144051,-0.0237257103384249,0.0202259537063867,-0.00514622527891623,-0.0373365106229261,0.0105985521943076,-0.0146919603724236,0.0292096666981806,0.00946265351771739,0.0361492598362821,0.0227152960868297,0.02789995573746,0.0326028945629026,0.0172790511665279
-0.029803569338582,-0.019420519233205,-0.016036574663851,-0.0288531792246719,-0.00992516926026126,-0.0290332609303556,-0.00156505098601549,-0.0251459284715853,0.0182712659729347,-0.015740797099975,-0.0329129625789918,0.00415293652813953,-0.0143289146895578,0.0194085655796568,0.00450817283266101,0.02829994658092,0.0228789192149792,0.0237346122684336,0.0357311767271274,0.0171590240772325
-0.035931095919622,-0.0142136307764422,-0.0198138287564938,-0.02667237762,-0.01172483304613,-0.0298169991571616,0.00388153764801198,-0.0262696265949074,0.0290239528496728,-0.00913605168776983,-0.0323770184521799,0.0103171800235874,-0.0099122644461693,0.0289506844964771,0.014817373554366,0.0339534498343971,0.0303313402535899,0.0192039276786596,0.0352862979644337,0.0120333533730012
-0.0420510960989102,-0.0189918671663988,-0.02522406688791,-0.0330642512830841,-0.0196207921437268,-0.036040648966969,-0.00607924952204153,-0.0274684928204952,0.0229374419245259,-0.00612734322030263,-0.0347855153020193,0.00321362467794649,-0.0138470733712538,0.0210253630258334,0.00132018870772182,0.0298980305311562,0.0109277779912495,0.0312784298914903,0.0229003078894329,0.0260646009950247
-0.0296799148371426,-0.0128735100706369,-0.0147892826092625,-0.0276754412561557,-0.00548540360888782,-0.0316581770755886,0.0128138286016439,-0.0222052951418403,0.0351494509576084,0.00105785053563914,-0.025082928794721,0.0182145934296813,-0.00824752410668304,0.0269107913223596,0.0123143690960013,0.0321633856889352,0.0241977079289903,0.0240196322627812,0.0420626067592188,0.00853324520186346
-0.0318523251376604,-0.0127942169372551,-0.0171510680257849,-0.0274700860758445,-0.0112955688263192,-0.0329752334443877,-0.00363748733201139,-0.0253099468843572,0.0204489030164058,-0.00520916061174504,-0.03033433968719,0.0091517007246307,-0.0122700421796758,0.0266421758477135,0.00228851721979701,0.0333756871142608,0.0234076291816371,0.0292649578666968,0.0404509834770595,0.0146211136819752
