u1_5nodes_1,u1_5nodes_2,u1_5nodes_3,u1_5nodes_4,u1_5nodes_5,u1_5nodes_6,u1_5nodes_7,u1_5nodes_8,u1_5nodes_9,u1_5nodes_10,u2_5nodes_1,u2_5nodes_2,u2_5nodes_3,u2_5nodes_4,u2_5nodes_5,u2_5nodes_6,u2_5nodes_7,u2_5nodes_8,u2_5nodes_9,u2_5nodes_10
-0.0149810298008172,0.0160607489206318,-0.00784167569192424,0.0162170929729779,0.00829247056882784,0.0139330088295003,0.0177137772063839,0.0123921113633403,0.0307525863586813,0.00270567514569678,-0.0316100078668718,0.00959844250687929,-0.0134826362386435,0.0238499636979954,0.00648477950178541,0.0297313361366789,0.0302919988394276,0.023600062300833,0.0382871812369148,0.0219771963847718
-0.0334675728575339,0.00117765584429673,-0.0227909037910358,-0.000785363573529391,-0.016242619039886,-0.0015963514324533,0.00162342015199794,-0.00257490494767656,0.0224317549183231,-0.0031868106414255,-0.031756166296213,0.00665224311111615,-0.0104425879112932,0.0104896804397244,0.00188148422089656,0.0230313948962189,0.017988149597849,0.0242722685994579,0.0386925077531647,0.01832576629841
-0.0268434439600865,-0.0135152862526744,-0.0164879863502903,-0.020872705267458,-0.0113081423169639,-0.0225076797914827,0.0064265879647056,-0.025813675326603,0.0270045598089501,-0.0229092127823888,-0.0291113378653152,0.0150336350354227,-0.0124279539531029,0.0268854796970226,0.000448822590751976,0.0289488847582437,0.0294929717075375,0.0233074041835579,0.0430840049524074,0.0153524396834803
-0.0391273698114863,-0.00741913341047091,-0.0274249660991672,-0.0193881941668791,-0.0138016340082241,-0.0280801382665235,0.00142598687130587,-0.0341018299254041,0.0253459991079091,-0.0300821766172341,-0.0348049809140913,0.0178674799373666,-0.0226923491933202,0.0330672652813273,-0.0042542940880087,0.0361178881307277,0.0244452767627194,0.0266372972534912,0.039665391124248,0.0203923344683621
-0.044708494940346,-0.0148807732410626,-0.0295479626226805,-0.0223856660863291,-0.013532778052039,-0.0266166060909494,0.00290371710029411,-0.0269780408377972,0.0172157734755058,-0.0239252297379701,-0.029253946750055,0.0141474142402614,-0.00624776597340239,0.0251478683399405,0.0195100695176756,0.0228692630261537,0.0389059239551277,0.0155626377217243,0.0472125472388495,0.00588379868269421
-0.0225159930149399,-0.0229354808508129,0.0120526375833481,-0.0227862777487095,0.031085903655795,-0.0109284527967852,0.0330459719063332,-0.00508267140557262,0.0438413606929337,-0.0022681980976735,-0.0333289141755534,0.01345327932321,-0.0124552539893305,0.0371862892568029,0.00981669257305927,0.039036307872762,0.0316662084215989,0.0330208335695151,0.0369399389521177,0.0246405853635214
-0.0365442975665494,-0.0122571082278414,-0.0137399804373839,-0.0265176309341593,-0.00267704003504497,-0.0285487084682312,0.014204915102683,-0.0265762659956612,0.0337004942647901,-0.0231486785675553,-0.0218906744628383,0.00427742339150666,0.0087398658409863,0.0209325057210967,0.0291947806835984,0.0292920389547513,0.0431934471479755,0.0170024351347564,0.0460799347366587,0.00992507776946147
-0.04274241450751,-0.0106585534572084,-0.0302524320450627,-0.0209385783145232,-0.0179673699426612,-0.0260146681458485,0.00131473619874132,-0.0265444850042326,0.0158087101073623,-0.0227024542106086,-0.025790426180395,0.0318221389900427,-0.00829238024196641,0.0453825669938313,0.00700865266697635,0.0469640242511464,0.0326945717236629,0.0342822721734313,0.0372272663397775,0.0252362515816027
-0.0276268503582823,-0.0208576679373986,-0.0128901376925841,-0.0308437905989461,0.00243093719071452,-0.0288891190719419,0.0150735624427031,-0.0252019623065788,0.0243987503784487,-0.0187943944926449,-0.0369049516132076,0.0314681268709643,-0.018110843623641,0.055990749472813,0.00354241133231546,0.0509882375416679,0.0229032384846399,0.0390743464487197,0.0359714001356146,0.0265464016608951
-0.0220948843142045,-0.0193816534600882,0.0012272738805331,-0.0310782813773934,0.0266559015671422,-0.0290181984517822,0.0526599307601508,-0.0129950434895915,0.0571808677553082,-0.0102637544088386,-0.0338868933172435,0.0223538919961681,-0.00774948462017189,0.02843321906843,0.014173201876829,0.0286865415920416,0.0276420857170316,0.0243283474423844,0.035853454619244,0.0191641332358967
-0.0385783068611526,-0.00994883452697609,-0.0207947752177768,-0.0265291330086625,-0.00398060078534642,-0.0403433136099797,0.0157123801620931,-0.0426923228684398,0.0331357719844529,-0.0359737530438393,-0.031464214528786,0.0386122139376923,-0.0172093078090315,0.0606705806265421,-0.0148412510183792,0.0629397118958166,-0.0114386187999218,0.0586971779416618,0.0210433608930588,0.0261307860779553
-0.0396795579106442,-0.0106462530730842,-0.0259773977689542,-0.0230230123352868,-0.0110393912483882,-0.0281496765173545,0.00231780862325553,-0.0253727530959085,0.0165794315476616,-0.0228474320208487,-0.0381441467696066,0.0234456390650894,-0.0181431938495649,0.0476603903517815,0.00478339705294466,0.0456526308881229,0.0263228039251613,0.0347912596887071,0.0401107502288213,0.0183240105183113
-0.0249010302017637,-0.0247079597945362,-0.0134091323958469,-0.0270165007988257,-0.0115628293774858,-0.027152135767782,0.00173253409066545,-0.0281414953770891,0.0450369897743155,-0.0194558522071286,-0.0305233432002989,0.0191148091166815,-0.0255102102115706,0.0217238323996924,-0.0175891162083653,0.0222902409664568,-0.0114036286080474,0.022403591362208,0.0162641738938393,0.0202750858889423
-0.037130793927791,-0.0117432056907159,-0.0157337663669877,-0.0200946266061053,-0.01588771318976,-0.0250060741029311,-0.0023655822003072,-0.0281893775715366,0.0155710077223672,-0.0286418433670076,-0.0443589670003407,0.0137345318955044,-0.0269674925316479,0.0286135944605438,-0.0161012894053362,0.0503172250569566,0.00939302589471764,0.0379803221113501,0.0271311203723828,0.0293323181384581
-0.0387820941107433,-0.0130880770218538,-0.0276515329477564,-0.0280728748455406,-0.0210208198270439,-0.0307144610540666,-0.00601864463308348,-0.0299298315280218,0.020048383539246,-0.0202359203053527,-0.0418958293591582,0.0176846067872158,-0.0297467619671903,0.0132627722285151,-0.0143450753485169,0.0170174677053847,0.0040948339559981,0.0230232580699392,0.0337422838823962,0.0176555848466286
-0.0378663346853222,-0.018456962023341,-0.0183160551235955,-0.0267116569633047,-0.0100904438750886,-0.0284400555086557,-0.000663095338849878,-0.0298263100989461,0.0114050421250123,-0.0259784665608937,-0.030633685411467,0.0154112879751526,-0.013258480544852,0.0237376395894563,0.0049705077096637,0.0276869509503875,0.0221645074520084,0.0312502668263996,0.038048088642267,0.0206454341787682
-0.0392942016395656,-0.0140301390669919,-0.0276834441262734,-0.0203912795214676,-0.0194007273357591,-0.0221901903370081,0.00164370578001674,-0.0224186792203381,0.0223159766547902,-0.0206449925093072,-0.0322273228648311,0.00893034061967488,-0.0115252862817887,0.0241297922975114,0.00704405386282383,0.0306404500389851,0.0244287075812813,0.0337122065905884,0.0380984186297962,0.025968167366524
-0.0365842090218655,-0.0122430874947293,-0.0235493514652002,-0.0201289705707139,-0.00907989760239626,-0.0306516090658798,0.0139500516535799,-0.0292655919118218,0.0473103548735218,-0.0130262652374893,-0.0322926642267163,0.0111372296156054,-0.0195535186600852,0.0277997497785592,0.00587969150539397,0.0283552302812084,0.0299294936080309,0.0340674881151802,0.0390216330838091,0.0227236207043657
-0.030727720173337,-0.017709731384984,-0.0171953724077858,-0.0246013385768012,-0.0100386127452127,-0.0278522288720956,0.00691528614155931,-0.0262330871059383,0.0432607803056092,-0.014805368102927,-0.0225194737111216,0.00796200062772944,-0.0123357892796214,0.0223704666287105,0.0153530058514475,0.0265414479369437,0.0274469087676952,0.0259814445015796,0.043895784122069,0.00758368871454488
-0.0435402195836952,-0.0230324270518458,-0.0295823859099414,-0.0293101056840158,-0.0125201531734238,-0.0295580091686579,0.00841027893265774,-0.0292467905668893,0.0425481423974439,-0.0209884486692635,-0.0306555777506816,0.0180492341467061,-0.0170022148354295,0.0277609021608011,-0.00166278063668305,0.0319300823120416,0.0173611729853241,0.029816050158405,0.0259231523285377,0.0314853146215989
-0.0356760684665996,-0.0212467674173621,-0.0108891093045516,-0.0283924905630496,0.00287042865315766,-0.0292948130468879,0.0118662465253884,-0.0264197640500439,0.0430712482415605,-0.0202417404067018,-0.0237792249001107,0.0215122107354248,0.00276856989576292,0.0201283233977829,0.0235266758689363,0.034937282748076,0.0368608670318047,0.0317823051525799,0.0441012007928029,0.0154469764374322
-0.0274860580222731,-0.00936121050845101,-0.00904174727049054,-0.025515165437047,0.00164647751467865,-0.02633208740824,0.0281382372040962,-0.0203566585084572,0.0437705976997189,-0.0142133135472761,-0.0258052984856744,0.0191753204405669,0.00025195343774661,0.0265961739749544,0.0245608446294347,0.0372959325618631,0.0400642254323797,0.0231946221502716,0.0454856673641946,0.0102988409498842
-0.0373061103208756,-0.0169388063124447,-0.0314883503482514,-0.0227263487804755,-0.00664239596555683,-0.0229492724497274,0.0229039861568575,-0.0196923973847929,0.0371089260086593,-0.015875776257828,-0.0338576721880202,0.0228621603685035,-0.0202682666970681,0.0390718358966466,0.00720477175512753,0.0333929536963894,0.0295441029804395,0.0252778593847627,0.0356227169058446,0.0214908071176941
-0.0380648301388025,-0.0168541993057543,-0.026974558529928,-0.0188755107479102,-0.0253409768628306,-0.0175342681219172,0.000842759797630031,-0.0214007710377576,0.0202246061417668,-0.0183196807913517,-0.0274641236187114,0.0117750468109614,-0.016929088874545,0.0292723386356082,-0.0066501523670224,0.0320272832720288,0.0140367482720918,0.0256028773364026,0.031482473895603,0.0193301985769972
-0.0360792961020948,-0.0171237590000938,-0.0221072864234685,-0.0223819387489827,-0.00972592702787053,-0.0255159746072916,0.0110587882657458,-0.0220500765206225,0.0379670729097892,-0.0145711691698508,-0.0287614773512024,0.0249877717522923,-0.00614681410817675,0.0262627679886254,0.0132391455678029,0.03869868447476,0.0252475091787097,0.0341455709993858,0.0373805511469516,0.0203056772138945
-0.0442320014275938,-0.0191010748317571,-0.0443476732495869,-0.0204327210264311,-0.0169784680206853,-0.0342541149153185,0.0172105245694334,-0.00380171767552086,0.0381647949706793,0.00498773549002982,-0.0479678155814898,0.00429720721635419,-0.0264520325175566,0.0252063454060446,-0.00400452307623879,0.0249744872112929,0.0273858686988534,0.0333808471098727,0.0415275551237712,0.0126046419149603
-0.0314018216599634,-0.0290675439451858,0.0286598777264906,-0.0321092883857646,0.0448886292001461,-0.0186238758625223,0.054326642124789,-0.0107983432746506,0.0547041073852127,-0.00398877510066288,-0.0403884708910179,0.00777773658572787,0.0186944815957102,0.00959160790544763,0.0400043016860138,0.0119236926068272,0.0403037454590391,0.0139881938195684,0.0410335645635619,0.0124201817953959
-0.0418444054054623,-0.013775216290686,-0.0409072868968117,-0.0171717119480003,-0.0329957641231784,-0.0203943933843627,-0.0179169324956261,-0.0236569348419844,0.00298436899802379,-0.0243864743666348,-0.0445316771652382,0.0140393920360486,-0.0233422454361331,0.0431359451110986,0.0006705937571983,0.0396608256213715,0.0135960745988368,0.034964970558471,0.0315965061219542,0.0165340289980017
-0.0445528698030246,-0.0192462900587629,-0.0334613683663555,-0.0244079712208973,-0.0137364566230907,-0.0257088682472099,0.000121633912951803,-0.0282422686207021,0.0309572491933864,-0.0244094394688218,-0.0375258447933698,0.021311331738744,-0.0208569514990717,0.0292081302883155,0.00226721122629644,0.0348268234126486,0.0155776757337889,0.0335564269085123,0.0224349158519991,0.0251074030544423
-0.0396602507174627,-0.022556733421181,-0.0298779409908799,-0.0131278875872395,-0.0215371084966131,-0.0245688178063001,-0.00462898392720477,-0.0290964515944623,0.0209067982885111,-0.0244198640652357,-0.0377174790096969,0.0318599960681751,-0.0268542595085694,0.0188731313130652,-0.00484136185583111,0.0321905254974018,0.0196633637039896,0.0271397236431299,0.0378320416410566,0.018898350576633
-0.0386416216969683,-0.0211137035252906,-0.0351557025106939,-0.0231766744001002,-0.00918254243817391,-0.0206702990434916,0.0160826009353495,-0.0150226644244454,0.0303485615908404,-0.00553710199759538,-0.0443871448126863,0.022203698705745,-0.0312650301767111,0.0402744827382841,-0.0148217593873774,0.049793733890539,0.009407033096448,0.0437748417475415,0.0365460637420676,0.0189161322250426
-0.0458717174756126,0.0130971900016929,-0.04478141888508,0.00794727381973608,-0.0282651288337525,-0.013528908849881,-0.0174003354507856,-0.0244590031733885,0.0264385161134952,-0.0152225982749754,-0.0471337807113352,0.0020594284129652,-0.0280008498703347,0.00837712510211383,-0.00964657551842999,0.0282250756435221,0.0173480470168329,0.0294781269843891,0.0328114025589324,0.0182146331462981
-0.037350785419391,-0.0119826844460079,-0.0173574388660681,-0.0236665642095457,-0.00355670183575819,-0.0218868629643266,0.00749049302006032,-0.0184288069356379,0.0179217556164428,-0.0157902048580655,-0.0289392317713991,-0.0169836722020441,-0.00865111680057564,0.000373431270928164,0.0150682695278978,0.0277823702585418,0.0317117115969446,0.0336192628373933,0.0414166466619091,0.0137388193532774
-0.0181104851758031,-0.0322995093363438,-0.00364393553007412,-0.0379288257638667,0.021987192384202,-0.0345929669018868,0.0499283247963181,-0.00815713028631503,0.0407454234190741,0.00122476089662566,-0.0225338785149056,0.0212511855059131,0.000279464431586126,0.0315377481846045,0.0273408015155114,0.027226270173507,0.0350429869107573,0.0299370090222666,0.0417494127780694,0.00461580804162569
-0.0315429499417611,-0.0166296927255991,-0.025706521335319,-0.0182489080078878,-0.013692637518097,-0.0258576154852684,0.0039879920441535,-0.0284139436439738,0.0263472540124704,-0.0118556934676312,-0.0294318135520751,0.00736707689395702,-0.0168122392212052,0.0358693372652428,0.00450821172980348,0.0265544678851564,0.0248143277878869,0.0249256675346949,0.0365563532793993,0.019572130164048
-0.0398744204464225,-0.00975032056706744,-0.0281446883591186,-0.0198181994009094,0.000423683367261871,-0.0223348992265805,0.0170142196225337,-0.0108620208127315,0.0318848059542332,0.00492851370046767,-0.0447332223242153,0.0125689924244231,-0.0284781726787026,0.0373178253875869,-0.000232464892312136,0.0320185673779589,0.0206381214085402,0.0251595031330117,0.0343071134458041,0.0102431479595864
-0.040118124695984,-0.0200964740446741,-0.0179910229203156,-0.0250639869030194,-0.00378933052931957,-0.0202145189635949,0.0158819111994017,-0.0105067491733483,0.0386994091083186,0.00435263571806833,-0.0356213843867605,-0.0140589548696327,-0.0131148443355178,0.000300153234573401,0.00950779578681287,0.0204689816483173,0.0289085624452152,0.0312046283162208,0.040611504206922,0.0169154164565995
-0.035796817640545,-0.0140324583320438,-0.02353423303159,-0.0254643634132037,-0.00583376909729319,-0.0288044439938528,0.00623551319996537,-0.0319166551584207,0.0245179329903757,-0.022672275449137,-0.0309610095156979,0.00370571372220799,-0.00575332965035948,0.010059244080147,0.0157806306215744,0.0249310733111066,0.0355170340868727,0.0249545419583856,0.044469904623171,0.0064114137856906
-0.0257342611737804,-0.024461237309984,-0.00947127375056874,-0.0294369880340839,0.0158161746305246,-0.0245570175667536,0.0273078291154745,-0.00853720693537764,0.0273879251935358,0.00421495986047724,-0.0454421892901079,0.0186878668988198,-0.0299793428600198,0.0397749028943541,-0.00296277598860766,0.042054775697591,0.0206499723597407,0.0327065097508291,0.0419649300622666,0.014821272571399
-0.035642843402223,-0.0149932087790759,-0.0193045985585669,-0.0215168487708014,-0.00416924681083037,-0.0240984298085821,0.00892524445457767,-0.0220148383418172,0.0254316063619572,-0.0125395037236019,-0.0302816280630362,0.0139245966816668,-0.0148825061324269,0.0252194564134818,0.00797260373222758,0.0271975119359789,0.0266847241321905,0.0289152254511407,0.0412048061030147,0.0130592425118718
-0.0352349218479568,-0.00874568733556567,-0.0209548724846657,-0.0201273910161694,-0.00294694300566189,-0.0255782960620072,0.0131512715783409,-0.0247165781146985,0.0359495139155449,-0.0150578558286747,-0.0342726545952638,0.00917111003467659,-0.0193635185957654,0.0229919472610862,-0.00256975571338515,0.0276012138948136,0.016793210101588,0.03200257473296,0.029827137023805,0.022673481218289
-0.0344829976969716,-0.00985459921111755,-0.0223109564040645,-0.0153156352677421,-0.00729523819376494,-0.0216031525725079,0.0133832964427192,-0.024569789722122,0.0312103714251057,-0.0150797016509098,-0.0367838968221734,0.0112504594773862,-0.018511811576808,0.0203348687906794,0.000811050217979458,0.0317006763624042,0.021863102554828,0.024727979245797,0.0331829934987968,0.0198445625696049
-0.0393960903449785,-0.0137223279034251,-0.0315327211751326,-0.0166577075361286,-0.0158789581217208,-0.0268043130971939,-0.00456742190928898,-0.0283078134093699,0.0188235971719994,-0.0265430268994102,-0.0318304894863135,0.0119652011764093,-0.0120334340690897,0.0326222683469424,0.0150813977257281,0.0296095815348956,0.0373814506759426,0.0201708750560373,0.0447626175956594,0.00661238738296277
-0.0410270586169864,-0.00964260642465547,-0.0223290385983228,-0.0158462975943227,-0.00353488683745708,-0.0247631085688951,0.0188342992130655,-0.0263695786911256,0.0402246588982296,-0.0208455097852988,-0.0245195247066075,0.00116543717641574,-0.00623615683181095,0.0369880169855308,0.0216205656545755,0.0388084915290481,0.0396564218703818,0.0249017908941487,0.045626545715301,0.00939283238273603
-0.0393987555546608,-0.0079174641447648,-0.027614388703199,-0.0224300491157321,-0.00985398533490662,-0.0252275218072505,0.0258931892386779,-0.0241920647661001,0.045898091594079,-0.00535166295646138,-0.0279872025478226,0.0287772770784714,-0.00330757942697906,0.0330245247911867,0.0223108311355764,0.0303760368850582,0.0344053788643477,0.0260305680577466,0.0390342027869762,0.0198138523577903
-0.0404467813020668,-0.0105827039380514,-0.0321352496708298,-0.0184204122364881,-0.014001007120348,-0.0253146073867558,-0.00549674462354787,-0.0275136896410634,0.0223660466216103,-0.0195423591036756,-0.0295083241877058,0.0156629281963055,-0.00792735771447101,0.0197508295563718,0.00670328303949127,0.0153045035216301,0.0173184392666209,0.00513679106198104,0.0280430304353272,0.00355867151956131
-0.0407689624365847,-0.00951502333502571,-0.0323183498504365,-0.0132718816391136,-0.0221966823094821,-0.0133361019676477,0.00161121105183693,-0.0136218065083458,0.0332365943188192,-0.0201509818337125,-0.0196817552887768,0.0333659700741246,0.0272461269212701,0.0214943544581626,0.0503388789223883,-0.00618241582582527,0.0499705321145866,-0.00605183633354777,0.0492890316130182,-0.00572119525700637
-0.0387705524693907,0.00875088474949226,-0.0217764550704489,0.0161910346343279,-0.00454452042000698,0.0224982676221812,0.0215409872304682,0.0188944994557893,0.0385401331399441,0.0138172174923949,-0.0383017815824153,0.00796743912074508,-0.0199490762587888,0.023048880603662,0.00918588751514856,0.0242322227908807,0.0348813207860514,0.0136166119490435,0.0456811820383598,0.00681347221354462
-0.0373845506620811,-0.0103428543576786,-0.0267205892128906,-0.0123701530092067,-0.0120265085152685,-0.0210353372771406,-0.00398304434077644,-0.0242596179539231,0.027228393525598,-0.0114538549611469,-0.038868105774549,0.0181739385544468,-0.0173413644307405,0.038067698894653,-0.00263987477940796,0.0415776252407968,0.00934606660498172,0.0265551585004815,0.0259661712160984,0.0201632908932518
-0.0375634131814626,-0.0164025720262224,-0.030543498130742,-0.0259219854515031,-0.0117669757878307,-0.0236133926268755,0.0010773788568001,-0.026267199699686,0.0121365486333793,-0.0233620289325572,-0.0406920423238684,0.0228921605228959,-0.0292253800571624,0.0337121674371875,-0.00853955038044542,0.0330588576502186,0.0178313065850821,0.0263919102730662,0.0304188967275195,0.0221817072991125
-0.0348535633096176,-0.0125043557118952,-0.0271938785976987,-0.0163074818836852,-0.0231987572008176,-0.0170425298109361,-0.00531851590250851,-0.0163142554135021,0.0193454632956087,-0.00952549530058862,-0.0354789521898715,0.0101319697054089,-0.0233528436938657,0.0324168910857925,0.0008886941445737,0.0347416093845756,0.0216506097031891,0.0344437114383076,0.0275803805406328,0.0252685533747745
-0.0407732203868258,-0.0110551608184265,-0.0276610416398944,-0.0232279529421927,-0.00591830140239544,-0.0225156291040984,0.0101445822667932,-0.0207760230909667,0.0285911268510546,-0.00980150425546086,-0.0358727428870515,0.00300340679776462,-0.0266542312262126,0.0234436288637822,-0.000527260687612965,0.02206778253606,0.0216747437346316,0.030466976102201,0.0363989113942832,0.0244210204148696
-0.0353489946952842,-0.0135281856359003,-0.0323854028045634,-0.016647760520908,-0.0163952898678069,-0.0264135159161454,-0.0016348981066905,-0.022151343767918,0.0200186889575881,-0.0153841770270827,-0.0362613309927541,0.00679161801057539,-0.0288271516496044,0.00717150250649932,-0.00855610851084986,0.0184838387665123,0.0197545886871874,0.037809181583814,0.0353597714398515,0.0236235789300821
-0.0269417926811275,-0.00969364391627953,-0.023968196993711,-0.00838490366376576,-0.0078210209535713,-0.00407056310407651,0.00609697065398724,-0.00645605960120806,0.0178548565826121,-0.00560220528709742,-0.0338564766616829,0.0128917284772632,-0.0175633510866795,0.0312243593863042,0.0071505285955765,0.036322077993944,0.0217871087429775,0.028599881988857,0.032370200635141,0.0146437719515382
-0.0270886719324572,-0.0177973982277541,0.00416148326262015,-0.0243631388310775,0.0256080332661236,-0.00607652995818858,0.0436496287079131,0.00691940418719755,0.0478834706840694,0.00723528974594604,-0.030130667701846,0.0158340849143991,-0.000898627534983876,-2.90117198019177e-05,0.0193545974584639,0.0167903197155122,0.0347278698627061,0.0258201825512978,0.0423189966062526,0.0119164448615228
-0.026615087235534,-0.0228085588258299,-0.0200964348388794,-0.0241278116987266,-0.010474310583887,-0.024831800054007,0.00811762698253088,-0.0208273104313618,0.020015346994597,-0.0136476105366044,-0.046266913394123,-0.0148926673720833,-0.0390435107780967,0.00526820936806148,-0.0187492996638867,0.0282580577213688,-0.000165135923675397,0.0439970623327927,0.0231751909784705,0.0328674430867948
-0.0391213060865052,-0.00772010238685451,-0.0298801225160751,-0.0159598775484171,-0.0119730198752082,-0.0193989788183876,0.0204772467248184,-0.0119946583564525,0.0369372249814038,-0.00427740956028315,-0.0431234703713987,-0.00754107217444437,-0.0361890783918956,0.00211080470596564,-0.00481145838835763,0.0147988247306064,0.0223352331182023,0.0239342655587401,0.0407381857625234,0.0162975408992128
-0.0424612696273763,-0.0263772825309732,-0.0285425571354637,-0.0206032495047918,-0.0074745029374408,-0.0180714488056368,0.00881147139425865,-0.0111156264598659,0.0237319831957848,-0.00649041038005333,-0.038062190098588,-0.00963956235303411,-0.0243924134858589,0.000773072932157736,0.00289959528130851,0.0275231772457353,0.0237452579564176,0.0258192452030471,0.0415502240496855,0.0119390870592725
-0.0401774798777273,-0.0117834879537898,-0.02443901890079,-0.0164722805556887,0.00751116933498262,-0.0119138143470539,0.032760471864097,-0.00195443381994312,0.0397041164840984,0.00102165941091038,-0.0378011745414284,0.00638432743949015,-0.0156734629202304,0.0172599802559315,0.0115597426208487,0.0256484218337978,0.0335619257520619,0.0324140166717222,0.038968204107692,0.0189513018389353
-0.040245038280945,-0.0123535060525092,-0.0302746618475988,-0.0113880025131072,-0.00821450045794828,-0.0226914461985615,0.010592917328902,-0.0155058704353296,0.0250709713517937,-0.00172889142835925,-0.0430346250048455,0.0240784934092155,-0.0321271584766651,0.0115270187956309,-0.01211641668661,0.0125240526891185,0.01095041734969,0.0273816113889722,0.0294153864649171,0.0243029766741738
-0.038704666645295,-0.0187183598192559,-0.0318196929551283,-0.0257817568739283,-0.0111801466555151,-0.0166515072340748,0.00617710137869666,-0.0163842226226994,0.0261883668577604,-0.016144959385559,-0.0307584250201144,0.011939584975518,-0.00556050645884061,0.0237944044235622,0.0181837228413518,0.0274625669147531,0.0326101662825539,0.0167756344914959,0.0393649527778583,0.00798547319004523
-0.0359590172957045,-0.0143000751839491,-0.0197165869577397,-0.0276084776081834,-0.00771814539032903,-0.0233639754877711,0.0168182068795465,-0.0223035831402345,0.0297048383932343,-0.00358048458496961,-0.0442085496614949,-0.00437739264763516,-0.0217530070176915,0.0144926691729852,0.00679802457559476,0.0190338400176634,0.0250929267853737,0.0028003803323273,0.0348885873367367,0.0035977909053723
-0.0349200163639583,-0.0177268476271651,-0.0235842122800085,-0.0233835501759646,-0.0052109163640627,-0.0213218732816629,0.0108573634673246,-0.0128767053523993,0.0310913497558166,-0.0051090987287029,-0.0437365336147821,-0.0115668999494456,-0.0371697290051622,-0.00409361621511364,-0.0170460272518531,0.0125348952065445,0.005934805613253,0.0259250437316139,0.0238808195150246,0.0356226255648795
-0.0373166610017132,-0.0151297836711494,-0.0173761229040535,-0.0238196549627937,-0.00129739627333081,-0.0252516033408035,0.0117919009660589,-0.0187168375777584,0.033468393072099,-0.00717073959847715,-0.0455588219808762,0.0117281453812531,-0.0270013946151142,0.0359737735325384,-0.00897103012226899,0.0447907036205496,0.0105050119301616,0.0385998586218501,0.0272663668075641,0.0211732131950571
-0.0371579955000107,-0.0164044257165877,-0.0221399758200284,-0.0259247473027862,-0.00500031723335376,-0.0242853074193654,0.0136829473041904,-0.0194104671216643,0.0342316976564572,-0.00610425844318518,-0.0447855464109246,-0.0093985608511808,-0.0336931727702391,-0.00730406924500477,-0.00905756179800089,0.0154898739208005,0.0139557788969286,0.0197897812924722,0.0318192953363923,0.0235785202889694
-0.0394018983148987,-0.0113298796395401,-0.0224711721438177,-0.024450117796951,-0.00813837072304471,-0.0281033548533178,0.0104526569002909,-0.0181237722029596,0.0285155832644133,-0.00725089710877031,-0.033919889002612,-0.00998678296746685,-0.0192152727022853,0.00975038612712736,-0.00214325873530121,0.0117620107674315,0.0178547416270255,0.0208337327450263,0.0325516348526347,0.0195173412828771
-0.0377781652485519,-0.0165186789608002,-0.0131741257065424,-0.0274265811498714,-0.00376688457495064,-0.017535692189006,0.0117620052820641,0.000318691868210092,0.0269591302946366,0.00926267309367467,-0.0426317087381444,-0.0108146858825747,-0.0186048854805276,0.0035818567732695,0.00375547494756765,0.019879197160717,0.0231564685215496,0.024738945007438,0.0355730070533475,0.015328395613176
-0.019016465145797,-0.0268751983859009,-0.00939781418726581,-0.0274832874829158,0.00110083744333009,-0.0204715749659289,0.0198830168698168,-0.0108721404662103,0.0335490953657348,-0.00144574860638269,-0.0323023484386371,0.0335036039856474,0.00484084811676115,0.0420748418563059,0.0365648883139906,0.0158074470026283,0.0483805666238076,0.00294417356499539,0.0495067225564199,-0.00859899990000785
-0.0352793092883395,-0.00976459329770895,-0.028763609747988,-0.0205958509109463,-0.00823930618194388,-0.0237351913337141,0.010697884856452,-0.0152057395344852,0.0279146010403267,-0.00274372116183139,-0.0459946309594825,-0.00681241434084268,-0.0369883354985964,-0.00743920845295536,-0.00930188390617904,0.0148723005664626,0.0122185893762525,0.0203458223300213,0.0346260412253651,0.0260533410840022
-0.0382354207123353,-0.014970096605316,-0.0197582658287515,-0.0273713090456377,-0.00314107391777486,-0.0253088464117797,0.0107505127627288,-0.0162651125220251,0.0316090335807389,-0.00962855419614187,-0.0464551209758577,-0.0120769496382131,-0.0293853071617482,-0.00131097492724306,-0.00551099320728139,0.0199061937299136,0.0180548164638188,0.0300062193663532,0.0345816029384798,0.0167767251968431
-0.0350697069711169,-0.0175702433786028,-0.0201859236004069,-0.0253267136975989,-0.00505395898686479,-0.0225212961788409,0.0134758839330076,-0.0145201251414746,0.036017831455811,-0.00720192562579337,-0.045637156808835,-0.0112138048680986,-0.0288869814429458,0.00454809790246599,-0.00776392664938428,0.025945459533358,0.0178101253612354,0.0331085122938636,0.0337248674595134,0.0153071735740621
-0.0359829533505039,-0.0152272029734973,-0.0217409566453251,-0.0242815404779545,-0.00719911396527924,-0.0251625511986424,0.0140931570489541,-0.0234137448435315,0.031423621125118,-0.0197755174204455,-0.030010270422865,-0.00078126629954982,-0.0199861505339882,0.00566439966098067,0.00288584841096127,0.023381814004082,0.0241371837745533,0.0278989260753207,0.0374101320214432,0.0203296099361915
-0.0407793515120979,-0.0196372077145025,-0.018724335012948,-0.0236445492639735,0.00197370848915935,-0.0286257299374009,0.0317311276399063,-0.0144695354197002,0.0538832029142478,-0.0097661919906006,-0.0354332986249553,0.010383521180382,-0.0153516343898521,0.0158875228035645,0.00716691789241311,0.0230892294366726,0.0227570580946412,0.0304084980073821,0.0388743960973027,0.0148839933665588
-0.0416286351599439,-0.0129183072841334,-0.0361131572392361,-0.0268277035688629,-0.0196195503930552,-0.0269028646034061,-0.0036833390785771,-0.0192371269189326,0.0195047631077593,-0.0125437204158801,-0.045650554489789,-0.0126697453985235,-0.0263072232959822,0.00558251415036547,0.00326876049584396,0.0276630696862642,0.0297288018458832,0.0250476302919594,0.0395467997425458,0.0160827892517171
-0.0344430557653986,-0.0128674484152911,-0.020582041776461,-0.025429907680207,-0.00441909126305189,-0.0243425009785053,0.0125130905929997,-0.0169766906991696,0.0328636016555823,-0.0117647677715414,-0.032630527221569,0.00949475324825168,-0.0137560713692008,0.0247716380716393,0.00754738222811325,0.0362116742842253,0.0234403303646489,0.0250128193421016,0.03739476293362,0.0108154498491795
-0.0268607521405125,-0.0216291417745673,-0.0115633834518878,-0.0270424686085991,0.00629079575148419,-0.0266715178263429,0.0162539475879548,-0.0230446304479022,0.0334639660200369,-0.0132106837787917,-0.0227468014307607,0.038767591026367,0.0167325793626767,0.0341313275607927,0.04325103566364,0.0091200731041821,0.048667568202429,-0.00837308511141936,0.0480134958894605,-0.00799379103667124
-0.0383440013507329,-0.0196958728525587,-0.0182781308062109,-0.0274082438370864,-0.00389624529232895,-0.0249875025537498,0.0110988189400783,-0.0174036834163037,0.0296211990497703,-0.0142617166870584,-0.0440265809446391,-0.0100865539862445,-0.0300072424105511,7.51751966639296e-05,-0.005814795580351,0.0196488811940928,0.0155679877494731,0.0281281956158124,0.0298026954701916,0.019848394231867
-0.0381733257428917,-0.0132152689251627,-0.0278025348977801,-0.0205190914144832,-0.0113979264892834,-0.0187443478166456,0.00175360924956693,-0.0147889746854027,0.0216231800806293,-0.00852610439526345,-0.0393674366044197,-0.0063122691168947,-0.015542603718824,0.0154314237895275,0.000357593855530692,0.0232848772099644,0.0210809652586875,0.0288906159734996,0.0390889024161402,0.0154867357430022
-0.0358243347283744,-0.0118417883359662,-0.0134268153276718,-0.0250383117259582,0.00134722349289422,-0.0208273947745775,0.0113401943929286,-0.0150331035415252,0.0259218555143303,-0.00821307241380059,-0.0306742272314417,0.00666214903241196,-0.00749226498965527,0.0231726169414884,0.0116497136817018,0.0376035405889096,0.0273832327211872,0.0317317758208382,0.0390342721630666,0.0140365315333674
-0.0329596339753937,-0.0166043842466491,-0.0193469485293624,-0.0248882751645637,-0.00628064616700813,-0.0158532408821522,0.014940499206365,-0.00763299198835454,0.0324143931272753,-0.00242623790103614,-0.0376130818856059,-0.010341579936817,-0.0295378944734865,0.0132570984729545,-0.00608005740310943,0.0301005367170491,0.0154422085753417,0.0281971494658397,0.0320256603525356,0.023088651838107
-0.0341687243720358,-0.0195535691155784,-0.0227901687732974,-0.0263891903809817,-0.00384047069256664,-0.0258713843117536,0.0140394898894601,-0.0194159193748428,0.0242995395635542,-0.0143565403760467,-0.0335501827652185,0.0150890786090745,-0.0125468933601621,0.0339910925205665,0.00473036575413701,0.0333026795423506,0.0187510796574038,0.0292743722035779,0.0307681852247414,0.0212345631856875
-0.036856750754751,-0.0134766022612614,-0.0222853569258638,-0.0205839733806235,-0.00649741409063592,-0.0258894599540968,0.0104526584640773,-0.0150709781361887,0.0211663803222476,0.00181655776685874,-0.0329236977498536,0.00524639621500103,-0.0158678093512838,0.0221192475818525,0.00254677747062581,0.0312799076347477,0.020248980604304,0.0335989365868979,0.0320174560086392,0.0224801219763397
-0.0402427320784405,-0.0193705597541063,-0.0268156499605395,-0.0265756947387243,-0.00655446039967672,-0.0280498309595767,0.0121649511180132,-0.0212910317118939,0.0265718029006211,-0.0175283017684076,-0.0477054138088984,-0.00937830683078382,-0.0396625845082942,0.00725394737433678,-0.00608323467999009,0.0193123141657464,0.0175843857798826,0.0199954346879447,0.0361010870292507,0.0164275771830132
-0.0399398074075161,-0.0136941390090205,-0.0178194163245543,-0.0245380743261593,-0.00633370680255971,-0.0207294248913596,0.0121856573214735,-0.0111532182070861,0.0261470294049998,-0.00162320895331011,-0.0426040006601467,-0.00853197277820932,-0.0266743217055535,0.00593025500837485,-0.00817122578674717,0.0255898824708012,0.0149609071979748,0.0269444387308411,0.0269590406946237,0.0213494527957345
-0.0408147940024954,-0.0234749456549907,-0.0276598237916673,-0.0283139783670563,-0.014094250535304,-0.0275132994424836,0.0032621250122694,-0.0278943374649191,0.0291201967850359,-0.0150919126279767,-0.0389069767973899,0.024379966161172,-0.0162570714993599,0.0270354843571872,0.0106374263140922,0.0328021258821142,0.0253048371091303,0.0220096038888203,0.0371478895960156,0.00644115185913142
-0.0366613572739925,-0.0138407175950699,-0.0216261398404936,-0.0269042228690206,-0.00527357846642749,-0.0171733067246769,0.0129633194846633,0.00715689451593876,0.0333059977309388,0.0132138235701743,-0.0310435659000258,-0.0168699435805362,-0.00927377756957951,-0.0246944750066209,0.00479180717107026,-0.00699878523261319,0.0210993041985346,0.0163238328769329,0.0379902978552965,0.0198458548446656
-0.032370232858672,-0.00880739928565925,-0.0127361712270118,-0.00934365623862171,0.00789724904725841,-0.00389151994990454,0.0219158313569998,0.011643597569843,0.0378292336706571,0.00551986870841483,-0.0285391010627389,-0.0143297862522067,-0.0116520205637513,-0.0174501305616816,0.00647740957545003,-0.0133701881157794,0.018668024933359,0.00571373837391761,0.0280885936841786,0.00711313438086223
-0.0394451072211171,-0.0164365569839959,-0.0274053619442913,-0.0272993912765639,-0.0185248956875142,-0.0306264884941704,-0.0122506019878101,-0.0268163731073689,0.0144658709147136,-0.0163854297410494,-0.0365559710978476,-0.00745277633511033,-0.024619766866308,-0.00865103018453502,0.00239341990218009,0.0167546388761693,0.023960775831973,0.0324412230578286,0.0347884456887268,0.0299481379837381
-0.0353769639040009,-0.0154410001354907,-0.0256078293276529,-0.0258112711673956,-0.011363457216687,-0.02545392409136,0.00755635238710104,-0.0171112389353865,0.0280888269418683,-0.0081982520652843,-0.0370639954849234,-0.0147799374683488,-0.0258844041483808,-0.0202618023437592,-0.0107806807925432,-0.00623430229389448,0.0174203669735558,0.0204257223835671,0.0363170299732545,0.0242550873742552
-0.0300835518906658,-0.0174970881217075,-0.0175820911592397,-0.0239192024021434,-0.012782182504579,-0.0260206338667165,0.0018074934482015,-0.0188632063404057,0.0205423105302355,-0.00880822505754487,-0.0318001685557948,-0.0194587678710119,-0.02086735225908,-0.0181393510988555,-0.00423950055001489,0.00942678778399287,0.0290440967920314,0.0332209441861079,0.0379464998806532,0.0225426075065894
-0.0334624777101975,-0.0200229395257918,-0.0176015515407035,-0.0283887346112856,-0.0096936429085622,-0.0304224435299254,0.00331624376567731,-0.0272682666419801,0.0231983410661707,-0.00890038604025448,-0.0382089957656016,-0.0178623943645262,-0.0242115295395344,-0.0221519718325962,-0.00340557922942829,0.00187389421417249,0.0136319873334277,0.0260237133656299,0.0273987800138716,0.0252215542950333
-0.038414275849863,-0.0184640980498819,-0.0249020728807212,-0.0252407536708387,-0.0184581997616267,-0.0272886518698107,-0.0114230880162219,-0.0254129539607182,0.0223748472283226,-0.0121225917055834,-0.0409388566101604,-0.0185857839924603,-0.0284158490565489,-0.0165435602949597,-0.0130983634737677,0.0133924025096011,0.0165300407309612,0.030320407848999,0.0365316056337433,0.0154622163869475
-0.0356512321339227,-0.0189916871668636,-0.0149439657722241,-0.0278990510087063,-0.010539542984443,-0.0264619992399827,-0.00540816345062039,-0.0223181474912786,0.0107989443365316,-0.00983398777285237,-0.0324615946938254,-0.018928449333103,-0.0180456447892019,-0.0140706224997816,0.00092060330301037,0.0167520502320458,0.0231488845715539,0.0351761972715887,0.0426002273047697,0.0127391627291828
-0.0244301853720707,-0.0235149118706557,-0.020587427558455,-0.0290265274586887,-0.0126951251205896,-0.0243417556702253,0.00127257619760952,-0.0197873159513497,0.0269478296612182,-0.0080178925737646,-0.0392715974873676,-0.0150447105084352,-0.0179712466247032,-0.0132413699154142,0.0081440661751513,0.0272449524187285,0.0255275079324703,0.0279304512596185,0.0416648477717519,0.00900062640920668
-0.0340979122207049,-0.0125666885582948,-0.0186000220575584,-0.0264744627781556,-0.0107447495896104,-0.0289908669346437,0.000276271324911125,-0.0217399663679755,0.0171388934864201,-0.0122139847269889,-0.037239884907765,-0.0151436669973932,-0.0206103885587221,-0.0158163971147381,-0.0090047443035518,-0.000789765409662427,0.00889767475773454,0.0236054792739263,0.0283007430615928,0.0214975530507612
-0.0369972567411626,-0.0125855373813511,-0.0173136740981933,-0.0292044646361697,-0.0134822281330774,-0.0254536427157139,0.00554883005201351,-0.0144342063860811,0.0243340504089377,0.00431705657273772,-0.0424769046182797,-0.0122279399935567,-0.032098528281698,-0.00613922231255565,-0.015439749880464,0.0162516988088459,0.0114088038236101,0.0186198754465467,0.0296408721989675,0.0187948017510321
-0.0378054067152285,-0.0152535358326742,-0.028267519258789,-0.026120409524875,-0.0216998346847969,-0.025170555324238,-0.0136132450392976,-0.0196628402089337,0.00994365272734637,-0.0132286053364955,-0.0430939481969825,-0.0124186900150358,-0.0317094195346048,-0.00649927983083142,-0.0219328848580768,0.00722797526284396,0.0012373885563986,0.0204648591301115,0.0264909441574305,0.0223603367177655
-0.0308530129548081,-0.0135150647419896,-0.0198341645746396,-0.0267194751267976,-0.0141538209733424,-0.0255979738832744,-0.00305138159044891,-0.0168131548404834,0.0188282083366403,-0.00947827809004507,-0.0352255776069312,-0.0126883086304075,-0.0245631804960248,-0.0162282468714451,-0.00884378079214712,0.0183005875846641,0.0127204284445502,0.035768242430855,0.0362992593146887,0.0204010586233082
-0.0330363407939578,-0.0146389284895592,-0.019882989026194,-0.0293851818897902,-0.000964896583185149,-0.0228288204571259,0.0189274005959322,-0.0104379449993247,0.0289983771210778,0.000536372613373664,-0.0390531020902368,-0.01367111751806,-0.0245752494900787,-0.00479379089847149,0.000847736190742158,0.0212422788682691,0.0171392274833416,0.0228502553013464,0.0340928359093956,0.0181394202195406
-0.0233369346660779,-0.0203135204784025,-0.000684386838856505,-0.0136681684273131,0.0210349293199096,0.0108377350985065,0.0356674833030821,-0.00712570985037029,0.0425095979088739,0.00103472891938422,-0.0268510020550389,-0.0289718716793813,0.00662207644962678,0.0299094642287906,0.02457155372395,0.00954417945619769,0.0305219060348928,0.0176378529067046,0.0436421193975371,0.00692947965896736
-0.0294063939047358,-0.0244259723451824,-0.00845501811276626,-0.0313784117026198,0.000875363743219195,-0.026036022891346,0.0045057588598399,-0.0228782586054945,0.0215426004629115,-0.0169520424564966,-0.0380305517674558,-0.0263522870829001,-0.0228963111384741,-0.00882576874196218,-0.0014725326613793,0.0158446080109236,0.0116685859438565,0.0331472054846532,0.0258332670702652,0.02050374532282
-0.0299392899014197,-0.0149861639801462,-0.0102024527551891,-0.025697108685564,0.00723654284570947,-0.016577550915129,0.0193992345707429,0.00148229596277069,0.0374103528062978,0.00853864468317021,-0.0339860776208384,-0.0222337895493608,-0.0101802486163437,-0.0130791824562264,0.00879871438873706,0.0156869048278124,0.0228126273581859,0.0307812564431065,0.0382276129404844,0.0201058902587125
-0.0147204917890274,-0.0235555122669091,-0.00823049078110827,-0.0304442631248191,0.0014350701877786,-0.0210733956294793,0.0266815413122905,-0.00901797386721455,0.0388286720853165,0.00340337926122407,-0.0444927777069309,-0.00861329289033588,-0.0270514785256087,0.000444729835170853,0.00297538592657386,0.0344328559182386,0.0195871881925372,0.0366878190170346,0.0341938503254456,0.0228558275619145
-0.0374126909976169,-0.0139337800328063,-0.019913852172129,-0.0226147845892356,-0.00572827526683864,-0.0215690259910878,0.00604653896237469,-0.017708356156422,0.0189912406991622,-0.0144650433979566,-0.0428888226117418,-0.00893202163249682,-0.0198377873220252,0.00714037445571431,0.00159481197988739,0.0273154243546104,0.0182097435625605,0.0311463083942362,0.0314000751579538,0.0226669696284042
-0.0339993285132832,-0.0157852788437038,-0.0162223981471266,-0.0288380435493722,-0.000744670461277313,-0.0189993880456473,0.0186055908879531,-0.00262546458073929,0.0329073569682394,0.00369572986494974,-0.0437856296974025,-0.01366047483851,-0.0259451535450522,-0.000363577419991168,-0.0024016725899574,0.0223201966861523,0.0205163198161115,0.0303387156391395,0.0338037046865445,0.0138648058512954
-0.0387789858311529,-0.0105685493862253,-0.0194932374337663,-0.015817954957324,0.0024240061560711,-0.0226343573228228,0.0154453945945714,-0.0185305752381461,0.0309692693724715,-0.015901178166355,-0.0367064120976835,0.0166519244304987,-0.00772551025665047,0.0267117520067464,0.0150435986475529,0.0307191913531276,0.0286029669740483,0.0249357370593569,0.0417002806646871,0.00806570381353548
-0.0349373222495816,-0.0110487697482637,-0.0131357356368076,-0.0261476129357042,-0.00183663073811404,-0.0256977500265703,0.0140018644302231,-0.015633284403872,0.0250382956620639,-0.0083884952716238,-0.0363209899763856,-0.00807107130681098,-0.0177793685782126,0.0177938315043246,0.0048297246214234,0.0247138398714024,0.0206144955757011,0.0366806597743164,0.0346833919749697,0.0183967631581495
-0.0387859720036861,-0.0136725330063189,-0.0200121453728599,-0.0213608043702924,-0.00422680445970993,-0.0229241538746896,0.0119784831751205,-0.0105951659940017,0.0266557945307943,-0.00469983735227042,-0.0362286592761774,0.00846493910990482,-0.0141299668121852,0.0340830449659915,0.00156948457693087,0.0420781765976595,0.0203632845601092,0.0352515746394407,0.0328595970256601,0.0170364398316201
-0.0354310753763218,-0.0252390560928127,-0.0238768642792725,-0.0263003859180356,-0.00725127722550817,-0.0235072023784663,0.00998854958072657,0.00116015128376914,0.0329485272235792,0.00669878519415761,-0.04006730575262,-0.0158100527292409,-0.0272289005953333,-0.0143717259922137,-0.00428374111646323,0.00150290335983961,0.0148342537524699,0.0198311200440132,0.0336111440358644,0.0169008958413346
-0.0340648595080882,-0.0120642378344329,-0.0157287189859712,-0.0217100420060791,0.00982916721505274,-0.012919297388302,0.0279027758934413,0.00513076889564133,0.0415060014656589,0.00455435558721549,-0.0420630828057995,-0.0125334670318167,-0.019919879526945,-0.0184822814683577,-0.000427089834423574,0.000253852807142429,0.0169282750462833,0.0168283617468717,0.0312370242355127,0.0166324124070694
-0.0368890546897976,-0.0193790413660133,-0.0250027936055702,-0.03133903060958,-0.0116511912767502,-0.0319510741275424,0.0059378458599403,-0.0265775213928231,0.0262836945423329,-0.0183754954353747,-0.0427326830489808,-0.0174444864548964,-0.0297982130643575,-0.0109022852354843,-0.00652747955761292,0.0114415987262365,0.0196856331204205,0.0273110076675891,0.0399063937202477,0.0155086140269572
-0.0302355173058309,-0.0237425142152592,-0.0179713689743092,-0.0275562075737631,-0.00954533205007633,-0.0143107088455394,0.0146142678589022,0.00683248918738835,0.0390815688541016,0.0128239657063244,-0.0390351969952716,-0.0221168065916264,-0.0281630159791503,-0.00902705657328905,-0.0119582927440478,0.0159410736444006,0.0113892411688803,0.0276445200024932,0.0389049487158197,0.0126986571346093
-0.0336860014128418,-0.0186277378769084,-0.0158274961804516,-0.0260302425720827,0.00064737064223088,-0.0167967496678382,0.0365345677001484,0.00548009497958803,0.0529205761280954,-0.00776757562687124,-0.0361678328056083,-0.0182220595639909,-0.0204865741792202,-0.0232916360372697,-0.0093280316821908,-0.0083796550329113,0.0176436218043275,0.0272585900990774,0.0359178222341197,0.0238632340561716
-0.0355678847409097,-0.020309862364809,-0.0271957389691782,-0.030914740017127,-0.00984937818283743,-0.0286597824642457,0.00862395454237434,-0.0175623150918097,0.0402176621136809,-0.00918479159144743,-0.0450793674895774,-0.0223614838226667,-0.0302933913241203,-0.00663652902525845,-0.00961194443763978,0.0219464486818392,0.0232244403367285,0.0289986206934435,0.0363056530296837,0.0174603655107884
-0.0335933593978528,-0.016955302931764,-0.0259092383357054,-0.0253677400777939,-0.0107970587999795,-0.0273966687156521,0.010950091734317,-0.0167564410382777,0.0317127397655658,0.00159626028631968,-0.0336327938511388,-0.0193815655542015,-0.0184614199458133,-0.0182889318631749,0.0125145716840698,0.0225455697229108,0.0307779622850763,0.0260417564600518,0.0415686669209851,0.0127470609287714
-0.0389545590040172,-0.0146585609340304,-0.0240799436775291,-0.0305113867637379,-0.0163828569224061,-0.0295045852908352,0.000592546827994896,-0.0197695831982364,0.0204605832189437,-0.00636527819121728,-0.0423761819274966,-0.0191679318754941,-0.0275697605892621,-0.0232149618748556,-0.0136867899859031,0.0108274730525922,0.0108374986827744,0.0310611238152506,0.0325757112652767,0.015345726375371
-0.0273239903964095,-0.0187652773028139,-0.0120144109859276,-0.0291718993273168,-0.00140692884640541,-0.0272774215926583,0.0141972616814235,-0.0182924923733228,0.0296393341395092,-0.00602614064081742,-0.0449909657356113,-0.0144711536582862,-0.0295309256700926,-0.0151060868211796,0.0045573017247452,0.0295023025080478,0.0228823535005856,0.0313961962011342,0.0448412318412359,0.0107046719229368
-0.0313396653435893,-0.0137731256384297,-0.0102571509181962,-0.0248115203415739,-0.00260599580063671,-0.0263813265977911,0.0108922337862228,-0.016000685082879,0.0255257971935055,-0.00145621642450002,-0.0467263499446132,-0.0164464498844367,-0.030973478176814,-0.0226574715033056,-0.0075428261736461,0.00673744601690253,0.0108968769151108,0.0333921340231876,0.0277976275370864,0.0274516410972896
-0.0291475681438703,-0.0183009885705464,-0.0169207321965094,-0.0261257661354864,-0.000253317581889938,-0.0148590712482871,0.0174182854926139,0.00069881129624977,0.0354763313273666,0.00883205213562121,-0.0381038983388088,-0.0201360330534133,-0.0222312547606409,-0.0225109195531401,-0.00263369983526648,0.00846122281415026,0.019048142837456,0.0315709262555059,0.0332165850679726,0.0178440468249476
-0.0353943869037541,-0.015325412571958,-0.017556337135756,-0.0227705280618905,0.00371515766845871,-0.0192810248477366,0.0188187424261731,0.00401196901563713,0.0346916327903136,0.00636024090906977,-0.0426604701251863,-0.0183694582124186,-0.018012561191281,-0.00786627734690233,0.00703817634626164,0.0146791301296995,0.0224441208187394,0.0262214361680051,0.0404118712012514,0.00776938908887746
-0.0409366609360895,-0.0125981122106331,-0.0257833990018303,-0.0270659334627581,-0.0127245864021029,-0.0225586652641501,0.00899396532637539,-0.00446745197092077,0.0253340682184395,0.00617958968681063,-0.0398583766388106,-0.0112536385451467,-0.0229282575948053,-0.00618306588171083,0.00559780962699748,0.0109165356248812,0.0240329122307864,0.0259731105417228,0.0381017440128238,0.0191869246761888
-0.0305235275436538,-0.0132143555768156,-0.0207626929641122,-0.0223408332380764,-0.0125285856458528,-0.0283760599718341,-0.00359521859908955,-0.0210332885719035,0.0238651642738996,-0.00547155479541271,-0.0352624639057674,-0.0140557174611239,-0.0127233990500986,-0.0130196455312061,0.0124921554648633,0.0318472076935343,0.029101938886527,0.0357259580595269,0.0376648584825311,0.0228447062737891
-0.0315954304319176,-0.0156708539454467,-0.0110114299443404,-0.0283970792119498,0.00103160831973483,-0.0159789751230655,0.0245425384981242,0.00519522273402558,0.0434353532117609,0.0107464471693489,-0.0327425448890723,-0.0197822088955303,-0.00940979734069135,-0.0178001088619449,0.0167298085678121,0.0108246360914221,0.0314382058252251,0.0227345646274697,0.0442273064408666,0.00768308148774216
-0.0323790800405927,-0.0170908356635182,-0.0219772315076484,-0.028504906038771,-0.0138779010125766,-0.0214026113609885,0.00152039273030908,0.0024773091234755,0.0215587011419564,0.01512273093326,-0.038173657247825,-0.0143910658786104,-0.0234907534232097,-0.0135891550071477,-0.008920704255576,0.00301760658005353,0.00963474477195172,0.0233123492713061,0.0233896795694501,0.029808159285305
-0.0318850075058266,-0.0152522349094041,-0.0138361316259546,-0.0286306999064662,-0.0048047092465439,-0.0262673383703879,0.0107257086249121,-0.0134225896835346,0.0277659994590014,-0.00260897581044347,-0.0324826164966875,-0.0144406962736842,-0.0166081321723218,-0.00675863505886625,-0.00142622829070114,0.012856319060488,0.0181190974227755,0.0309225507489283,0.0330110985583126,0.0187738902241001
-0.0316802592499379,-0.0128361504447034,-0.0177198907994365,-0.0251227455051136,0.00124250452422515,-0.0125806606772575,0.0175039204065201,0.00255981841494713,0.0398956344059605,0.0030100825557957,-0.0403889962231147,-0.0140655329545901,-0.0229081101772712,-0.00712989238022708,-0.00360123101971705,0.012039223072579,0.0139423246273869,0.0241409381099392,0.0306613017826262,0.0236236728037126
-0.0327436979980468,-0.0204367307452198,-0.0178704597861374,-0.0259499806112878,-0.00524683225672622,-0.0191886559666257,0.0106760523221826,-0.00262190399941538,0.0338056857447602,0.010275138790691,-0.0376320918481693,-0.0218837683294835,-0.0167042480079789,-0.00177525935295817,0.00271473926949595,0.024242970017383,0.02271700782476,0.0308813646194117,0.0403051206357098,0.0150043199112982
-0.0306092694597615,-0.023280303410077,-0.014464691190608,-0.0342741264273967,-0.00279921326303231,-0.0124017890891154,0.0100049423350945,0.00189787434447382,0.0339199494452338,0.00673756431743946,-0.0369914386121559,-0.0194627987255336,-0.0212557647898811,-0.0124937169303645,0.000115120650812296,0.0229428509594914,0.0210109391453299,0.0295680392831087,0.0355919163137633,0.0156238248883857
-0.0352194751292262,-0.00973428706249401,-0.0188832188707954,-0.0237984653163519,-0.00732835635819129,-0.0217565379478872,0.00154992768391392,0.00523397203821038,0.0256414826102675,0.0185504834671702,-0.0416851016797824,-0.0128109838767722,-0.026932933954371,-0.0174625724291064,-0.00427743242937199,0.00396061514870024,0.00968944917811332,0.0215736056586722,0.0331999418788439,0.0181592476207037
-0.0324389995898458,-0.0187730957588852,-0.0181696181882271,-0.0306345027790148,-0.00493375711240321,-0.0234399018100817,0.00276324308324492,-0.0117298901258456,0.0195363305134916,0.00176436557825955,-0.036937825990882,-0.0245173417648855,-0.0168723472555006,-0.0150747163721415,0.00232558168566154,0.0143330525148493,0.0216924888745104,0.0293388969362949,0.0332475739616584,0.0156484215314393
-0.0114017908791423,-0.0286930108184629,0.0123629894383236,-0.00457528480561272,0.0505364010901947,-0.00150992203926128,0.0514520592996543,-0.00488189579767328,0.0527646704745234,-0.0083089154535698,-0.0389616005861904,-0.0133207649304762,-0.00939435991273707,0.00720663540659592,0.0204265146913677,0.0320992011197528,0.0399544739694477,0.0234177873729647,0.0430036277607602,0.0183147593065125
-0.027863780385496,-0.0241267547010916,-0.0120639345740557,-0.0257555980680335,-0.000526204460127546,-0.0127401439331988,0.0170733286881529,0.000138763544803212,0.0336318690984638,0.00393655101427905,-0.0350244016222043,-0.0140552240041318,-0.0141977857621809,0.00325601610177958,0.00700178927131175,0.0234787885204021,0.0270435850471237,0.0323344308676069,0.040989506343812,0.0118215664894268
-0.0364869970294201,-0.0206987580073148,-0.0282727394774172,-0.0240916759855405,-0.0203751184879231,-0.0254738141532606,-0.00623997579868933,-0.0196419305946595,0.0221802160196725,-0.0035404092439411,-0.0348767461454226,-0.0150257004752636,-0.0229352950426528,-0.0224278557266731,0.0056485615208892,0.00792326643754337,0.0276609155667124,0.0312967886874361,0.0369037655239142,0.0280751201668807
-0.0261737346086275,-0.0201891106076382,-0.0166441863861033,-0.0314943528921863,-0.0102576870578225,-0.0304747696549605,-0.000438435733223161,-0.0266202856995888,0.0174270374599944,-0.0143424037350581,-0.0299442161141458,-0.00995103848959798,-0.013593700300421,0.00494497504537834,0.0111850074403304,0.0261449037323481,0.0333425730618099,0.0292317309804391,0.0410250521212486,0.0146532458453682
-0.035133240482426,-0.00813852425077842,-0.0221567354987879,-0.0243703663395405,-0.0137008267050283,-0.0289631154820153,0.00324335952764894,-0.0240926841534708,0.0280680581737938,-0.0126716063090998,-0.0400550228694158,-0.0104402924300671,-0.028183475447394,-0.0035097305161628,-0.00836439218479703,0.0253998754795177,0.0199075538334509,0.0362275628346165,0.0367393405284033,0.0264017893471458
-0.0374102705107045,-0.0112164836300642,-0.0222696496557557,-0.0224922767041149,-0.0128421631948431,-0.0289665874376872,0.00480526529126649,-0.0211765827082963,0.0198401180103602,-0.0142473515266097,-0.0354236168626575,0.0128840817060894,-0.0143933015597393,0.038058134911116,0.00681519390312002,0.0397742862628699,0.0222610614255595,0.0329840774227376,0.0374397827770487,0.0246367426516355
-0.0282682047962522,-0.0186407019831452,-0.0178974322198206,-0.0262592427666942,-0.00985130725562321,-0.0280024661393108,-0.00620788665973025,-0.0269010116588585,0.0157629585536112,-0.0249024588897011,-0.0314890030897514,0.00969625493665995,-0.0109333164615516,0.0271013718384868,0.0165836478007381,0.0281828805759288,0.0295265406712316,0.0280529040726215,0.0443884853642779,0.0118589791142676
-0.0201518602222729,-0.0246113485496083,-0.0179316701476678,-0.0266237013175059,-0.0178002930002039,-0.0267901630547326,-0.0128717047052533,-0.0239865479320676,0.0105252082330161,-0.0136169180102979,-0.0181582523554585,0.00548659872383605,-0.00181194163759676,0.00457559467274948,0.016262836341657,0.0279881368984904,0.0286601027235059,0.0258960904264038,0.0381819306908165,0.0202535455860672
-0.0280614646944986,-0.0193968745354881,-0.0137873120914554,-0.02677995170722,-0.00431165441060554,-0.02529326829114,0.0075866714335965,-0.0230082378345302,0.0300009760180585,-0.0176102752288627,-0.0403356143676065,-0.00988228164856342,-0.0200545104541562,0.00410167168051034,0.0032979031584949,0.0283804772226018,0.0180911406672883,0.0323761658757841,0.0355115736290397,0.0254680430041987
-0.0369441470699349,-0.0191035133167059,-0.0198454655409085,-0.0246674708894465,-0.00716310193862213,-0.0282382632642557,0.014742412842377,-0.019455068937424,0.0281732619747305,-0.0033981501860377,-0.0301302573870729,0.0091182761121947,-0.00732513659660627,0.0291876126604708,0.0114454551586881,0.0394776286633481,0.035132351229827,0.0306101232360582,0.0356836377298891,0.0296718753754081
-0.0251439116464545,-0.0217034131297593,-0.00926001088068033,-0.0271916084838653,0.00845726421542657,-0.0261950121581237,0.0160292498422407,-0.023753141442164,0.0322946168432406,-0.0139057773937141,-0.034618270000009,0.0161051983483774,-0.0165903932568558,0.0321490377495455,0.00220791444823161,0.0392232752234678,0.0145326445245395,0.032910878833879,0.0270664108842592,0.0178963558089943
-0.0384120610877228,-0.00997465007767967,-0.0447755619431135,-0.00219812910808279,-0.0417262593523051,-0.0114853285457113,-0.0101015350538331,-0.0254587154681385,0.0196060838802995,-0.0110815578279662,-0.036590770731295,-0.00317662309015127,-0.0173305209026996,0.0143858624092339,0.0116439331414039,0.0275077029789785,0.0302227119812699,0.0231516327941899,0.0404324931400559,0.00869501022028115
-0.0296952656412995,-0.019368605682741,-0.0202615653880604,-0.027840654972942,-0.0109017638642389,-0.0267416157766699,0.00410718220256146,-0.019491526296796,0.0248493084526113,-0.00700076166006562,-0.0349132277297895,-0.00302566005096777,-0.0196811976614202,0.0117794261706371,-0.00535522656037218,0.0267570158391313,0.0150952270104121,0.0254145868149934,0.0280951110510483,0.0214395971972859
-0.030780346905577,-0.0142305806595551,-0.0184360813407896,-0.0214472391754886,-0.0115711444702479,-0.0283565539509818,0.0100593921882418,-0.0208813958749356,0.027975150119682,-0.0101575804025325,-0.0220763453242026,0.0193906636901939,-0.00556747125287861,0.0303484039583165,0.00635222350898445,0.0325916841037924,0.0225182038058581,0.0272251545199128,0.0295761072756297,0.0176691499585546
-0.0432295496321917,-0.0243410256490723,-0.0292366911267223,-0.027226573157172,-0.0144302129056112,-0.0272455354584453,0.00288621162091305,-0.0294388025432109,0.0248788649755518,-0.0198073123897212,-0.0352668765167875,0.0194822700714328,-0.0131659475755221,0.038796842597202,0.00298125472471571,0.039790066021766,0.015540598894647,0.0354012126506238,0.0328465345384873,0.0220299997878077
-0.0394739025809152,-0.0135835353094845,-0.0261375601032412,-0.0284761197181625,-0.0151278937581671,-0.0264867556206277,0.00387322290839384,-0.0179445604416438,0.0167375279050227,-0.00714838508672756,-0.0238409757236364,0.0314769748567007,0.000730311989718415,0.0388579340833945,0.0239379700059183,0.0243919359323932,0.0423265439627827,0.00598435855769228,0.0466180929209678,-0.00552900839200251
-0.0358375489423885,-0.0134289265445678,-0.0198133871671594,-0.0256551241708056,-0.006243756716467,-0.0266542380877152,0.0125584426963109,-0.0194878356589425,0.0292527986588267,-0.00666676044901662,-0.0281336150527636,0.0222281331155903,-0.0118058233946939,0.0376462018103959,0.00691151844270364,0.0417911385928742,0.0257950967182269,0.0279833129004722,0.0436643322156295,0.0114830816559439
-0.0346534834691889,-0.0158060720322701,-0.0173544514692754,-0.0302468506288321,-0.00038596818960836,-0.0270746355937775,0.0154975092445891,-0.0241041015923957,0.0281678098833378,-0.0161796187555027,-0.0353320697728395,-0.00538155182998713,-0.0162812508948342,0.00804578516125981,0.00914450519719133,0.0174555706128608,0.023690117685415,0.0293524535544354,0.0382331987801734,0.0223793565003312
-0.0376585237357147,-0.0203962147119263,-0.0156091523984716,-0.0309474137280666,-0.00318340303769968,-0.0253632619412722,0.00325318058314228,-0.021831543302616,0.019911167861449,-0.00961421253768992,-0.0364125153453908,0.00888984884703308,-0.0114623962483581,0.027284223122236,0.0122978405765314,0.0243018541776801,0.0310431585431718,0.0194402691710854,0.0431902196866516,0.0100491529553302
-0.0354855077756238,-0.0127210382493277,-0.0147046607369412,-0.0275533265440487,-0.00285053928475235,-0.0306390914595222,0.0128655587175866,-0.02413679740118,0.0287189946567312,-0.0131905642599932,-0.032367628813266,0.0308127597999524,-0.0119738881817302,0.0429443862845574,0.00821591828762677,0.0384809172133669,0.0207127358485329,0.0347606423758596,0.031593020439927,0.0222756546524004
-0.0210584250127041,-0.0247860674676687,0.00147415439094179,-0.0198714585907586,0.0199608043496898,9.15726876949984e-05,0.0318545556298413,0.0072808723229285,0.0392955371666368,0.00527918207398765,-0.0323675206007971,0.0195186497847762,-0.0131923406095245,0.0375993391288115,0.00187414254343774,0.0427821006956867,0.0149996154803849,0.0348445525390962,0.0311384267001848,0.018617878618668
-0.037343674728994,-0.018908347512866,-0.0242058783596998,-0.0269034066010816,-0.00522129780546908,-0.0330107795210738,-0.000123095953051813,-0.0326228126318707,0.0176140754632877,-0.0231040809958912,-0.0289022469580448,-0.0072801619074789,-0.00320278398451663,0.0124735022166313,0.0193622801103612,0.0326955647127071,0.0344737001178264,0.0294376836237489,0.0417523088193334,0.0150810793638417
-0.0354629251659823,-0.0171658161835213,-0.0150698641810672,-0.0231406427933093,-0.0054723917409874,-0.0274802418546854,0.00873591000741098,-0.0196851758131011,0.0246373854857208,-0.00803622849265522,-0.0335231008228159,-0.00149455139772302,-0.0173024002620767,0.0258382483994849,-0.00428795597246115,0.0452461127368736,0.0048457377926689,0.045958603179108,0.0221404867273988,0.0321485430994898
-0.0249349577254075,-0.0264059091521931,0.0011048728764472,-0.0201680282698595,0.007605591276683,-0.0158487777838532,0.0202428925283428,-0.00381630524727775,0.0187380503324259,0.00504481691309837,-0.033492753640646,0.0185177021133539,-0.0164051192512153,0.0450694788551701,0.00641308044880332,0.0496643924409258,0.029543758098731,0.0242435361915192,0.0406061190136937,0.0108005455094737
-0.024954751134056,-0.0141450424660647,-0.0142669912447184,-0.023794734003642,-0.00373035642737034,-0.0257524002068684,0.00724793905434406,-0.0188959935092634,0.0165234402070431,-0.00866507048318032,-0.0334682687507456,-0.000126219109330343,-0.0153188774122158,0.026178586310629,0.000598274395054569,0.0390134416014983,0.0156302504757951,0.0318051154378666,0.0331194284157494,0.0195544980358296
-0.0261504393703174,-0.0195684816610635,-0.0133700859818168,-0.0261660290805597,0.012073363398049,-0.0205906796133327,0.0176951949715853,-0.0197353872126121,0.0441626867572405,-0.0114541323829637,-0.0389351999491571,-0.00450679694129962,-0.0194555679094359,0.0172901795279487,0.00117253770511013,0.0287207977297518,0.0121441006964303,0.025709291875569,0.0292380370088624,0.0206103444559935
