u1_5nodes_1,u1_5nodes_2,u1_5nodes_3,u1_5nodes_4,u1_5nodes_5,u1_5nodes_6,u1_5nodes_7,u1_5nodes_8,u1_5nodes_9,u1_5nodes_10,u2_5nodes_1,u2_5nodes_2,u2_5nodes_3,u2_5nodes_4,u2_5nodes_5,u2_5nodes_6,u2_5nodes_7,u2_5nodes_8,u2_5nodes_9,u2_5nodes_10
-0.0347642651695116,-0.0132182147812429,-0.0171084556508093,-0.0270960252568147,0.00689661641003516,-0.0343210349477652,0.0240475471600006,-0.0350658497393021,0.0398479274230726,-0.0234450070276833,-0.0203618564959702,0.00846070604344195,0.00204623352453506,0.0127162109315565,0.0167765334078762,0.00778613266241987,0.0271621697730087,0.00231231858514649,0.0353380311920377,0.0023017714330165
-0.0428234254204828,-0.0118794944131378,-0.033183926864962,-0.0233027527097544,-0.00729483809972567,-0.0331115735523372,0.0125892307349437,-0.0276574157209186,0.0352622699895508,-0.00850349424511093,-0.037463532157875,0.00414605230412246,-0.0238468327299856,0.0138676969563051,-0.00262197202704893,0.0275576834785418,0.0159805941530999,0.0293039003258846,0.0345266127766785,0.0239907486847828
-0.0369475485036151,-0.00983171988491209,-0.0225879671175367,-0.0217486002345232,0.00136318842652827,-0.0318417492778389,0.0198113976849367,-0.0281529009274996,0.0359434714310719,-0.018091597479888,-0.0363098662710159,0.00354472639007306,-0.0278522636981379,0.00954627646491507,-0.00981712598305717,0.0243185750535488,0.0135781744813524,0.028103882040093,0.0309655748672657,0.0265723215612002
-0.0419711699964461,-0.0145668014038481,-0.026187899203915,-0.0256613782015463,-0.00487503073813402,-0.0319950937400455,0.00342170303105543,-0.0238129675674645,0.0254249847788264,-0.0162141011516578,-0.0326359253963367,0.00736729857426915,-0.0123303053232156,0.0234191830382357,0.0110032869798207,0.0301022578124311,0.0278201308707162,0.0270673575214225,0.038921722584667,0.0144066244891101
-0.0367620815676846,-0.017095783975665,-0.0105845153489593,-0.0269627918849686,0.0188292048683434,-0.0314603038362195,0.0330383343134821,-0.0222810015080778,0.043029826245835,-0.0102364935743698,-0.0339205078077933,0.0123762593066388,-0.0126868257238442,0.0339066407525066,0.0103665270751289,0.0335731104809825,0.0262519306761814,0.0265523433981243,0.0395197088194009,0.0117803941813854
-0.037528473258757,-0.0135840944703264,-0.0145463124471504,-0.0262596114587152,0.00288333555788194,-0.0311629231945613,0.0193631314221013,-0.0229199865271766,0.0330221463930805,-0.0124888182187405,-0.0355057222191408,0.00690713539166097,-0.018442159324455,0.0200557581699475,0.000765501781561355,0.0267726020209417,0.0186281046001845,0.0262436484996996,0.0357575823254757,0.01508016119803
-0.0390868489441638,-0.0136844391749339,-0.0232319720098302,-0.0310038892840881,-0.0126927253497974,-0.0349717924494708,0.0117778223722344,-0.0345234175633496,0.0399669578142937,-0.0232155635647398,-0.0347014847747559,0.0110259811802728,-0.0180628422273938,0.0237597572372663,0.00226046204562793,0.0298879125832876,0.0203521792537107,0.0274658629101472,0.0349424230370746,0.0167907279734203
-0.0414240187305831,-0.0184834585121549,-0.0206405420345975,-0.0302802724561754,-0.00964118969156026,-0.0323737368544683,0.0035694173901354,-0.0222256925076885,0.0263190963569029,-0.00886140321906802,-0.0364538463515592,0.0144120458032419,-0.0162883382682215,0.0305840969382008,0.000548791924795483,0.0337931926952794,0.0158250649551208,0.0322344984003513,0.0291608548389987,0.0213033876656809
-0.0410831182573376,-0.0174014926100577,-0.0217080259318738,-0.0265146932148874,0.00304479963069199,-0.0337545412198812,0.0277733252167332,-0.0295837411539133,0.0450891397033263,-0.0195799255246432,-0.0351249914747198,0.0119222296830795,-0.0157120584879411,0.0280376096364149,-0.00303179184727192,0.032197270413461,0.0176479608532334,0.0291745482882148,0.0372338104032198,0.0137954360674066
-0.0392335330207931,-0.0229707948377106,-0.0211694576723177,-0.0339878316594414,-0.00813068789136006,-0.0330845486901226,0.0142448576400527,-0.0221863217283244,0.0328071494744141,-0.0115315801358485,-0.0391882513401837,0.0143351457819052,-0.0217127081394517,0.0340181451024149,-0.00335852347943856,0.0380540038088809,0.0152910459548216,0.0322336957095529,0.0340912666587893,0.0174549861441323
-0.0436914140966378,-0.0178705228285155,-0.0289052310148876,-0.0280641475450313,-0.0148298614364382,-0.0324652510096006,0.00692971487924463,-0.0364118739903976,0.0363475769080221,-0.0256381062238241,-0.0344117870705366,0.0115599049603549,-0.0176545474614754,0.0277885351048796,0.00264587701633403,0.0344152990331045,0.0203195674750478,0.0321645608961631,0.0355264561044501,0.0202492026266271
-0.0446903177130805,-0.0173556948181471,-0.0210354134176856,-0.0292392392419442,0.00331392389707313,-0.0323113892192714,0.0165279579535406,-0.0212978534093393,0.0292805539645608,-0.0113422143760422,-0.0379249745383513,0.00727023879847801,-0.019688823113683,0.0259513522930671,-0.000322530506752082,0.0331116797768259,0.0158346610195553,0.0350329762382318,0.0276018115067612,0.0299875728018562
-0.0327420050150436,-0.00842509488838278,-0.013470579169958,-0.0167951111815824,-0.00190138613460315,-0.0251954786971644,0.0077231464327271,-0.0261168847201746,0.0252575326651976,-0.0261173310927756,-0.0344808061280945,0.00679243243618739,-0.0156909211109223,0.00830884806004387,-0.00266169664104706,0.0151177631601722,0.0162744070278386,0.0194467213231621,0.0333655398789071,0.0233133106152074
-0.0342583097610067,-0.00946581230677491,-0.0051944728233684,-0.019979559343299,0.00856876888932335,-0.0247793180095093,0.0284428334356491,-0.0248878940523264,0.0426830341152146,-0.0176789182409107,-0.0355247111387265,0.00566697365100749,-0.00749924004942243,0.0109254526782918,0.010681521967059,0.0209145161951426,0.0296007363126907,0.0202617178401112,0.0425605663866294,0.0183048676537565
-0.036930302992498,-0.0173752564855633,-0.0212219819746787,-0.0243714092008287,-0.00597760179719985,-0.0281300627750482,0.0132559639179457,-0.017772494219468,0.0313873173864745,-0.00859804401729082,-0.0392487527213562,0.00636616798834574,-0.0252661997614515,0.00799419094888893,-0.00680854938843906,0.0152873785833941,0.0140274371637517,0.0246224497482176,0.0299031108560691,0.0238912104331154
-0.0366048029357775,-0.00602345306126916,-0.0105576345619147,-0.0172490664576452,0.00717850815362397,-0.02636311003159,0.0209895908364499,-0.0267932992841069,0.0393524059248744,-0.0196045466159716,-0.0375000457042408,0.00609413604406603,-0.013948459463535,0.0114497534288406,0.00312658217291739,0.0195290741831653,0.0152556700204775,0.0213437263237618,0.0289033207778833,0.0169484989317589
-0.0328378480254663,-0.0130325101692744,-0.00980636408590576,-0.0218470623596687,0.00677564012296109,-0.0267445405613199,0.0269592615802323,-0.0261129420070094,0.0405815700492428,-0.0163791305834151,-0.0353101269911888,0.00832719771829805,-0.014138371466824,0.0201546462648825,0.00915941491769564,0.02069446729294,0.0291957063751369,0.0191410273560157,0.0406449624593538,0.0113890955081217
-0.0299897154243073,-0.0138989399880262,-0.00896531597394913,-0.0221122697108732,-0.00656024990688926,-0.0220174928476729,0.0050800069975355,-0.0214850180364306,0.0313550722358231,-0.0142578072467504,-0.0325751035327327,0.0131827157424201,-0.0190838648293588,0.0176677244605793,-0.00146805765768007,0.0222263003473057,0.0122565870408348,0.0234023924895779,0.0342518199929531,0.0206650738667615
-0.0342171711153893,-0.00636511075029317,-0.0207694634661208,-0.00899453757477555,-0.00474681495195576,-0.0136855193106973,0.0159669261066617,-0.0182697374314328,0.0349583294826034,-0.0116022590085293,-0.0434636647795326,0.0132063038561893,-0.0378192071732438,0.0183102087766893,-0.0209628280645278,0.024317684071454,0.00498009664947466,0.0205152862298525,0.0281182310710667,0.0189276220365106
-0.029828308152948,-0.0059936164053973,0.000229920289101392,-0.0178240113056488,0.00661284012311675,-0.0244661177359531,0.0126612794166559,-0.0260829418070526,0.0239296400497233,-0.0100081578577464,-0.0346443134694544,0.0130406961186872,-0.0124942197673283,0.0217150902897794,0.0071964656976688,0.0331262642166753,0.0236446547689782,0.0258496014635492,0.0335039870537831,0.00965678310982832
-0.0246422685136367,-0.0083048877908196,-0.00804217522969151,-0.0159866118681121,0.000859325849566288,-0.018435273781006,0.00359082644875061,-0.0186034802588105,0.0163239954931128,-0.0155392347164016,-0.0284153922494218,0.0142599280204007,-0.00611651081075746,0.0292152473068795,0.00385239833942947,0.0283214913930364,0.00613807858359382,0.0266092907964206,0.0318135982722915,0.00756380373262492
-0.028708986335618,-0.00868584396909648,-0.00258271008234156,-0.0254040310221196,0.0049266992473167,-0.0243960287278878,0.0208701274625805,-0.0266885133039408,0.040101548496719,-0.020758786423619,-0.0303613637265082,0.00917901364210677,-0.00650817273481692,0.0232329785963975,0.00549740733009771,0.0214940361207834,0.0148772505924912,0.0248725044951485,0.0346347221497297,0.00825611563634309
-0.0322463559512668,-0.00633158339956644,-0.00503752047136385,-0.0158538567161877,0.00748953325727879,-0.0240898151344531,0.0136303801348336,-0.0126714287976743,0.037779534386062,-0.00445386387930876,-0.0319066815800894,0.00405950868217628,-0.0112417118961053,0.0264709285026952,-0.00278144737325918,0.0307531137192001,0.023745054107727,0.012518779654043,0.0339727501362001,0.018339477408645
-0.0210304683262193,-0.0119476529321486,0.00956047282214374,-0.0211644796434925,0.0118938764400052,-0.0181846461272078,0.0245091716693014,-0.0106798371594244,0.0361713018841271,-0.00587227687668497,-0.0284609473494446,0.0182228131107933,-0.0168391229503097,0.0281861720045772,0.00955159082922386,0.0212613387622158,0.0298524720316863,0.0244564338207824,0.0417592115957544,0.0133990867357458
-0.034118661088234,-0.0104033244711889,-0.0193017638784725,-0.0150245372942463,0.000710709882231207,-0.0214513998434523,0.0191195428873129,-0.0263137468878578,0.039573268735809,-0.023604170891924,-0.0349213615767228,0.0103282329355868,-0.0208234253355813,0.0252118478707811,-0.00216524804689244,0.0300728737731007,0.0124407537002356,0.0331845660154488,0.0350785494948521,0.0136000887691057
-0.0291905753501659,-0.00834777870114718,-0.00298935268641411,-0.023429900020748,0.00430241631209564,-0.0280260537624491,0.0180731550207341,-0.0295574771842153,0.0328191724006378,-0.0139515851248971,-0.0387043010480201,0.01015028655801,-0.0151574544323229,0.0236135893143821,-0.000601882985234729,0.034303469309763,0.0145402608342381,0.0288714723818836,0.0326010656880313,0.0170930480640449
-0.0313190095952376,-0.00659988502811722,-0.0115516435109471,-0.0122866808780497,0.00199218501488024,-0.0161463897365693,0.0200692622053854,-0.0156863983092241,0.0319821172419578,-0.0106894855900181,-0.0317445695254637,0.00998838784420843,-0.0133156568090435,0.0247925578528018,0.000166623621323004,0.0320221602191094,0.0190113853492938,0.0273190941229094,0.0338932469907412,0.0163970983374131
-0.030009860500738,-0.00746649340765796,-0.00530592473922571,-0.0189770734751212,0.00865150895603653,-0.0217779012484407,0.0265594790130247,-0.0215425168150336,0.0432588434362004,-0.0169041676334611,-0.0359984177544054,0.00170791971528115,-0.0125092281149225,0.00854224620544226,0.00262693874376697,0.0168433513807305,0.0220345428796798,0.0134701600128161,0.0320265958594714,0.0151230475242547
-0.0376748259883405,-0.0126227658715776,-0.0157730780363006,-0.0231754685015525,0.00093572879446538,-0.0230235704741533,0.0172718834957767,-0.0178424470635439,0.0351695259912882,-0.00967465234889483,-0.0330909174332378,0.0155327975098015,-0.0175252632194664,0.0296272055925777,-0.0123223004895449,0.0279668100526568,0.00877230288111105,0.0251039644291069,0.0267024709596562,0.0232907762880416
-0.0378392632216854,-0.00693088758076671,-0.0152122883610711,-0.0150796843617266,0.00504078257410565,-0.0216142479619872,0.0187384541546068,-0.024500115687443,0.026842452924317,-0.0186723322490986,-0.0359796429805441,0.0103437298962398,-0.0143181235364764,0.0203969716521076,0.00361347077400209,0.0280839437396775,0.0192901178968442,0.0247569144551105,0.030711761621209,0.0174050224218469
-0.0301436642794485,-0.00644327480905454,-0.00134075216759558,-0.0153790930824335,0.0107374016734493,-0.0202659188266125,0.024433826126912,-0.0229109491921869,0.0407420276250641,-0.0197758300442306,-0.0363468977202651,0.00979915107540983,-0.0127466417098416,0.0172676013488109,0.00476945614468379,0.0294095543546164,0.0221148192821948,0.0240128600892142,0.0395098170985101,0.0122409927257927
-0.0297436087985083,-0.00744137877742829,-0.00584719556991431,-0.0192157538330485,0.0113303549547483,-0.0240789750632539,0.02332478073152,-0.024794927378846,0.0355706175135939,-0.0149733412251798,-0.0382100449093557,0.0148202754691183,-0.015932246074725,0.0240238918344225,0.00212899847399335,0.030023425991645,0.0161925770493922,0.0308146255369944,0.0325907971002848,0.0203077812538895
-0.0281819171711366,-0.011001565420011,-0.0081130228813635,-0.0201977993509125,0.00143084126848455,-0.0257160024695627,0.00731138044060016,-0.0218072731642099,0.0265102870192153,-0.0139060600256887,-0.0377122712664276,0.0107809440921759,-0.0193230217191202,0.0244373593845389,-0.0110514086235043,0.0309155567586755,0.00233199988748848,0.0233270347036083,0.0290917282548164,0.00948513220644362
-0.0341222215211655,-0.0116999220351941,-0.0102251080753851,-0.0189273102346609,0.0112941120382218,-0.0184842114931399,0.0136297615288521,-0.0191166982192855,0.0266292820542549,-0.0199440196113854,-0.0366233947440201,0.0199382636528925,-0.0201397782935147,0.0310611703546096,-0.00999038934967466,0.0384706055283157,-0.0031260058653689,0.0358873277011596,0.0165746524780053,0.0230749647901305
-0.0386857094281442,-0.00539689425138087,-0.0216086742717693,-0.0168160472251902,-0.00212021001994311,-0.0212624220645203,0.0126655142148448,-0.0189954404562202,0.0297794608325606,-0.0101690285250967,-0.0352983592945904,0.0190751554913796,-0.0294920943626227,0.0262982466480675,-0.0160482242148693,0.0321577458837832,0.0144684549420352,0.0381514409386798,0.036425441129219,0.0204914537483352
-0.0333547460742892,-0.00308437535300604,0.000455919993747719,-0.0145982844163359,0.0146157338937549,-0.0266776059566022,0.0173737832537133,-0.0276141816206938,0.0300771323530271,-0.0196534123928712,-0.033133572802754,0.00933034202026747,-0.0131390112357865,0.0208588527716116,-0.0047437484958276,0.0315447198265153,0.00532172573741959,0.0328113625803839,0.0266238663032961,0.0166498976860143
-0.0322177493633165,-0.00688830016428062,-0.0142366756606351,-0.0142041036869913,-0.00161711440230765,-0.02136472642195,0.0124542685469986,-0.0246916722822814,0.031590094449412,-0.0178637219911093,-0.0334628263113586,0.0167640152115817,-0.0213145087046076,0.0286293139267948,-0.003838747764508,0.0387725850831361,0.0150867017402471,0.0316958432628672,0.0367410234543254,0.0188322608847321
-0.0317760642777884,-0.00608124423751899,-0.00758357345921813,-0.014602382895943,-0.00161457876114196,-0.0221079037184981,0.00804123507871202,-0.024048369047357,0.0245059737763299,-0.0175146349357759,-0.0364937417220516,0.0146598131963369,-0.0250329737091614,0.0258591943599794,-0.0155736312040941,0.0311749250508232,0.000774510263172059,0.0348876461871441,0.0299286130831816,0.017546227757692
-0.030892210070433,-0.00581065938228802,-0.00686641241099692,-0.0130537591052365,0.0116657249931544,-0.0203242662274077,0.019681577103749,-0.0225048845530595,0.0265350520100389,-0.0106809782500242,-0.0364463540672695,0.0108574501709013,-0.0241919934556833,0.0247525699715984,-0.00778116925035185,0.0362778355266266,0.00456038072217243,0.0179926676242129,0.024875067617359,0.014880778734249
-0.0323822140526519,-0.00334085532332091,-0.00994650765133899,-0.0120837725027084,0.00518377857206583,-0.0276274068787047,0.0147755821241343,-0.0283623553918879,0.0308575240116778,-0.00935661172639861,-0.0336458860990292,0.00996387129294332,-0.0192180017792835,0.0279345643706341,-0.00601680412567859,0.0361845763161008,0.0162564739702407,0.0238964890923507,0.0401267985510925,0.0063338581273829
-0.0363671394930175,-0.0232046226049182,-0.00911602737895782,-0.0254240817024847,0.0263705166324951,-0.000461771718381369,0.0399954396591561,0.0138697170431467,0.0424780857964303,0.0119975572540194,-0.0376367166085061,0.00246192379824666,-0.0187357831368068,-0.0214588204081813,0.00932671853772086,0.0245047966243155,0.0177620618320608,0.0298341065830786,0.0382992316862605,0.0125673463634363
-0.039111930191877,-0.0133630146315579,-0.0200636050699542,-0.0265412002821705,-0.00153799595986653,-0.0301703260641176,0.0190377507123002,-0.0238682235042816,0.035771342273327,-0.016482171412533,-0.043710829420143,0.00687935119890389,-0.0420170984791909,0.00695318864140101,-0.0206868989724358,0.0252519838567928,0.00809704294565216,0.0329605861195878,0.0305239679572385,0.0216817722244327
-0.040176443088436,-0.0126748891361456,-0.0218337383079466,-0.0364139158591554,-0.0229588632629777,-0.0272195767677807,0.0159836020266913,-0.0301016776777842,0.0385510444158121,-0.0214973918532998,-0.0342947755602007,-0.00602115042233632,-0.0226849113960752,-0.0138602609484794,0.00646236514838011,0.0327724737977698,0.0273441234568594,0.0266923193378133,0.0355526227845114,0.0177294145587451
-0.0321584192501192,-0.0213308184419633,-0.0181812809524519,-0.0295960978141087,-0.0104777715428558,-0.0306528041365296,0.00557936514212701,-0.0267173489274675,0.0326949972674629,-0.016696664838456,-0.0401454105605326,0.0146014815735612,-0.0193996957318192,0.0102070585786993,-0.00957421534058024,-0.0228304432706001,0.0156502630311916,0.0226452090905042,0.0368938999363239,0.019342267099748
-0.0366547005936547,-0.010128338120398,-0.0169754625562889,-0.027327364680107,-0.000649046293506066,-0.0272788934179616,0.027884131356704,0.000574115984027213,0.0421507285021256,0.00623238962767813,-0.0374241696425263,0.0109679191149125,-0.026281398952223,0.0285871002533137,-0.00809794757963616,0.0250458421672494,0.0211523015824738,0.0196193847444162,0.0376395363862102,0.00617835740897836
-0.0342787940255313,-0.0201250344845198,-0.0075316413591392,-0.0317069780179688,0.0117623873455903,-0.0210690376267584,0.0398592813884061,-0.00174168356850882,0.0458097559449658,0.00344115261652492,-0.0395605153781239,0.00763853360789682,-0.0259232969854129,0.0271125289078214,-0.010946079582489,0.0299308295580848,0.0163869593836599,0.0266751407037404,0.0418102378121355,0.0151416329785776
-0.0230047054760517,-0.0222867172655598,-0.015020937810455,-0.0227846060101598,-0.00253673272845339,-0.00239363601148835,0.0270380465262999,0.0202602403773754,0.0507699271726669,-0.00559035333696706,-0.0397808988950312,0.0178684033536766,-0.0213496298664812,-0.000854945334434539,-0.00914663510758494,-0.0179915505016941,0.016880504255168,0.025655542432416,0.0231569692603753,0.0370460909045602
-0.0318608108835456,-0.0234750849005147,-0.0236890572357559,-0.0350164888103452,-0.00684223819017373,-0.032553611955861,0.0109820702832351,0.00056972673127321,0.0350698272661539,0.00960655108496512,-0.0365217628353869,0.0164089216045956,-0.027248545816884,0.023622982376733,-0.0107881079573535,0.0282056491117801,0.00058668290109821,0.00845903589663603,0.0221747696065808,0.00429399445564389
-0.0189629886110729,-0.027787027058108,-0.0151190119212574,-0.0302929622084216,0.00859365888968512,-0.00839038888018697,0.0205865405456438,0.0266713682672117,0.0257054293942888,0.0227760449617414,-0.0313100941201029,0.0210033001302966,-0.0155347337712355,0.0277618955076555,0.00340114700338347,-0.00993401218568466,0.0210785512774492,0.00628776720680426,0.0226594842358737,0.0376938927408744
-0.0252961280738248,-0.0184422109704714,-0.0208492863130682,-0.0249394764507112,-0.010253226760159,-0.000180703383510264,0.0142727453530938,0.0380542931095182,0.031212880134438,0.0292978446860171,-0.0349921007325198,0.0205996457237162,-0.0227858310838538,-0.0141369014255789,-0.00244537825240773,-0.0166623235296951,0.00855510418186576,0.00128693013789659,0.0230443019825493,0.0408948669820739
-0.0300763805667695,-0.0200594492080952,-0.0286032675071817,-0.0262358485798582,-0.0144539601998022,-0.0168647487151278,0.0104133655092583,0.0396970523447733,0.033932157558715,0.0252430886725006,-0.0231188538482318,-0.00299655068761593,-0.0081202305207876,-0.0250051958883717,0.00849415184198691,0.0153394785567901,0.0185892364897173,0.0256652738334641,0.0307177160256172,0.0210392186946869
-0.0279035712472977,-0.0294758748232504,-0.0198782403145247,-0.0335624994939459,-0.00843164086185358,-0.0290341180078985,0.0302225600653498,0.0302787873031555,0.0322689152055012,0.0275632596031206,-0.0215117081404659,-0.0246109000045379,-0.0109656499326445,-0.0279590359521521,0.000885511201144941,-0.0186612777478495,0.0172161657714872,0.0249968011812406,0.0359467484552734,0.0208277348098581
-0.0197763892076606,-0.0369846248241225,-0.0222848922557378,-0.026528645378266,-0.0135099074398017,-0.0222949785081779,0.00406453458469604,-0.00346889402986975,0.0103922940370768,-0.00219988781557551,-0.0319155365349198,-0.00476952932719143,-0.0208451069932416,-0.0245470719454854,-0.0136185155841735,-0.0225461131890507,0.0170674415901424,0.0308613573563791,0.0249415219804656,0.0211630940201315
-0.0213568090038939,-0.0315636987722267,-0.0168226079186563,-0.0300646725403741,-0.0171483724421126,-0.028988915041116,-0.0130155781581979,-0.0281506905578913,0.0262442239432725,0.036633670497178,-0.026425051538952,-0.0164011879884307,-0.0165966033323328,-0.0280640933451022,-0.0160924809698031,-0.0283060211140159,0.014335564345063,0.0199698129520512,0.0323921287581075,0.0260624842335611
0.0149633341640885,-0.0411556112005924,-0.0109688205032448,-0.0243389177462507,-0.0103004458421794,-0.026011555951628,0.00852586176495995,0.0138613253713187,0.0332309218596107,0.0298147988903917,-0.0367018614733409,0.0273545651358966,-0.0313583483109095,0.0147331744061541,-0.00830805437511364,-0.0252189310657514,0.0222857842962582,0.0129105021687713,0.0246076921945808,0.0277540016937535
-0.0263679665190661,-0.023043159113782,-0.0106776723030954,-0.0228138441899736,-0.00443048321579661,-0.023944713121221,0.00402607607682003,-0.0197846981255467,0.031717361579341,0.010828303721,-0.0268322853292096,0.00693102250198024,-0.00810886793133419,-0.0232389685956069,0.011125257181887,0.0129534618725913,0.0261094039186725,0.0279723556708612,0.036539145609305,0.0177055718269629
-0.0302250905596922,-0.012241810609899,-0.0105107239866895,-0.0322676308466895,-0.00480857701171875,-0.0184556619457326,0.00845706318815212,0.0153103049131397,0.0114916323652098,0.0148062528764316,-0.0400169050543311,0.00947320392951529,-0.0169564769859966,-0.00194287105030109,-0.00066649179429205,-0.0264134364440118,0.0121500759950569,0.00260181554728734,0.0244842342760558,0.0373717973080601
-0.0285710027945316,-0.0201308655901206,-0.0147546330692777,-0.0320031806135701,-0.013286963809935,-0.0293921147416099,0.00289583467966707,-0.0246847957471292,0.0370893711251461,0.0195583727729784,-0.0312632022671417,-0.0022387491017655,-0.0175618284821459,-0.0218096705334522,-0.00835282755001669,-0.0110450535450348,0.0179489483784288,0.0215079028057441,0.0374683140689331,0.013467562255185
-0.025065788350895,-0.0293540291369376,-0.018607378329764,-0.0272910307666954,-0.0185265161810636,-0.0225911191808581,0.00650745982178668,0.0321615116216357,0.0272698671293568,0.0327989411768274,-0.0366430212577602,0.0188928051828991,-0.0250576727221522,0.00435078761813955,-0.00731524523786079,-0.0178243440821621,0.015041060003847,0.0173521831994606,0.0244849660735831,0.0302684726024705
-0.0289800818812561,-0.0150795360881691,-0.0107624843319996,-0.0269185902273183,-0.00822225811359271,-0.0268008508664694,0.00710340419038298,-0.0102373411595625,0.0362023563844729,0.0194546103506577,-0.026707527149126,0.00299121729115073,-0.0114515923825849,-0.0123821129506698,3.54544843038432e-05,-0.00952661453615371,0.0215606604888888,0.0240867404327276,0.0310501650352163,0.0235827217406532
-0.0241128737630479,-0.0306151581076865,-0.0222864114412223,-0.0327713780767609,-0.0152968334441398,-0.0301397066109362,-0.00050824487963659,-0.0263037877707947,0.0244851984348835,0.0285609213556096,-0.0318678887232521,-0.00840399101225778,-0.0166571709356693,-0.0287117357049483,-0.00772789977992029,-0.0105232275573788,0.0190781908212822,0.0195931819093837,0.0307334528126289,0.0275956266707078
-0.0257426530198051,-0.0251514756916746,-0.0239664733253971,-0.0363657192495386,-0.014259709404759,-0.0240498003071785,0.00709972590340508,0.0157911655524582,0.0263700351218691,0.0289792467252224,-0.0359613632909282,-0.00386964948743434,-0.0173389185035047,-0.0324486078453047,0.00105787241595466,0.00260863470668993,0.0160108433626767,0.0336900868395006,0.0325001536271429,0.0137460037326265
-0.0272496155141009,-0.0237259083228031,-0.017973948281772,-0.034308507296103,-0.0136245042231146,-0.0302564055807503,0.00385022002254226,-0.00334981852770568,0.0239491632395244,0.033459360242454,-0.0291522915627685,-0.00573336083012925,-0.0139177029556676,-0.0315317519172384,0.00634565776316646,0.0130447657761761,0.0229568317249309,0.0271306620782925,0.0278390753217759,0.021547972242959
-0.0176043365178773,-0.0304726779253565,-0.020598204038969,-0.0255875352004376,-0.0152522798241995,-0.0273365470908225,-0.00169148834662412,-0.00698295595769352,0.0249502392038907,0.0266189052393729,-0.027882660828252,-0.0119025875277068,-0.0225340370568778,-0.0260685159059727,-0.00685447476070787,-0.00780602187947083,0.0198338234073598,0.0350976341485996,0.0308475456209276,0.0182830787447986
-0.0205309066044884,-0.0263284950764905,-0.0119432655529867,-0.0323509142618398,-0.0119091548215127,-0.0323179909428147,-0.00265766739657234,-0.0287084661175236,0.0264344756334718,0.025674315026894,-0.0328688653569418,0.00297781351670322,-0.0122275051215754,-0.0299204182076602,-0.00571972496996743,-0.00680718356312052,0.0282443329013497,0.0196840300641345,0.0383546481563485,0.00802383943215538
-0.0214008364737736,-0.0338089394352928,-0.0137512381162032,-0.0353465047119627,-0.0148797129270173,-0.0284398699884698,0.00588671216215489,0.0138751531474031,0.0293346110392637,0.0342152610264936,-0.0377970605131073,0.0160348866925272,-0.024994977524713,0.000678236342030587,-0.0111352681549421,-0.0238464828059831,0.0104447029129676,-0.00744470301827746,0.0240260843470345,0.0300972328876643
-0.0220029526986649,-0.0281856388417056,-0.0179361017168593,-0.0318529429286064,-0.0137953892064595,-0.031122870886496,-0.00759311437835137,-0.0286359663155626,0.0270820126139955,0.0181905215128963,-0.0358876654160805,-0.00335341195548008,-0.0175493233860497,-0.025300154971039,-0.00709544661893645,-0.00877481525874394,0.0211126065957715,0.0259044019214873,0.0338349371743835,0.0172347943381832
-0.0255875339790872,-0.0273045897804313,-0.0203870658747596,-0.0347589983031826,-0.0197109678709698,-0.0338447416534691,-0.00603541652926586,-0.0319941066642823,0.0203579731883832,0.0052417116943652,-0.0212882438849313,-0.0231662167436644,-0.0178184405432999,-0.023311408006728,0.00738226392420797,0.0189137028611801,0.0267531038260008,0.0242916733744681,0.0373846590993667,0.0138915655734248
-0.0241999549544301,-0.0220484494678417,-0.0066045118973547,-0.0305878099667333,-0.00708809923477136,-0.0288528260389206,0.00204279858066454,0.0210661785547874,0.0242137526630392,0.0249526644255983,-0.0390052053101759,0.022396638410861,-0.0294751354608721,-0.000825759366934184,-0.00747476077912357,-0.0281574083714107,0.0209807254743429,0.00424155265429286,0.0271891030218032,0.0240411787538042
-0.0251943989563193,-0.0294423320562677,-0.0215139172739876,-0.0339880640699027,-0.0149055091441516,-0.0361000577760969,-0.00258544767792302,-0.0233085722368206,0.0272869050300543,0.0170255480444829,-0.0297210135508119,-0.00455500074499435,-0.0157599308870829,-0.0315680179189813,0.00591247932428443,0.0118620662283183,0.0249731784639209,0.0273176957062096,0.0345756248745326,0.00968745369445739
-0.0252325194347002,-0.0289610164556057,-0.0212523975202182,-0.033288967185533,-0.0186536727938232,-0.0326802419186042,-0.00462767771990338,-0.0143490018881845,0.0231859324839445,0.0363712192063276,-0.0283474180906935,-0.00762154646425216,-0.0172175129833506,-0.0323821698467056,-0.00479814366950222,0.00823417180366852,0.0231601047475322,0.032519783212868,0.0286983416323052,0.0258953967035719
-0.0217939527290116,-0.0280630707877469,-0.0130508042686583,-0.0329610570076318,-0.00984266350274384,-0.033887529448666,0.00493588875439541,-0.00266267489897277,0.023999419574395,0.0298491211807858,-0.0241074516991944,-0.00820220044168608,-0.00929482841419173,-0.0283671832548622,0.0127896937597236,0.0242181304024463,0.0241124211591144,0.0222806188720132,0.0275453998608113,0.0196007173181266
-0.0254034063586216,-0.0288986779148142,-0.0209710851634566,-0.0317318103343199,-0.0182558668089733,-0.029926204747123,-0.00868480585503492,-0.0225745582216847,0.0165535595813524,0.0353570891442065,-0.0324414820539335,-0.00473334993527854,-0.0183249137687689,-0.0266742001827526,-0.0111632940882789,-0.00679876574235926,0.015080338739714,0.0268690643162561,0.0227076910310827,0.0338494090296242
-0.0121799848600912,-0.025943857640147,0.00882849203836699,0.0158612085254591,0.039600077375842,0.00592663590178785,0.0274151275670394,0.0032074051740593,0.00302406488852372,0.00962219191421356,-0.0222365857097914,-0.0302948526915724,0.0283659510360278,0.0276782216093231,0.0555247501992497,-0.00174484741626452,0.0559902624084054,-0.00474230507837323,0.0559862711054218,-0.00590720404381631
-0.0344934202711425,-0.0165640003345288,-0.0182721368559984,-0.0325419474935448,-0.010781948222428,-0.0292221758352553,0.0057119289388771,-0.000361620689037952,0.015802565245659,0.00440109442957583,-0.0330097548723485,-0.00295635846909035,-0.0112932038972833,-0.0274021988177557,-0.00389189170430968,-0.0165259921113748,0.022167532105414,0.0269562353280279,0.0279518571589746,0.0195691945963398
-0.0290953849534278,-0.0234449526767815,-0.0223359778570782,-0.0285096120004737,-0.0145604662364899,-0.0310478791546582,0.00137886400342813,-0.000704719516657914,0.0242143156733311,0.0235762799723521,-0.0318668566209212,-0.0022001371978169,-0.019212400227174,-0.0296011791164642,-0.00502275232317758,0.00507583234050436,0.0178204845163297,0.0336766018889421,0.0268796732673412,0.0194588535984993
-0.0269732686093528,-0.0283882810024701,-0.0215448232769241,-0.0341754568512097,-0.0170835833787171,-0.0342765707696709,0.00379303313163953,0.00323978639544655,0.0247550184535399,0.0241196018860451,-0.0305796667958618,-0.00460507771005963,-0.0182221529285785,-0.0344805383047356,-0.00174776526182632,0.00445680863614217,0.0211639500327139,0.0335796093071066,0.0279553840105514,0.0233338858430815
-0.015667427521549,-0.0333152519756429,-0.0150754191220887,-0.0283019413166649,-0.0122916226394503,-0.00377300378682434,0.00771325955308346,0.0302604586928382,0.0284493807093801,0.0227014461300442,-0.0288558432572474,-0.017431003513328,-0.0062812394507535,-0.0250934610863306,0.0208226289100207,0.0268890354302233,0.0179585590043635,0.0297345828694432,0.0303779922901422,0.0116478472989166
-0.0346895395998396,-0.0170995981349524,-0.0153056703746618,-0.0340621871038244,-0.0153125416748949,-0.0301395762871369,0.00173660155233598,-0.00707109677893519,0.0261088160179371,0.0342472495122207,-0.027997548755183,-0.00611184704389733,-0.014941482415857,-0.031485178601097,-0.00320673777582327,0.00484354092591219,0.0216617360033909,0.0332378059596452,0.0253995048637745,0.0285311948533429
-0.0249418837384734,-0.0312463431041393,-0.0198165754909426,-0.0335088260961027,-0.0104490663297551,-0.0218245579419006,0.00364418277349127,-0.00703099757187773,0.0241558462561033,0.027248443233932,-0.0282154322214394,-0.0126171248420407,-0.0166149460440192,-0.0305118103069762,0.00670887175576737,0.0205241745403242,0.0205703006706456,0.0285657694968919,0.0244543145551874,0.0235095374105639
-0.0312709011861828,-0.023644175864229,-0.0247222781370437,-0.0343478961469508,-0.0165392671880802,-0.0290040117543859,-0.00158284561784665,-0.0048012539024294,0.0189216015415314,0.0259642513604144,-0.0314777981109522,-0.00510620801112444,-0.0176698881752121,-0.031498568444135,-0.00359792353183717,-0.00890512120427328,0.0201373126967142,0.0321849342714198,0.0257803630917047,0.0247192967238002
-0.0258705312281245,-0.0212806750577429,-0.0157681504740696,-0.0349844805223417,-0.00866391543410143,-0.0231948441224513,0.0172250689105778,0.0281175305902866,0.0273347007087142,0.0249928764277565,-0.0342285485504814,0.00374939699346207,-0.0158772454546888,-0.0220553627140362,-0.00655886223979327,-0.0228716996590904,0.0158874964287271,0.0184178494611263,0.0260985064576515,0.0217812274671198
-0.0281641823035383,-0.0237105853105622,-0.0133203442463904,-0.0351612017004084,-0.00860747462438671,-0.0293461952392896,0.0169134433556114,0.0290170514033764,0.0198834721026841,0.0271556253082793,-0.0267439765594568,-0.00319718379116375,-0.0166273526797084,-0.0263445069223622,-0.00561776388851395,-0.0248464335004563,0.0137046127480185,0.00404101478863953,0.0245958124007017,0.0322789612872732
-0.0238525679558044,-0.0248796814211934,-0.0142559639861076,-0.0378392911082089,-0.00990462468380197,-0.0266262604178032,0.000701687131556749,-0.0119608493153195,0.0129206672017011,0.00994724293394889,-0.033055643645154,0.00368120586761254,-0.016294230754489,-0.0265472037231591,-0.00889940327857868,-0.0295952658355778,0.0154584479063419,0.023509362656811,0.0248638611551024,0.0284958573972205
-0.0255941453152299,-0.0248712752835864,-0.0246813892800368,-0.035015951476527,-0.0167627846875554,-0.0322876474949077,0.00345595177425337,-0.00939080086070001,0.0269262303270097,0.0300303423681358,-0.0337873734968771,-0.00374645455604726,-0.0221829756259381,-0.0305782615532164,-0.00409216072946449,0.00658656726667709,0.0230545387091993,0.0284776962599462,0.0307770788042877,0.019092123129625
-0.0288573653155021,-0.0275455112188757,-0.0241966623287534,-0.0296668260549667,-0.0215193481783586,-0.0289336531160386,0.00465234183550226,0.0159763086437362,0.0195340498674746,0.0273713449832659,-0.0324511290212436,-0.0106518156026302,-0.0172421555249117,-0.0244649086207124,0.00204368561834586,-0.0110000936243767,0.0175330920644896,0.0371984510474732,0.0302283735953735,0.0199816470889324
-0.0343274146969921,-0.0230892648783456,-0.0230239932339315,-0.0339429884636262,-0.0101466049209322,-0.0205881979471462,0.00271330279424838,0.00286136520840952,0.0272928189457729,0.0236375528265749,-0.0298103161605233,-0.00550431494484829,-0.0185615496568758,-0.0301017960323581,-0.00202945866490337,-0.0130410961063961,0.0143286173774538,0.0345109763784472,0.0310266599424453,0.0187362022957026
-0.0154679367391851,-0.0375467042574965,-0.0164646683359976,-0.0299241597332401,-0.0116891361690092,-0.0181420362745548,0.00792696412075787,0.0284246107467327,0.0294413754652087,0.0253719037719129,-0.0348418889646517,0.0150616159608736,-0.0253587351537823,-0.0150193702714604,-0.00329825921641157,-0.0225858071776874,0.0198797845058185,0.0283012043197192,0.023743243305126,0.0268524874796994
-0.0296456026891684,-0.0248825274781558,-0.0193882723737406,-0.0354467295607908,7.70986669873196e-05,-0.0189314703082143,0.0107631137154846,-0.00340498075530751,0.0234948971131694,0.024414466094417,-0.034518956246441,0.000793302986778104,-0.0161307424342845,-0.0322100617920826,0.0107939810532627,0.00521318697720187,0.0231697338743497,0.029925032372957,0.0287590424977626,0.0205218216044424
-0.0341428947333868,-0.0144788276433036,-0.0249718734118361,-0.0315144005381099,-0.011016822090699,-0.028307764781865,0.00193912666757588,-0.0181439421081739,0.0282066200771027,0.0196634868447747,-0.0323304528914291,0.00111323046835844,-0.0196142223908491,-0.0282553147082646,0.00427003719879933,0.00302303194259043,0.0245289085576651,0.0312882307203462,0.0347748194335668,0.0252488784344504
-0.0375377646196298,-0.0129413774249074,-0.0161443333276258,-0.0320482591989417,-0.0105287640241136,-0.0324882142717881,0.000229287867805367,-0.0152393737625204,0.02734501045025,0.0278308331924067,-0.0261255996357231,0.00125548478636544,-0.0112155153912431,-0.0331712489487244,0.0103331357876608,0.0164166807369708,0.0250367214234133,0.0284314733095853,0.0303241869593314,0.0223734611187488
-0.0327142162077843,-0.0262409230990576,-0.0204481985529133,-0.0354381173912084,-0.0148759192310055,-0.0286834175925909,0.002699322410578,-0.00414893349811215,0.0283371983565452,0.0285971034131962,-0.0290808958630508,-0.0107052229550071,-0.0172056617302728,-0.03184918054126,-0.000490644646630302,0.0159939452724667,0.0232615905835295,0.0280602609575246,0.0269858812819232,0.0240319376397825
-0.0312642323159835,-0.0241076179627979,-0.0238040312493764,-0.035084001312609,-0.0165223284518991,-0.0304600633681636,-0.0017984304082386,-0.00628667628850331,0.027569424188135,0.0289648178893371,-0.0271055579567747,-0.00857336380229576,-0.0170692916286442,-0.031694358928404,0.00641929897495277,0.0216627634221695,0.0235789215010187,0.0295700303366088,0.029716404781981,0.0237413782851263
-0.035504967279386,-0.0257345882183657,-0.0177872983103944,-0.0334062621947182,-0.014544328516401,-0.0237564376519486,-0.00539670035260831,-0.0216769185936897,0.0205084586131199,0.0165753864282477,-0.0320106882481128,-0.00882417661784928,-0.01448045499952,-0.0303710954172297,-0.00556220532969475,0.00610841014308235,0.01542565363028,0.0333299949198786,0.0323495463662815,0.0213902898900966
-0.03668394351827,-0.0134006667682544,-0.0208311114176384,-0.0332370941944425,-0.0172889858355256,-0.0275188779254327,0.00688379832414984,0.0187224151907396,0.0289035257608861,0.027598239688077,-0.0372079687179403,0.00303226474250767,-0.0157857379291193,-0.024895674052717,-0.00913962964972765,-0.0243326140181879,0.0209701501609057,0.0284190701326074,0.0332103774335239,0.0261424873340095
-0.0326203128532262,-0.0244735846181053,-0.0218667411404873,-0.0333313207290051,-0.0102489279883542,-0.0278483164781353,0.00219359276915653,-0.00203684655657747,0.0223199934503722,0.0293974735216471,-0.0331311895586695,0.0020518289986652,-0.0172114483077898,-0.0298974855357185,0.00118800866080147,0.00553892550696117,0.013512265152522,0.0335271900868897,0.0227671590886008,0.0282768588904679
-0.0287474005059843,-0.0263412394158857,-0.0166200477657464,-0.0323944767209821,-0.0164328731232488,-0.0310175865452465,0.00496018208070314,0.00464728427961303,0.024305016968347,0.0297144750281198,-0.0233297812698262,-0.00870777514109194,-0.0179074344101214,-0.0279422424173958,0.00342775993805858,0.0129464353545674,0.0225492414841373,0.03306786967847,0.0274484839137215,0.0202920900291112
-0.031687722368082,-0.0204114900854218,-0.0152846681526338,-0.038881971444596,-0.0154645243120377,-0.0242070375382767,-0.00389523115984684,-0.00902770039026397,0.0216783407540997,0.00310946723048286,-0.0310075259737803,-0.0117309002094464,-0.0151572812837329,-0.0319701272937335,-0.0141292524026548,-0.0298725774643457,0.00729497069856103,0.0127160292996541,0.0272433381884051,0.0247750472495551
-0.0351678708800532,-0.0167415937295671,-0.0257895723799317,-0.0323929531608516,-0.017336755387161,-0.0296295115194247,-0.00516561235218047,-0.0252853362600175,0.0204428115938453,0.0248490106398698,-0.030023478256148,-0.00630180410499663,-0.0217167739028532,-0.0291257232435022,-0.00302596246898128,-0.00158604346391106,0.0202271716956997,0.0262259021511055,0.0288443130853418,0.0254440041551406
-0.03239290671199,-0.0205663811347216,-0.0166444050571292,-0.0346232646390634,-0.0180548133454582,-0.0285330125372283,-0.0144180561843864,-0.0290481656346612,0.0157458817427292,-0.00241253904224617,-0.0324420574278262,0.00197128659755031,-0.020850633213581,-0.0237242131805071,-0.0122368417612117,-0.019417012017873,0.012359778123615,0.0257301904551558,0.0307371151237966,0.0206986403094704
-0.0272509201705704,-0.0281833915722432,-0.0223855705934568,-0.0290814589525801,-0.0151951727952221,-0.0308266221651602,-0.00389750762873463,-0.0235353204510163,0.0329281773711264,0.0107028406793886,-0.0268414663170569,-0.00387674063372412,-0.0180011417477865,-0.0260798093210244,-0.00118613290183171,0.00996947501949664,0.0175523800426906,0.0337702181410445,0.0333223829580777,0.0149135588826768
-0.0288931934819239,-0.0242842137680707,-0.0226278294414731,-0.0369712813132923,-0.0128152407428979,-0.0334206712465855,0.00238443780530542,-0.0160008732452672,0.0238010934009932,0.0335424262676892,-0.0292570770891157,-0.00248904789660827,-0.0196281342339923,-0.026846628115254,0.00184911026732005,0.00448626921183015,0.0228933865820281,0.0347461604123305,0.0266845917766385,0.0280116276186693
-0.0285846195576352,-0.0259673219326753,-0.0193478411832707,-0.0343718700135237,-0.0113293949144901,-0.0309039730581015,0.00958768192729281,-0.00396075439241841,0.035203235205903,0.0233085597884056,-0.0355585080294633,0.00574693413635062,-0.0187568186029523,-0.0268308399135073,-0.00422779173370626,-0.00364625044931789,0.0222365476510193,0.0315468027274855,0.0291691502502447,0.0273528871966266
-0.0220762404140065,-0.0414334672401981,-0.0234423747973692,-0.0311839248171575,-0.0225930343529509,-0.0292351451010353,-0.0017303893959878,-0.010126787786987,0.0184866516214559,0.0291735070145744,-0.0233303294469231,0.0362149955100877,-0.0231054648095881,-0.00689456813857272,-0.0142145765862195,-0.0353961896154523,0.00834170375134831,0.0180500845982518,0.0279854370232599,0.0211198043146064
-0.0217513471350107,-0.0259830206146093,-0.00925109209929554,-0.0301916921005207,-0.00134919941524063,-0.0196997814772585,0.011234025792757,0.00224028407794691,0.0293447796432708,0.0344439701399931,-0.0248997728198114,0.00589767435045,-0.00867161429846919,-0.0274559290639806,0.00309032861404021,-0.00434186496721994,0.0162314300450306,0.0386208453276911,0.0235411050903582,0.0316990102952472
-0.0404410629108664,-0.0115748018045803,-0.0211514237685786,-0.0281616554517454,-0.017937557518278,-0.0302594247356555,0.00643680717974052,0.0254556808374663,0.0223158646491533,0.0312054618902225,-0.0321198028768747,-0.010964767811951,-0.012645742285484,-0.0287589742441405,-0.00148821394826068,0.00473033974839512,0.0180873543137836,0.0379546989875353,0.0313698054430343,0.0253174579923277
-0.0307460331365785,-0.0269972790161837,-0.0169283705007164,-0.0309951361046958,-0.00397481054987094,-0.0218214049550259,0.0138468985843555,0.0254575745792452,0.0329386430366843,0.0212011980394743,-0.0272706913299746,-0.0119424686126839,-0.0124640133896327,-0.0305654390001631,0.0127883233475895,0.0215121938765129,0.0220351930156782,0.0353686852264828,0.0325906657839889,0.0210600550135289
-0.0393142018046617,-0.0180499318606448,-0.03126143147267,-0.0232087328790171,-0.0202430897179554,-0.0252056526210033,0.0073767916777934,0.0163179296769794,0.0238862222425364,0.0326580943071045,-0.0333830546285462,-0.00808736835114528,-0.0175467166951227,-0.0177739759885392,0.00285169498372572,-0.0166637838796485,0.0189229267016453,0.0376475376829332,0.021559638650212,0.0213835988461996
-0.0319971353169728,-0.0130318851156804,-0.0162766987339265,-0.0274077480456188,-0.0158313708475287,-0.0290307673865713,-0.00867871947096653,-0.0224483568444275,0.012889635954649,0.0286904903298486,-0.0295713345543388,0.0113482651150485,-0.0153102563297717,-0.0246947661707415,-0.012911080051049,-0.024207202852659,0.0124284144311366,0.0166720049079261,0.0232537412376359,0.0306152266360523
-0.0347004150422576,-0.0130644383675713,-0.0179330406640188,-0.0333909841588408,-0.0168317282961914,-0.0302143080187801,-0.00394669243636791,-0.0182851886229015,0.0226681630079179,0.0274177175219355,-0.0388242890989872,0.00250381699765713,-0.0191163879135516,-0.0142646717058503,-0.00847903887559139,-0.0138317589554999,0.0216365112939097,0.0308377116847473,0.0283176848473255,0.0224966225924224
-0.0284029163889028,-0.0284653648786208,-0.0267020674556502,-0.0283120326474935,-0.0182433154305342,-0.0241459396613436,0.00932136997276465,0.026595373711468,0.021781038424551,0.032596199304528,-0.0312959536639681,0.0197627760300983,-0.0243121844500283,-0.0253521463123989,-0.00706622826499751,-0.021439096989984,0.0116870192855382,0.0273730234775119,0.0244298645661673,0.0238044979408207
-0.0364280098259011,-0.0131224909473734,-0.0225919107324252,-0.0270753656260628,-0.0173601271780822,-0.0284967917910307,0.0125073811095202,0.0197410071981099,0.0250836606363893,0.0239256933296934,-0.0296924629020268,-0.00777533351854315,-0.0161102131917446,-0.0277919438278614,0.000756434991711316,-0.0185266020408668,0.0169807975629898,0.0279263957715846,0.0235917881280903,0.0233536125317743
-0.0331247305651161,-0.021341675675486,-0.0194844881775909,-0.0362029196173084,-0.0165738007335956,-0.0342224153441922,-0.000417582441064271,-0.0153968096528599,0.0208016647931147,0.0240260424244652,-0.0286737437341057,-0.00255167260175027,-0.0170981924675681,-0.0308356804461721,-0.00318591102056618,0.00066290772257938,0.0217427271858758,0.0316147245925141,0.0300362164669228,0.0244403134483518
-0.0337604375087397,-0.0156305987361268,-0.0211434786793847,-0.0338356615775019,-0.0161629488019792,-0.0318833293742285,0.000359020442707931,0.017357000346064,0.0145770617661896,0.0305886328346944,-0.0316031898530126,0.00430994582610235,-0.0182543424401859,-0.0274161232845256,-0.00980775100984448,-0.0261641313334465,0.0128331678476983,0.0311188585793099,0.0247726589313802,0.0295647520898484
-0.0341056557504564,-0.0214146419665271,-0.0241389229545041,-0.0333226626985825,-0.0175992423931046,-0.0318369317114953,0.000956478786387827,-0.0111052575043015,0.0239456584571524,0.0341823310994231,-0.0408269653555952,0.0100303791286566,-0.0222089949178751,-0.0171005448645101,-0.0151121228706106,-0.0175693394881219,0.0164532797516269,0.0293715203270407,0.0252203826099865,0.0287347742168937
-0.0306117299574112,-0.0187874535991436,-0.0178100417912128,-0.0363369293660489,-0.0165820762312672,-0.036055545717497,-0.000246948235206704,-0.0131345101141924,0.0213760620014156,0.0282133777986565,-0.0301999913639557,0.0104177532698404,-0.0182351778131495,-0.029657867376036,-0.00505779052097705,-0.00333958028889038,0.0181100371506579,0.029753633778061,0.029303487574805,0.0238714595939532
-0.0326034836667574,-0.0225239778616826,-0.0249710133349139,-0.0382907859820908,-0.0161368830413526,-0.030233709870197,0.00231679835412393,-0.0171916839170306,0.0246396084039985,0.0296254388413655,-0.0385130672195666,0.00961957222941154,-0.0222481924258471,-0.0254930107895704,-0.0118890232461475,-0.0117176839514148,0.0202228738042721,0.0312766220626516,0.0285320222719122,0.0276141598182423
-0.0347950295286161,-0.0143548855594201,-0.0186909559459945,-0.035004619153103,-0.0167253724957332,-0.0297221898056046,-0.0038203445239262,-0.0172057098222084,0.0153548375549781,0.0161336198845457,-0.0331883343137203,0.0130697383261824,-0.01337768482499,-0.0164989551226928,-0.011453339801107,-0.0196830620617891,0.0145472505913967,0.0279868461411781,0.0278662506068964,0.020099784618016
-0.0256802831259261,-0.0248493267644586,-0.0234147480317336,-0.0311408595993197,-0.0219135263668828,-0.0314810004615666,-0.00408609658756115,-0.0114048150681651,0.0233213514439569,0.0319131954459904,-0.0305990965606092,0.00425417395063087,-0.0192325136768283,-0.0251536264586938,-0.00738332079603417,0.000198963723428634,0.0193303051525077,0.0327402499888193,0.0270359809599764,0.034074965157635
-0.0354491450948748,-0.0213129593866341,-0.0158553796757034,-0.0326130092777576,-0.0150415243244553,-0.0299368776956649,0.00308293144738613,-0.00513542950128602,0.0262734817360182,0.027542426866697,-0.0235503129556642,0.00575953700946926,-0.0137258554875247,-0.0270095369278706,0.00449648941706701,0.0122269339045837,0.0228243445552634,0.0338501128836209,0.0308956679340496,0.0259319595196155
-0.0302831510523166,-0.0236278587313203,-0.021593800606321,-0.0272002479088672,-0.0168730169534139,-0.0234775332184395,0.0108248802833792,0.022624160189918,0.0279824370517638,0.0246673932359007,-0.0278804130890209,-0.00966102094878888,-0.0179503542438729,-0.0295353417516361,-0.00822236501658887,-0.0262892483889558,0.0254844070249231,0.0168896727238593,0.0281607983660202,0.0282147507265406
-0.0327857799606913,-0.0268692546226693,-0.0228773440630984,-0.0358178536691661,-0.0123165421491208,-0.0289595019484309,0.00449234294555704,-0.0122775828575986,0.0196728499944587,0.0228108492327929,-0.0283409759778954,0.0010110534670383,-0.0148292640789849,-0.0254360355734139,-0.000837600981635702,0.00996366967005276,0.0170922728517221,0.031083033815446,0.0278732609318429,0.0228648325479602
-0.0303064643907016,-0.0226298813646366,-0.0196783006318864,-0.0352835088712622,-0.0130321510714562,-0.0218924502562155,0.00476188785170855,-0.00489163290045313,0.0250660688253819,0.0302112710886169,-0.0328049550141502,-0.000377480275340707,-0.0172394338100801,-0.0261771499035248,-0.00347915543303626,0.00309269644713544,0.017402125797604,0.0309496211710815,0.0289998473796384,0.0299857106575408
-0.0349085812753015,-0.0302145897017136,-0.025568976625671,-0.0325225691686179,-0.0183795371980807,-0.0282897296530472,0.0118958210533214,0.0129349965693994,0.023264139507404,0.0277395223470726,-0.025583582341246,0.0284311234640194,-0.0250149785777488,-0.0130898672841455,-0.0128750504020671,-0.0294545165429329,0.00225633188878909,0.0112615339958719,0.0167762841940704,0.0394438170378436
-0.041811533045882,-0.0139982426547063,-0.0301711498303198,-0.0328968704693836,-0.0214395469895415,-0.0341042293234769,-0.00374110928701022,0.0040383030577903,0.0218806915849907,0.0299394865828639,-0.0387608744396188,-0.0117261765263341,-0.0212751271294804,-0.0251255632417037,-0.00936271302072261,0.00722582489245855,0.00890273158073403,0.036760025802639,0.0264145676181091,0.0242066744466254
-0.0277393315126143,-0.0311022250348017,-0.0257412551096314,-0.0226784632870051,-0.0108853146968425,-0.0318857971036178,0.0034113379143218,-0.00282682083758237,0.0243296978201579,0.0316373445472882,-0.0332731072340408,0.012918497437718,-0.0194172476686593,-0.0207571962954487,-0.00028423636432385,0.00408588801205666,0.0182700470025462,0.0281621890996121,0.0241908377052522,0.0327401802792107
-0.0259645605910649,-0.0286969813558941,-0.0189583600459033,-0.0357950397737043,-0.0170953309230173,-0.0325317144297689,0.0083901604349331,0.035645035937135,0.0324851336737142,0.0269109126740108,-0.0267369584494501,0.00590771913026948,-0.0164425457595502,-0.0261072070306801,-0.00174065901436736,0.0167573100483876,0.0153998566336299,0.0386474658514588,0.033389049583762,0.0244986150760531
-0.0347885951799794,-0.0158107257374956,-0.0188460417235448,-0.0355721451271135,-0.0189936958372745,-0.0347411441232962,-0.00814900126673144,0.00412480521552389,0.0235472561434979,0.0259112897507206,-0.0321137364583867,0.00997331987598581,-0.0143707564040849,-0.018543870222358,-0.00419717522304416,-0.00538294174852581,0.0146853491188703,0.0314502838244432,0.0286179889077241,0.0273319531831018
-0.0282549366126338,-0.0206203092504797,-0.0204182169637458,-0.0367218349467154,-0.0188775199796499,-0.0360322604263434,0.00231084455471269,0.0132527788551525,0.0244173751891911,0.0267177404330743,-0.0286926256501935,0.00355141897296781,-0.0186626742658207,-0.0280672733325343,-0.00748770937425308,0.00102513323214775,0.0111511307208848,0.0248609712978933,0.0246388467929745,0.0277480608458006
-0.0271125545096143,-0.0219988108726996,-0.0194152436843986,-0.0310289271524184,-0.0118408679433087,-0.00332922522856816,0.00462708927324947,0.028187818818867,0.0330946017701488,0.0217197845982176,-0.0292984452547959,0.00784274231535433,-0.0140083732176782,-0.0252983486067107,-0.00188110830351427,0.0129547757517131,0.013876493550335,0.0368497046559491,0.0246619762851275,0.02620735506175
-0.0324882383070256,-0.0203706775109425,-0.0207330103144987,-0.0329810825901705,-0.0176790016182829,-0.024371142761928,-0.00361910650902464,-0.000187191429770864,0.0263911080829596,0.0269922128784189,-0.0326663204048801,0.013855637145258,-0.0160181123469129,-0.026827864332434,-0.00677083843515142,-0.00546555725362518,0.0169364713633657,0.0345523316825357,0.0260664642062139,0.0269190774019242
-0.0323644999763551,-0.0241343001091771,-0.0188471013543209,-0.0362405108217147,-0.0188745966581701,-0.0353232470101956,0.000188723198369608,0.0232012489393024,0.016811043535169,0.0270130505230812,-0.0298493984981802,0.00190424227685187,-0.0151731754502094,-0.0317331294407879,-0.00338520191274018,-0.01274835543937,0.0153681144481368,0.0293533420365966,0.0244807641010371,0.0280871422809282
-0.0281088019766555,-0.0259712740744593,-0.01840574713618,-0.033690986227417,-0.000593158708784714,-0.00709162213476059,0.0242908893456667,0.0361962361773072,0.0299737244352728,0.0269834708365125,-0.0276454269462974,-0.018225350758275,-0.0140083998730858,-0.0313937820444659,-0.00273572796105527,-0.0165514316464718,0.0127783855832684,0.0228065699240572,0.017501592186053,0.0228488205718393
-0.0260114667026374,-0.0279790935979488,-0.0175305965268565,-0.0327183822842058,0.00220247470172688,-0.00837469068540917,0.0220258158709595,0.0246452268526902,0.0286082267890228,0.023699849277851,-0.024123046842027,-0.0134568217821742,-0.0146575420787747,-0.027540012007731,-0.00563788109032903,-0.0110672085688989,0.0139013592449503,0.0284806539218083,0.0345032034852034,0.0145461884803246
-0.0381140043757035,-0.0145523880856053,-0.0267499408122055,-0.027222604051976,-0.0144747805328808,-0.0336940911491668,-0.00481173943173584,-0.0253286193454569,0.0256945092849909,-0.0029867105320006,-0.03214580167353,-0.0135231340745451,-0.0204418812099967,-0.0267227229877392,-0.0132780848203428,-0.00474972530777499,0.00955266215556014,0.0303400884712173,0.0331586522354953,0.0135533667204817
-0.0365968136475805,-0.0169770302447175,-0.0219199254603244,-0.0290408685845702,-0.014342693027946,-0.0288367109752567,0.00108933533062138,0.00969555227550825,0.0166755421281791,0.0207807534481655,-0.0328475942648135,-0.00774252737668721,-0.0191556172816624,-0.0179146043272648,-0.00853615668787857,-0.0105585981902061,0.00765429808695245,0.0205149207074054,0.0280192656368113,0.0341605814015707
-0.0365669445404929,-0.0181018240181105,-0.0208632482427351,-0.0310366712047859,-0.00373854399305621,-0.0256967270201868,0.0137260242381442,0.0206744188197592,0.0251857795659332,0.0310778285842611,-0.03959255518502,0.00797910759213148,-0.0215142120455813,0.0211186271783621,-0.00915684678972537,0.0271765717468061,0.00433961463652363,0.0286799249835948,0.0326766750217255,0.0152428044334974
-0.0371962142051918,-0.0191369957019987,-0.0128813261743328,-0.0297283697414682,0.00218730804400389,-0.0290460395833555,0.0254883191780664,0.022450521920972,0.0347299273206669,0.024963626871453,-0.0339880480583805,0.00504007439822844,-0.00840407276649254,0.0260102506262151,0.00536396058713869,0.037877027439493,0.0131546854621749,0.0333362709049778,0.0224518901417426,0.0239256479747663
-0.0404676060369809,-0.0244259770644255,-0.0174711620216697,-0.0329873338646612,0.000333235481303827,-0.000875850681670446,0.0123678161710893,0.0268834181788359,0.0311431154803385,0.0188273718963339,-0.0377467441242505,0.00366939384335457,-0.0233491496079356,0.00813688105429212,-0.00601648313014027,0.0238354064157203,0.00958691118399572,0.0347528339656516,0.0242611457510581,0.0271503306304988
-0.0363604709915779,-0.0149587169546155,-0.0219096192786529,-0.0253471960146915,-0.00219643582501646,-0.0304530212806317,0.0138169418198578,-0.0308815787133387,0.0326810876648958,-0.0200901825919941,-0.0377178745592755,0.00987179495251001,-0.0167934625113304,0.0236111389311509,0.00145544250799195,0.0292385450499785,0.016815429406075,0.0297656990610883,0.0374367433639527,0.0172494103546934
-0.0430672318897926,-0.0159497843563311,-0.0335770738906116,-0.0251624574876242,-0.0137716002750304,-0.0311592901891661,0.00478808258199225,-0.022927241445893,0.0254817824147122,-0.0099144807681821,-0.0352812202455937,0.0100238978090858,-0.0158004869477699,0.0223678826220425,0.00426577764748912,0.0273836804913101,0.0236632124769405,0.0282223490762414,0.0364613830545825,0.0184016313724886
-0.0430468106170593,-0.0195803086686481,-0.0316295665332774,-0.030957047689839,-0.0194670494565302,-0.0290854451300986,-0.00639675080360081,-0.0179696798676481,0.0175002231597623,-0.00199410993283272,-0.0311964673211093,0.00815158986794253,-0.00728603996583607,0.0265114339400287,0.00639791076359884,0.0285611753309562,0.0206987490495959,0.0258357072087636,0.0344213647696781,0.0164595420743777
-0.0434282627913782,-0.0189782230276118,-0.03417856939752,-0.0300796165149372,-0.0236712274668065,-0.0314095743346275,-0.00541289276448305,-0.0236863482265549,0.020584121221276,-0.00730348789718519,-0.0336968088044692,0.00936208584311749,-0.0146745230353204,0.0228318940106035,0.00587732615335944,0.027226133288425,0.0231137501210726,0.0284833540789978,0.0352834270461283,0.022289051455103
-0.0407781515434504,-0.0171854530000242,-0.021139441894737,-0.0290755066373573,-0.010136959954527,-0.0312281400223668,0.00420169615767113,-0.025311828261169,0.0309528098567214,-0.0170896854019939,-0.0327332116593445,0.0136174587080157,-0.0193234983545368,0.020946605645872,0.00486664454975435,0.0279304129885595,0.0242807894471006,0.0289144515541122,0.0372337069864855,0.0178729947781287
-0.0424898435104552,-0.0199069034850354,-0.0305937122576813,-0.0284300835151236,-0.0167497810613587,-0.0330271201885673,-0.00433711384622525,-0.0276851304789913,0.025445294117733,-0.015998444514719,-0.0359101170185277,0.00805622594337178,-0.0178036681865257,0.0208412949381234,-0.00278019337736174,0.0256921173646196,0.0164430562823643,0.0283977570754669,0.0343687097654263,0.0266225755317773
-0.040570561444148,-0.01267879344181,-0.030206341169988,-0.0247894621121984,-0.0142323760326505,-0.0307286522486281,0.000763409463959581,-0.0255741655739213,0.0319110774470142,-0.00942894436191252,-0.0332520894041046,0.00765402269121923,-0.0200550492770184,0.0227074987082034,0.00507584385102748,0.032084935826957,0.0232532509480991,0.0285771770710365,0.0412478626498287,0.0150988630676933
-0.0417809811230728,-0.0158105104316913,-0.0260759616307516,-0.0267016697305546,-0.0138462172964539,-0.0273533910399025,0.00278605241477413,-0.0168117524999864,0.0252192607652203,-0.00103838103407831,-0.0302643757677051,0.0114937023496773,-0.0101871939877224,0.0251509690672186,0.013076661890606,0.0297207595027029,0.0286856804359858,0.0276645912869536,0.040867061173944,0.0153227311027462
-0.0424761163651818,-0.0147552903440324,-0.0332649672094555,-0.0248108599172322,-0.0188895608270649,-0.0299440802341194,0.00187395633426436,-0.0210899872833659,0.0274551587395026,-0.00759482024334374,-0.0319792068607876,0.00828988085027975,-0.0117662012489083,0.0250544316321736,-0.00302219693858718,0.0327955348112101,0.0191020303181626,0.0342833651375626,0.0291269100932635,0.026356135462061
-0.0428469352092172,-0.0138414879255686,-0.0289526213941047,-0.0257058029499136,-0.00674305569620829,-0.0293640041878381,0.0204692829880682,-0.0189266220630461,0.0353294655967355,-0.00819458035439251,-0.0367924416968665,0.00719794653233116,-0.0239912253469555,0.0216789561617415,-0.00196802081301526,0.0324406518224592,0.0140758835466987,0.0319709287993942,0.0316370564233349,0.0225594581428364
-0.0408762815395035,-0.0123660414349152,-0.0167475753855611,-0.0221867485010579,0.0026820445277489,-0.0271580597868504,0.018964354944703,-0.0198869993768799,0.0347862608911116,-0.00686357344518806,-0.0369380058781182,0.0100790248354959,-0.0203042511007879,0.0278543663088177,0.00178315120487829,0.0330738108881854,0.0175239724190846,0.0317108918029536,0.0319989797405883,0.0205974039456191
-0.0449007333901511,-0.0147336972326953,-0.0300027137280205,-0.0268181829382576,-0.0208920759825855,-0.0304202271972712,-0.000140001379635961,-0.0234853007503328,0.0332954016323645,-0.012613853382551,-0.0344867273959889,0.0131166862826041,-0.0171538259080216,0.033897628547139,0.0099854819272982,0.0382231528165331,0.0262369069307634,0.0305536680616344,0.0383676096522739,0.0164679639685024
-0.0436906286596732,-0.0115819380249924,-0.0333268769957331,-0.0203221627103718,-0.0130961602319562,-0.0265175756524556,0.00923854386274286,-0.0295800069068874,0.0345508032124845,-0.0162458217843894,-0.034421863089278,0.0105475314870512,-0.0161982798966684,0.0283881339721791,0.00563420937166061,0.0372112323575654,0.0300652175551885,0.0337695356347598,0.0473050787727672,0.0144203309170374
-0.044605515801226,-0.0156006640068507,-0.031237311261926,-0.02624922004287,-0.0117310901617635,-0.0292656131192102,0.0077587500945374,-0.0225572266498191,0.0267264945013044,-0.0119403882392138,-0.0280929051255272,0.0226970691461607,-0.00999844659846057,0.0336989599622857,0.00803264193235975,0.0355688258198161,0.0300013270862872,0.0263073958358011,0.0412681037190995,0.0116567680755597
-0.0430495399358738,-0.0160800924287611,-0.0317480081862283,-0.0267316874579325,-0.0072246025533611,-0.0310905168764583,0.0193169507485546,-0.0214571121419718,0.0332482376960288,-0.00821821959797384,-0.0299664588169412,0.0161496533132358,0.000475388205215744,0.0318077580982249,0.0219481409572247,0.0333606310385489,0.0337862794321702,0.0175049453387245,0.040310250630206,0.00413931452858733
-0.0402406980835847,-0.00920098333994863,-0.0127093345700222,-0.0214956245564474,0.00885700354986171,-0.0276142394238045,0.0226281796546602,-0.0266744341776179,0.0375402941242853,-0.0172125294735647,-0.0348893248540574,0.0143207126480258,-0.0150611195587794,0.0326288211393152,-0.00168557637628117,0.0360803631391702,0.0132639078422679,0.0354061931702187,0.0277121010929714,0.0271906336016626
-0.0388823963439324,-0.011875937272957,-0.021694315154664,-0.0287800989347592,-0.000595320516524671,-0.0341250685575615,0.0150924293952382,-0.0264666303981602,0.0311875546437353,-0.0118136195480175,-0.0314508418530584,0.0215525233541616,-0.0116963550511163,0.0332409664946598,0.00433713313315424,0.0352369354458473,0.0200234771672788,0.0324126402611438,0.0393862671351245,0.0118293726761582
