u1_5nodes_1,u1_5nodes_2,u1_5nodes_3,u1_5nodes_4,u1_5nodes_5,u1_5nodes_6,u1_5nodes_7,u1_5nodes_8,u1_5nodes_9,u1_5nodes_10,u2_5nodes_1,u2_5nodes_2,u2_5nodes_3,u2_5nodes_4,u2_5nodes_5,u2_5nodes_6,u2_5nodes_7,u2_5nodes_8,u2_5nodes_9,u2_5nodes_10
-0.0239808191190551,-0.0245322887067284,-0.0178411023525107,-0.0284924386984261,-0.00476890685011025,-0.0292130352404856,0.0478762246096291,-0.00781996882585796,0.0486782373846286,-0.00349438042872769,-0.0302033827362597,-0.00188299168768423,-0.02613453984445,0.0018798707306704,-0.00492032439008791,0.0168077949471802,0.0178171652533117,0.0295103161408543,0.0241212782163464,0.0268342558540852
-0.024460693417506,-0.0216358673615035,-0.0134603337830089,-0.0288835547626148,-0.00815443391844871,-0.0293915753272767,0.00142619517898769,-0.0267397913440575,0.0281538275380193,-0.016998604109282,-0.021887917714868,0.0269976027924858,-0.0104731583287066,0.0315454007256367,-0.000624815926382674,0.0335336726994492,0.0148664188153482,0.0308500815225569,0.0283961665050522,0.0250054856226447
-0.0339200953627054,-0.020556951337826,-0.0196572557635039,-0.0289731310187382,-0.0198957957317641,-0.0292074826074955,-0.020057668362683,-0.0293690879865824,0.00142098577790139,-0.0280956601834147,-0.0378628802018619,0.00856239965065445,-0.0354363554327446,0.00909877555084501,0.0160437954711847,0.0225743081663809,0.0183901506314736,0.0270161643410892,0.0189089186107848,0.027009738961444
-0.0430165552496552,-0.0121201300133037,-0.0327325541967616,-0.021097174622435,-0.00590169623447292,-0.0285823179939482,0.0165355996510472,-0.0208249414394947,0.0316275267913828,-0.0105366982854389,-0.0313974266354931,0.0159492765252878,-0.014131843284917,0.0316130669839032,0.00349740363713186,0.03495511641311,0.0173886014098457,0.0318230384118583,0.0327316944901997,0.0161209832958385
-0.0339675473169289,-0.0203223793984438,-0.0170109100314872,-0.0299189283445081,-0.00293785023968135,-0.0329968766770435,0.0144617454150361,-0.0287662877224043,0.0376293259029411,-0.017776874495205,-0.0330074335253374,0.00580791657295976,-0.0247851022253944,0.0172490388981991,-0.00403263620075824,0.0322915762683568,0.0224014557242433,0.0300076617609842,0.0395049608385371,0.0152842820519784
-0.0241709918386671,-0.025905139588259,0.00610901529532381,-0.0285476868141304,0.00644774533880822,-0.0267509584620493,0.0115786920697036,-0.022070596903002,0.0266573211730021,-0.0124532199499305,-0.0287075806127588,0.0224589712732922,-0.00421796389018554,0.0361055028605255,-0.00212092653797305,0.0360690755709072,0.0124563816810444,0.0339769538062394,0.0306184071555139,0.0193401963431191
-0.0406555823105924,-0.0132805859530769,-0.0263220841202192,-0.0261115469270006,-0.0119353426114846,-0.0318325920888042,0.00373203842711471,-0.0358754170589542,0.0335922522720921,-0.0225508537498737,-0.034795943142398,0.0141457372899981,-0.0139322715172402,0.0272954432403005,-0.00100954634582488,0.031817178900718,0.0169547893300966,0.0331068151240653,0.0360931989208278,0.0185093482925715
-0.0448778209651591,-0.0174012710903341,-0.029442289433142,-0.0353992958857123,-0.0155583905917304,-0.0420105373324312,0.00842844653748586,-0.0348824240426987,0.0276374954827508,-0.0118303010773041,-0.0408400920637307,0.0139870304926798,-0.0213927643536835,0.0366036987727623,0.00318857254731656,0.0412062479343158,0.0219615855644554,0.0293271738112605,0.0359216842260191,0.0135726633191244
-0.0449100313208636,-0.0170188277191077,-0.0364058911461302,-0.0247790121993249,-0.0108314758401696,-0.0305503635964929,0.00545261255796426,-0.0298445785283011,0.0315655266914775,-0.0213816282181419,-0.0373266054105029,0.0124043544265138,-0.00947916791478884,0.0314535377857517,0.00614997722220593,0.0338180257102615,0.0263933220260144,0.0310079640330813,0.0398366827260148,0.0162979629354095
-0.0419159417473759,-0.0147302893961095,-0.0259611436113156,-0.0254955906155238,-0.0108615254209358,-0.0294061815800459,0.0128957233284667,-0.0257811803018978,0.0295601409978799,-0.0140147859299077,-0.0313362652036705,0.0159799152255949,-0.0122756726423958,0.0304000723744818,0.000591487474836655,0.0326298055720661,0.0182520569036238,0.0336470633189132,0.0342665057691117,0.020290450632732
-0.0451406227310396,-0.0144280288725424,-0.031788996211366,-0.0233730373889198,-0.0130373578268881,-0.0294660076666414,0.0102745102643457,-0.0257908503432661,0.03083822310068,-0.0088341245634946,-0.0371147757975671,0.0158612975919698,-0.0190810745842878,0.0369512647034752,0.000112972767022462,0.0413943573647153,0.015169903950484,0.0401156241970686,0.0376936163412041,0.0197530249553366
-0.0426894582496079,-0.0128520245999061,-0.0261982347395197,-0.0280887495528336,-0.0139520460552483,-0.0315667953418519,0.00866648332330069,-0.0219675494275657,0.0244331325075499,-0.00922079411093975,-0.033896674212536,0.0164895775628683,-0.018662409467771,0.0332542068887867,-0.00492262068001981,0.03764817115889,0.0144173830244598,0.0391419084427299,0.0317108712599762,0.0289685644180957
-0.0422460883287007,-0.0165695910034966,-0.0298495898679379,-0.0254491957307145,-0.0183376944568834,-0.0326381616746596,-0.00398883392057813,-0.0370893580970488,0.0261180910019994,-0.0286790113844627,-0.0368863327649518,0.012641683363396,-0.0175676702153098,0.0220623802671845,-0.000514974297760291,0.026644792735354,0.00945696348474256,0.0301860384839284,0.0221237098573456,0.0268020675747809
-0.0317490672253805,-0.0215324139414904,-0.019547591757359,-0.0325236305918877,-0.0103974817951942,-0.0374838376128504,-0.00239293475851871,-0.037597473760531,0.0272275605869801,-0.0247930155446635,-0.0254567857411871,0.0181262483365385,-0.0110633691402,0.0276398886696552,0.00249455900413873,0.0299418667521986,0.0125790456738337,0.032528868701597,0.0212153699618211,0.0274171649402872
-0.0381931024144125,-0.0221424040434849,-0.0174251922228439,-0.034646458026517,0.00345561625443129,-0.0394262312630595,0.00880050256169489,-0.039181685242454,0.0424119231962025,-0.0244726428154728,-0.0372626965987048,0.012598105975922,-0.0168268182226821,0.0243107162701355,0.00771619820965538,0.0281682662629356,0.017847874375377,0.0313531183083033,0.0329741620688615,0.0238434431519438
-0.033406729943927,-0.0279701221122581,-0.0204748750040856,-0.0324648137871571,-0.0203067290061909,-0.027596429434482,-0.0162745735428433,-0.0219274436318556,0.0113239450328728,0.00419462066345211,-0.0394890074453979,0.00869544547973586,-0.0226485720530365,0.0213849818506133,-0.0204973616160901,0.0225240223669193,-0.0174541868432844,0.0178277472669785,0.0117582673361959,0.0154282138233202
-0.0394508840524112,-0.00887176808506864,-0.0295037531921828,-0.0173488164155345,-0.0188157930061176,-0.023452314417154,-0.0134892425375297,-0.0230174487291465,0.0122138020409656,-0.016845970502515,-0.0302380750847822,0.0119476501176088,-0.0208268269390709,0.0141649842750291,-0.00745458822197667,0.0174800840888342,0.00443070287546744,0.021453767005975,0.0201729997035947,0.0169256336921447
-0.0380410437576797,-0.0199745838685124,-0.0248691649707096,-0.0165952898855415,-0.0221545334048803,-0.0177602688971729,-0.0170768422883554,-0.020071634390807,0.00575163452551615,-0.019017785008487,-0.0231845478256769,0.0138147391393858,-0.0220801275620669,0.0131917383794643,-0.0191791717153583,0.0137925345817474,-0.00260308132045909,0.0217891428835233,0.031384520491256,0.0260125005027959
-0.0350034136123381,-0.0180473187419973,-0.0239131383137565,-0.0193173213754155,-0.0116533173896351,-0.0205635607125553,-0.00470336207517368,-0.0203165887269503,0.0161053913335076,-0.0118064920086194,-0.0316421519285601,0.0128447126095258,-0.0206925288877181,0.0135915307282221,-0.00503840787070265,0.0176436504445847,0.0152862857296509,0.0270964703969685,0.0239798027983535,0.0148854829474718
-0.0355876448874089,-0.0123801526695683,-0.0101545322283565,-0.0202103883108006,-0.00311082033311656,-0.0223746857526524,0.0151221611556611,-0.0201780427994406,0.0367590105150106,-0.0112481792997977,-0.0286192564724666,0.00598111737975498,-0.00306976697372885,0.0140640401620402,0.00766629379554848,0.0195183617126451,0.023263655365472,0.0218323531105402,0.0376025274961177,0.017314403968989
-0.0291834396375113,-0.0183283175293518,-0.012025216991697,-0.0237843640171341,-0.00461376757134917,-0.0218052494237346,0.0121742992581203,-0.00971149865334893,0.0290507364550516,-0.000543125696667827,-0.0358845711076164,0.00249160874615077,-0.0112763010647614,0.0120548913212032,-0.00503277823142703,0.0131339034171715,0.00859205956135031,0.0226361489659088,0.0273929935988555,0.02540199240133
-0.0296654257029865,-0.0180592172167429,-0.016850341057515,-0.0226725152322837,-0.00303047342492149,-0.0212497049096375,0.00736314453440419,-0.0127761422100317,0.0250560444754392,-0.00400420272653082,-0.0340364516858645,0.00991123434487525,-0.0140037375329292,0.016827412896058,0.00199740727624883,0.0220132374992233,0.0128975152614529,0.0234137791625769,0.0264864385217635,0.0213358093509599
-0.0347887174914285,-0.0101763327266081,-0.00743402207928835,-0.0165368094671659,0.0114506301645785,-0.0142566502322263,0.0298941075145828,-3.67296272989369e-07,0.0455962002526831,0.00274480396975049,-0.0336573920069684,0.00318189353828987,-0.00675594891733433,0.014900796903642,0.012916074392074,0.0213971431958614,0.024692924512583,0.022038442371923,0.0438542229104844,0.00828483617928081
-0.0470357563728552,-0.0304925908957793,-0.0461316439024317,-0.0307525826084652,-0.0272627423009666,-0.0363395755625959,-0.00951664444591193,-0.0281394381002318,0.0187914972737563,-0.012592183312714,-0.0180738032713876,0.0247098456103521,-0.0134947302315217,0.0239103583634857,-0.0008929598135406,0.0293535592956513,0.020408199889917,0.03500912213536,0.0358831036813767,0.0191161446450178
-0.0344687887225576,-0.0245224452135812,-0.0182701674940316,-0.0300545401399866,-0.0127030550659071,-0.0122502067970411,0.00903775727702313,0.0400094952661462,0.0222202546244529,0.0240296568568949,-0.0274640045245474,-0.0176107887981175,-0.0166315931682562,-0.0183301152650794,-0.012093011249414,-0.0028272911794444,0.00743649008212031,0.0413525597774405,0.025465350319977,0.022541103278264
-0.0286753726509466,-0.020293758140611,-0.0147969920958909,-0.0259333696386984,0.0100017717410207,-0.0125311261568816,0.0278863899702495,0.0122698445361392,0.0426219493387285,0.00947873320791398,-0.031623333054256,0.00351884847629797,-0.0170299195157765,0.0119040448041686,0.0023341219247286,0.0236241836135202,0.020012897188282,0.0260698881763069,0.0348223270039818,0.0153910151001378
-0.0415983326943345,-0.0117441866590852,-0.0233023289342283,-0.0214718340101554,-0.00749658808683391,-0.0233955778721826,0.0121263122137953,-0.00570703708223064,0.0327139171648806,0.010551939190007,-0.0338104331859419,0.00880576785297348,-0.0206405647376026,0.0118154303478742,-0.00463322867690275,0.0184022895043109,0.0112390993702693,0.0285088243691188,0.0303562884430163,0.0192607779600858
-0.0325474653558316,-0.00817904569998449,-0.0202945261457506,-0.015381116437846,-0.0154099861964838,-0.0146111973026331,-0.00696482078039353,-0.0113916236757515,0.0212029518759107,-0.00784526008508034,-0.0329755605572988,0.005559013974285,-0.0203621301516777,0.0124689572001682,-0.0106023337593668,0.0187888456485443,0.00256486078933721,0.0191798339578641,0.023806083494508,0.0167992056244858
-0.0210713249851466,-0.0148341316378924,-0.00975288333707079,-0.0213014589427421,-0.0104190296456229,-0.0216218370515627,-0.00299794466722733,-0.0229131080704122,0.0264922316785683,-0.0110821017379667,-0.0353414314314095,0.00832566890140216,-0.0328628839554958,0.00798408978187459,-0.00950403720183449,0.0202464885917905,0.0103822302987878,0.0235334498595955,0.0332515460614651,0.0183291375668648
-0.0356270219702325,-0.0100816678709505,-0.0244208429138509,-0.0135532855346817,-0.0162177882214356,-0.0161285276110724,-0.00474718767351446,-0.0134591616879178,0.0135281151922974,-0.00788023125151232,-0.0348060243760823,0.00475905663197578,-0.0200240999053786,0.0136475318732227,-0.00177435416666114,0.0210184358960436,0.0139079768115438,0.0204300902199084,0.0322684743770834,0.00831557771744465
-0.034809588107559,-0.0102505524391255,-0.0197927555790629,-0.0144539903125226,-0.00930050813992355,-0.0178008051201686,0.00771374494380029,-0.0130153122841491,0.0254490629650347,-0.00691120254631176,-0.0353400968166483,0.00539641854414246,-0.0148745215493939,0.0209484133198293,0.000134260734637831,0.0217472419535213,0.0187025614904454,0.0189267535236783,0.0366580035640156,0.00722401521516479
-0.0365056699268276,-0.00956151704793977,-0.0217159537610737,-0.0143279191478939,-0.00534148569419075,-0.0164383752381535,0.00990288841778812,-0.0139395587066767,0.0296494149335286,-0.00871121775271343,-0.0346604065922795,0.0043827110648595,-0.0189023180502043,0.0148647694116249,-0.00120632907360951,0.0214185165288984,0.0131169104255028,0.0202425455350052,0.0299715072248104,0.0105639883689392
-0.0373882168276122,-0.0111435331087747,-0.0186703756225323,-0.016634682726752,-0.00265298335651051,-0.0197823749196497,0.00974254392890288,-0.0159611336465177,0.0342766061448324,-0.00861674186429691,-0.0347102077282459,0.00553204710169982,-0.0120018570087924,0.0166947506179686,0.0036685320110159,0.0207216527310105,0.0193296470817214,0.0168347516421604,0.0371556540475091,0.00498108987405654
-0.0343070742114668,-0.0118413446003374,-0.0196545401836188,-0.0181658672946154,-0.00421190717398284,-0.020852085058097,0.0111919903702557,-0.0156990247719433,0.0308926546190644,-0.00818349781192061,-0.0377310601538404,0.00596166996754901,-0.0223945578872051,0.0103799892848627,-0.00761447880585739,0.0172824359569997,0.00922294766855058,0.021820572555986,0.0278368868730611,0.0140990263625985
-0.0374187308311303,-0.0110759142672378,-0.0207817340836703,-0.0161361432861238,-0.00898484359129277,-0.0198859461045092,0.00648818898604946,-0.0215541695572081,0.0277121565012056,-0.011326233951114,-0.0341584297650118,0.0157959868043327,-0.0264660791628002,0.019067430061301,-0.0138706734688221,0.0228873077177496,0.00570473032157322,0.0270764730534574,0.0219371435526639,0.023431379177073
-0.040710792093813,-0.00896781589924163,-0.0271676647457457,-0.0139929676370531,-0.00747478160467909,-0.0217122858172005,0.0087455521268956,-0.0200827108631477,0.0277036086556359,-0.00588408832286504,-0.0381704165193763,0.000353843990728886,-0.0240195929048201,0.00981684437141397,-0.00246560332743668,0.0163641824956095,0.0145303628747567,0.0208343601066157,0.031006890552881,0.0152244321682499
-0.0316462935537011,-0.0134251465117478,-0.0215889918311398,-0.0246152853472437,-0.0188402854432986,-0.0272571538065645,-0.0136240694969531,-0.027482959814597,0.0201222669103239,-0.0228411349386704,-0.0301512890574337,-0.00782418095953507,-0.0217391053224897,-0.0104798142005298,-0.017999202076268,-0.0115210470545334,0.00595115024547283,0.012976383034877,0.0368443396093372,0.0247290005946626
-0.0342504096212155,-0.0214241001338396,-0.027149389798145,-0.0318947930626539,-0.0227230006782545,-0.0325523728775979,0.0205052853055285,-0.0087158531232604,0.0418560979209514,0.010888606886375,-0.0322053246465984,-0.0129260668667995,-0.0255406132602709,-0.0255724427930211,-0.00567487503682395,-0.00156489897701106,0.0162967373255032,0.0290723460296631,0.0331885063949533,0.020298475905796
-0.0432143823479224,-0.0121549312326983,-0.0300928133215377,-0.0260990512239831,-0.0132675842558042,-0.0261906714956205,0.00164664984611436,-0.0214455470301281,0.0283243337832451,-0.0120014492859959,-0.0378553175052561,-0.00920285210880072,-0.0298411352060175,-0.0188015596123112,-0.00756336892737073,0.0215374986362585,0.0177196118972398,0.0334785546599769,0.0363805227668872,0.0188423778898406
-0.0414348779959608,-0.0149976609506293,-0.0304417186044546,-0.0268201730708312,-0.0158647024865036,-0.0312023663892155,0.0115696213883537,-0.00602463340244514,0.0305167069169448,0.0172096530663643,-0.0379724111578852,0.00571761831359818,-0.0253650596697952,0.0170355811176917,-0.00584529296258441,0.0235476543821175,0.0134473606930295,0.0249321315951423,0.0277364289182958,0.0186906128028009
-0.0445149707417032,-0.0227037540142741,-0.0334402181991706,-0.0264118517413927,-0.00814378308918751,-0.0200187479795631,0.00736667507231023,0.0154350570845437,0.018909775025384,0.0227875891202702,-0.0318297449447176,-0.0157253331388284,-0.020742325523236,-0.0220656640067475,-0.00442126061795384,-0.000486904881362621,0.00302761124737258,0.0266291199464894,0.0258118037073074,0.0172586910668883
-0.0423058785319386,-0.0191488834945419,-0.0297034088064235,-0.030091076620147,-0.0129003969165354,-0.0305556791267746,0.00735829883419548,-0.0218625559460556,0.0264235129420646,-0.00148983769326028,-0.0332750033500877,-0.010309196297217,-0.0101876346622427,0.00432084498520135,0.00262185758912477,0.020767801414527,0.0162442787505509,0.0232236270724611,0.0331866559712736,0.0163135088841785
-0.0340489604553291,-0.0173242217696757,-0.0221234806112796,-0.0252275101160419,-0.0047361437781643,-0.0215226702750914,0.0178356555306497,0.0063611929877738,0.0217512081639688,0.0123678039973133,-0.039094152633417,-0.0156965809668044,-0.0209488555174925,-0.0205905631984566,-0.00696607607297674,0.00788824639129508,0.0136910443435742,0.0239248945711514,0.0262439458058804,0.0170598302686628
-0.0397142525233755,-0.0150485070363735,-0.0204537484402864,-0.026101978843548,-0.0105261582090717,-0.0244863553121379,0.011366081805276,0.00732742974505657,0.0236744467356396,0.0216143057422673,-0.034163330762924,-0.00640118048726346,-0.0172228390273686,-0.00392703204301493,-0.00897919442347241,0.0115875516438595,0.00663618951650427,0.0182684716448285,0.021402931708613,0.0153569714005267
-0.0186282233718782,-0.0279755532296714,-0.0131709767981661,-0.0290903653861235,-0.0131020711171103,-0.0287077493594229,-0.0131899607915324,-0.0284221144389253,0.00370764634716921,-0.00962375489457186,-0.0187545820706208,0.00645805866536147,-0.0116489853378989,0.0113383511801251,-0.0079485914822156,0.0125867824595807,-0.00788037292816967,0.0126484679844897,0.00444539186662526,0.0212333409087595
-0.024638482072668,-0.0157029410838556,-0.0188941769207098,-0.0173942276108421,-0.0189244841203271,-0.0173069207751257,-0.0173838539842394,-0.0189318630458381,-0.00077402712342587,-0.0106751213084748,-0.0185691540054049,-0.0135886274538083,-0.0167741213325564,-0.0157302713744942,-0.0155176545249436,-0.013750825567953,0.0109719125199862,0.0274567380766416,0.0248595668235578,0.0274126582265421
-0.0210095002134966,-0.0201271583510806,-0.0262447727645188,-0.0187805052497616,-0.0266982109821063,-0.0200102809345331,-0.0203557823041402,-0.0185871097608535,-0.00304617443417663,-0.00180200173095789,-0.00701073120216219,-0.000781531519052418,-0.0131783953911963,-0.00458045554716335,-0.019869679912769,-0.0130216839462798,-0.00193637161288662,-0.00574251387662468,0.0231229404687882,-0.00232253306656598
-0.040828409367645,-0.0131111813777073,-0.0245716576934986,-0.019269476090136,-0.0226743407489677,-0.0182184264615853,0.000980695279486501,-0.010562005940179,0.030411092108886,0.0204831720531592,-0.0354203554508312,-0.0131822813960994,-0.0209700837717619,-0.0213132293522948,-0.0124452060499779,-0.00557219928540266,0.00650137293479113,0.0202424043925524,0.0300341295699092,0.0176528989544366
-0.0264904252648026,-0.024170100565647,-0.0240016211694819,-0.0245236386984072,-0.0239918731480027,-0.0245266461386881,-0.0225801676006102,-0.021300002753159,0.00215988723932293,0.00984601969376642,-0.0253472413604964,-0.0137418176458805,-0.0217857050566367,-0.0122352936848675,-0.0211377231599655,-0.0116188423671951,-0.0207679592215377,-0.0111322370619638,0.00282109029080111,0.0184776218259822
-0.0275350694114513,-0.020744212798772,-0.0176850632846796,-0.0229635401986513,-0.00917044691441001,0.00265573983522447,0.0142085345873826,0.0297917475541995,0.0281184091573928,0.0184734174518523,-0.0247530494578039,-0.0207738321168392,-0.0150402570139895,-0.0127577192178762,-0.00245776269306618,-0.00158015222601503,0.0104519599331092,0.00956621610304162,0.0328417175785491,0.0159830942999857
-0.0283126688514363,-0.0175663210943598,-0.0192685901854551,-0.0224623891243588,-0.00728051706457023,-0.00873036070674859,0.00557102679077753,-0.00274784509442466,0.0222864185259953,0.0224504855892686,-0.0247439022111342,-0.00115716180358795,-0.0211098284921715,0.00167418275863482,-0.0114499028581122,0.00276698355803161,0.00793136720482099,0.0126015777143332,0.0204038351552434,0.0179823133512586
-0.0307787553918929,-0.0135971713344871,-0.0150798413684414,-0.0153753262818965,0.00649730448709549,0.0134955555762206,0.0210402839732261,0.01810310722365,0.0333927475118313,0.0115811165901192,-0.0323560066423386,-0.0127397425706561,-0.0180080048288629,-0.0142735964693413,0.00106157741489443,0.0100412344935271,0.0205316216615388,0.0195695604811703,0.0362370209903425,0.0130082470603134
-0.0296868888105644,-0.017123463607293,-0.0159474675033247,-0.0139089559383745,0.0151276821199258,0.0124414094845814,0.0306227715359182,0.0141812146648457,0.0384677092266431,0.00178574518177274,-0.0334796549757907,-0.0082388670570389,-0.0236237190527157,-0.00489864120827206,0.000926286617181526,0.021250499002881,0.0252102921319845,0.0144379220013587,0.0368692021503133,0.00949151376257488
-0.0371030629292758,-0.0135950595953042,-0.0179679395891292,-0.0193888288834312,-0.0147729876648939,-0.0193727788994533,-0.00316885607204061,0.00618800882386167,0.0182397320021603,0.0165790529031345,-0.0325157680120689,-0.0106471213898276,-0.0193478677156639,-0.0128412042196626,-0.00880790740658905,0.005701934908422,0.0025507500954623,0.0205608900645661,0.0236870090207612,0.0171995087993171
-0.0399176758060474,-0.0178141963134711,-0.0259848117045295,-0.0267727566448131,-0.00794728640051766,-0.0155310980134307,0.00606968731966755,-0.0159653336328531,0.0168209572699606,-0.00646097359253186,-0.0356790289211761,0.000371938780476714,-0.0201719781312556,0.0072462126766095,-0.0108318263970385,0.00914479455237726,0.00619067553934448,0.0194102517033152,0.0251801080259395,0.0201123187555935
-0.036889428982125,-0.012855779177191,-0.0156700672959641,-0.0219309579966582,-0.00124506675206357,-0.0189607566034613,0.0133741272114899,0.0193013328206267,0.0196831948635135,0.0191057735190686,-0.0334502818830407,-0.0033636179011311,-0.0123182469752717,3.26259929052806e-05,0.000795856958451192,0.00719978922354825,0.0115297017364035,0.0234731672815261,0.0243946374285079,0.0174958286712666
-0.0387020784193253,-0.0145712098919139,-0.0195013674663097,-0.0206380193880115,-0.0164266481192375,-0.0230791051148344,-0.00261878099810732,0.00654596451108,0.022689191059546,0.0132523996005381,-0.0335118542168673,-0.013434665118186,-0.0140668954054556,-0.0164322166893468,-0.00832101471468021,-0.00940276915719426,0.00572856295737595,0.0166858394062738,0.0257443735444409,0.016990243494803
-0.0343490904227068,-0.0197047015799044,-0.0228061112275184,-0.0257620259372871,-0.00945849647350886,-0.0140598272283925,0.00708848628229161,0.0121087056752419,0.0177981806964646,0.0209829575729442,-0.0318145959854868,-0.0146878446187604,-0.0200797334451665,-0.019863878718948,-0.00784716352655892,-0.00860506883920104,0.0115907380300524,0.0164196678300532,0.0237305444490502,0.0179117608434513
-0.0373543076141538,-0.0177159219958369,-0.021674854750777,-0.0223892713283242,-0.00347294427289281,-0.0148823639086546,0.0153714819373574,0.0168421816409979,0.0288106594126913,0.0170614227967111,-0.0286121190026554,-0.00783972795087863,-0.0111109901365602,-0.00851768360690205,0.00590356266964984,0.0200906269390937,0.00925948758279142,0.0251409016008648,0.0182782280446933,0.0165907012030654
-0.0377147237825031,-0.0140306842247246,-0.0196560527912853,-0.0219413622900631,-0.00254235906990127,-0.0017440989198909,0.0167818613330888,0.022362663691981,0.0268990186119084,0.0137804437285538,-0.0336533764539757,-0.010769367911029,-0.0153675210412628,-0.0163041762639469,-0.00359411014674018,0.00208494100514092,0.0143837424275641,0.0252825955064474,0.0265609810606904,0.0198297971402845
-0.0316980678489418,-0.0145283570203894,-0.01420981705116,-0.0240950596102988,-0.0134441536354771,-0.0243038606369801,0.00434868930651869,0.00989463163748314,0.0195336780143992,0.0230623204615427,-0.0275173575720646,0.00725838247647093,-0.0177529889031805,0.00409335940664743,-0.0124246901435356,-0.0093143412154005,0.00739690481845082,0.015702450884966,0.0231651585923354,0.0297795729826641
-0.0296094954686158,-0.0149380476563124,-0.0154083358618976,-0.0187147238272761,0.0036463271576007,0.00368582343746997,0.0193280586997036,0.0200446351917213,0.0333957391604316,0.00896770331313186,-0.0322615668752126,-0.0085245605057316,-0.0203180738893766,-0.0139773075227369,0.00349451228498438,0.00856615921297492,0.0161967851510149,0.0212746731420096,0.0262163627090102,0.0120098390535914
-0.0313248111299617,-0.016966241788335,-0.0217085750880226,-0.0231571504644546,-0.00489205635365467,-0.00797450988146452,0.012268887591592,0.0243345994840007,0.0309577126256186,0.0163682173562219,-0.0352230196559394,-0.010482911343966,-0.0236595746342683,-0.0203384068347705,-0.0040808594028518,-0.00932240082244553,0.0126153927228972,0.0174554868680639,0.0307171276687779,0.0146008226584301
-0.0382335858793045,-0.0154682412782472,-0.02596138126391,-0.0207510173791021,-0.0111185095025481,-0.00875241668682717,0.00747978259688403,0.0207441581934698,0.022544795658487,0.0199846255038459,-0.0372988330291785,-0.0133379995107969,-0.0209576358972075,-0.0179112232891707,-0.00572096079818491,-0.0019005972934985,0.0107644347257622,0.0190136634489469,0.0296584510694083,0.0173300711915128
-0.0444739304334324,-0.0117093917767105,-0.0288779434171942,-0.0170016309633643,-0.011973427657766,-0.0121061607145774,0.0113170794788588,0.019086590230598,0.0230225035495297,0.019073828189435,-0.0380202253505371,-0.0117717951675863,-0.0227615120945673,-0.0176055935670597,-0.00827973213220883,-0.0154012894163789,0.00962383917422306,0.0173411997780242,0.0245671675439439,0.0164398401981053
-0.0337324713900718,-0.0238155727145798,-0.0255816695564368,-0.0266502733294149,0.000452881073822828,0.00337799978990389,0.0166352215303351,0.023462865379272,0.0234594292188398,0.0199955639519337,-0.0208738078347725,-0.0186409389810679,-0.00930264722022848,-0.0164751896501491,0.00167247255124081,0.0214586089587003,0.0179255527505941,0.0278738312797182,0.0375626770828689,0.0101135495642908
-0.0386393704804828,-0.0148625303039655,-0.0229858704860723,-0.0244349775645166,-0.00281226001841052,-0.0109902024889027,0.0176058654541417,0.0277923689816954,0.0265919945401141,0.0167729239905326,-0.0351804405709596,-0.0122233568095434,-0.0195771608918256,-0.0215756121253032,-0.000990385935658938,-0.00827220628734869,0.0165718986365222,0.027623430325884,0.0306015543431749,0.0166301704937976
-0.0397963795669991,-0.010684229407611,-0.0178286691774182,-0.0203003762407186,-0.00407197065385462,-0.0104630332993044,0.0141284647273132,0.0234145224847166,0.0249352149165688,0.0184527037186068,-0.0373188545742437,-0.0104167822635961,-0.0159807462052218,-0.0204126854269043,-0.000963454719840848,-0.0100722190071181,0.0154477762627148,0.0252300456902928,0.0263987314938878,0.0193442387617794
-0.0405467176207518,-0.0133620721681443,-0.0174469788217302,-0.0262628228456265,-0.0104548893319625,-0.010100518940878,0.00526840423393349,0.0261513549816676,0.0256609246989127,0.0190638495108213,-0.030675101788894,-0.0176961198932761,-0.0129577517414422,-0.0246688488957988,0.00406390426980541,-0.000905973388478713,0.0126992435163463,0.0223628936810202,0.0238719779153407,0.0144168620064977
-0.0382873435578965,-0.0103872883843504,-0.0217660380374736,-0.0196276418387056,-0.00488723597169443,-0.0171866765056894,0.0162046085951529,0.00676902987111419,0.0328004388002536,0.012076859952415,-0.0345066746247503,-0.00176773541269338,-0.0195996215385924,0.000753538775236272,-0.00204595958145404,0.0116989009673063,0.021194011363201,0.0235664059845473,0.0362743081355182,0.0135988092564347
-0.0390662990297777,-0.0109410659200435,-0.0205029976399592,-0.0179447641530117,-0.00649161784281926,-0.0113001909094689,0.0145021830423097,0.0218346364841105,0.0318968721178825,0.0130826625864583,-0.0363553203544362,-0.0108740426881335,-0.017297012569271,-0.016178868408666,-0.00518771454853843,-4.86532305656204e-05,0.0118056662670781,0.0237203993990536,0.0281265626574727,0.015745072114775
-0.0378705312838006,-0.0167851114556677,-0.0233627530502838,-0.0261323769431658,-0.00948312438145948,-0.0103183422400973,0.0126739630440283,0.0273676952246271,0.0287497096146818,0.0158003784625715,-0.0347860537786196,-0.0180941269257537,-0.0184483543497191,-0.0266724802242797,-0.00441023345574364,-0.00853009627516068,0.0151242765088945,0.0272716738819962,0.033893039016067,0.0134586706543275
-0.0326021931465062,-0.0174569728131456,-0.0181296873184845,-0.0223643108076561,-0.00851759876474064,-0.00989911453601428,0.00580787899125869,0.0196426015246965,0.0229419118816788,0.0250337258166142,-0.0349048873062148,-0.0082020490839214,-0.0199826868086346,-0.00347388765750025,-0.00952147959383677,0.0061865954957418,0.00878696393952238,0.026136121178553,0.0266881817449401,0.0249831566373162
-0.0351311922425955,-0.0181650715979552,-0.0228678251071953,-0.0254980635024039,-0.0111502591458389,0.00322547665290772,0.00907303542361466,0.0336285006670556,0.0274986814072441,0.0204877208853591,-0.0354377643009987,-0.00930953724393238,-0.0160611716989456,-0.0137325111978858,0.00673690454424078,0.00951458516140458,0.00791216791977713,0.0195427444743024,0.0207222368856201,0.0205274133073175
-0.0307682361750344,-0.0180783452593365,-0.0222500169431688,-0.0199757814926588,-0.00774133418468502,-0.000943197670348761,0.00867292915649213,0.0240008846112576,0.0227073024048725,0.0161692190157341,-0.0378965818834083,-0.0108271745781244,-0.0239044729734491,-0.0162471233009557,-0.0109838714859489,-0.00691092804718433,0.00668622630193337,0.0235890442692854,0.0247549851873047,0.0189146880875293
-0.0362447760377792,-0.0144040617475577,-0.0180631496301399,-0.0204772180926776,-0.00872818415581808,-0.00971623632007754,0.00955951062425847,0.023291797361057,0.0269602807032566,0.0174359929956171,-0.0343035770454367,-0.0131309152707223,-0.0145809013843697,-0.019411329444759,-0.00522099239023691,-0.00199078374486738,0.0147275421111136,0.02756655474728,0.031167970428675,0.0172498562021069
-0.036219114247992,-0.0126260779001779,-0.0184463535048055,-0.0193601627481665,-0.00454340572102968,-0.013994441841404,0.00640185224213187,0.0179183338882927,0.0225972650761503,0.0135365690580272,-0.0337401877397139,-0.0104780695045025,-0.0163736323835081,-0.0185061147460455,-0.00261828621000593,-0.00773550670737108,0.00694334971292727,0.0214310750034926,0.0243310008670291,0.0164950367285617
-0.0334780591530149,-0.0159132408870839,-0.0173662229465554,-0.0209661953011262,-0.000288775242402877,0.00909816677380555,0.015838327658211,0.0243064425394217,0.03853210822149,0.0144827234897762,-0.0288767245148442,-0.0164873266431966,-0.00972566833442712,-0.0207920077712329,-0.000137512174954321,0.00826994279195404,0.00986069885387101,0.0294470207249377,0.0255081916591977,0.0201884770450488
-0.0410339584866487,-0.0148880504078945,-0.0266070228047832,-0.0218769347063543,-0.00257929651317231,0.00127648620486,0.0147163685988107,0.0296998019579756,0.0317195549723682,0.0193765930191873,-0.0353946858162782,-0.0142069279482876,-0.021298044503005,-0.0146449890092,-0.000365345552618766,0.0118475564640605,0.0173067566935662,0.0278570938214166,0.034456149298777,0.0170839974019136
-0.0369480362759327,-0.0133742019523001,-0.0153926583306619,-0.0271199995174519,-0.00972484053369978,-0.00832338317420838,0.0125525831340599,0.0252216458964902,0.0253612824590054,0.0210545098198515,-0.0305526052084439,-0.0105254620344324,-0.0127631846464615,-0.0201332191769718,-0.00571389928917777,-0.00122286609858804,0.0138225268519074,0.0282423484021476,0.0274752072541513,0.0221375715887911
-0.0382113950604551,-0.017420290790069,-0.0204690819332025,-0.0270034952619701,-0.00623825313599977,-0.00357724630718966,0.0150525167163654,0.0235809640486275,0.0218393174435905,0.0242254894378934,-0.0336323518192282,-0.0147392770984348,-0.0172653422264024,-0.0228974163584906,-0.00159529558275069,-0.000805237871518108,0.0178878071366149,0.0270100898980463,0.0273830373717554,0.0227602840952771
-0.0314031513419174,-0.0202586913791972,-0.0163295110023938,-0.0290018949041352,-0.00699667555194277,-0.000711055314124665,0.0115078644037728,0.0299145154447126,0.0245605043224657,0.0230456851975157,-0.0295077260768278,-0.0119804822917235,-0.0159256045599031,-0.0174638806529134,-0.00537504385366059,0.00476162888414168,0.01395670419866,0.0293671194459987,0.0281687263108528,0.0201225731888703
-0.0393043271610832,-0.0105167373941185,-0.0328494024979421,-0.0127374369167322,-0.0186689821498332,-0.00811964330075313,0.00565913406372634,0.0273221405006765,0.0109882949028175,0.0252428703717267,-0.0387543602832191,-0.0154016748485817,-0.0272220356663295,-0.0228201136685158,-0.0094973429409276,-0.00282273595251898,0.0158730437801682,0.0320263456763286,0.0234762323104209,0.0268886272312832
-0.0378882880278028,-0.0241373682260001,-0.0211026845013369,-0.0278022554465388,-0.00272441678107035,0.00653141476695382,0.0170843795969566,0.0296260183742862,0.0333631372134368,0.0111419511821273,-0.0380290169819263,-0.0227847303090265,-0.0194585931582799,-0.0272397694682643,0.000191231603783674,0.00871744398515322,0.0196410938403138,0.0288541550435268,0.0367211542120895,0.0114370286150097
-0.0411351524522353,-0.0160838425312733,-0.0214257394590058,-0.0280680901348762,-0.00424874013412001,-0.0102330205814639,0.019061231046375,0.0269957368998881,0.0268283242752417,0.0227992394863201,-0.0357218489162148,-0.0198212111207381,-0.017256807304248,-0.0235465975421684,-0.00203249280515929,-0.00592849740303034,0.0182965712480174,0.0261774370696472,0.0285729052946853,0.0200633567185687
-0.0391661980110234,-0.0190479307898699,-0.0239429586283778,-0.027545550510136,-0.0103459737028904,-0.00126139282898642,0.0117820054124236,0.032254060973722,0.0273106248043919,0.0261196647404927,-0.0313202972777078,-0.0145060341144836,-0.0157569097653303,-0.0213690935138271,0.00990976044806598,0.00491499354750123,0.0158958300107538,0.0260408715215207,0.0274759749679358,0.0168110698667697
-0.0427872174704454,-0.0129362936114567,-0.0247472681624065,-0.0272613101261515,-0.0113201360580819,-0.0134485479252236,0.01038634778312,0.0280826421335891,0.0262035316194135,0.0198441852796694,-0.0377037936763921,-0.0104320922328872,-0.022606327546469,-0.0237684458902278,-0.00839026059021092,-0.0108328807246888,0.0127443887237698,0.0266361674230885,0.0278809160025399,0.0185744873361737
-0.0442206909743377,-0.0205656737397799,-0.0221531792410212,-0.0290871143150238,-0.00401251727120372,0.0100739062060173,0.0173087639343312,0.0253795955861909,0.0385021621066945,0.0174144401148038,-0.0330123270019247,-0.0136555046783567,-0.0195518754159517,-0.0254484889471554,-0.00120090821161804,-0.00900701839595863,0.0132645341813305,0.0271591918438456,0.025268577432954,0.0206316912283785
-0.0395209678719496,-0.0107233112927587,-0.0202216583945697,-0.0233379502979243,-0.00523025482008754,-0.0238015712880827,0.0176398658056501,0.0171453378817098,0.0281165646813113,0.022725242980894,-0.0372089856996626,-0.0160639220501989,-0.0160384003208287,-0.0265174721056388,-0.00256608243218458,-0.0166086599850148,0.0201817253856423,0.0214104038886162,0.0303594276236147,0.019517784687798
-0.0414667937782407,-0.0179394446758663,-0.0269204572819003,-0.0307764171615916,-0.00764309953630165,-0.0126947832894944,0.0119994805939616,0.0294807391759942,0.0285060300231302,0.019990565479535,-0.0383868544567271,-0.0142877776623428,-0.0265733768502372,-0.030950634977225,-0.00616761525327476,-0.0144000463170808,0.0112121484937362,0.0281953522139481,0.0318192889989365,0.0163896610776222
-0.0448333095627979,-0.0134235431955484,-0.0302659223525421,-0.0245512054914055,-0.0111943989976906,-0.0210183972301527,0.0142875593675978,0.0228242126377494,0.0288484399163126,0.018318379339988,-0.0351119331149865,-0.0198934181745095,-0.018773260773553,-0.0254564160437326,0.00259228429420352,-0.00284163988839267,0.0216435924165162,0.0281048559551401,0.0391877142028712,0.0120493503855964
-0.0387138026245258,-0.0123157665053928,-0.0154673837550635,-0.0257200724875528,-0.00711228929923351,-0.0189135172091575,0.0141080148963738,0.0189330929338371,0.0240945852512545,0.0230300496146345,-0.0370307491577015,-0.0127180201357286,-0.0158005290655454,-0.0239200586827642,-0.00555487742367841,-0.0155893764683341,0.0145010930188445,0.0260048949021847,0.0294427152495677,0.0201565583748136
-0.0406948770215861,-0.0166639169109427,-0.0238395857609557,-0.0264640747201618,-0.00915372809333585,-0.0126370647729561,0.00844708930853385,0.0263730532038434,0.0249037489676701,0.0187323100195651,-0.0369176020937854,-0.0167332313136921,-0.0235868108944265,-0.0271158764492414,-0.00777331489115481,-0.0136647137260062,0.00911376211013729,0.0273449608812291,0.0272527407487405,0.0196561876300256
-0.041447750274742,-0.0104350287043993,-0.0212066104143111,-0.0263192599100214,-0.00825822122238541,-0.00769960374000919,0.0143286071734866,0.0289536401124911,0.0208951646531109,0.0258884246222869,-0.0384386502288752,-0.00413862571978396,-0.0234746780867415,-0.0194465758791485,-0.00512616312764097,-0.0198507787821519,0.0176361024788156,0.00837534446479377,0.0273942979940174,0.0294698732990767
-0.0361629946202888,-0.019741578681981,-0.0216890237429249,-0.029209217070779,-0.00399683697454818,-0.00117678437486802,0.015017408829958,0.0269931171419205,0.0292760487066963,0.019547037670462,-0.0352667622122431,-0.0211786759696604,-0.0189939310970579,-0.0261958273735858,0.000447738437687477,0.00464175447353859,0.0176836181505062,0.0270042038596361,0.0331131177873494,0.0159929343808489
-0.0408983727173762,-0.0161597241751803,-0.0199800865864867,-0.0295001595932971,-0.0086921760132951,-0.0115975775858079,0.00209033011500285,0.0302703240768213,0.0282918288104234,0.0213951429026155,-0.0400932571434806,-0.0171622570580165,-0.0192949042082402,-0.0287906085840647,-0.00599170641303851,-0.0131658912728694,0.0175398179294005,0.0281795506138582,0.0315380257026604,0.0167973746691966
-0.0246958510059705,-0.0302977310678789,-0.0163583760312885,-0.0258433277148702,0.005822631073844,0.00858222262054728,0.0192343075716264,0.0299644081513189,0.0280587691944136,0.0232605815562224,-0.0277425896638813,-0.0227398281081617,-0.0165335918034109,-0.0224991515401528,0.0062351577567142,0.00717885518332849,0.0154641487265345,0.0307517634338785,0.0283208607040173,0.0217655687494056
-0.0388017150877464,-0.013475197928597,-0.0187101405102718,-0.0238401196595594,0.00486353691189227,-0.00191312072322227,0.0191480267988735,0.0281493587289396,0.0289552198966163,0.0207167814206468,-0.0368875898751441,-0.0101873833876362,-0.0174679368727571,-0.0263128010262457,0.00209275044456368,-0.0022186322348444,0.0134266725298698,0.0271960780242958,0.0275261093787904,0.0166492040925965
-0.0323003818826755,-0.0203163363816529,-0.0207944852094257,-0.0321727039389728,-0.0109634447427918,-0.0144034193726166,0.0104133857820051,0.0279999779770921,0.0266023341531802,0.0212636981973058,-0.0355445851736701,-0.0183505062767257,-0.0217199331056209,-0.0318370396778443,-0.0119233428399239,-0.0141123614546882,0.00813991054874789,0.0238357117177424,0.026202743518577,0.0195125769381874
-0.0389664255904264,-0.0164178885802883,-0.0239097328818129,-0.0266831490385645,-0.00503998699920682,-0.00323485339464078,0.0167928024595198,0.0338214304578061,0.0315186218379304,0.0182590748746876,-0.0399408756684989,-0.0160380675834389,-0.0238527668270855,-0.0293194250669457,-0.00152670856726647,-0.00622637073630909,0.0140987470138715,0.0331297596753005,0.035176156394521,0.017770971650884
-0.0338197350755977,-0.0146363579463705,-0.0195800909624244,-0.0252221650532192,-0.00623671544840017,-0.0102091542255811,0.0162454473769216,0.0282544833067344,0.0249564321360562,0.0240076264060615,-0.0351291217153782,-0.00837222449281201,-0.0193254320227243,-0.0219041979627109,-0.00744304629593595,-0.0178783794720261,0.0141203488155566,0.0245329063278587,0.0265395700764334,0.0231987633109178
-0.0341955785330973,-0.0165627388014876,-0.0140888407694873,-0.025961669975604,0.00281757623297912,0.00905518415498466,0.0172777374332898,0.0332500114455074,0.0294721369094375,0.0147349679510178,-0.0336171068681629,-0.0130018400981102,-0.0100635386064426,-0.02526792788594,0.00414987085985815,0.00862255746968828,0.0175554753628485,0.0334170344368955,0.0314336082967681,0.0169904650682195
-0.0336977973393109,-0.0160466226703673,-0.0145041441390163,-0.0256586622983344,0.00425373007818053,-0.00348746679184058,0.0187283110480642,0.0278939813445492,0.0235459079384694,0.0234760738987088,-0.035188114124003,-0.012342729878994,-0.0147051157974657,-0.0242686923558246,0.00374344455714884,-0.00678399713606095,0.0169446739916626,0.0292019799410756,0.0253611299514153,0.0223590294044551
-0.0394600221153371,-0.0192252286305064,-0.0169472038311345,-0.0320029868812612,0.00164669518767387,-0.00734513400946132,0.0137626053532175,0.0263119173394638,0.0247495817041672,0.0259424433840547,-0.0332666065663576,-0.01411128633206,-0.0142988602487667,-0.0267950350821892,0.0048590465643409,-0.0107863908453532,0.0177037743358982,0.0189069263656343,0.0279008175436212,0.0172693746310669
-0.0425192294743982,-0.0117362932416903,-0.0250328957347497,-0.0230325620827169,-0.0027153068274662,-0.0164885087795469,0.0165036396677127,0.0189668075503955,0.0265502246131996,0.0271738228627112,-0.038692225220864,-0.0100204379280894,-0.0222769181234175,-0.0234522363960115,-0.00150552443811268,-0.0152338473554562,0.0157412648777136,0.0211886479944604,0.0306047708085068,0.0172831184905832
-0.0387502178048107,-0.0163033553398011,-0.0267232239285846,-0.0266230855221815,-0.00625511925914073,-0.0148333672120547,0.0132002819031881,0.0273492612234652,0.0221540400297832,0.0275884064911163,-0.0380777421914683,-0.0142832133129825,-0.0264080415811447,-0.0263515863808492,-0.00701324701029874,-0.0174909424779989,0.0125944634082822,0.0257669520878382,0.025861065768992,0.0234728847270402
-0.024332378253066,-0.0233562703586544,-0.00495017609195673,-0.03455241472199,0.018058721254517,0.0137907689752808,0.0242609680961354,0.0259786413920212,0.0254333993818431,0.0283750622894066,-0.0401899271694485,0.000259077138878615,-0.0275523425397098,-0.0172655292453869,-0.00424662123258751,-0.0321601784813618,0.0178617561836379,0.0233182366040615,0.0168338546913556,0.0292537875997699
-0.031053852443558,-0.0260300959426654,-0.0223523521875318,-0.0331498689654157,-0.00816679466902249,-0.00256512380549949,0.0149280710978969,0.0324850595160308,0.0291629563904214,0.0249459829453026,-0.0319662483485668,-0.0211396728794624,-0.0171078770022419,-0.0352383934338017,-0.000858744198178973,-0.00560188839848496,0.0100946768005742,0.0338116342241095,0.0254411300058017,0.0207087202602653
-0.0308169275132216,-0.0222029757800726,-0.0240781857691881,-0.0305905685403501,-0.00903307564411363,-0.0180854614500879,0.00582158720062481,0.0304097608833497,0.018457419052599,0.0278151304999557,-0.0290226762084653,-0.0217389898128831,-0.0201289133771223,-0.0297621635285546,-0.00654764299180037,-0.0122537863066439,0.0104424158748059,0.0294844490014231,0.0244286222038155,0.0251723129349141
-0.0344725818897797,-0.0151159602121227,-0.0210557985330135,-0.0296003896520331,-0.00630747121327751,-0.0201520689747643,0.0134144325040377,0.0264804541429118,0.0260287000725629,0.0194709482176481,-0.0342750995319941,-0.0152385319473859,-0.0206395161360553,-0.0309668117140166,-0.00881978300443134,-0.0266810697044897,0.0136429644295278,0.0193784957091275,0.0240688340868036,0.0241910256223104
-0.0353743016588009,-0.0226103573399426,-0.0245823933480437,-0.0267654264131215,-0.00290564198764682,-0.00549852471434158,0.0171226724660412,0.028877186736354,0.0253225322048211,0.0242149011615922,-0.0342518221037489,-0.0169742341244207,-0.0180512437244484,-0.0255147692287188,0.00286165430074605,-0.00465913328775139,0.0126851394715854,0.0285947824710125,0.0285785742203497,0.0158437448662809
-0.0316241892923468,-0.0189137979315937,-0.0149487808031197,-0.0291115274403978,-0.00429856083627619,-0.00779894305922684,0.0129881236611006,0.0215410067968878,0.0235748970487466,0.0191512416973667,-0.0344929042464179,-0.0142217553658978,-0.0234690834869209,-0.0280082623828451,-0.011402554795488,-0.0172551774407151,0.0107443093301166,0.0248176365946296,0.0175065095399772,0.0309636624594653
-0.0384406722933671,-0.0182287989105737,-0.0192774781489304,-0.027875645655742,-0.00935677227531233,-0.0256515117195776,0.00881144829151413,0.0208181929461436,0.0246632363757667,0.0267652521520666,-0.0333789657933913,-0.0198768219363232,-0.0157254791026976,-0.0287753107061773,-0.00711080049393377,-0.0153873586633864,0.0125717579270166,0.0275237486509802,0.0304088849239851,0.0223439664358875
-0.037446579288245,-0.0201309825928954,-0.0230077677015271,-0.0334235738115134,-0.00707270851826973,-0.0171656229654867,0.0151200671682005,0.0232543799685724,0.0270535132075128,0.0222154104586918,-0.0367423436868542,-0.0168140906197453,-0.0217580571757538,-0.031795004122288,-0.0074560657658742,-0.0140876449366679,0.0148370178249725,0.025985914827395,0.0290344597875968,0.0220833645298232
-0.0370040052173488,-0.0201490006786834,-0.0233837094010054,-0.0325518861815481,-0.008443173399738,-0.0231077153929326,0.0116537231294217,0.0201806627582376,0.024913569606369,0.0248462491647495,-0.0365761997834432,-0.0180065849899125,-0.0222798979117551,-0.032062795415152,-0.00885075502129532,-0.0238130058474337,0.0128742778941894,0.0201413994267072,0.0287788620254892,0.023143353014748
-0.0371364398390623,-0.0178854638709195,-0.0199070136077639,-0.030939274008837,-0.00662603775855389,-0.0148150871353493,0.0121729124403309,0.031084983043636,0.027111795182839,0.0216893884843929,-0.0352853275309159,-0.0148922313491774,-0.0196660839894409,-0.0306370920600714,-0.00851035095695464,-0.0190799618406535,0.0130222766947394,0.0265028543953356,0.0265397746375364,0.025047599074924
-0.0401692353759547,-0.0173297225839166,-0.0226011393486431,-0.0325436771839153,-0.00700602002371459,-0.0168475590530984,0.0104707573122404,0.0203991883406251,0.0265138630785003,0.0290538541557022,-0.0379584179134166,-0.0190326944820523,-0.0185547325201837,-0.0314171908614971,-0.00516956910664418,-0.0141381292048908,0.0132554622770027,0.0243865556133763,0.0317449274751232,0.0238388354846485
-0.040715867352032,-0.0200108410250919,-0.02431369987795,-0.0276893757955251,-0.00399920512565046,-0.00457158476652762,0.0131139731486454,0.029720075103145,0.0266288057903344,0.0216066278360798,-0.0433873820470253,-0.0180263717002956,-0.0242126558596161,-0.026729065266179,-0.0051261343468265,-0.00830945331553982,0.011919291051561,0.0315686349958894,0.0273727845163905,0.0236465419144937
-0.0404481592819538,-0.0206349866569265,-0.0247758566148944,-0.035312127252744,-0.00944378770753017,-0.0198128915904853,0.012634956396627,0.0231856355795197,0.0265748843402783,0.0211365145248199,-0.0396934045148041,-0.0200183723949202,-0.0217438505112918,-0.0339587599747753,-0.00845685664414652,-0.0179780753230899,0.0128727132446732,0.0247955953087756,0.0302357522200739,0.0233829608387678
-0.0397340480711049,-0.0182228586489122,-0.0258675325629971,-0.0286954784170044,-0.00380615129164333,-0.0139537337760693,0.0185497398205007,0.0262510267275545,0.0255489996765058,0.0281682270961116,-0.0384892481586745,-0.0193057720865154,-0.0220018751536271,-0.0291561629809069,0.00271132180206264,-0.0107147456551679,0.0216251940525422,0.0298715136933709,0.0328016895842493,0.0222340565421295
-0.0308038076897988,-0.0227103305350429,-0.016605114612325,-0.024918576777999,0.00248473100350804,0.0111510821578633,0.0193523390554066,0.0397426967655761,0.0217387292488125,0.0371853285041228,-0.0360836001444465,-0.0291585476930634,-0.0181942594146071,-0.0361746665387218,-0.00632740483705702,-0.0278122399674369,0.0132393832067061,0.0161712597991644,0.020617978847705,0.026703998204954
-0.0338187668871985,-0.0176568137040441,-0.0193489706992352,-0.03114440381903,-0.00386525586533046,-0.0152905636089223,0.013213680753616,0.0291426679045294,0.0332627388619345,0.0210900843873789,-0.0365075183013529,-0.0152143418719535,-0.0210371056244668,-0.0299108660602985,-0.00671843001285468,-0.00866480890718907,0.00783228548797518,0.0307536926558176,0.0320210580275537,0.0186982947156688
-0.0396722120981712,-0.0199633334399348,-0.024128444609146,-0.0265961386418581,-0.00525169191420047,-0.0107643867149429,0.0109747390297086,0.0248072909340543,0.0244264800393727,0.0261034697949017,-0.0412822482452417,-0.0165745985121771,-0.0260000451783863,-0.0285809857179175,-0.0078792164599994,-0.0169178419593633,0.00986194197729616,0.0227164317780269,0.0252609506492449,0.0247100934574881
-0.0361525020576909,-0.0140122645797768,-0.0160330508650422,-0.0271102159654054,-0.00308192860561168,-0.00482351795661145,0.0130756745882143,0.0310927094815759,0.0255413153547879,0.0221072131002022,-0.0365466825208232,-0.0124695325342906,-0.0230332416037379,-0.0267804713235787,-0.00838339874726011,-0.0230533088776504,0.0138743059052831,0.0146924773570538,0.0200589122861819,0.0258747120330114
-0.0362675806915632,-0.0163198477344466,-0.0179623611371282,-0.0247481762335235,-0.000489249440800752,-0.00271888668335588,0.0176497684849732,0.0287148459187704,0.0325740547350243,0.0156682247052445,-0.0376466199029046,-0.0158603400693842,-0.0169455696050727,-0.0246239231447585,-0.00184060612394785,-0.00219378976333383,0.0159711999904943,0.0296165797106786,0.0325368212251754,0.0191368350045668
-0.0396856100571944,-0.0185450457055128,-0.0169796265462143,-0.0288984715206505,-0.00133556868410623,-0.000266295940428785,0.016960929196264,0.0270375137890817,0.0259265534002092,0.0240009002622749,-0.0383267557559192,-0.02201501445825,-0.0159722761317574,-0.0284701348864114,-0.00298829260015698,-6.44630039688317e-05,0.0182604387273668,0.0256943334836003,0.0268780214909901,0.0258631807040018
-0.0380288144538883,-0.0194902516788916,-0.0194465824828808,-0.0258805742185126,0.00124144148142689,-0.00159551865349319,0.014649563940256,0.0306546941927713,0.0299611757113824,0.0125608395278636,-0.0388931647231596,-0.0178941830335333,-0.0187795492608989,-0.0274956080165409,2.96264658739236e-05,-0.00975168476592791,0.0155527470704371,0.0307622484007577,0.0307933369258318,0.020710031769536
-0.0332946900135611,-0.0194359545926396,-0.00997165698621225,-0.0262946976992685,0.00492449935532368,0.000312252137907269,0.0186346873525454,0.0254224419752335,0.0301440348376821,0.0191731602153578,-0.0363713378302112,-0.0192240433906095,-0.0106813182174976,-0.0261635994358662,0.00411424079647248,0.00241067189132122,0.0207289968614489,0.0314244095506004,0.0349255925199702,0.0200552820239569
-0.0418711532745229,-0.0170828015599674,-0.0242626720418082,-0.0259391833351229,-0.00996299665807142,-0.0205627772793551,0.00603651629645227,0.0158290106437813,0.0223812080779533,0.0224853392721414,-0.0409263293681157,-0.0174779434214473,-0.021449017137853,-0.0273478849568035,-0.00750386608708893,-0.0181586574119228,0.0108807952660983,0.0209698346964813,0.0309334241294176,0.020752696711728
-0.0346632822532869,-0.0174007172112981,-0.0169509938957194,-0.0286974821280193,-0.000384124180714739,-0.00569959276483444,0.0188467298846388,0.030686912334495,0.0316478422610106,0.0130463258195104,-0.0340796110594176,-0.0157142804178893,-0.0159817772971613,-0.0284463826395847,-0.00324215608121298,-0.0205521806919697,0.0172970837813979,0.0260827689885509,0.0299985151301722,0.0235675614760159
-0.0433352150320152,-0.0142084382936899,-0.021669499151876,-0.0286594972402501,-0.0105883410238042,-0.0192767891018745,0.00414631727789517,0.021164939445536,0.0233116996675369,0.020354149531281,-0.0377373995115563,-0.0138594846644177,-0.0156630891936939,-0.0279063629509988,-0.00649501336322129,-0.0142045469578092,0.00932100460444792,0.025304006278019,0.0318072790176049,0.0208497789246173
-0.0310046764727729,-0.0216869385955196,-0.0162180475174052,-0.0292160709767038,3.05599435580117e-05,-0.00698474682694532,0.0169603873744858,0.0288159306536517,0.0308762965836548,0.0123689916194756,-0.0341423609259786,-0.0151840172701102,-0.0142930083458556,-0.0282357946659059,0.00318833535695757,-0.0102396156329872,0.0191711102205878,0.0287949773219821,0.0323208358340128,0.0218039124301603
-0.0341310356532272,-0.0181030509440346,-0.015102983288451,-0.0274309237567807,0.00120675132037966,-0.0053279634659131,0.0159129341165948,0.0311788957118179,0.0282424882584324,0.0227674115901057,-0.0265757730672782,-0.0234238962884663,-0.00338175522306142,-0.00729939086278168,0.0169182630428684,0.0348095902490719,0.041353299991403,0.0138665403311435,0.0400800641979964,0.0164945500101944
-0.0296248461797791,-0.0209924825174476,-0.0183931123757032,-0.0284429220348402,-0.00728792529937696,-0.0142597363671169,0.00888029026109716,0.0279380847239344,0.0246086846559451,0.0220928279849188,-0.0327244242030284,-0.0150289811961758,-0.0211391561392113,-0.0250123457067403,-0.000455290653010369,-0.00857709642836778,0.0111516101973774,0.0285913907613475,0.0297757200197004,0.0221660037883281
-0.041331198667622,-0.0197636914319604,-0.00873152961487451,-0.0341865408666151,0.0143964228686988,0.00782579633866175,0.0217918627982276,0.0261484824000907,0.0292839913209387,0.020932034377104,-0.0289196849909089,0.00745384236721865,-0.0157015538696991,0.0235757581079219,-0.00237517577475941,0.0319344044826125,0.00857699587528249,0.030870123041025,0.0210212124844556,0.0234519268044313
-0.0414428545657405,-0.0178941021622795,-0.0232213691289063,-0.0272957996746758,0.00462220271097832,0.000882344476525595,0.0177900342152941,0.0280997731695315,0.0240447269922645,0.027441859602334,-0.0308460602299662,0.00362590037517626,-0.0104671406553988,0.0219848184492036,0.00372710267731801,0.0282198207718256,0.011953775329333,0.0282801071053703,0.0210544535054022,0.0202119588494584
-0.0396559744098542,-0.0223922837238403,-0.0180768876257634,-0.0313705440206633,0.000683262910125056,0.00511051999522209,0.0120148464158068,0.0339532557544324,0.0267554519575481,0.0275457699263959,-0.0347594842417345,0.00316628216600047,-0.0171396414565792,0.0164171813526236,-0.0022309659886384,0.0288022485692091,0.00992500084110228,0.0257076392303036,0.0236208469621376,0.02131521674048
-0.037169025675349,-0.0233555316328847,-0.0152109372676984,-0.0325318374926582,0.00432525541665832,0.00010056702574046,0.0180257522275215,0.0289786873022876,0.0213013885192528,0.0266337775998783,-0.030051070710206,-0.0071666202918238,-0.00917853478741667,0.0123707152020333,2.9409593025714e-05,0.0205743986386103,0.0111147781718241,0.0195176700513213,0.0238347833489685,0.017087516976918
-0.0354180078784083,-0.0231745937704618,-0.0204288197908043,-0.0311964468487412,-0.00437841812532238,-0.0101106011394267,0.020750769679528,0.013102889850935,0.0307318299379,0.0181879855179368,-0.0300414292561166,0.00458389694264393,-0.0120415459978939,0.0229652926098759,0.000282831082749097,0.0324893278887537,0.0138468917966996,0.0321947868739081,0.0252352113060042,0.0246011640450811
-0.0383842208907951,-0.0196091682578118,-0.0195324928822103,-0.0324199419297693,0.00163394182663207,-0.00187741837307894,0.0160656335768572,0.0247664170311566,0.0247678992242113,0.0230498473080758,-0.0352689588986722,-0.0076703257674735,-0.0176648532775881,0.0128452889699727,0.00214768923208205,0.0295624892940617,0.0133708131493306,0.0251076776762441,0.0262211323812837,0.0166153263081409
-0.0461189818407003,-0.0178253407675802,-0.0311201135140871,-0.0298838926621218,-0.00386222969721101,0.00371702191023196,0.0100369043786683,0.0318300013096358,0.0300503253642428,0.0238370479276927,-0.0340285581073154,-0.0139359522227605,-0.0198914808970755,-0.0268484539490346,-0.00358371149456611,0.0033305984024903,0.0112678723548309,0.0275113686738641,0.0340200710722204,0.0171999841463487
-0.0433371016938401,-0.0245603170568537,-0.0261816452717833,-0.0294684094130257,0.005542542513861,0.00764531110122258,0.0155539913468063,0.026082005220607,0.026816180663609,0.0229508479248206,-0.033800554737998,-0.0136165481097218,-0.0166107635184694,-0.0155853914412843,0.00615781926002701,0.0221308078114309,0.0170487741247755,0.0243930574461394,0.0230454653867572,0.0191297477847858
-0.0409152566079992,-0.0251414405807841,-0.0207094371695135,-0.0323306125903645,0.00281301990989086,0.00852078718384066,0.0187842791223636,0.0299333540790415,0.0395498813491694,0.0153116589365458,-0.0346696478911322,-0.0132252817976379,-0.0146064383452404,-0.0193510437654838,0.00941596502761365,0.0179449290150554,0.0143679446993456,0.0288054604883418,0.0241539086779329,0.0211020788122201
-0.0411891434208585,-0.0237711425850564,-0.0246921729347036,-0.0347352534943234,-0.00196521123884553,-0.00466241001209731,0.013339715934279,0.0330469487544423,0.0269384048534498,0.0268100278104861,-0.0345585652185141,-0.0125249218287129,-0.011903342427119,-0.0196501120508783,0.0116208265718158,0.014735136551592,0.0163495467015626,0.0297383245128981,0.0318922767121295,0.0154666497866079
-0.0288641823428542,-0.0228219962693013,-0.013514316311264,-0.0277525612220202,-0.0068645595731562,-0.00460340151989165,0.0113893605782127,0.0244527969472381,0.0250043548947216,0.0324794091883563,-0.0241084578282774,0.00177829882419787,0.00616839948118617,0.0350179569739105,0.0135509447257718,0.0270192387540057,0.0209798186524471,0.0228373585678031,0.0320028683999898,0.0138118149108852
-0.0379191846588668,-0.0128547156217367,-0.0241514865303904,-0.0232173487908058,-0.0117623857109541,-0.0266952142480159,0.00364746329239733,-0.0126526935761654,0.0249371245548852,0.00475318427736123,-0.0334115598458028,0.00530758347892528,-0.0132009556153837,0.0183734809628182,0.0125057331491194,0.0270920981213576,0.028376305937783,0.0229958969996911,0.0410177810510095,0.0093611027267084
-0.0411568004362563,-0.0132291962677456,-0.0242146363425047,-0.0219534552925936,-0.00829556245535906,-0.0238815470365316,0.0104711885293496,-0.00887035216051986,0.0281539029042272,0.00346680230842616,-0.035985607535342,0.00266374156748855,-0.0181974835492347,0.0139981561428295,0.00138285869051617,0.0215666689135079,0.0164529744375402,0.0223703202907052,0.0297333878721058,0.0195355181570637
-0.0396999240808594,-0.0140146282220233,-0.0250021297986385,-0.0215854759502065,-0.00634229885171307,-0.0272169538661043,0.0074951806619311,-0.0201104157500206,0.0287758526471114,-0.0080866538171261,-0.0289886017125155,0.00626052260132813,-0.00633934385848464,0.0208170486293971,0.00351202492373101,0.028716350819003,0.0199219319783223,0.0272312598902413,0.0357319602943924,0.0155891158898454
-0.0421961890842952,-0.0127586924946694,-0.0273737170701458,-0.0226846282363505,-0.0106405495567636,-0.025127540786466,0.00751983454323504,-0.0111679471135904,0.0253831586912778,-0.00179860325309691,-0.0340672792635256,0.0071797627384437,-0.0169655266692585,0.0212925121280527,-0.00326401645425383,0.032560486902845,0.0121320169092327,0.0338718941656626,0.0264148293870553,0.0259885041756336
-0.0392225453611422,-0.0154079337303252,-0.0250338644999766,-0.0233224852866582,-0.00632671035508422,-0.0279523651534589,0.0139239772896463,-0.0186030747087203,0.0299923044722048,-0.00813497813814371,-0.0356212533936326,0.00831172458492206,-0.0181150572334349,0.0269021373773083,-0.000863709591717592,0.0360850198389738,0.0132183046073922,0.0345733946715744,0.026785735538314,0.0239053951491776
-0.0393931096045348,-0.0145606364238428,-0.0231463798581976,-0.0240220836364074,-0.00822670512532266,-0.028298862742628,0.00962729496733382,-0.0162267890540909,0.0265952353612282,-0.0021179031507626,-0.0329463701358776,0.0097726272105666,-0.0123477250000341,0.0273833101293998,0.00359268474479877,0.0315197584167593,0.0177126565325488,0.0279450170108904,0.0293034204235609,0.0171068855825287
-0.0445615732146666,-0.0109921508884074,-0.0295860727767478,-0.0234480927207901,-0.013005858428421,-0.0284394617094348,0.00460478934945739,-0.0254357778683938,0.0283977147491185,-0.0162997010561949,-0.0327489943533239,0.00918389314045049,-0.0132557152193645,0.0290721742410977,0.00589453869881824,0.0341139074267927,0.0215748410356262,0.0304051127690888,0.0392287465830912,0.0134106162212756
-0.0399597189646849,-0.010954258983214,-0.0258029309818447,-0.0245161310163241,-0.0111286110381123,-0.0295739780213474,0.0066725876864303,-0.0273312927424765,0.0282447950547617,-0.0123449848242982,-0.030818296715112,0.0170554650411243,-0.0149445869589587,0.0295109061161116,0.00706696160894613,0.033347174547533,0.0249668352071261,0.0268801362542694,0.0397470046286506,0.0124348578425027
-0.0388714578431707,-0.0139166912536438,-0.0260552779349796,-0.0244107281670769,-0.00945123538532142,-0.0299901369877669,0.0104459067588102,-0.0243185295466411,0.0346447933523041,-0.0106854957009895,-0.0298571116348634,0.0178418921226539,-0.00613201053884691,0.0337538196272554,0.0128203444270594,0.0339745613714763,0.030190135719133,0.0210479858466337,0.0403623090484002,0.0108226888389378
-0.0421138026353746,-0.0149084051862649,-0.0257943538732229,-0.0222146817240767,-0.00924032410399286,-0.0282899422792275,0.010732272387639,-0.0228330177796121,0.0293418000830701,-0.00832602708685494,-0.0373146943783855,0.0117143647280929,-0.0194755648803311,0.0292417849347666,-0.0034889599615179,0.0341229803621749,0.0104335410282457,0.0340438463266932,0.0268219030346229,0.022741340835451
-0.0409248185182041,-0.0213018642343243,-0.0248075280017756,-0.0298362492488847,-0.0125530641817184,-0.032839870447299,0.00969417244836611,-0.0220251818126864,0.0280351710974648,-0.00774229194362613,-0.0317787302394332,0.010391906428751,-0.0108351772908614,0.0312481785820653,0.00657462040197306,0.0345382330847398,0.0208533546124465,0.0254913838420784,0.0374351450285502,0.00776144252235253
