u1_1,u1_2,u1_3,u1_4,u1_5,u1_6,u1_7,u1_8,u1_9,u1_10,u2_1,u2_2,u2_3,u2_4,u2_5,u2_6,u2_7,u2_8,u2_9,u2_10
0.0163919468272543,-0.0206787797698388,0.0275842030770826,-0.0258409622301916,0.0305742718534271,-0.028726373058772,0.0542875886491141,-0.0150026842651175,0.0772437760848009,-0.00774720924351728,0.0582601074575556,0.0172787564049632,0.0677513424719534,0.0294435581218871,0.0720716468514681,0.025904538233877,0.0683984813553679,0.0296145930788718,0.0701848148994546,0.0269833979694552
0.0261946111163199,-0.0211666854061502,0.030342552705464,-0.0259330087316709,0.0321535206257312,-0.0283292882213329,0.0643199318573357,-0.00579757624066119,0.0839010239834803,-0.00548914677056405,0.0357461568346463,0.0202334988177734,0.0646859271734606,0.0203335736492212,0.0694506370666226,0.0247242717669006,0.0687509869705587,0.0276651981529952,0.0711418306693697,0.0241596093976438
0.0242816407541819,-0.0213900049049333,0.0306397959420066,-0.0300538670371947,0.0305623141779441,-0.0276407936069037,0.0590065406805474,-0.00775596711912657,0.0830790659796949,-0.00485722892064201,0.0522521118208384,0.0193620881887961,0.0681622557640984,0.024563387557643,0.0847933974729507,0.00806832633659768,0.0754328665387037,0.0202885417352338,0.0763968359514828,0.0183685765135013
0.0288194036141013,-0.0207888369772497,0.0322780697851111,-0.0295220505898195,0.0429181167314637,-0.0256979901088114,0.0778756942203141,-0.00704636187216291,0.0963737401446967,-0.00356626347458055,0.038769139566815,0.0222276349296897,0.0639208403868221,0.0237528786709369,0.0661963083134746,0.0275221615095607,0.0690891376117513,0.0264518129913412,0.0871280326813276,0.00799062834867839
0.0213735135494466,-0.0152995078406641,0.028037418379572,-0.0212918503814233,0.0315317427651112,-0.0285579783130222,0.0466044144578534,-0.0215770171263009,0.0823194944869849,-0.00859619265545334,0.0320749390177293,0.0205434019819404,0.0563718660934379,0.0287755421102038,0.0695180649355207,0.024425928986023,0.0722764643031937,0.0227380095924076,0.0892039137825993,0.00531113355930749
0.0276903843050029,-0.0169066107287623,0.0317488457097059,-0.0269402357067379,0.0368279219758703,-0.0262435051459742,0.0752098653939056,-0.00920675349969231,0.0901329097565575,-0.00276940109858759,0.0474779864084494,0.0162548557007767,0.0650232384765046,0.0259546480345308,0.0700966683545002,0.0275982058833726,0.0725070330232676,0.0240491587813351,0.0890087107987317,0.0104178392930649
0.0238037635792495,-0.0179269451938342,0.0304095945132504,-0.0245367401214583,0.0458635437062992,-0.0234178695755263,0.0705304582141003,-0.00827414522298773,0.0837372346598131,-0.0065903508761556,0.0408084858898948,0.023897328556699,0.0576307791380565,0.0267974131124754,0.0673971763631594,0.0260488260005224,0.0739402864380405,0.0213036194908754,0.0893478212788101,0.00537149004937217
0.0224347165711645,-0.0158384262282003,0.0295669955414655,-0.021542652156769,0.0376280811447036,-0.0276199701518939,0.0695535921702521,-0.0128546788324485,0.0869349747404707,-0.00505532003884304,0.0258189095274642,0.0184971248330166,0.0582750872913421,0.0296911037624658,0.065420049675296,0.0279650040773653,0.0721292203389614,0.0231678662345533,0.0880129666955974,0.00989954746384202
0.0237674355643607,-0.0191443340319257,0.0308256841897481,-0.025346937631312,0.0490656036770753,-0.0212677664879186,0.0779617671948589,-0.0125662582335884,0.0911842442357642,-0.00872871799230438,0.0375762314793456,0.0211830652722987,0.0602457297144425,0.0267859542838964,0.0668826524584442,0.0255754480645396,0.079870749772483,0.0153773972379972,0.0919274898354032,0.00309717267782303
0.0215968238732601,-0.0155937366782029,0.0296551780398281,-0.0230084587640665,0.0614373867068025,-0.0155211238909459,0.0888995175316212,-0.00328424522847375,0.0949455859056957,0.000724988165634269,0.0325686470485521,0.0175663613129974,0.056745892907718,0.0253318912957187,0.0663628717500712,0.0232241295214002,0.0725538601412235,0.0207874098634761,0.0858775037894726,0.00905596044024367
0.0174648045843125,-0.0162961193744899,0.027488174302261,-0.0261879983260195,0.0398439800394502,-0.0236559887540295,0.0677387633599362,-0.0118445540957891,0.0849942997538661,-0.00705606255899255,0.0526323403600895,0.0238165780657486,0.0663222315098546,0.0262650255835377,0.0702700779841255,0.0265257191099827,0.0698512723474375,0.0281570753368645,0.0894945995666957,0.0104898156062529
0.0177707476302717,-0.0195725676746981,0.0291966129623391,-0.0283435101290799,0.0463684132146119,-0.0276424916927372,0.0824222808647202,-0.0224268398083749,0.103430298391032,-0.0188071707457983,0.0343525881156222,0.0222002854770802,0.058509878183729,0.0274498406006531,0.0664966546320178,0.0261283727426871,0.0695095274257312,0.0265865568692115,0.0821617712540847,0.0139813640193978
0.0259410525933707,-0.0132917019368328,0.0318123794429356,-0.0261568146806337,0.0401806655477981,-0.0208937363385355,0.0676792145789117,-0.00918066351361623,0.0857742759578367,-0.00536105651772303,0.0312853106630808,0.0103717524190278,0.048008955795719,0.0130772663717359,0.0594420402120614,0.0210929564006721,0.0703289513259608,0.0293796462446306,0.0792431285626048,0.0192088152534159
0.0216034761149887,-0.0133310681411212,0.0293616494606493,-0.0248071384644124,0.0478982846755421,-0.0167303961314016,0.0882795853269127,0.000296695557834896,0.0961948678568634,-0.00338161639426043,0.0308225869543879,0.00163002311541707,0.0589802257607379,0.0145545694671804,0.0699825217806771,0.026365974647111,0.0686335149647563,0.028269904389656,0.0701252565624699,0.0289024427998682
0.0214100559332358,-0.0154376128592607,0.0337317608723548,-0.0232084044241602,0.040338057280982,-0.0328092347474803,0.071448802287605,-0.00487097785156097,0.0943257018940339,0.00295043373973626,0.0238481041399344,0.0108630841819965,0.0450410511220377,0.0114133838401762,0.0671496955498652,0.0126112133645948,0.0709664726922254,0.0254052502300425,0.0724562116649253,0.0269625614302523
0.0318226517310111,-0.0202868150256367,0.0365353939572704,-0.0261338197355065,0.0334690320098039,-0.0260576794936922,0.0583569332658996,-0.011036998591644,0.0800168109824441,-0.00662453666078871,0.0544151344775935,0.00278353731094353,0.0676379697489154,0.0201119882289069,0.067793515663868,0.0279670371837263,0.0678088720017788,0.0281936803324692,0.071513426489386,0.0249259711170258
0.0255606347241461,-0.0223855197752469,0.0402695944296588,-0.0279417431172569,0.0838512735865653,0.00272002869390871,0.093117201065041,0.000437121160542347,0.0988340181364906,-0.0029592088043688,0.0317432069842218,0.00112382238327702,0.0595130944208262,0.0124148143156142,0.0719547034777387,0.0279665227887667,0.0708764033044025,0.0287348130908649,0.0726375267977334,0.0267723582109639
0.0148629144339094,-0.0215483664075993,0.0254593997627425,-0.0250215739111012,0.0301022137276129,-0.0294303149550421,0.0694953119874003,-0.00940995056616855,0.0872799247890164,-0.00575611431949124,0.0620129568184961,0.0324222692024229,0.0677006132623466,0.0291349294906671,0.0675793057393833,0.0296078207106955,0.067679801875441,0.0292171203899417,0.0805984122102951,0.0172595692877592
0.0210247479881948,-0.0175109764475902,0.028879512955679,-0.027525429757223,0.0351531964721247,-0.027151442803158,0.0722631525241476,-0.0074482778547588,0.0864967002011997,-0.00452985355508811,0.0207131362545274,0.018914026678552,0.0396514254512691,0.0193348948186988,0.0643645620085992,0.0264566292963473,0.0674208503508273,0.0274260766586233,0.0892990737632868,0.00980645138767563
0.029024234931466,-0.022391512772794,0.031617382634497,-0.0270897963292065,0.0546123621430861,-0.0280865773780434,0.0742879239290954,-0.0151481303434216,0.0908580533792612,-0.0131999274223121,0.0486388410410239,0.0119936443626345,0.0608640529108569,0.0204032015234321,0.0669051637397622,0.0263852114658073,0.0695253824709155,0.0266844090052761,0.0790169074591836,0.0140723151570918
0.0189760718060159,-0.025858148934114,0.0326471873462925,-0.0270036088500661,0.0685975825470492,-0.0139170800592082,0.0877195876072324,0.00186752733952091,0.0908413953525205,-0.00762186868032248,0.0178030155276053,-0.00132806851463268,0.03363566115376,0.00411861856609804,0.0605294277532585,0.0153314016349496,0.0653358012946436,0.0265266785505593,0.0749788103892478,0.0212045901387346
0.0187296625989464,-0.0258809835483951,0.0274921450216313,-0.0298338923041738,0.0545451939632044,-0.0437819938156351,0.0673074841034397,-0.0253032348039309,0.111979104243417,-0.0156642493470311,0.0616051098097193,0.0273755973452968,0.0781876308526166,0.00715351993039878,0.0970440668264169,0.000766359468068107,0.0977200470219716,-0.000941669848205636,0.0989277862222342,-0.000480487924543837
0.0302914838813595,-0.0160000153099728,0.0522248601662226,-0.0036568698434308,0.0745456237056626,0.00618629011683367,0.0498281662786996,-0.0208748713459626,0.054833619128095,-0.0272014146171887,0.0329965297168484,0.0113455311666176,0.0621610358451006,0.0228892903085591,0.083753357450645,0.0131410831632818,0.091158749027217,0.00660866625727019,0.0920145119626281,-0.00403581625337196
0.00277336734391026,-0.0132447026167262,0.0196171169297646,-0.020766964783438,0.031393433130947,-0.0246223934814189,0.0638810776605812,-0.0196576737515519,0.0870919418221471,-0.0127812673058115,0.0532553008491897,0.00936919001353189,0.0700571647319821,0.0255595834434247,0.0896750965324918,0.0010936095321347,0.0965393263574118,-0.000536789761614228,0.100571204359004,-0.00115690449088284
0.0214910838232739,-0.0148694219927991,0.0376007114443904,-0.0302291644501285,0.0569349457008104,-0.0184581759665973,0.0449395515918778,-0.0275427087474336,0.0618444838568876,-0.0150415280676491,0.0558761751784905,0.0354610320365376,0.0896221163914193,0.002335867100101,0.0961947015804301,-0.00068915508453982,0.0974642294260123,0.000575990258252316,0.0967099141968376,-6.19423711811642e-05
0.0170287609479409,-0.018911584291811,0.0158594530556799,0.00410456598955345,0.0227953272461588,-0.0218854583680278,0.0312708969455459,-0.0267032895175105,0.0822607381238687,-0.00972164998405129,0.00710803748791733,0.0154494632756859,0.0447038526757309,0.0459618143805154,0.0665402162398938,0.0326801343181668,0.0790784054363734,0.0200315224625125,0.0911554633297837,0.00744551640864878
0.0216699229196902,-0.0226558026527763,0.0254063539141691,-0.0238161233342747,0.0328538736745725,-0.0268553479752879,0.0422982671567176,-0.0226754961501845,0.0661370729438413,-0.0127496202600177,0.0827913564162835,0.00857711164075156,0.0777148424829665,3.82106089689201e-05,0.0837171837499825,0.00315064668995197,0.0845403810146169,0.0023625975732697,0.0426723325870636,-0.00168686224559187
0.0174950171840936,-0.0219904970035548,0.0266008763654617,-0.0229652273129709,0.0310985092171051,-0.0266762185272414,0.0518498623234314,-0.022588130019067,0.0884645261305595,-0.000774234289294299,0.0330788160600411,0.0302627548193642,0.072492521554925,0.0282357472465342,0.082495534845832,0.0203458935882336,0.0996951181720446,0.000933191107536577,0.101851664950042,-0.00536853195891776
0.0391793729705387,0.0550934744144621,0.0283016618826439,0.0360377593504692,0.0307695899957283,0.0125983785653127,0.0273635318150903,-0.0151280504256262,0.0297432489886856,-0.0287670482003378,0.0590741541129527,0.0212329954158557,0.0738671962926211,0.0332914105288641,0.0922266102942008,0.009302390894144,0.0969402744393614,-0.00226572867564753,0.0927946820564952,0.000236127741349893
0.0286250426268389,-0.0307026075131164,0.0328979006971454,-0.0233628154102806,0.0314651161067157,-0.0305193926030787,0.080130573330399,0.00732709169748388,0.0616091191510763,0.0517994447050974,0.0437321179882282,-0.0319875543823752,0.0640474947336626,0.0340652373893235,0.0950598591084947,0.00818658631692116,0.0902109939946705,0.0119015692771455,0.0861824091766822,0.00643681519358823
0.0321500673046575,-0.0241537406906648,0.0374692530673713,-0.0232309562518072,0.0522737870091216,0.00506824070862015,0.0840541225636445,0.0363641969483419,0.0913267211924657,0.0240672876465111,0.0680739157815788,0.0180591195221256,0.0643816511622058,0.0209750706922316,0.0830506263623753,0.0150277549899516,0.0972773736548361,0.00118695208957353,0.0976081611405685,0.00105603140038704
0.0300775319584784,-0.0274508256820815,0.0637628800666291,-0.0439833893725188,0.0991743941945522,-0.0226483153666206,0.0883135654623549,-0.0259315399691319,0.0736557205644377,-0.0164338290751655,0.024031260303159,-0.000386120573108833,0.0483804241848073,-0.00317251484056421,0.0725767320934499,-0.00373871140505322,0.0688802774587986,0.0291301040545482,0.0968011284421034,-0.0035193796496065
0.0105683390081573,-0.0111732644500138,0.0124009636030863,-0.00363936368429948,0.0327876585471277,-0.028291031086593,0.0555170338864722,0.0165397759222893,0.0703404502554331,0.014813165124638,0.0657359680303963,0.0336959655243778,0.0213396583557661,-0.00618127596907761,0.0509603908023108,-0.0324516549658007,0.0716774168786158,0.0100662496098309,0.061599582870023,0.0201857929717474
0.0271362064276949,0.0316533547987099,0.0243651963767048,-0.017100346698928,0.0327878835524787,-0.0269568986614334,0.045910492304161,0.00827912898362355,0.0834069408788308,0.0298930547025377,0.0537063345014093,0.0245547390635535,0.0571998025678925,0.0178594939559752,0.0892584110944469,0.000134614385921122,0.0928260641916754,0.00791078140159557,0.0870416355232558,0.0117515741482743
0.0243299832766315,-0.0119979646487065,0.0329469503885603,-0.00294756625333242,0.0287652534966208,0.0442218678479192,0.032429958631346,-0.0263857001922526,0.0799905640962945,0.0293221445129316,0.0223616581758926,-0.0257499616440622,0.0326834239562173,-0.0119227516270419,0.06375663379038,0.00695162149976982,0.0542668229701602,-0.0116562017731285,0.0909828317661621,0.0142219451669525
0.00389076025650863,-0.0265022217147935,0.0169623745975716,-0.0225409594064831,0.0372411022854159,-0.0263801219522328,0.0905570619653537,-0.00402763685170947,0.0975703566995522,-0.00144818098735467,0.00324554730435495,-0.00416932997937818,0.00346880632019273,-0.00154884183626742,0.00947963028528682,-0.00847245655550873,0.0723955429372865,0.014162194202899,0.0742628270619889,0.0256489820098437
0.017068578731061,-0.00273338355411695,0.0284222004963815,-0.0116501751906007,0.0289290507002634,-0.0230511762088829,0.0417182472995378,-0.0262225752287672,0.0726755737476542,-0.00668996222956872,0.0265271829430912,0.00840105382432299,0.0460105761419001,0.0195906577814428,0.0632680545654114,0.0200820866105107,0.0739809987339674,0.0240233378062393,0.0834039569085655,0.00997668042050417
0.00782357043828901,-0.00269460756637451,0.0212898671189219,-0.0213152291732133,0.033989840383895,-0.0269372475740957,0.0487163102896653,0.0153197824018793,0.0866242667568726,0.0292668575006149,0.0405678807017499,-0.0265835655076455,0.0632581825636626,-0.0307605303016666,0.0716810021706288,0.0258432054262157,0.0611334359935938,0.0410133786697548,0.0918476103957668,0.0137462913617561
0.0199456825509253,-0.00730615259570919,0.0223378198214935,-0.0215007958278736,0.0294099950050733,-0.0261626394189295,0.0514455261122815,-0.00139112240908823,0.0802335319234813,0.0239237689683225,0.0344377299010221,-0.0242117198408438,0.0563619640470368,-0.017737508513907,0.0690780290371284,0.0134887117399934,0.0731032489727968,0.0265104659397224,0.0883903200914638,0.00834517774990525
0.0266257364560633,-0.0267944879000007,0.03375266086125,-0.0349136861303653,0.0567981270257812,0.0211819378429081,0.0837214830043597,0.0372202566223367,0.107622928618192,-0.00745186370897338,0.033973946856179,-0.00374536975733818,0.046042646121511,-0.0279791244521746,0.0653987964257288,0.0305529832721692,0.0869443893515891,0.0144888425548008,0.105431754592221,-0.0137447662446315
0.0243336897110195,-0.033950567859663,0.0301704185603557,-0.0213631749697804,0.0481673188047827,0.0172042710578178,0.088345039881511,0.0347241851540916,0.0971665723287655,0.018751039886734,0.0436960888145658,-0.0350079950527982,0.0700379488152467,0.026410975836887,0.0923363341043658,-0.00103754614500024,0.0920235390366547,0.012977367698081,0.0952066058907803,0.0054864982225729
0.0340563748819515,-0.0256421950007075,0.0449994821471141,0.0561102517065895,0.0452296042287936,0.0495953090498101,0.0734364631977855,-0.0272848023566076,0.110923363969255,-0.00805442469010607,0.0580740936008105,0.0121355478437383,0.0865707579228897,0.01021286079643,0.0844393256902426,0.018455067463191,0.0943604319585582,-0.00375379412100233,0.0995563491065761,-0.00517727285113849
0.021858214867253,-0.018634579057473,0.0309155258518044,-0.0275277982466557,0.0715571382866323,-0.0368093960579325,0.098764137628736,-0.0151767571479578,0.0965413119400827,0.00169231324803841,0.0216901125804444,-0.0178809021015673,0.0385229201879965,-0.0281549869130828,0.0643484703849145,-0.0351203193464836,0.0667787716612194,0.00609140739376896,0.0706506475414117,0.026427280146209
0.0255044708628771,-0.0262494639246777,0.0305484641134873,-0.0226443778393752,0.058600926773104,0.0507182353578066,0.0903216857997554,0.023764985413857,0.0938145987946468,0.00340806244530777,0.0287672063457421,-0.0239286520186976,0.0502366422306039,-0.030003059517152,0.0579278119890162,0.0192086274025993,0.0790761267446626,0.0187756175458472,0.096985390380066,-0.000674975520041413
0.0237877929118243,-0.0235624757291857,0.0326107089743857,-0.0281839407475409,0.0587181868528724,-0.0347040929805319,0.093223063844586,-0.0170767753941792,0.0904106604906253,0.00234685128008549,0.0257787159183791,-0.02546997018354,0.0496075663627997,-0.0353909256511984,0.0781416749462856,-0.0139944023596658,0.0680411070074105,0.0272096640129825,0.0925836345617283,0.00361182753665888
0.0191442075563954,-0.0171780365728416,0.0334283890296959,-0.0280945509104463,0.0627748339346245,-0.0351537468460987,0.0887705706165281,-0.0172267706043605,0.0928769045502028,0.00398634903818889,0.0333106851963942,-0.0232674555450151,0.0476655875836443,-0.0344198139268018,0.0684553295774482,-0.0283155899133471,0.065222924960939,0.022088773895006,0.0803431218627627,0.0167959967715155
0.0213359930736735,-0.0193020429055748,0.0289444869027835,-0.0247286269718728,0.042659005392621,-0.0256529439197968,0.0694754778838998,-0.0148518932079958,0.0842729984760993,-0.00647116196594487,0.0135991066735858,-0.00825331991238584,0.0330103136854641,-0.0199486617206633,0.0647206551989412,-0.00758314159838982,0.05720146855833,0.0314953770346604,0.0735172025869066,0.0234247099012123
0.0201462066942445,-0.0200598638994588,0.0348716124204857,-0.0243976353247441,0.0257791850261857,-0.0190479266236542,0.0573416302997865,0.0319342530014997,0.0841460193525432,0.0272706384737288,0.0299133882282238,0.00914556798850899,0.04314073439079,-0.0227514177444421,0.0564683080097837,-0.0261715132287158,0.0614788234222333,0.0350216452247383,0.0785696959295971,0.0220897579734601
0.0200418982776864,-0.01336497213539,0.0313155531020672,-0.022701977151835,0.0352961684325147,-0.0298826251654269,0.0592635543402238,-0.0159852971249123,0.0831283156923826,-0.0111869876158396,0.016364225976657,0.0158652976698858,0.0316409036252291,0.0220285788560536,0.0485075690180927,0.0272119872229186,0.0659030720582801,0.0232764983109763,0.0850183749669663,0.0144862192441017
0.0341909388042105,-0.0273623759163016,0.0538956474846149,-0.040684513973427,0.0894979900177093,-0.0315658967152638,0.051204390148126,-0.0232242792560443,0.0764795428126877,0.0287689219963183,0.0506955928839381,0.0165769770341103,0.0492585771226368,-0.0170410167736024,0.0663558325507368,-0.00632281194259013,0.0666434615151785,0.0316046733020405,0.0800002505268243,0.0126199665566817
0.0215494289186351,-0.0220061647396845,0.0321585890256642,-0.0309682032828147,0.0524330535052304,-0.0391451186401921,0.103079504884424,-0.0209235911744135,0.0855763462148396,0.00758312131682371,0.0360896941097558,-0.0256117617634514,0.0520610605072235,-0.0354199991942162,0.0686445615268862,-0.00954896635876726,0.0752212327350799,0.0222395259296377,0.0807558674159318,0.0178935710819697
0.024041670024328,-0.0416952714499865,0.0302597619138722,-0.0222244758499566,0.0581108188081825,0.0252895250662568,0.092284832397387,0.0157485783209042,0.0976699119350834,0.0118551034277148,0.0376529687978211,-0.0431331859353917,0.0609263022597581,-0.0145850564936621,0.0647180091391074,0.034252614376147,0.0995482485470486,-0.00326580578899996,0.0963519502881137,0.0109747149077568
0.0249366294523295,-0.0223940218135359,0.0310538213972326,-0.0250550901599911,0.0542821820416627,-0.0280173867465646,0.0948275431143142,-0.0232970716483352,0.104936563881363,-0.00663412848205999,0.035273622377483,-0.039281295050328,0.0365570135231236,-0.0359951213669603,0.0587791056197154,-0.0326372496446814,0.0712155291608754,-0.00490542827312537,0.0715255728847806,0.0289877947541428
0.0256887407574116,-0.0206764122587744,0.0496371452037275,-0.0175221504632677,0.0618098415851451,0.0508064899039874,0.0930646287035921,0.0257561055951653,0.0971058725208956,0.0116655881474973,0.034210737304093,-0.0157947636967889,0.0699005433998889,-0.00498581092688357,0.050557848376061,0.025057786703073,0.0815402167309583,0.025239347128918,0.0973478642456408,0.00283249564915228
0.0105735547936484,-0.00920351937974382,0.0204359979863797,-0.0194336636046133,0.0308786121689433,-0.0263284200637069,0.0648039286095751,-0.0193598090290485,0.0899669365879964,-0.00708458689203568,0.0199312258452949,-0.0091114112949313,0.0626685993432508,-0.0274404836252308,0.0643962034483776,0.0137527195629701,0.0685477050995833,0.028312264236611,0.0954957262511085,-0.00374026711098706
0.0172972042599367,-0.0194834359465482,0.0312087601936109,-0.0319945330042731,0.071601113880021,-0.0347932522572163,0.0974551281731104,-0.0129026489023653,0.0959076275745157,0.000288111302811241,0.0177719435233922,0.000602867427383105,0.0422843162346022,-0.0299905009577769,0.0749474327358133,-0.0322176347764398,0.0774505653000868,0.0148318037426489,0.0803108541533378,0.0174290110266776
0.0169609781434828,-0.0148908780669818,0.0349149230683371,-0.02480831310529,0.061827842170716,-0.0115511140920542,0.081651299828694,0.0237590055313008,0.099544567953191,0.0102278293918954,0.0251258219353278,-0.0180719204103171,0.0494577360319196,-0.0273512039805254,0.0693991268392011,-0.0152626519690092,0.0665367732452754,0.0291591427836024,0.100045921576982,-0.00805338518779469
0.0262130785356519,-0.02151717272366,0.0389549411373937,-0.00693648563719671,0.0752465906979057,0.0404361782420671,0.0829284765762241,0.0345738310412446,0.100116079230042,0.0113964326612196,0.0436135481090137,-0.0336325893301216,0.0606764047650718,0.0197519743391798,0.0881998208526384,0.0164323702209363,0.0922220685345549,0.00651416879288799,0.100165635201828,-0.00338642554742664
0.0193807480703539,-0.0156493616989281,0.0340940080838638,-0.0250523179592074,0.0662572962310126,-0.0320943054515311,0.0922146112305504,-0.0237691867164406,0.10214707226812,0.00055534504164729,0.0323457809057427,-0.0337750650366177,0.0629643393182196,-0.0387034657941519,0.0723159470393675,0.000535031680952693,0.0717456245328451,0.0278343981295341,0.0874327863142061,0.00448057145045973
0.0214219009157717,-0.0228276585357094,0.0364927572819868,-0.0241463731171906,0.0471364698540051,0.060609408967752,0.0822149908949239,0.0346447521629363,0.0983298899830049,0.0135888455491702,0.0398691397997485,-0.0425028185177641,0.0639043287642062,-0.00096029737122877,0.0679679576735716,0.038849763988732,0.0908498662566345,0.00754651462692037,0.0956372124263709,0.00115779038518964
0.0214924279359357,-0.0216858274265205,0.0351328733095093,-0.0258863381605264,0.0335968140297358,0.0240067092852747,0.0687279214839589,-0.0192641628806575,0.100197023127939,-0.0215080215445189,0.0271114662393691,-0.0220675602459952,0.0591343158542126,-0.0232638374248133,0.0598214682208923,0.0343523454514142,0.083308520989937,0.0109877361848955,0.099206565282471,-0.00631350989737437
0.028631656119106,-0.0321523309637808,0.0420784051613584,-0.0266507131366854,0.0614202275114951,-0.0346394583709813,0.0571655594025258,0.0379295266769756,0.0911670616814704,0.0106949977950898,0.0336519092965047,-0.029393415604914,0.062523717513658,0.00500261293484723,0.0717061866271865,0.0262503412872301,0.0784282489763262,0.0252864330885319,0.0961683173044753,0.00179450056624864
0.0160293249279537,-0.0175143857359855,0.0294088209195818,-0.0271282250015918,0.0496871041668729,-0.0302004674450299,0.108458602902544,-0.0202327129415493,0.0966901844133333,0.0102969088241173,0.0061628100088242,-0.0125408815278339,0.0393679417663705,-0.0300401487268356,0.0713558071615451,-0.0260104662200194,0.0761054777256126,0.0167392965494657,0.0812951112099091,0.015910198446317
0.0246757078793992,-0.0259114046648958,0.0304551208065575,-0.0281499219500533,0.0300134583848032,-0.00673547877895929,0.0504216905334148,0.0307215109905877,0.0899233498239616,0.0242133477975674,0.0410007613711004,-0.0225156797073216,0.0573945691956495,-0.0253123818534221,0.0519602072492531,-0.0174595963083039,0.0671188049991991,0.0232673562988093,0.0847299630598856,0.016491071527409
0.0146605213416779,-0.00899659639551999,0.0280260115784473,-0.0218270384678681,0.0721989320035503,-0.0152591637596777,0.0943054363222924,-0.00322214627239851,0.0946600825233711,-0.0027599796342628,0.0163261501224111,-0.00345466334928821,0.0593556320372031,0.0139325149798963,0.0708825304324786,0.0227724263975651,0.0973076566382444,-0.000404306906422233,0.0980233191243869,0.00128742768165994
0.0133415533971066,0.00119468022222516,0.0408345459249594,0.0161795610055304,0.0719922971793045,0.00808991332213767,0.0896418045923377,0.00359781360198962,0.0999886267904845,-0.00355285786916378,0.016687110522071,0.0161881030709717,0.04208775543974,0.025749371690994,0.0710558419585466,0.0196314819991428,0.0773290531935928,0.0197064785884345,0.094274042956784,0.00586017928793646
0.0137858403173498,-0.0105185081836262,0.0307477688897418,-0.0256173864389627,0.0708540313437806,-0.01690303948446,0.0943230324973703,-0.025562665979573,0.10086695997314,-0.009624635181001,0.0320742421153292,-0.0255774965933426,0.0719113823110686,-0.0186149977073054,0.0718593733431294,0.0137883273908527,0.0713397689174793,0.0281218554713271,0.0906419786097078,0.00640464013503363
0.012514795167592,-0.015020441587414,0.0324344962238981,-0.0282299752640839,0.0514911291136315,-0.0245848095305214,0.0589409852236377,0.0221280677656423,0.0910726224742778,0.0263547527809447,0.0352641060430384,-0.0202704369753044,0.0598081160672923,-0.0224607817025902,0.0622725124818642,0.0285181330725574,0.079520437161251,0.030681664350756,0.0961324094084013,0.00526853559552548
0.0123852826420261,-0.0093633561078854,0.0266167361502369,-0.0209082201124739,0.0364960410249574,-0.0260204761752954,0.0664657965910578,-0.017885679200008,0.0899667313711402,-0.0102977846582546,0.0280345079650122,-0.0337977598866069,0.0751176244848116,-0.00364092319857366,0.0665398143744401,0.028763108192645,0.0682167163736626,0.028375188560842,0.0905408472936599,0.0121158133257993
0.0317795553473756,-0.0245788867141778,0.0435537841752623,-0.0306243576694316,0.0561511199256482,-0.0283906423915224,0.0424704615488319,0.0101351638749456,0.0833650408396896,0.0189358515442736,0.0495642628242031,-0.00150774911255674,0.0661406550387718,-0.0236019364779524,0.0667721070154926,0.00847860014205506,0.0645847292499696,0.0337721362175646,0.0906932960267847,0.00146487637426795
0.0215994781050744,-0.0205540598744412,0.0303528974261276,-0.0249564707533368,0.0406880579997535,-0.00288731203123813,0.0785161516435845,0.00620031280552057,0.0912586603274861,0.00851995105144356,0.0265917497816807,-0.0189797303905478,0.0363075305169111,-0.0219797663872049,0.0611391628224742,-0.00103651347543512,0.0713510478239172,0.0296982970514153,0.0866373239123472,0.00986167137851406
0.0338011365307649,-0.0242929159645888,0.0334521915717399,-0.0271342286672377,0.0889427708828753,-0.0180816857914888,0.0925379019370669,0.00964174199998987,0.0925311414366307,0.00436220871272584,0.0205248791707356,-0.0144397154066945,0.0412103503983624,-0.0306939441955703,0.0784702771517013,0.00760850193027259,0.0652483515160121,0.0295078499766466,0.0922076750601408,0.00014324856335932
0.0124519764440363,-0.0139481608322383,0.0267934132943728,-0.0237389691761181,0.0475398064627975,-0.0149722636983332,0.0638514060931784,0.0182856688135719,0.0866346480578758,0.0144426178247623,0.0096796066300646,-0.0177106618949902,0.0282581266103281,-0.0218531215450239,0.0569106475493329,-0.00538408430873976,0.0710626891815391,0.0232883535435575,0.0915768762094217,0.0167682283669335
0.0149939206103131,-0.0146738815089462,0.0289321065647361,-0.0255869526476696,0.0480448823926635,-0.00771682120254316,0.0672398149976387,0.0203547325350187,0.087197063885199,0.00835147028437271,0.00987732271864052,-0.0151008641536269,0.0260686821549647,-0.0223363693385608,0.0478497740905975,-0.00409005541594878,0.0669653488033017,0.0251801102377544,0.0876237866579526,0.0148439051047047
0.0163241227352142,-0.0177999584852197,0.0288695844100253,-0.0271508370085581,0.0427786144305185,-0.0125338194739611,0.0574787626603234,0.0176739511916575,0.0854646188445771,0.0110005217362084,0.0097274653442813,-0.0191016263853795,0.0256792026131386,-0.0272264850609766,0.0433305858721071,-0.0106527195561452,0.0578119693964924,0.0242657293923092,0.0844428036227714,0.0171043198835591
0.0121193206121343,-0.00532963335852348,0.0251770685656601,-0.0221776867610431,0.042229230317205,-0.0195433243113597,0.0631619446223229,-0.0106079926870233,0.0828785014006241,-0.00678177532397753,0.00590578965257157,-0.00431227222683971,0.0176643089225841,-0.0177070616365237,0.0428722223046648,0.00329204161221288,0.074504617740778,0.0200099508439046,0.0925709307099661,0.00779934606758097
0.0238294174019984,-0.0191550494248876,0.041590369812945,-0.0232973611547181,0.0621975677243893,-0.0155889448252846,0.0770785724093464,3.20267973398381e-05,0.0836257307706863,0.00830711972562149,0.00595539097642939,-0.0187473599106915,0.0337383598271785,0.0133934418843585,0.0707957618663774,0.0290149506454341,0.0863518083437426,0.00486364561347121,0.095962636860191,-0.00573398175105875
0.0200799155174292,-0.0195664858137308,0.0363970982149693,-0.0232692625084537,0.0536876580462077,-0.00668234150982176,0.067101611010993,0.0168981580671118,0.0886506788286709,0.0074459749297414,0.0169475187282851,-0.0182736899987125,0.0370739633927674,-0.00908810561814764,0.0581964831542529,0.0103624032247481,0.0734288158633105,0.0114013617185144,0.0917366083369188,0.000966498562638031
0.0265709453806187,-0.0280120253655597,0.0451064689283085,-0.0131139731962965,0.062308177184829,0.0129294810520919,0.0879272487284495,0.00899593293313061,0.0929234540159194,0.00106831846347498,0.0208535769783818,-0.0279279411952491,0.0385525797816468,-0.0230120115904706,0.0571563337032741,0.00532051674490445,0.0772594929352596,0.0211268219920744,0.094142595484294,0.00970278578424624
0.0159984684606859,-0.016462230133951,0.022523585037316,-0.0251735870870682,0.0375749470312197,-0.0196816057174505,0.058442636591779,0.00589958581259341,0.0875683067507522,0.0115238956890809,0.00476115049827551,-0.0166927300734366,0.0154602616644678,-0.0223016346453658,0.0449702790515556,0.0096853879802736,0.0744895888879678,0.0145431503475298,0.0897294791932116,0.00487821848475137
0.0134755363998506,-0.0106249049296582,0.0245684251171277,-0.0238189861340709,0.0474506123577248,-0.0126088964946893,0.0659332275697118,-0.00192574681216735,0.0822098815788974,0.00613911114253249,0.0113577633707961,-0.0176995810816369,0.0346461279094979,-0.00364536099076142,0.0673691665360645,0.00375921425000674,0.0831357991581614,-0.000340794674614004,0.0930134027507363,-0.00334259516385198
0.0143897145043054,-0.0317887651825396,0.0356896522048194,-0.0242339481746451,0.0580934545382313,0.00159345073289747,0.0825252659970883,0.0100005610141832,0.0934146393287154,0.00158435736425659,0.0088481203837449,-0.0284622943620251,0.0388150620601227,-0.0205867970718344,0.065199275466931,0.0130945522420894,0.0883659131746502,0.013452462659877,0.0962507587283256,0.00689650798112985
0.0149511128213229,-0.00705828172325572,0.0292783738139125,-0.0192618674521472,0.044277805165944,-0.0236142845907613,0.0700252880593989,-0.00917621385595629,0.0854345680393454,0.000713819691948687,0.00935455810571026,-0.0159333056119712,0.0172468273091072,-0.0140521256864952,0.0410231064086491,0.0157183668959532,0.0686550540690102,0.0131933232440177,0.0816774640240324,0.00913260952686419
0.0142347738099409,-0.0136774222226164,0.0314687294027105,-0.0255310804525167,0.0520048018712618,-0.016419588616556,0.0676170206001486,0.00167258319192359,0.0874787224205727,0.00661368652059889,0.0131324684983199,-0.0158753176205487,0.0321293862166321,-0.023518258404412,0.05327472962926,-0.000950000844127899,0.0750568799099257,0.0214324121050621,0.0906304778610837,0.00900704692481327
0.0289030339558923,-0.0120029184692613,0.0331363171897754,-0.023681716858814,0.0337986007002679,-0.0263639511972625,0.0486365464184663,-0.0244125125617906,0.0844632305875211,-0.00497619312435318,0.00580954430164358,0.00412886862578126,0.0385347864029325,0.0251789154930698,0.0521375737434996,0.0289005424647949,0.0688190974905955,0.023288951435459,0.0877698274063245,0.00987385449421485
0.0293845191453376,-0.0205097243503135,0.0346358936505072,-0.0273735242606637,0.0532094716103719,-0.0296313904933961,0.0975015923861821,-0.0248191234490466,0.0903425386415055,0.00435728177298537,0.0308205313787052,-0.0150412810696247,0.0528083397258194,-0.0313313655238941,0.066776568545034,0.00511889926767205,0.0733786320566376,0.0289547612056046,0.087839685051057,0.00904655063416706
0.0172608535929487,-0.0169627328488062,0.0286548405210307,-0.0275148882085919,0.0327592411773608,-0.0214498125042079,0.0848978085576826,0.0138816716681878,0.0991784318076107,0.0125629711617485,0.0145276685194044,-0.0198546488211847,0.0360958656937654,-0.0387190004623119,0.0520723434795107,-0.0313496327482256,0.0732063238855033,0.0315820217295392,0.081330767421279,0.0174418150108097
0.0154502816162217,-0.00949689806741881,0.0293128165724324,-0.0238986863165379,0.035513750276857,-0.0207137677294107,0.0699854022899633,0.0218579783778228,0.0941557303158277,0.0105682771346624,0.0308149794743138,-0.0228528188807239,0.0423007318229773,-0.02147573457935,0.0621187276835362,0.0306019136453154,0.0903140463976024,0.00589047748387339,0.100523264791279,-0.00821779195929695
0.0146406104678672,-0.0154555201465851,0.027505059908235,-0.0254007744065346,0.0350340638276952,-0.0144261920588074,0.0798473726151375,0.00990036598339857,0.0977345467186509,0.00387026165169576,0.0279842928036332,-0.0289291542878339,0.0395426734746992,-0.0350956927319074,0.0465740619556171,0.00929697117189611,0.0774010456753445,0.0213213357865075,0.0830575905947364,0.0148576886473956
0.013089204169826,-0.00919057651033975,0.0291411300321564,-0.0264173128794934,0.0492655236409721,-0.00339415413878869,0.090933383347564,0.0168826417041287,0.0926242301760791,0.00402892255124256,0.0266210624880454,-0.0279019296393092,0.0449081528837906,-0.0201708983030488,0.0706022586757032,0.0213161813586382,0.0692558612855096,0.0274836522738705,0.092017639385074,0.00526391613305935
0.0158943773853643,-0.00684767196684401,0.0294182900149564,-0.0203633004074504,0.0323192096671239,-0.0280072586545751,0.0650186763028111,-0.0144968919249756,0.0902947889448673,-0.00508944933758333,0.0219069131741018,-0.0251323125658169,0.0558314322171527,-0.0175667012084291,0.0643612501771095,0.0226683112466876,0.0752123999653222,0.0247621645380643,0.0708358826012038,0.028705714429578
0.0148698051235256,-0.0346864209536672,0.0254125955307684,-0.0332003059000785,0.0500074197111799,-0.026195747489153,0.110571497981841,-0.0154426519694812,0.100998803956451,-0.00250096089575116,0.020167920569694,-0.0290589130282362,0.0468810391733954,-0.0317276120379914,0.0675542693836224,0.0169932792020252,0.0761235298577822,0.0268581204176409,0.0964545804071707,0.00304119528790012
0.00435615989708429,-0.00889358710923445,0.0238029043768592,-0.0285017649755367,0.0467366443013843,-0.0163527691050533,0.0721691205378201,0.0374767539725334,0.0958188025091565,0.00664734293463062,0.0148903885379338,-0.0180895890524195,0.0369589354271002,-0.0306472975431484,0.0624279505734821,0.00381884708172433,0.0692962193995928,0.0299376101581207,0.0848854090718413,0.0168298568251625
0.0260963424526777,-0.0187794143829153,0.0309670054237161,-0.0245276972012373,0.0533110081372711,-0.0194855768504658,0.0906089939627051,-0.0113482878465314,0.095863767105958,0.000494984251134017,0.0212191942199043,-0.0197781532402032,0.0427893360257465,-0.0289370381443168,0.0663009948234988,0.00536874853678989,0.0684369812596942,0.0294631903417127,0.0899920349518629,0.0035328848790396
0.0149509283250094,-0.00971125406968281,0.030035037777323,-0.0229805527610702,0.0396269255669137,-0.0154481777128783,0.0721681808331009,0.0233083387323627,0.096830423318229,0.0128994439528255,0.011786076882462,-0.0116328337482496,0.0329455205439173,-0.0278371472561763,0.050465427670876,-0.0190306840400493,0.062393832292582,0.0233438055658485,0.0803798410544665,0.0216543174720702
0.0188677305322671,-0.0238518758242715,0.0295521651840449,-0.0282437064670787,0.0440681149713083,0.0253325339247321,0.0876850660506832,0.0350426068306507,0.099938669367168,0.012584988456283,0.0255439592561409,-0.0233632963926226,0.0424179535074024,-0.0357257698589222,0.0498002850230986,0.0193862050147431,0.0832595987604217,0.02267703008341,0.0786680098397406,0.0208282352722561
0.0224286875595367,-0.0119018229922301,0.0342318575523854,-0.024180745595916,0.0593863094389892,-0.0310947867153458,0.105913594569332,-0.0110298781115256,0.0946220054830178,0.00869953067856679,0.0234799402769115,-0.00929518739592734,0.0433363389983717,-0.0321050003674058,0.07914831014419,-0.0104973730531354,0.0670145983611757,0.0272697362513508,0.0858871646867934,0.00452473227326596
0.0095176799153679,-0.00363333102911877,0.0226263543819154,-0.0131774344491308,0.038282448772312,-0.0308106210597166,0.0730380793429598,0.014342485944437,0.094468472387105,0.0104659322214848,0.00936732616131517,-0.00564943479968713,0.0418441834859484,-0.0387179183394191,0.0565614662973466,0.0242844133738168,0.076339026329214,0.0241256382618365,0.0969600436049189,-0.00588911894085704
0.0144882724534492,-0.0122888399355525,0.0308998965476277,-0.0287152852901841,0.0501270817039409,0.0308902878637134,0.0863218705725335,0.0347226566472488,0.101102007940996,0.00737265089535117,0.018151639101098,-0.0263229823290188,0.0458387717163154,-0.031069005096909,0.0599682554703177,0.0408661657556262,0.0759371842517057,0.0257882372139969,0.0995027843909254,-0.00609237615527269
0.0186443996423563,-0.0132474141917312,0.028919694296648,-0.0211105558846191,0.0512369365915715,-0.0111381912880966,0.0861506051682726,-0.00133654723512586,0.089655650994642,0.00337657338432779,0.0177784899689544,-0.0157913881134717,0.0428461730927577,-0.0272626592566861,0.0654938755790467,0.00686222912169417,0.0653779169928122,0.0310414451250715,0.0873668438449399,0.00848970602851394
0.00885980602647685,-0.0118829644124173,0.0264537614068193,-0.0223391560203925,0.0385691327122433,-0.0230335150328563,0.0909309279201626,-0.0119704919915689,0.10246243871295,-0.00585425406699874,0.0196841537192469,-0.0203475698010317,0.053056773912092,-0.0252805447266172,0.069520304002533,0.00975307246456936,0.0705871458371487,0.0286937912657584,0.0857447971786301,0.0152203352571242
0.0153518001279065,-0.0282195385302458,0.0324824044487067,-0.027440975914602,0.0541767041713136,0.0100538422417685,0.0816682531711856,0.0280926653650096,0.098957049804943,0.0164019161178413,0.00857325827803876,-0.0134970380326777,0.0323976558416959,-0.0297771869244658,0.0532782010641521,-0.000436926325230788,0.0637821461145197,0.0270285850096942,0.0878676281100923,0.0193733599813568
0.030578715707806,-0.0195459371642775,0.0310695788001746,-0.0250351813164433,0.0426663153289283,-0.0259719615454866,0.0717594380330574,0.00915845775298788,0.0999288983320894,0.0121886126778364,0.0245543550486728,-0.019643580086776,0.0565921296017735,-0.00564534680810971,0.0571559770621005,0.00628538021229434,0.0604595138364333,0.0191574525406458,0.0746510490059086,0.0261571978132133
0.0284608428105739,-0.0186317238320488,0.0337478231143774,-0.0281933085516401,0.0743757381188218,-0.00966795444313001,0.100298639284135,0.00572421757267442,0.0977245995227014,0.0021102372169442,0.0162629907310152,-0.0116750464693841,0.0303963719884191,-0.0289191631167302,0.0607036601338546,-0.0108919177464129,0.0628991450829713,0.0333888616079501,0.0788803045372051,0.020229778505069
0.0311694101776652,-0.0284630156607585,0.0612679076896043,-0.00929183234176779,0.0951809478697983,0.0135222075350068,0.0995140403420592,-0.00168215317947546,0.0953110625833594,0.00640927692867865,0.020654935723827,-0.0201309730712318,0.0438437267422135,-0.0291220176576181,0.0727734203019585,0.0159598582980223,0.0725139029255051,0.0300414695303173,0.0874936087196803,0.00912624217975258
0.0102117042972552,-0.00560570160637768,0.0266991026025047,-0.0240807885006989,0.0328298274004873,-0.0261508977928409,0.0561633969644579,0.00169676478597511,0.0878361920413444,0.0170064767507843,0.00394789716148768,-0.00612585501559146,0.0166084989748694,-0.0217861254879477,0.0666768198678052,0.00144182875586846,0.0684967483956371,0.0300247040067666,0.0832100269882097,0.0171848253248262
0.0216458234321288,-0.0158061203145594,0.0312693403475994,-0.0245650392297353,0.0574025034785453,-0.000199597282924964,0.0914526393824064,0.0142340712915008,0.0953317971427698,0.00365488278739013,0.0317184341810412,-0.0240968717131705,0.0433789892972591,-0.0226997881901998,0.0646951319165983,0.0193110273431599,0.0695019250875309,0.0311297816576501,0.0901882127188944,0.0080918283832434
0.0211199987511042,-0.0173990090743726,0.0361785413201765,-0.0286566852443598,0.067736463160103,-0.0202057559995823,0.0971143395844061,0.00145580349749252,0.0955208046810743,0.00345159257503562,0.0294623947249172,-0.0168101458999702,0.0434669257386095,-0.031075080385402,0.0612933642232586,0.0109747509266301,0.0675013965450325,0.0282079688723881,0.083965283897231,0.0120644066555034
0.00950977136308961,-0.00800805052699563,0.0256108572499161,-0.0219779651200794,0.0428824467195954,-0.0201051495293016,0.071576663587901,0.0308504525706578,0.0938544685660813,0.0115549665011923,0.0320588152466201,-0.0239771274181426,0.0405592142294136,-0.00710169040664693,0.0640178711392386,0.027870148924432,0.0732745274474564,0.0310612640178727,0.0941101237222982,0.00519277442454771
0.0211866686043201,-0.0119734048223635,0.0278350814196182,-0.0261589236407119,0.0426934771031551,-0.012582685538521,0.0616568234152785,0.0314740224170324,0.0918254294219864,0.017892788056484,0.0117420289692843,-0.00933125525797013,0.0317096472971564,-0.0286762127698782,0.0505433801540147,-0.000661066613940502,0.0639100375989103,0.0275606341448786,0.086422083133624,0.0135917489984988
0.016645979210971,-0.00808777250948782,0.0278579130078045,-0.0233094232504425,0.0448721646814996,-0.0184333435220379,0.0624733798346793,0.0331288255592588,0.0926773176051995,0.018644907223243,0.00842256712268896,-0.0100051899674298,0.023453998011948,-0.0297921044039301,0.0446520198143865,-0.0296952324474772,0.0563243166281917,0.0259418158031149,0.071759934902832,0.0351398931575358
0.0114658436271337,-0.0038570462653384,0.0250399312841928,-0.020315428739174,0.0316585924047702,-0.0309649684547284,0.0685886128406782,-0.00901788972198237,0.0950262907684314,-0.00308740451111251,0.00820148542073363,-0.019104638553271,0.0262500507778615,-0.0388395732016308,0.0571987017297091,-0.00862213244807314,0.069412961918807,0.0239793180426892,0.0771123987553935,0.027877455859012
0.0100464999159921,-0.0177155204093135,0.0241706773124663,-0.0274849340755659,0.0396894556014282,-0.01380431106606,0.0638907318899649,0.0399852580549663,0.0908948217521547,0.0219432437750472,0.00896582496615259,-0.0115676752330643,0.0290545771689386,-0.0277812469322017,0.0514052054103057,-0.0180185007400516,0.0620602963777975,0.0297802283709194,0.0735589861961819,0.0263851803134913
0.0259513625127221,-0.0254338979540912,0.0393424512777306,-0.0247866465169922,0.0446463667810909,0.0213115498947937,0.0609341324609327,0.0504218224898743,0.085299742798207,0.0287122254057834,0.0185791296491658,-0.0187898823527471,0.038195837635032,-0.0349958162050038,0.057663116595369,0.00523187638472778,0.0606252270596623,0.0395397872352887,0.0772948536208048,0.0236730881260727
0.0097406252966637,-0.0191209879755373,0.0270025011944066,-0.032007317238043,0.0365575409300558,-0.0108000013379412,0.0598429701856348,0.0381876319220499,0.0912281885523715,0.0132940968551326,0.0145670204661837,-0.0199934153733331,0.0479111132984832,-0.0232731046660338,0.0593859715963052,0.0292857792074884,0.0783926718141129,0.0149989540473186,0.0976125436665553,-0.00324233069144608
0.0169941381972101,-0.0105887279076418,0.0283436561671597,-0.0229345224575358,0.0479100694053773,-0.0162339732447806,0.0584451549531897,0.0132185058103909,0.0836101680627009,0.0164164041150277,0.024695186442643,-0.020640975327718,0.0459610998313749,-0.0195142072022797,0.0534053886792726,0.013455860002387,0.065053075062325,0.0250462616050685,0.0867670618843231,0.0102765669523568
0.0119662594775934,-0.021811820096746,0.0285736377570292,-0.0266064001272335,0.0477564839307156,0.0055074351199701,0.0642914916938017,0.0339894553561436,0.094989156594461,0.0152759213523937,0.0198511897307744,-0.0196613299644957,0.0381763819709716,-0.0302488701769448,0.0550566992232685,0.0248065813911946,0.0726540507541831,0.0265309964941087,0.0956090680659941,0.004651347868011
0.0213837736436836,-0.0186895920408332,0.0320102793015574,-0.027307064753224,0.0543940805412708,-0.007127456219467,0.0724801632794171,0.0343680008914656,0.0924759534612031,0.0220469029077578,0.0245793466811268,-0.022038026831396,0.0462853103047355,-0.0325140448198587,0.0603996583580047,0.0115470295941213,0.0683821217897499,0.0315276188398705,0.0931557762649579,0.00888938776273607
0.0109507253344364,-0.0172014754045715,0.0284716279108496,-0.0264521345037249,0.0531162117854144,-0.00597751165511347,0.0770204976833978,0.0139480163994532,0.0936404670321242,0.00287023570350555,0.00584325586212689,-0.00532770565608691,0.0322123638317213,-0.0257545923088457,0.0623098783089501,-0.00988250937364747,0.0624640099698338,0.0222733377581248,0.0811924030355205,0.0178991056278286
0.0278228487319332,-0.0273507443940569,0.057737627755452,0.0295431168966179,0.0956573782751189,0.0143590909815401,0.0942956345338423,0.00225683757892765,0.0941651697466273,0.00236532331911625,0.0103500951600016,-0.0154254824277916,0.0373530462094437,-0.0336151710028751,0.0647935579056931,0.0220713674736579,0.0703218389756797,0.0274736956745657,0.082649249127259,0.0210351732326579
0.0217860507700399,-0.0128018243940693,0.0342116295291871,-0.0244337172061812,0.0486348051139534,-0.026656222844154,0.0919511829731065,0.00459824842462989,0.0990162730332611,-0.000946003520228223,0.0244348071927777,-0.0206364181231512,0.0468731416784925,-0.018863309237937,0.0718671783766615,0.0196414401543693,0.0775360232143969,0.0253112211357616,0.0953132133746903,0.00359935801479809
0.00807995686601204,-0.00652557582332622,0.0241358282820061,-0.0215605109622887,0.0453876620853856,-0.0256008900567508,0.066987925353778,0.0392896814717814,0.0955988658438778,0.0150262625069158,0.0157276409725369,-0.0126312248679663,0.041884312272942,-0.0306200914130923,0.0599529515775695,0.0165260020938053,0.0668523759098864,0.0342438170877907,0.0896574624100718,0.0102014444405623
0.0155182632677781,-0.0137568664584619,0.0322787685174857,-0.0238797920166047,0.059080215420572,-0.0041416874874036,0.0955798307116452,0.0179981268124104,0.102554783700785,-0.00512825530680388,0.00801811775526803,-0.0104833847276475,0.03370512737873,-0.0200859038428166,0.0461202943735289,-0.00634751393593483,0.0699110432479901,0.0265233175909018,0.0961550504103122,-0.00579680746819073
0.00911487129328989,-0.0107452005424131,0.0247969547506923,-0.0248536199515091,0.0437229361118761,-0.0197502630963391,0.0722313031852268,0.0207991645411431,0.0946675177678308,0.00794143779227293,0.0136781125557467,-0.0107528694787613,0.0319520123185783,-0.0351462723706395,0.0549767450972245,-0.0215716714896499,0.0701779922037138,0.0225181245188107,0.0836929356040593,0.022095908488984
0.0178438631387687,-0.00963257857641829,0.0386008138223482,-0.0319482429591802,0.0789192402319423,-0.0102254426666398,0.0947280289225948,0.0106205344351078,0.0936960639414368,0.00792673982118416,0.0275568089255602,-0.020806074312225,0.0575458084119526,-0.0325888069861024,0.0654620998458302,0.0224419089855025,0.0689904368471707,0.0284037160531098,0.0887738390796017,0.00851482940285418
0.0195903712549368,-0.0181537733320431,0.0468747782426401,-0.0352289635343083,0.0983123223655478,-0.0183626876438937,0.0959065186283668,-5.27262561299469e-05,0.0959683080961037,8.78797703528022e-05,0.0192168196649353,-0.0237951005085317,0.0704998600637464,-0.0225518711546191,0.0655196260594461,0.0197121250301641,0.0705422453507211,0.0278700383325319,0.0849935763882959,0.0107627462890461
0.0187026630482514,-0.0138394941070688,0.0381662518569755,-0.0280256019195807,0.0520935824190603,0.028566893477843,0.0845277161351901,0.0326507187804645,0.102941695938122,-0.00368857717888356,0.00809533271483548,-0.0120770060825617,0.043838735484649,-0.0291273379983503,0.0551363018090742,0.0240362545294604,0.0720908580622061,0.031867847625878,0.100752364706658,-0.00583401089183523
0.00705022528921126,-0.00127991494512847,0.0262899128880662,-0.0281398971027747,0.0506866009599921,-0.00900130955437733,0.0588764020002914,0.0484989049230652,0.093676234841562,0.0203873232417299,0.0188277651129453,-0.0249009225836816,0.0496287968194855,-0.00579907056582357,0.0628908084390082,0.0439929932735339,0.0990940507385053,-0.00633774381455141,0.102572872899167,-0.00970651911165676
0.0228486571301072,-0.0238831866140593,0.03758094816276,-0.0204493345971267,0.0485453749371252,0.0569093273125884,0.0938233845354248,0.0115393367969916,0.0935603650991699,-0.00228111332403035,0.00889886724501709,-0.0176973400628028,0.0353923682246301,-0.0290967828053748,0.0609063053096161,0.015615698390819,0.0701100333359861,0.0259233283587922,0.071043849591433,0.0302324044777127
0.0175242727159177,-0.0239523029281465,0.0383662989863676,-0.033539257380534,0.0830805286205929,-0.0208433360003279,0.0939692361222264,-0.00294949450118685,0.0945441002293661,0.00329217093565426,0.0127792789759203,-0.0144858588691072,0.0531083788395101,-0.0321970872745041,0.0715220176918541,0.0153408987642375,0.0761046812138793,0.0287597331254105,0.09609218610157,0.00879411190278958
0.0065949609153112,-0.0263416687250357,0.0242956264349633,-0.0289643794467986,0.0391515413917719,-0.0252847366182352,0.0697447733896226,-0.018051443299349,0.0882713733629637,-0.00721341001161429,0.000330226135226326,-0.0033311627850808,0.00100735085677484,-0.00372843383746465,0.0318421907200213,-0.0279839669319646,0.0696973254674115,0.023864673136614,0.0791704540071747,0.0240319078729282
0.00737466381120513,-0.0051320780101767,0.0234309565642894,-0.0185959463350392,0.0468210319149609,-0.026496688062666,0.0590360064060607,0.0271150385837656,0.0930246432065647,0.0179366712731019,0.00283980868561448,-0.00495916198192185,0.0305025886447277,-0.030793747407564,0.0636026536836375,-0.0097738070573541,0.0684634774451012,0.0366683694297311,0.0894842867918345,0.0141194671850842
0.0182610913874993,-0.00871497027872921,0.0254428156691874,-0.0173497293074707,0.0342329507986969,-0.0230405954163599,0.0502653108800268,-0.011565088779391,0.0790723155973756,-0.00460759711421444,0.016767665276702,-0.014106228419155,0.0513359931460837,-0.00326601839605624,0.0611914108403917,0.0266328830867284,0.0753030445965421,0.0344463595780185,0.0984585045298247,-0.00252723380544907
0.00985048706408428,-0.00983693212656017,0.0259957470050765,-0.0206342150059192,0.0361986806475873,-0.0264560401298197,0.0698251177522844,-0.0119019809779544,0.0955860156972669,-0.00500966124619966,0.0237918046687595,0.0115408745874609,0.0540763989581174,0.0235411166474292,0.0675298307859376,0.0276047383199127,0.0874411341857264,0.0172133013357069,0.0958324868789092,0.00607370394262453
0.0109962490967131,-0.00991719877941724,0.0283757164956824,-0.0220795737092375,0.0382864083665945,-0.028325783479614,0.0702441351991142,-0.0157545820511345,0.0960812592686963,-0.00882730512983625,0.0218758797115455,0.0147209657158058,0.0522155707094792,0.0257432427462729,0.072383263327058,0.0205493268561965,0.0911141899524347,0.0124136119635605,0.0964283886365035,0.00451849543799062
0.0190124919695807,-0.00836995284737202,0.0285365732748131,-0.0235994760809169,0.0368743132643025,-0.0239966845284927,0.0737652449348092,-0.00910427830030654,0.0938856151151842,-0.00259758266955328,0.0243393954315883,0.0205977266491878,0.0477388802414801,0.0296585837588107,0.0608326670124547,0.0307128196615931,0.0710392858645281,0.0243278480059098,0.0895089318465571,0.0129152565534931
0.00932983987533647,-0.00951979671582238,0.0324671781465805,-0.0286174311173104,0.0444375014323684,-0.0305857856378717,0.0861102247885017,-0.0116600081853865,0.0990039937352805,-0.00251447736897839,0.010159606236035,0.0123430276685623,0.0378458393081307,0.0271408512607145,0.0571145972480479,0.0318716816292128,0.0753634619618604,0.020349395995608,0.0883052479553667,0.0149768300929155
0.0128797982140196,-0.00627336136139109,0.027857570475869,-0.0221411931872404,0.0335253057373523,-0.0251067282054454,0.0481397069049082,-0.0223105418262923,0.0872933697547698,-0.00607024832750847,0.0215837866320056,0.0167278504564222,0.0430145812941804,0.0255053576855494,0.0601463898486306,0.0282625378142051,0.073802569766078,0.0234695161389641,0.0872732837187117,0.0140983277830847
0.0114554369269959,-0.00596517728948802,0.0278117867809311,-0.0230479359266609,0.0434709104050126,-0.0234533687939241,0.0714772630355421,-0.00189554708576202,0.0933459582815343,0.00985157310576306,0.0206894044034338,0.0140202227555022,0.0450338991747026,0.0233807698435042,0.0616687681277599,0.0252229438923836,0.076019626680157,0.0197554143144355,0.0902640530628097,0.00851413221137407
0.0155707353255218,-0.014889811601739,0.0326148949356625,-0.024856548756307,0.0505532382085288,-0.0128995781268804,0.0880208052503994,0.00395558016814659,0.101703893230915,-0.00463804026840206,0.0232688851558619,0.0150400329785848,0.0457576109853317,0.0233509473157464,0.064579568104095,0.0244026051703999,0.0797206786876051,0.0190978995044869,0.0957728640905628,0.00647527623411581
0.0101694677531197,-0.00538170777330987,0.0321977554937057,-0.0197670447224695,0.0374402080157301,-0.0263451735906254,0.0486566406700837,-0.0266019259498726,0.0786358170455721,-0.00936147763319979,0.0241678476028688,0.0157766810286768,0.0476430020955812,0.0249798934164789,0.0649959785848152,0.0251281858258806,0.0766482903957574,0.0214268414804181,0.094989676898874,0.00673255383786725
0.0164526023689457,-0.0194529495435142,0.0302558898011536,-0.028254607850648,0.0522736772357301,-0.00337797381949676,0.0697751065767697,0.0253249809740848,0.0898388125751769,0.0050563521246723,0.0280287904758596,0.0189338714168872,0.0519276700184735,0.0300233706154053,0.0733843494362387,0.0258100201937707,0.0871056157958685,0.0138127108356065,0.0941792501260925,0.00490457075197395
0.0132538476169777,-0.00964679533124936,0.0269677127485948,-0.0227684150218497,0.0413152329776656,-0.0258424404348711,0.0703197666590564,-0.00508069490667969,0.0895218404971187,-0.000406435182554687,0.0270249972268724,0.0148849894770643,0.0547811878576415,0.0247539240321926,0.0705088233053876,0.0238802654499203,0.0819990144114343,0.0200473189489462,0.0926189731646263,0.0113691166086539
0.00880228941978172,-0.00540537635455139,0.0252746547125706,-0.026090867761461,0.0455242840526777,-0.0211376990409124,0.0786707314953795,0.000186098257561273,0.0954620551590837,0.0023844498608301,0.0277403852522045,0.0196597354807154,0.0536649989583936,0.0289689682491491,0.0673832088045048,0.0267642816024409,0.0798043696469152,0.0209291617782762,0.0914138678037128,0.0102529005194016
0.013452331628433,-0.00773227543617802,0.0286176314918102,-0.019238071027622,0.033813491078525,-0.0297043435032602,0.0531904874007948,-0.0223473510788575,0.0842114630300203,-0.0032656877929487,0.029169737808219,0.0202884945429017,0.0561965447755153,0.0232091965130656,0.070834286054772,0.0256350739349971,0.0811161788190703,0.0241288111386883,0.0958431383086333,0.00589464904073533
0.00956274189118627,-0.0058178201744511,0.0276902846676491,-0.0241551282667315,0.0418208000227066,-0.029866728973636,0.090929818786433,-0.0119246007509353,0.103086999585963,0.00118584170645087,0.021982798933387,0.0196978121105354,0.0477244791840435,0.028526225351077,0.0638731723935438,0.0289720519656107,0.0779793658168559,0.0220498192157982,0.0919016839336304,0.00893472377455133
0.0106199613575233,-0.00599231104524266,0.0320458419010059,-0.0257595503441486,0.0505319349495993,-0.0235183445489488,0.0948530158069949,-0.00442863092857946,0.103113101244172,-0.000600293638303412,0.014711770695841,0.0134943232672706,0.0446415455257246,0.0308313271869507,0.0644117890117292,0.0309677738285516,0.0778587298555267,0.0221616330278482,0.0901638671072122,0.0118058498928078
0.010515853334162,-0.00464977967371589,0.0265510776344453,-0.0232974577148945,0.03454354621059,-0.0263325736213337,0.0515293261322267,-0.0183716478353746,0.0883771160439017,-0.00339919560358793,0.0145036350743451,0.0159122588080083,0.0407878376200925,0.0289065337375452,0.0592847718914919,0.0238330382274366,0.0718331302500213,0.0204163361765927,0.0836724976539683,0.0131303195920774
0.0150565224945299,-0.0105027732907242,0.0359205481036814,-0.0259480310610292,0.0470350082756426,-0.0241592659494897,0.0911498920784614,-0.00611808217796534,0.102746516372725,-0.00173370722939453,0.0202605584555015,0.0243862616052117,0.0478042556938942,0.0344204707082685,0.0565471159929644,0.0331912137015297,0.0706947142218192,0.0272596435801581,0.0855484305961566,0.0155313819135989
0.00992330585542435,-0.00363102203731001,0.025417443941256,-0.021261965360361,0.0388792429641845,-0.0292210889759233,0.073688259955927,-0.0125013765747559,0.0983277639821098,-0.00531009194038076,0.0106939259645168,0.0137200375159905,0.0395253630983097,0.0286773686374887,0.0604919551230772,0.0285166840332882,0.0791034071936468,0.0171548066838034,0.0898130795246539,0.00947953874721328
0.0974215145930784,0.00142392912264234,0.0121716448135832,0.00386769517246563,0.00522927735798609,0.00290543925906329,0.00477656820508653,0.000161975530840354,0.036826727715893,-0.0284305652035052,0.0392806937855659,0.0243909356371167,0.0707022124055491,0.0209177247477925,0.0711270834582762,0.0272723698586378,0.0958849458528653,0.00173056372123146,0.098851900449631,-0.00254093066075931
0.0113822151200587,-0.0119722270749638,0.0277033589788037,-0.0237272502301275,0.0350996606996325,-0.0226339394851226,0.0624418048926106,-0.0106487134744446,0.0967473542153537,0.00227335946140014,0.0357578399040722,0.0202922021593002,0.0662453966394723,0.0264781224380253,0.0691036555120603,0.025792224527626,0.0728119725276584,0.0235613373913558,0.0895991164692646,0.00754583290503604
0.0186759647752803,-0.0129597465499833,0.0320785688559686,-0.0280113863618124,0.0698332183629072,-0.0100172423594966,0.100084047593832,-0.00309430032986011,0.100037065916286,-0.00167258281553074,0.0330030325855019,0.0141296975777148,0.0549963058136984,0.0248995293743633,0.0674051908555076,0.0241220887705635,0.0733319398942443,0.0265225868718167,0.0887034149796148,0.0118484807250685
0.00795951382810199,-0.0115475299714525,0.0258729971469073,-0.0252294820372377,0.0394850256676193,-0.0211391256407917,0.0780070568560458,-0.00418578091021479,0.0939441714981485,-0.00121523977817704,0.0284550466617883,0.0171136619830217,0.0574839883148426,0.0259734629974361,0.0728386376271764,0.0237291025092883,0.0842091828867287,0.0176564950855902,0.0955503164713654,0.00428464986291838
0.00756130658973045,-0.0100115986908296,0.0261786610555838,-0.0239994544880911,0.0342516293728233,-0.0289215099806435,0.0566534366352973,-0.0167688870915684,0.0906156524120006,-0.00354357719387835,0.0171825707624119,0.0132639495424501,0.0462240801579859,0.0242383646691155,0.0660871268547418,0.0252519672034008,0.0763525159714028,0.0226246261251155,0.0862588284285599,0.014508637335097
0.0201248664699614,-0.0173006648503316,0.0345269418211605,-0.0243889520206239,0.0380348769179809,-0.0297727604271855,0.0857692802554537,-0.00668784228895523,0.102986418732,0.000403474982385644,0.0184939463271997,0.0154888223899339,0.0477657024500985,0.0260324818413013,0.0703908095532739,0.0215015428220368,0.0765406922760437,0.0228227191664842,0.0961754699104908,0.00556737979361345
