u1_5nodes_1,u1_5nodes_2,u1_5nodes_3,u1_5nodes_4,u1_5nodes_5,u1_5nodes_6,u1_5nodes_7,u1_5nodes_8,u1_5nodes_9,u1_5nodes_10,u2_5nodes_1,u2_5nodes_2,u2_5nodes_3,u2_5nodes_4,u2_5nodes_5,u2_5nodes_6,u2_5nodes_7,u2_5nodes_8,u2_5nodes_9,u2_5nodes_10
-0.0387540445306481,0.00672115024995297,-0.0228395617636768,0.0146301699323092,-0.0180599942979503,0.0136915211711962,-0.00516807596457361,0.0116945370352982,0.0161318388778766,0.0142494703198791,-0.0323326225883761,0.00407593115102575,-0.017129239420376,0.00725942445738826,-0.00623033733714107,0.00425793349142325,0.00958482404679805,0.00868907276253863,0.02833666207123,0.0100878301110876
-0.0359814060834481,0.0040134414280751,-0.016888072256937,0.0110994496811462,0.00112038091753424,0.0137698601494703,0.0248385961169997,0.00939621575061641,0.0395807762016498,0.00369899359853915,-0.0389956157603039,0.00610838646931561,-0.0236205201566358,0.00341518298618724,0.00240588683067959,-0.00126789007648166,0.0250802598666287,0.00551136489439367,0.0375100024890855,0.0061757551493356
-0.0299987710119274,-0.00545572126398381,-0.0189001409424448,-0.0150301826358182,-0.00846395896399701,-0.0172472379533731,0.0218219080850976,-0.0116032623594853,0.0442240264099245,-0.0198578018737594,-0.000257024905951848,0.009727669032727,0.0201247788773742,0.0230696044594813,0.0332423325273245,0.0341631623815788,0.0370033633342387,0.028202067536653,0.0420213384491975,0.0149777188298014
-0.0282184674074748,-0.0127798929033861,-0.0247147949030793,-0.0126620348387221,-0.0129719242143778,-0.00864108004031973,0.00507302216535942,-0.00378207113908313,0.0295205480611073,-0.005209873305374,-0.0410485712762541,0.00957353244082512,0.00208344060582556,0.0240561613655508,0.0209741958029008,0.0356749818959697,0.0334644031151073,0.0318883837688863,0.0345657342353381,0.0309558318599474
-0.0309565138595294,-0.0162409157382791,-0.0252616934340205,-0.0238256707044589,-0.0180339617802988,-0.0283227018033968,0.00452827055545032,-0.0280751701988932,0.0274015416671204,-0.0201989853905747,-0.0311851141421488,0.00805474965500608,-0.0065419862507804,0.0204492165619235,0.0095925511204738,0.0360576340539245,0.0219851535169632,0.034405941962759,0.0325632647170147,0.0291956884287176
-0.0331151158093954,-0.0134201253926099,-0.0290170534834356,-0.0187025975500567,-0.0233828844106681,-0.0238745454152662,-0.00213338513225287,-0.0263360477551867,0.0257525570037394,-0.0210314295118106,-0.0306333524987444,0.013378774844807,-0.0161579976648545,0.0200649108126558,0.00529784312765688,0.0381751718535929,0.022874387592054,0.036562437282771,0.0365151748211868,0.0249645865682036
-0.0315454621995401,-0.016856684455064,-0.0237585965695012,-0.0251923186766044,-0.0148300332154749,-0.0309745832006336,-0.000411148414067121,-0.0338052305477132,0.021295548242816,-0.028548686050645,-0.0378739699494005,0.00959452591743612,-0.00907390306853611,0.0197228016283303,0.0114675516056583,0.0251092027972188,0.0228297053161842,0.0268159960516619,0.0351146504566405,0.0230696703159789
-0.037742122712185,-0.0114238418792557,-0.0239210430262983,-0.0258340371049846,-0.0127846878394792,-0.033190605126582,0.0135723589295539,-0.0296430644649074,0.0348978106427795,-0.0203739865517701,-0.0392773742042761,0.0115475671137875,-0.014140090849598,0.0213159568419204,0.00930646884931558,0.0327905546122841,0.0244651456958886,0.0344767540229663,0.0367149674543606,0.0235164770755845
-0.034483843522566,-0.0166919887524497,-0.0263158821282882,-0.0276345374430672,-0.0144595557744519,-0.0381171853463733,-0.00416336928752017,-0.0406714007493117,0.0278949255115614,-0.0335692013054017,-0.0421906074947382,0.0108756916481419,-0.0157690281380229,0.0268167436809226,0.0102119799407021,0.026377143647095,0.026250790163376,0.0270373486197668,0.0334550976447894,0.0228186176346475
-0.0381702595588474,-0.0155077854991001,-0.0233748121109986,-0.0281835585621611,-0.0108969216040993,-0.0354289345507668,0.00665750521527127,-0.0383586703985083,0.0375434800222982,-0.0256134636275992,-0.040597445199074,0.0124800113845525,-0.0105656715647233,0.0190261037525824,0.00988440349480066,0.0260969471106524,0.0280592763799951,0.0242895276557076,0.0392344884634922,0.0178082903071732
-0.0325408893357239,-0.0197442288703448,-0.024972675512724,-0.0277433645852778,-0.0115539533550675,-0.0284667828075235,0.00793915821064624,-0.0237631976319175,0.0269550914971107,-0.0168660723814034,-0.0412604751076252,0.0182864009404503,-0.00748166532448972,0.0300249774546696,0.0150685781803165,0.0294303413902966,0.0324718243636818,0.0228963060087248,0.0438003419871873,0.0106384018072779
-0.0335439194897981,-0.0138809230702653,-0.0209601991146568,-0.026138411271995,0.0135369855302969,-0.0279003371726074,0.0364390541884076,-0.0216843240527493,0.0483779663161991,-0.0133957736076525,-0.0310894307344345,0.0206849775599523,-0.00566876326007228,0.0384356239846911,0.017294647475484,0.0325337514453203,0.0316294615884091,0.024192712719455,0.041717210491592,0.00630923754800654
-0.0377156719489042,-0.0107482901847304,-0.0305781196904443,-0.0205705824238023,-0.0257474040432737,-0.0250976261053552,-0.0105429606097859,-0.0291205404707098,0.0147498403571729,-0.023349507393579,-0.0350630886109681,0.0199796834036718,-0.0163549638418828,0.0372777132059873,-0.00336599305367598,0.0346716639373648,0.0139263275718183,0.0298493566225174,0.0281875154667247,0.0232718190035501
-0.00195881293116342,-0.025897433962941,0.0026883671484506,-0.0200607552054868,0.0336293961038301,-0.0154450943511281,0.0170902829769435,-0.032603833944423,0.0486945957085115,-0.0135537565474294,-0.0292847897683975,-0.00669192164321682,-0.02943070594249,-0.0085794444645695,-0.00476028327969645,-0.00580992574878476,-0.00221409718214695,-0.0245126973398321,0.0382864358679169,0.000679935741912425
-0.0232147779392489,-0.0154257530522994,-0.00272796223591969,-0.0175278551609639,0.000443906617790848,-0.0177828382354655,0.0123057822123287,-0.0173200222969443,0.0270306469213139,-0.0182841585651728,-0.0371121485732756,0.00634210312237166,-0.0277860788629851,0.00436791163961541,-0.0206496574070926,0.00334533860042194,-0.00554442263683001,-0.000956136475152468,0.0175332347819175,-0.00970356240552006
-0.0407852945755696,-0.035379873122477,-0.0200960968559795,-0.0280758635435639,-0.00092346809718114,-0.0284014270423479,0.0100176188994263,-0.0238133092524619,0.0316244038851503,-0.0154883297989452,-0.0415956808678072,0.00417802581709537,-0.018260925411138,0.0133127091766494,-0.00135761693051095,0.02053151984797,0.0155689543845382,0.0282721339980831,0.0326845867663153,0.0281165795891937
-0.0384177656672027,-0.00916195930321241,-0.02891807333534,-0.0219623516769594,-0.0202345324943264,-0.0298968615961434,-0.00243632143739618,-0.0312103886640856,0.0134561399809048,-0.0273863227677837,-0.0303885261589318,0.0229952885885383,-0.00608059076356303,0.0332362783063972,0.0129580300141262,0.0330262808236447,0.0229638054438182,0.0293379807338073,0.0309912246498389,0.0214261595074872
-0.0160190986035609,-0.0267100704426094,0.00228894202144517,-0.0255859269423312,0.0100058768063836,-0.0216409519300687,0.013414072007155,-0.0189195584798672,0.0154100816602903,-0.0185748099890522,-0.0327031646428616,-0.000243439113820724,0.0192597508193284,0.0359230960039218,0.0285991599327312,0.0273679804024177,0.0360659577573393,0.0168491135399966,0.0392261548441458,0.0120752568572838
-0.0306735942783774,-0.0306252651365018,-0.0195567855073687,-0.0292545019467465,-0.00847427917626259,-0.0217108612001452,-0.00349569947688715,-0.0170511868000724,0.00621520835673896,-0.00994173489102015,-0.0187646734421316,0.0150893265663303,0.00053188913695296,0.0224688061814902,0.0186480953791411,0.0303849405575049,0.0235807680639101,0.0233905356876004,0.0263969559593851,0.0185469865810564
-0.0344556282757565,-0.0262703027516301,-0.00968532603353866,-0.0363755039510264,0.0178121469466286,-0.0320308921707893,0.0454540589909129,-0.0225928980650256,0.0425396366277497,0.00373650681781551,-0.0394216942935594,0.0151908499501466,0.00114885422143909,0.0149106808496309,0.0307250663705783,0.0268458746689946,0.0380748745697413,0.0202070352366088,0.0414119365372238,0.0141481273862716
-0.0293537392062261,-0.0251335090752425,-0.0109226877916981,-0.028889128148535,0.00868715939717607,-0.022484471231,0.0474440055586813,-0.0166194208003033,0.039186319652363,0.0109775273510792,-0.0285308689278996,0.0174530043431959,-0.00657357749202019,0.0213672118931738,0.0233214906030645,0.0301125818830319,0.0349296752697843,0.0117192158149267,0.0439352074658606,0.00454238786366401
-0.0412775512912635,-0.0279973996100176,-0.0200145818049486,-0.0253449051691523,-0.00304538107843568,-0.000831505738874608,0.00190021559410783,-0.00129213838252816,0.0180269162363287,0.000863038648388244,-0.0477006451566394,0.00301350956212569,-0.0129090388094303,0.0074329951422186,0.013499642973938,0.0268713733210119,0.0185357488124444,0.0233488443558538,0.0336304292613862,0.0307268098250194
-0.0423106776989501,-0.0135601035829441,-0.0323118566520091,-0.0229319791670305,-0.0175068914119524,-0.0260148617477087,0.018239664071622,-0.016204222843883,0.0400188785543154,-0.00225695925752133,-0.0476457310366318,0.0013210168844011,-0.0474641810929263,-0.00040016778152871,-0.0322499497325715,0.0225228259367559,0.0133083114363215,0.0159554656032684,0.0341233109812715,0.0235868661645547
-0.0356288321055702,-0.0178018732959047,-0.0247290270039858,-0.0301128369151669,-0.0143718770512449,-0.0346532589727723,0.00691848819696276,-0.0166812559873186,0.0284379765314846,0.00876110168870554,-0.0374367071771671,0.0114914327072825,-0.0132595972502896,-0.0031754701461906,-0.00122777340946701,-0.0110921295226119,0.0267523849261533,0.0147664129796521,0.0384427482243538,0.0196673604867472
-0.029479299546334,-0.0230656795585043,-0.0188291627843621,-0.0234489138970064,-0.017241562837677,-0.023743067868264,-0.0103167233651662,-0.0228422504019818,0.00961214729985571,-0.0290299315780774,-0.00688645348251856,0.0271038131137069,0.0100005543171366,0.029693325682203,0.0212256353281428,0.0273471514554232,0.0326467193077409,0.014277915298525,0.0348908941789103,0.0107999891561853
-0.0436167073702742,-0.0181606596921235,-0.0411196904158684,-0.0267444912501234,-0.0173006663297062,-0.0266870938253732,-0.00346404113931788,-0.00144133238429149,0.0208360913141287,0.0231770391659733,-0.044265955490346,-0.012326270333097,-0.0359613348828816,-0.00844602066745078,-0.0126935426529869,-0.0182015441538044,0.0151927202638105,0.0050248579026343,0.0306305262233842,0.0272999170818926
-0.0478327804069413,3.40537861428513e-06,-0.0447504361438077,-0.0049865655768416,-0.0261691737710627,-0.0290036178425545,-0.0185631025940134,-0.0287445226260942,0.0120077597527369,-0.00184613645956881,-0.0314106121776106,-0.0136823311227305,-0.0105821058672971,-0.0225318940844196,0.0144610334609806,0.00925996858255067,0.0321976132356292,0.0300793398540939,0.0404355211165599,0.0185666343706332
-0.026639138054534,-0.028144222710756,-0.0129410346939367,-0.0349211607806042,0.00435585580749232,-0.022961170770254,0.0200592055440201,-0.0030055965737661,0.0332208510985962,0.00892331359381107,-0.0461611381169508,-0.0207265279448616,-0.0395304343004074,-0.00598373732457012,-0.0103726115560184,0.00435957838639676,0.0175404648354577,0.0203452354733616,0.0373778148732006,0.0223049834326063
-0.0328619829480944,-0.015913574096817,-0.028337892859479,-0.0207768269619784,-0.0146223513318705,-0.0257552507253782,0.00706351168302819,-0.0179473867724926,0.0275203732513475,-0.0143511124068736,-0.0374151935957432,0.0125596810586626,0.0042564001150925,0.0256571872373595,0.0267378891501405,0.0231317303408526,0.0340758022386671,0.00790482793899655,0.036288390675345,0.00141634365129741
-0.0343398471972819,-0.0172617242636267,-0.0238770997658724,-0.0239498597781278,-0.00675704365941127,-0.0243266888633032,0.00458797676811826,-0.022997047798208,0.0244937834993155,-0.0188282791216344,-0.0324666037130275,0.0124395620616382,-0.017746840576606,0.0143251035361682,-0.00571865816941238,0.0110754518684888,0.0114320520902824,0.0205787828681441,0.0251465324329375,0.0289279278657023
-0.0436493922430064,-0.0223452235454239,-0.0178483593977953,-0.0300223591408147,-0.00986854301820045,-0.0306090987462501,0.00174916987147363,-0.0255544269731361,0.0235873890603359,-0.0197762170023312,-0.0184409137565961,0.00674939951516543,-0.00304454589544127,0.0106092379587751,0.0109389682059048,0.0283183264141292,0.0231389392805731,0.0177051273620883,0.0292632483588945,0.00567921918150889
-0.0480631584879963,-0.00618300641111235,-0.0474326680921465,-0.00226369901605326,-0.04393894540156,-0.007001187195761,-0.030362762327702,-0.0257756270739167,0.0233470645427989,-0.0264176877865485,-0.0348054962716813,0.0141478183155587,-0.00214139612823495,0.0208889901923074,0.0147188843086322,0.0338803981978807,0.0281054016041264,0.0295951138870443,0.044945674773666,0.00515337080818365
-0.0384583141167882,-0.0150253463725351,-0.0281306384315691,-0.026202602886984,-0.0186717666463844,-0.0343712051492555,0.00712503543088729,-0.030860213286118,0.0294867995745422,-0.0233637483808541,-0.0459702393577053,0.000399996636807714,-0.0468154840882785,-0.000289918636250556,-0.0468922619779091,-0.000516964515004044,-0.0151773910807726,0.0142850177372276,0.0217929431094178,0.0353717701160607
-0.0275099325696562,-0.0261823917341239,-0.018791929797968,-0.028643419671563,-0.00998652787010133,-0.0269766846735878,-0.00659979197761088,-0.0262318743342785,0.00881165712573883,-0.0157429449201326,-0.0430702863257664,-0.0172134703641251,-0.0241205708990276,-0.0126958895767453,-0.00845089824830593,0.0031017934426718,0.0210982786051313,0.0320719681843099,0.0332773958329012,0.0277148311971442
-0.041650863721064,0.0108751418282453,-0.0290367753725499,-0.00196222034982415,-0.020712483732775,-0.0144112806348385,-0.0104288305464371,-0.01340978986681,0.0136516238934716,-0.00651571520054414,-0.0289255060620056,-0.00343068727759571,-0.0192515046028287,-0.020157648492881,-0.015142260436597,-0.0227341724590652,-0.00494360690070966,-0.0216032404819944,0.0132546480466937,-0.00975264949966708
-0.0408380923130196,-0.0159817098685671,-0.0285311944672752,-0.0233053716928481,-0.016573633238383,-0.0298400974105943,-0.00373569041048388,-0.0246981305719049,0.0197891496074949,-0.0179097155783314,-0.0272394764169232,0.0179617122119387,0.00233537231134676,0.0207053343304984,0.0244707037616254,0.0261290322111413,0.0367228839894072,0.00378855019939566,0.0395716636336986,-0.00416473669569299
-0.0352055251602676,-0.0157396782629484,-0.0343322267153918,-0.0159109237175527,-0.0235663265312972,-0.0263972104309682,-0.00921371848870653,-0.0337641171510042,0.0179301716247633,-0.0295547900198351,-0.0315821221116263,0.0155574004441257,-0.0118299018518883,0.0198418984526239,0.00673222504809127,0.0372554440210716,0.015465359507112,0.036002733672437,0.0305990754749732,0.0217948136399842
-0.0375725712369908,-0.0183630124976708,-0.0308312620951505,-0.020715367079864,-0.0200908114615166,-0.0276212510371647,-0.00886228576179338,-0.0191513719678641,0.00348491419746971,-0.00308460946014605,-0.0375813851493188,-0.0198313176711971,-0.0215860131981659,-0.0138240084260469,-0.0147792707024111,-0.00608097840158796,-0.00106431261257722,0.00612573072415501,0.0088378145883862,0.0105113339774959
-0.0301608270779461,-0.0231024624125844,-0.0190941376272125,-0.0280840120612038,-0.00314041883572108,-0.0202802924246459,0.00149593894637171,-0.0159347639077629,0.00746623272934751,-0.0149295584667389,-0.0381372692584005,-0.0263408541910304,-0.0207963667536048,-0.0231996728328467,-0.00722313871015021,-0.00394531446160408,0.0217576921705012,0.0289285435750627,0.0333351763241222,0.0294066138939668
-0.0241065372450556,-0.0285856619999335,-0.0193537994736164,-0.0291340832436433,-0.0163017385232073,-0.0323227127496356,-0.0034885363500859,-0.0231064609919022,-0.000230236225932906,-0.022508370157033,-0.0193044239592343,-0.0175613219082606,-0.00566570437044186,-0.00460659781141026,0.00833681506312936,0.0161200995447569,0.0286480037801734,0.0345979661777241,0.0323096896613725,0.0304247329143251
-0.0299509609797202,-0.0236396305820573,-0.0243291832759071,-0.0307278368690689,-0.0181318942311078,-0.0292083239493031,-0.0130902597133968,-0.0263673595805998,-0.00359966434727042,-0.0222393898121494,-0.0330068632794203,-0.0156518821231124,-0.0123745797016772,-0.0275559020091822,0.00508199847447107,0.00467542333836727,0.0249226836571394,0.0333293463656538,0.0288944413232425,0.0321323168146351
-0.0278580476363603,-0.0250822914823632,-0.0173134685703192,-0.0273563241459165,-0.0169246096605531,-0.0278878338652334,-0.0120895899328123,-0.0279716586540252,0.014713482917035,-0.000527669167050103,-0.0247706235670407,0.0173529821601833,-0.0147669119168892,-0.0194015806043062,-0.00755473627159921,-0.00138561378641613,0.0164489868893925,0.0260534421665978,0.0203344600559722,0.0239548041601216
-0.0315387903204067,-0.0232502747738759,-0.0245808719400606,-0.027216533253528,-0.0116235406126154,-0.0246128893546689,-0.0103707090000748,-0.00958548868845162,0.0105432017946492,0.0134169546494812,-0.0446285858829039,-0.0233670023111022,-0.0321550001955359,-0.0263897597303199,-0.013207204235312,-0.0176009575144609,-0.00812022664506224,-0.00121890708736493,0.0158198409347701,0.0268681257367282
-0.0278789178057794,-0.0214525603738802,-0.0175576979742214,-0.0328236074411642,-0.0158514691858268,-0.0264691222514646,-0.0044127841317216,-0.0233558234124372,0.015160986000686,0.0113568833617069,-0.0414631559571019,-0.0128445909014579,-0.0280896995913695,0.0053503969508526,0.00338022306122999,0.0228396537893835,0.01882641087878,0.0202854123448917,0.0278234607545142,0.00912097753625857
-0.0289404228806041,-0.0202513545556525,-0.0128905963127998,-0.0314802781677266,-0.00607423853692525,-0.0193183476509652,0.0164381464703486,-0.000940820098778092,0.0459101799308008,-0.00147691804281429,-0.0276771832679853,-0.00588131258541402,-0.0102343473022182,-0.0185588950168457,0.00204369933469031,-0.0144632251905184,0.0224608345002805,0.0223308969965817,0.0336588953068381,0.0302738824792713
-0.0188872305051934,-0.0226337588273377,-0.0184721332380932,-0.0237168611684895,-0.0184540223112888,-0.0238822106415099,-0.0175710192101124,-0.0237128762972011,0.0111048898328384,-0.00064253574356314,-0.0483265139794409,0.00280422511159725,-0.0406415088310381,-0.0180318227970397,-0.0182838673494759,-0.0087802648198842,0.00653938873570674,0.0203380476062377,0.031984962393865,0.0151766916571832
-0.0315252660393606,-0.0196218496610378,-0.0221547527113291,-0.0288367925089747,-0.0131962561268737,-0.0293687496083612,0.00229584806307096,-0.00703758418531956,0.0212351477499591,0.026585673008374,-0.0422080220509679,-0.0150502471775589,-0.03399164127806,-0.00386359853226107,-0.00670012360708744,0.0157436363747615,0.0103498403703871,0.0181183355108705,0.0246009047667312,0.023399530953394
-0.0366856983011998,-0.0141085038809168,-0.0229254057913891,-0.0257620446840999,-0.0163758138061835,-0.0276669096262025,-0.00562668266003177,-0.0211408491999023,0.0164726617440509,0.0138172287048921,-0.0383023354868646,-0.0130905272527725,-0.0277295466056535,-0.0186827757446064,-0.012495423335819,-6.63744624534932e-05,0.0140915865801162,0.0235529922334417,0.017910139999852,0.0196155801996667
-0.0391249818478232,-0.0175322085164993,-0.0275105177213619,-0.0307148452290241,-0.0187265767369486,-0.027339982004496,0.000449146271875319,-0.00516701337025368,0.0143421526522361,-0.00351950116996026,-0.0279863728860604,-0.0231769994206666,-0.00569036825219279,-0.0118691670980522,0.0220034785373068,0.0177334682596631,0.0341524093697757,0.0311629281032288,0.0396877239604324,0.0211991351059834
-0.0366337425801502,-0.0180670248003101,-0.0257076009326929,-0.0296536811500283,-0.0237382784411161,-0.0297594657092319,-0.0125683367897757,-0.024535210770831,0.00898438798955905,-0.00724502353262549,-0.0473150686627755,-0.0129364607758066,-0.0381174480682062,-0.0180250608762772,-0.0224623339036044,-0.0236282948397006,-0.00354710881222375,-0.00397262517110554,0.0250273787680633,0.0215504493356355
-0.0314432565991057,-0.017576677270448,-0.0202102460205922,-0.0272930087816605,-0.00590221834374553,-0.0290471623288557,0.000584327683255147,-0.0189766592229608,0.0219409058691691,0.00677083606464443,-0.0439025856083035,-0.00476779654348844,-0.0121074448290003,-0.0135111317981837,-0.00474185411486684,-0.0201884877952698,0.0229448802190561,0.0120956567470495,0.032114537590489,0.0173207163656241
-0.0355312487832412,-0.0176572330482467,-0.0163776821182014,-0.0279425167669667,-0.0012827260023524,-0.027632731850658,0.00915560506257898,-0.0262712330772324,0.0367023439871743,-0.00704869975730224,-0.0461551153839,0.0146638636473783,-0.0254535921179008,0.0141513155990588,-0.00272337116331146,0.0158312270872364,0.0196300405169971,0.0304099725977084,0.0369628557276347,0.0206597246774331
-0.0363282895277819,-0.0184688951249588,-0.0291727124446871,-0.0281383207525491,-0.00847441086391317,-0.0289393034432757,0.0107448292100649,-0.0254176662047762,0.0359914604551188,-0.0116426117646561,-0.0448961044394945,0.0133283523925254,-0.0290361549782424,0.0114985344579161,-0.00878047050868587,0.00813286362510041,0.00802376810262487,0.00714189111427168,0.0263102636450884,0.0226414981021432
-0.0298789798315236,-0.0223963119035231,-0.0247200553510795,-0.0267804660560002,-0.00738735783014574,-0.0323880932233544,0.0242204655624464,-0.0251520871321426,0.0395110530332675,-0.0172351393700266,-0.0427936337282939,-0.012442824042847,-0.0328314061070922,0.0155943347426289,-0.0074023259465124,0.0108087120939379,0.0147673361702309,0.015962780689458,0.0257086349130105,0.0195324568738586
-0.034997959679169,-0.0113199594220193,-0.024631069710147,-0.0211892417308639,-0.0159108298051425,-0.0304312625428881,-0.00177778287837313,-0.0293127553393893,0.0180863115000761,-0.0118781383391386,-0.0444831515615107,0.0161047067344844,-0.0232659027191489,0.0147932246599114,-0.00166109750261292,0.0154862473116253,0.0111772152750376,0.0189798826919049,0.0208020111688241,0.0229766935596201
-0.033337999029717,-0.0179943079036905,-0.0137586939920171,-0.0291666330960909,-0.0124856206173892,-0.0304441803729343,0.00247504897795474,-0.0293201393245305,0.0235507015532678,-0.024702069382616,-0.0186891158167324,-0.00845873465787136,-0.00895177534519971,0.000139414199723502,0.0146995398278692,0.0188809952340512,0.0301873020350012,0.0217557068691377,0.03806988977671,0.018595435557297
-0.0238723473987296,-0.0262936279371588,-0.0139741823472702,-0.0317920747050747,0.00241563037649206,-0.0209306092228525,0.0198582195290819,-0.00281625696385935,0.0348236942083151,0.00866436159195114,-0.0366758583928504,-0.0122145021956859,-0.0103852015004276,0.00546016077334644,0.0177767119705361,0.0269366721379017,0.0286628920995327,0.0120835436012927,0.0384119771130178,-0.00276119578632289
-0.0149598810664195,-0.0278702942230761,-0.0112513452597863,-0.0309416083353969,-0.00291217436333002,-0.0323951837419214,0.0381841843225913,-0.00644159673135046,0.0413909348582829,0.00706550025170919,-0.0468653544660018,0.0150789943905812,-0.042457232669724,0.013094228452287,-0.0148798512739774,0.0100673771951495,0.015867458036682,0.0252306140075562,0.0310489118370008,0.0233045652914034
-0.0313401342686126,-0.0225969491894905,-0.0208998479147499,-0.030922822364934,-0.0128581576656086,-0.0291341011154362,0.0124458736807314,-0.0169307334920594,0.0352490066189726,-0.0018676581757127,-0.0357650276923367,-0.0109797063680093,-0.0211506858400484,-0.00786766446799024,0.00564162241948834,0.0102400494186508,0.0206177599023582,0.0213448205650413,0.0288359129685126,0.00994580688270479
-0.0307002090408998,-0.0215772588557815,-0.0247798056898579,-0.0295418290739658,-0.0182821628439672,-0.0359571679302223,-0.00176756823676427,-0.0299144145797121,0.0186421844563343,0.00367606774403461,-0.0440576838805625,0.0160823392839096,-0.018099551631,0.00498119799041948,0.00133740956266771,0.00973503575485995,0.0163337017555086,0.0257268557655285,0.0276957785314183,0.0237357982122351
-0.0235302473918881,-0.0246669016776301,-0.00336646719599438,-0.0197392917541145,0.012258719710974,-0.00649147527698893,0.0185735634544137,0.0105835178997355,0.0319292844636258,0.0122652804374995,-0.0261458282651988,0.0115900148051939,-0.00330630841293261,0.0197491414662392,0.0205007729441808,0.0249695497500168,0.026980850949292,0.0151708899784477,0.0307795877145216,0.00764045184177578
-0.0394558819825838,-0.0136699732298952,-0.0280333653236662,-0.0217248330125579,-0.00673393741311391,-0.017573811443993,0.0109429230745825,-0.00189965468223136,0.0299344974536123,0.0102630991804691,-0.0231396595605783,0.00516262278505714,-0.00240051743639873,0.0175270179730917,0.012948732809259,0.0281994362610292,0.0239139374125746,0.0193368924200828,0.0325958249437636,0.0122270838114292
-0.0368141487108926,-0.0250652557476305,-0.0195040321039178,-0.020333785443957,-0.00724344452321693,-0.016430930382197,0.011169345190872,0.00777509394400193,0.0397242333412081,0.00991501550652186,-0.0447131922490461,-0.0138731179327221,-0.0196759042714485,0.0135745302487226,-0.0138110838161218,0.00839491722096602,0.0134118633944672,0.0215901332790821,0.0246324655714168,0.0207682366419012
-0.0328783961151141,-0.0198339872963569,-0.0236749861897119,-0.0296061281306874,-0.00354889643276688,-0.0203839649442159,0.0104822438778408,-0.0126592716859997,0.0315367567727967,0.01179092915461,-0.0412663722452004,-0.0168955594587791,-0.0250898325610025,0.00867498502206111,0.00783870481122276,0.0276636795569734,0.0251012777018057,0.0242364133084017,0.0337710980473033,0.0129477717797702
-0.0388254942137753,-0.0132026037973503,-0.0294050982620855,-0.0244133445835388,-0.0194978654547221,-0.0316832505044474,-0.00455842758863355,-0.00739570859722455,0.0150850620722938,0.0271783877773357,-0.0319955927377469,0.0188894118013259,-0.0176338879669512,-0.00629754257453822,-0.00378400495313042,-0.0126747302404893,0.0130134926642969,0.0115732768183727,0.0305953266202003,0.0324642819332449
-0.0294318003308713,-0.0249557762936218,-0.0178651429254176,-0.0349496815902432,-0.00939461897187977,-0.0134830011972234,-0.0044496352777075,-0.00672898386154367,-9.13293889291269e-05,-0.00278980979493814,-0.0370861476374557,-0.0190198385536601,-0.0177617839280862,-0.00746294059128702,0.00602525093466392,0.0265495814632215,0.0218931636985243,0.0288251718240465,0.0327662774589238,0.0179329084848203
-0.0343085287240156,0.00524323820017689,-0.0325310681135442,-0.0157340136425689,-0.0190450912530877,-0.0233169547706517,0.00229021270253834,-0.00477336139728223,0.0258929353689655,0.00570601479382586,-0.038273773384949,-0.0403611972690058,-0.0324406885780736,-0.040779928009561,-0.0234717444394397,-0.0293255773000008,0.00654441267161735,0.0279453530660601,0.0266531410560452,0.0244315261908704
-0.0308612060857212,-0.0212706103098461,-0.0155230173821458,-0.024259724231679,-0.0126064470121553,-0.0230894889640911,-0.00111852696885716,-0.00568982758685471,0.0215461860948592,0.016950504726009,-0.0416878027311644,0.00340312375401227,-0.0156444210461868,-0.0192991030085698,0.00272244888519939,0.010881619165854,0.021416635496114,0.0269709970383424,0.03161456157845,0.0126626393268028
-0.0225906246577419,-0.025609528883531,-0.0191589328051952,-0.0281582879039223,-0.0188471659714485,-0.02529279157447,-0.00434369433941371,-0.00658992746012969,0.0237231322194453,0.00566125574287636,-0.0236856970084558,-0.0163890796107646,-3.41154332198628e-05,0.000638840405583944,0.0200261857389295,0.0307970570006217,0.0316597036123317,0.0291498351954532,0.0365794298580166,0.0270153452324127
-0.0334678953599795,-0.0214091769659132,-0.0205726193398066,-0.027685735201931,-0.0156198130472729,-0.0250614947492598,-0.00826762705676442,-0.0144086280041695,0.00639883742973465,0.0111249602155215,-0.0359907285334551,-0.0139965218546245,-0.011882801420842,-0.021153095648368,0.0119773397081439,0.0107109992094048,0.0254227682629119,0.0358246983266472,0.0348949884647286,0.02398900589576
-0.0348819752453876,-0.0188458080131842,-0.0217218151358978,-0.0308609879078391,-0.0036113298068197,-0.00961357234562921,0.00590143992384082,0.00211460018123359,0.0278939045251879,0.0183793165062981,-0.0382936317412554,-0.0193908587680342,-0.0217944357666346,-0.0214831058780794,-0.0010616585994424,-0.00859126419919732,0.0135857305326992,0.028695679701095,0.030920722955573,0.0311092536811064
-0.0333506790430653,-0.0229125954334357,-0.0192393411231407,-0.0252392407151825,-0.00932321495452875,-0.0228930669752991,0.002334186692328,-0.0110677123941613,0.0253048154570696,0.0175703549156834,-0.039069523577449,-0.0164604495026507,-0.0143422472829497,-0.000343792977058737,-0.00105600820626898,0.0138700589602431,0.0166803161343043,0.0309031687143105,0.0201485170238267,0.0236301569701823
-0.0400101785767808,-0.0190315719324428,-0.0296159460954741,-0.0264568153970703,-0.0166525579501703,-0.0258488574434734,-0.00364432188966488,-0.00554306568354993,0.0153302429283208,0.0176560652745371,-0.0410218059713943,-0.014607034999887,-0.0229007763628575,-0.023241492583419,-0.00242106092321707,-0.0030451529491159,0.0202038462004012,0.0256149410730794,0.0297005770562577,0.0207052401190594
-0.0287964408035628,-0.0221755520033281,-0.0211275410722204,-0.029156935032301,-0.00764626112043405,-0.0157169597256057,0.00350977083743914,0.0146198912254799,0.031759620774832,0.0192372728385776,-0.0327813306407437,-0.0215068367823542,-0.026408545454745,-0.0219093902767489,-0.000796861429282983,0.0112538861970811,0.0161379226057466,0.0330320833172121,0.0294574067971186,0.0142934660196719
-0.0320896171171451,-0.0209396360245782,-0.0167272465554465,-0.0291438078662004,-0.0012822382799565,-0.00614395704970176,0.00506760007824501,0.0301608087223076,0.0327172797239081,0.0190825603121892,-0.0343479610034767,-0.0181030546833194,-0.0185256437730546,-0.0183792033314358,0.00313238853765752,0.0193745279032801,0.0128811369227956,0.0316392696888721,0.0216024751856231,0.023659210140754
-0.0286400409357118,-0.0235166560322775,-0.0165385663069903,-0.030080558194653,-0.00545133676765408,-0.0154661261933461,0.00519322803796131,0.0111445319634026,0.0293541233635533,0.0184152187344895,-0.0305591411228517,-0.0187476224834549,-0.0183186932356606,-0.0245250583338435,-0.0052964617860825,-0.00232924903653159,0.0152904864973969,0.0251526730884429,0.0169606007322407,0.023880600388695
-0.0350097614717651,-0.0141617262766062,-0.0221215371110185,-0.0268173778887268,-0.00899085216161296,-0.0121953249524862,0.00821768792511031,0.0134347134980807,0.0269819837489921,0.0208310773617213,-0.0400214620671248,-0.0151537925063306,-0.0258111026602507,-0.0132359712733005,-0.000169500344367325,0.0132459340188701,0.018564661291477,0.0326523382076618,0.027175754420779,0.0170146751058988
-0.0343395438181394,-0.0211756771828995,-0.0257918840271191,-0.0285220771377658,-0.015841382373836,-0.0162099568269047,0.00197576461298551,0.00604189717317896,0.0254186392911793,0.0187896326344526,-0.0397231899482243,-0.0198007853229469,-0.0308583460816007,-0.023095972951671,-0.0179212487620723,-0.00339537894106659,0.0106829231309299,0.0307818486896979,0.0224080585799883,0.02256240709107
-0.0325325525027797,-0.0164673354902039,-0.0202758441242455,-0.0253008998212594,-0.00782940125823207,-0.00789346275928234,0.00926628481389585,0.0178595256072145,0.0278427603099167,0.0187381274355797,-0.0362860209213634,-0.0149810502552774,-0.0192107382623887,-0.0132801219899965,-0.000316872350467819,0.0134429209964595,0.0169081800803608,0.0291573186702413,0.0275027240107191,0.0146522679273022
-0.0383754868748293,-0.0160376705542373,-0.0220402869624195,-0.0286128482174452,-0.00902032326372039,-0.0190437408481699,0.0103645235975369,0.00163391602416151,0.027002718289792,0.0217305616130766,-0.0356863905587806,-0.0136930176663349,-0.0168404246040698,-0.000463771201117679,0.00230548868981131,0.0147251435189051,0.0213277803062976,0.0283452790745193,0.0287779803188126,0.0233729478196261
-0.0382116490922565,-0.0150860574298049,-0.0256412129008236,-0.0288961603619669,-0.0127973333511409,-0.0181064481545592,0.00249784728467389,0.0089778995524639,0.0257662225492738,0.0226219878310636,-0.0418246749322393,-0.0132413046740061,-0.0283927679656719,-0.0223386233643361,-0.0060124247198775,0.0124229673965696,0.0193105327948092,0.0329087705770605,0.0371736672297498,0.0177070022490354
-0.0365532241236942,-0.0184654860794967,-0.0238185977491474,-0.0324938021622825,-0.01422415359082,-0.0287977684367999,0.00533752189866596,-0.00289460605198545,0.0260354580259261,0.0139840464278194,-0.0407292075926301,-0.0130656375002888,-0.0293130278547702,-0.022172070837763,-0.000336955461801146,0.0433835092796895,0.0273699761520977,0.0297709107897599,0.0459952786118509,0.00838360697865677
-0.0319014721107486,-0.0166672042364043,-0.022408534164391,-0.0294207194228503,-0.0157875660285526,-0.0267548698497265,-0.0057819741020498,-0.019283361452779,0.0169979750485564,-0.00455768079292751,-0.0402733966913559,-0.0140910816760857,-0.0263855148816901,-0.0130336440192411,8.63400914349066e-06,0.0202968512024532,0.0196758119329717,0.0287261244370168,0.0336772973079226,0.0187703361212376
-0.0342665094179169,-0.0208229474308871,-0.0277061689931422,-0.0292611973033608,-0.020571442001214,-0.0274834878791442,0.0042396260097297,9.9486480506497e-05,0.0200775780557538,0.0219346011489257,-0.0284768860918365,-0.00614537207598817,-0.00914448365916402,0.00788224341448779,0.00968110719649236,0.0221901764533708,0.0182782969943154,0.0298744281053975,0.0281407417692998,0.022758024470186
-0.0305183062253981,-0.0241156406585448,-0.0242672784117404,-0.0275541772391395,-0.0178528955333171,0.00154580724468705,0.00479286463896715,0.0295965785274698,0.0311983045952198,0.0085613005561268,-0.0201024648194588,-0.0134946494032079,-0.00408650829919047,-0.0178766144181435,0.012400794682488,-0.00179129564823247,0.0254236859822401,0.0226185092084605,0.0392533068761115,0.0199131240422545
-0.0380330410099899,-0.00993445081847698,-0.0262357130650753,-0.0224814141917059,-0.0200258993826791,-0.0244584270311287,-0.00305128623886434,-0.0077911131592465,0.0162039815607696,0.00708406180309922,-0.0417078585006439,-0.0132024017091185,-0.0248417201934232,-0.0230779350253408,-0.00967227638260034,-0.0199230340899718,0.00185936096698536,-0.0116218202451331,0.0218432377644783,-0.00109086514173776
-0.0369192257863621,-0.0134719280556538,-0.0269826768286181,-0.025594129749812,-0.0167052534623785,-0.0244278018154747,0.00134989232758618,0.00721314958177854,0.0252854838631266,0.0255706981039677,-0.0388361322431538,-0.0151897126387305,-0.0300634672415992,-0.0169393843699006,-0.0109338089905269,0.000477933974616385,0.0115124091526582,0.0234160413472821,0.026668794036175,0.0280007151457386
-0.0318334424939162,-0.0208591875578384,-0.0157732863750953,-0.0276311646710371,-0.0017792334272754,-0.00560036240220704,0.00945896472079895,0.00682091977739962,0.0313349666306026,0.0137740327002122,-0.0266766562754902,-0.0201789333904842,-0.0127399735719844,-0.0272117393542725,0.00119937969104901,0.00115193434714479,0.0162619140271842,0.0230900266623496,0.0291102507992557,0.0219815272335525
-0.0323729702400157,-0.0265154977757424,-0.0164261228473419,-0.0263685544630778,-0.0100965158498813,-0.0190604186359519,-0.00257725385735156,-0.0147942026778406,0.021780376055331,0.018631895645902,-0.0339617927167534,-0.0250934464221139,-0.0169601652530078,-0.0235679971590599,-0.00101863041561131,0.00261847991850503,0.0191351354125064,0.0315173452919908,0.0325755076361565,0.0243797373232564
-0.0274563152222623,-0.0207600670826969,-0.0165448420617236,-0.0102850762649299,-0.00307917816656207,0.0018291193491056,0.0169788500038204,0.0329580396481664,0.0378604150491083,0.0209761932434157,-0.0357096793862919,-0.0287244918637351,-0.0167232058131608,-0.0423807812247245,0.00185528563898755,-0.0268946372624313,0.0224959272265136,0.0256975578333266,0.0403846808343624,0.0186958827427691
-0.0276695410195376,-0.0215144687231629,-0.00458563665865885,-0.0158330225075294,0.00669467647262417,0.0215311742706228,0.0430659224570672,0.00828792805631776,0.0487054785599053,-0.00269935911351375,-0.0304744221467543,-0.00843516166372187,-0.00344111085302746,0.00316935634081909,0.0190377872083698,0.0344490541815119,0.0382074277957976,0.00921989200659628,0.0468849636380493,-0.00608567736540172
-0.0295536407352579,-0.0283576032837182,-0.00869022480307243,-0.00735280438493747,0.00690441747055193,0.025408337886016,0.0328259518751003,0.0140291936350246,0.0403583076070483,0.003160832906104,-0.0415477687278055,-0.0187052249399058,-0.0295048707209179,-0.00885089699040201,-0.00325109564547477,0.0167574653958909,0.0156433443456218,0.0288820871673266,0.0311732655819099,0.0164860112143043
-0.0302774204283672,-0.0160007150860283,-0.0191697617025558,-0.0231243059453738,-0.00607490719447702,0.00317721975304709,0.00950842410046424,0.0320008988684822,0.0307932073804645,0.0178763124798841,-0.0358441193109001,-0.0222280936414066,-0.0284433808144068,-0.033286625772407,-0.00778883185113472,-0.00935518328261926,0.0174335482812696,0.0324798362680057,0.0309826872208042,0.0278871964911888
-0.0316440086163316,-0.0172647716101416,-0.0182752957232481,-0.0277640790374182,-0.0112249126907041,-0.0065243139097779,0.0070811061691023,0.0289173802783021,0.0273584211543298,0.0206702349733344,-0.0369528483396582,-0.017716120973061,-0.023419432581259,-0.034044984248602,-0.00871452747189265,-0.0195366373916294,0.0113647965351701,0.0268758342412631,0.0284625058706401,0.0218318460059985
-0.0321447133060919,-0.0198224849539984,-0.0146029960710773,-0.0148133691089061,-0.00657483840975604,-0.00466955786426372,0.0153877406662302,0.0253125537112907,0.0229907272754181,0.0233490048323916,-0.0410133461161491,-0.0203476903385799,-0.0181563306176934,-0.0297112221000077,-0.000784529036308417,-0.0234260761083485,0.0226514256299408,0.0215452748409687,0.0326958838254892,0.0239357375737623
-0.0359489763461755,-0.0146151062016187,-0.023011829244543,-0.0152831926465516,-0.0112713570744405,0.00214984199575894,-0.000678454783454106,0.0316792143170754,0.020704023561836,0.027275297029197,-0.0350789926162329,-0.0220745088505741,-0.0158180282067357,-0.0332912304641121,0.00893459400834399,-0.0094656355369215,0.0155404925503964,0.0290892604712705,0.0411015262663085,0.017023706425793
-0.0319877224347181,-0.0246323556021371,-0.0188502025466329,-0.0254436142909306,-0.0035681015025554,0.00108281076635261,0.00383226235824486,0.0293528184193198,0.0219289896484699,0.0284634088538811,-0.0370101593893528,-0.022657989737231,-0.0175719683755701,-0.0313631041867545,0.00799078330698869,-0.0035501147181605,0.0172020402072301,0.0275467676553529,0.0340630831847587,0.0222173920725777
-0.0321326912794069,-0.0203468520555581,-0.0161798996458953,-0.00228645732447272,-0.00425433171616863,0.0185319379885081,0.00842696402452454,0.0399097653325598,0.0295548865806254,0.0196380838271613,-0.0262416032681612,-0.0361582360601755,-0.0139744328890309,-0.0368487351333956,0.00589818442392423,-0.0115155281451377,0.0185286833285108,0.0391118141927359,0.0353300550547007,0.0200548429694867
-0.0230134768639468,-0.0031007769385082,-0.00972753244880099,-0.0129515486588099,-0.00447414479171779,0.0240008735031819,0.00698350904396052,0.0427694634318481,0.031575647728908,0.0220102357582614,-0.023696659957226,-0.0315583207069884,-0.00532125717415935,-0.0421987895237256,0.00537672882693632,0.00890641397738172,0.0300772106071831,0.029348289218765,0.0538725003907598,-0.00903237937740895
-0.0314076582107472,-0.031738025433347,-0.015066123725408,-0.0337367314666335,-0.0117123692790087,-0.0155174946758544,-0.00184766217679428,0.00520544644594983,0.0234862182492839,0.0132146189608862,-0.0370903869304915,-0.00812433953549253,-0.0121744561791572,-0.00546880970965244,-0.00830871374838973,-0.00110195460434464,0.0217178772888585,0.036262042182251,0.0400221404621537,0.0196066645368476
-0.0303243583775066,-0.0239896914182713,-0.015914087566723,-0.0354326996093028,-0.0129885423057684,-0.0210295880733856,-0.00813471965265495,0.00183375262753096,0.011811068333812,0.016926834520732,-0.0184932512781199,-0.0104329999866859,-0.011952490350997,-0.0177786426332695,-0.00542342703056742,-0.00260992739503726,0.00854172511074494,0.0204750525467824,0.0264045388945061,0.0368154050434259
-0.0223707731876714,-0.0261608264644953,-0.014866743616255,-0.0306702137151155,-0.0100249245063234,-0.00537491996382491,0.00824194678261247,0.0190635573495772,0.0308730205079641,0.00634484505839458,-0.0441706152503603,-0.0198763383123198,-0.0419019396336998,-0.0210320203852548,-0.0177317903623518,-0.0177183302325922,0.0155549419485112,0.0251108166201664,0.0276764819833424,0.0269706993950114
-0.0360703351988928,-0.0196738087214151,-0.0241663873701425,-0.0305785494116267,-0.00712962309927606,-0.00886341070526827,0.00868511385416501,0.0193937200500095,0.0237685460068201,0.0247052989366381,-0.0392469214194938,-0.023575893962525,-0.0280365185970635,-0.00976439171092871,0.00379855164443745,0.0232086548020604,0.0133364433929654,0.0290449147479791,0.0278656088505157,0.0196513603348387
-0.0263784569702914,-0.0247957104744637,-0.0195164995699606,-0.0297900640823329,-0.00399671696341545,-0.00784091312930512,0.00890470537271942,0.0106059208554208,0.0268504224974922,0.0177302273561733,-0.0367407738241621,-0.0174923269448978,-0.0307055707948943,-0.0274905312728839,-0.0108211602981889,0.0089005780111629,0.0140503230546498,0.0312002958268945,0.0239593861490041,0.0211073449694061
-0.0295565402440209,-0.022179421574004,-0.0205825253830748,-0.0312443516045078,-0.00589609974774041,-0.0012510203557559,0.0111049598339895,0.0181722750792095,0.0302032834870575,0.0131976558479596,-0.0330751072541264,-0.0338070991551315,-0.0139443940715231,0.00786298597389217,0.0226860626071415,0.0315477573399675,0.0359786014392556,0.0102812873750201,0.0403193885076316,-0.00103489140030306
-0.02957252095283,-0.0164400925301929,-0.0148347872090654,-0.0302846885919854,-0.00407550818990758,-0.00233565692595196,0.00819469042861864,0.025587990363154,0.0329389376034649,0.0158710376285307,-0.0340038041851317,-0.0219731800900663,-0.0179561474951181,-0.0263191480269861,-8.79406192385406e-05,0.0200450146419991,0.0217473482533543,0.0245326305879555,0.0417416644930333,0.00728010003782986
-0.029486947973521,-0.0111726967491439,-0.01531146538625,-0.0266112594478203,-0.0126616264651965,-0.0165193729061738,-0.00342803758259363,0.00312287331509425,0.0165754515792986,0.0141114237888226,-0.0363892642275128,-0.024022875509165,-0.0307035047833282,-0.0264162476966002,0.00550786515552627,0.0129861177710353,0.0270794841060255,0.0227012832013303,0.0421297698787763,0.0126083337670627
-0.0260014395751597,-0.0196325717060571,-0.0168789498809294,-0.0269602502120252,-0.00636864452073189,-0.00138728558353402,0.00263966850229253,0.0131445656495051,0.0291328846929063,0.0178982616346126,-0.0338085203446381,-0.0166339309139068,-0.0232171298974036,-0.0207723342158875,-0.00490598975118195,0.0153743902478117,0.0205363334984938,0.0344422260238023,0.0316792153410555,0.0250278291521823
-0.0308673506298564,-0.0207439500961085,-0.0231834566555061,-0.0283615639479724,-0.012904020156473,-0.0194167350740026,0.00044351250355744,0.0120297989948665,0.0254325103408226,0.0199865541801269,-0.0485604291656282,0.0030756177029322,-0.0492667189899217,0.0068497179454665,-0.0407327652729941,-0.0113974500538837,-0.023962159431438,-0.0185001566776919,0.0168842756248174,0.0202782729906402
-0.0304282364600993,-0.014213723315632,-0.0156199966424941,-0.0237326940330221,-0.010391483062647,-0.0205053735179062,0.00128695591232028,0.0102421400061591,0.0255001206305639,0.0139595552995029,-0.0454329102858118,-0.0204914460296961,-0.0329755119850847,-0.029346263350968,-0.0145387140691177,-0.0135538505651845,0.0157471315393282,0.0261876806812042,0.0358006742178528,0.0196608745490039
-0.0340518372683902,-0.0201081058787753,-0.0217212449780303,-0.0300563710020165,-0.0125072431071042,-0.0251482286996446,0.000163355027744991,0.00241910413832378,0.0217142905506126,0.0268312931462008,-0.0342205895339586,-0.0224420728290438,-0.0231735981709312,-0.0322682891447255,-0.00803739957596877,-0.0186797736177426,0.0126535316216599,0.0217754171907366,0.0204359299383211,0.026625760744982
-0.0380301909874813,-0.017388264803646,-0.0242099427387954,-0.0326975764834897,-0.0103482835682479,-0.0163940999195084,0.00279602610728462,0.0108918499572473,0.0284572517821152,0.0246416272487048,-0.0427881096108961,-0.0150138707740455,-0.0310069305372784,-0.0270569250025413,-0.00836660563210701,0.0115495111809401,0.0190307835405351,0.0289494280879636,0.0229494456764242,0.0254082407318499
-0.0323417171214868,-0.016719761544928,-0.021088872038272,-0.0304738271896068,-0.00534001182753251,-0.0083027401354382,0.00514328026171163,0.0230082223269129,0.0308545548394995,0.0203281903002513,-0.0313438967235765,-0.0204110449155391,-0.019218641138785,-0.0166793398635335,0.0116793588086559,0.0238800861463215,0.0191028219960835,0.029888201170921,0.0359249881270646,0.00912567479610022
-0.0344829745263332,-0.0170179794984483,-0.0223356236802658,-0.0289598400395854,-0.00544900643545913,-0.014083717207884,0.00689802756091724,0.0276191525125712,0.0341434091658085,0.0238545149562958,-0.0387813471808377,-0.0190945446167432,-0.0217637236966426,-0.0145733656259633,0.00526936855507707,0.0140047960794977,0.0193316646183493,0.0339774785103838,0.0278459753781955,0.0250425488103624
-0.0368611388246648,-0.0165334561372589,-0.0176784484650739,-0.026512637788498,-0.00678249392945725,-0.0201814337736956,0.00520775894917474,0.00504261828876208,0.0269496024203564,0.0203830899817627,-0.034628009088939,-0.0141029456926497,-0.0117501217314008,-0.0129847804227688,0.00568655469953067,0.013674449737216,0.0206364185354303,0.0279667444450499,0.0269272036641272,0.0197233462668115
-0.0301164653527268,-0.0195281002088784,-0.0151463721152811,-0.0257550580934361,-0.0042628199446439,-0.00758448578542719,0.00487248342240615,0.0228325681225019,0.0294824416469304,0.0229206028003953,-0.0341570378473079,-0.018879492975867,-0.0131117822698157,-0.000804578610648085,0.00314861090035755,0.00852937510627262,0.0212754035540471,0.0302690285627878,0.0263624795985816,0.0246178754945017
-0.0296805844532306,-0.0211754304837321,-0.0247537198549113,-0.0256305851417838,-0.0184275775298174,-0.0280329760303318,-0.0086883477047063,-0.0148355495670374,0.0116141565951597,0.0198776575244434,-0.0367286468169031,-0.0251248259062487,-0.0284292053788847,-0.0311938514711236,-0.00305781481962084,0.0278542326025251,0.0150396899311471,0.0302166922909312,0.0316320775338923,0.0171986600402273
-0.0327472191296588,-0.0137817682546058,-0.022237935779083,-0.0228520669088048,-0.00658051898747443,-0.00877953532304248,0.00818387218600095,0.0209729802272117,0.0320336361443201,0.0173652406719863,-0.0360490642034889,-0.0121571319525913,-0.0223511278550207,-0.0111569172643991,-0.00391711507953344,0.00767112526383883,0.0132198653003487,0.0248853016184357,0.0234515497483318,0.0229564365688268
-0.0359191511103323,-0.0170824460721844,-0.0247359849044605,-0.0298322500077041,-0.00896727539139862,-0.016118823310086,0.00411815368975902,0.00365774529476045,0.0196484785238038,0.0137006731773004,-0.0418896671873102,-0.0174177743000795,-0.0296301100001208,-0.0242411001941886,-0.0124900383301248,-0.00454172076443288,0.0133814034533358,0.0255544743214867,0.0194458860089057,0.0294244486876179
-0.0373558299665421,-0.0148930741312474,-0.0236318457051367,-0.0268638655520607,-0.00561696196405607,-0.0174232014999672,0.00486939311573536,0.0156262257834572,0.0216823036856083,0.0261777563840521,-0.0398621727031729,-0.0192976851200261,-0.0212694735928138,-0.0251646601041849,0.00254944590892792,-0.00167639593662569,0.01303960327897,0.0277187739042332,0.0303662101553312,0.0231988527018968
-0.0344165439455537,-0.0177691463534787,-0.0230143216797022,-0.0305212911998352,-0.0118401644208785,-0.0106360623557725,-0.00251919165011803,0.0136537972763599,0.0204432470943856,0.0282104884501929,-0.032685302230763,-0.025986094341799,-0.0189722924217742,-0.0230248432261291,0.000576060432451988,0.01068392634551,0.0182160228868476,0.0322384545939484,0.0266481879901566,0.0278783269873666
-0.0250286301816696,-0.0163476876603898,-0.0130477577468917,-0.0260438573997383,0.000903212455095352,-0.0070921998534085,0.0149973273061053,0.0275058236323054,0.0326919893427085,0.0185322816349769,-0.0258211601169677,-0.0176021323014369,-0.00765982738050529,-0.0247013877495835,0.00759766484675508,-0.00826256715691553,0.0202427442318951,0.0206061626164329,0.0313856656121691,0.0226296041982175
-0.0291507237468916,-0.0203774228412744,-0.0180420912066596,-0.0283568289654071,-0.00203592443441263,0.00262652273723215,0.00475430340662576,0.0280065137354693,0.0236159975140334,0.0226321534699849,-0.0343585219814822,-0.0225017663723578,-0.0212012492464441,-0.0299261721473622,0.000378740338570493,0.010134130056531,0.0207298354756627,0.0237725104176789,0.0413766591692066,0.0140583605315298
-0.0345259867942801,-0.0160898882378697,-0.0224019984190463,-0.0291509745351647,-0.0154080026075439,-0.0252422353359245,-0.00196770076488942,0.0126098593926843,0.0168097398191105,0.0232854720956982,-0.0357099631524952,-0.0176454448873459,-0.0248446143919088,-0.0271803159749828,-0.00583467429259495,-0.00454435297705131,0.0119952326254278,0.0319799647323778,0.0307471928001791,0.021095391531953
-0.0316029582255212,-0.022116920423134,-0.0129431748200105,-0.0319590045251898,-0.00325709514538196,-0.00701398874538372,0.0114632325087225,0.018801590585678,0.0357346894571785,0.00973686621634266,-0.0408482539195882,-0.0193974623410753,-0.0215350271650958,-0.0299282604893275,-0.0109184204989845,-0.0084336020133092,0.0136139927745343,0.0259063811658304,0.0295627529617085,0.0241076941540638
-0.039566337604655,-0.0155493715806915,-0.0176613186123824,-0.0222810889651451,-0.00422474274709163,-0.0113765537691551,0.00320687576055967,0.0202871187567975,0.0181347113273108,0.0231546342057414,-0.0364860829888228,-0.0250955634959539,-0.0175453692941306,-0.0289876677052797,0.00275779110277842,-0.0065924827222347,0.0113441596667254,0.027331695113915,0.0261396413217945,0.0224219804949904
-0.0353212105059127,-0.0173236019879767,-0.0220496528874638,-0.0321595544634434,-0.0123755491462292,-0.0211908150168891,0.000914479978319166,0.0129415248269512,0.0234360363888076,0.0192499937598231,-0.0452916924539054,-0.0159780176933702,-0.0281017331494871,-0.0336074284853492,-0.016865653809701,-0.0279594090479531,0.00959409083452293,0.0181996090667168,0.0238083171671637,0.0294706070638436
-0.035945285880718,-0.0300804982687108,-0.017660113691228,-0.0275825025853773,-0.00166700030310873,-0.00334419368791519,0.00624076757026155,0.0209524803532773,0.0299790789949452,0.0124891055689599,-0.043097203871604,-0.0293347687619151,-0.026482159969082,-0.0349442118404809,-0.00496613255405359,-0.000846651215413744,0.0157748772538169,0.0309672707259187,0.0360424538414535,0.0231168521503667
-0.0355070220732696,-0.0213126051768999,-0.0191111518629174,-0.0307043770416472,-0.00312579233388141,-0.00733908608806874,0.00895278939192113,0.0246619574969033,0.0341692814729588,0.0147082357360544,-0.0383765427959905,-0.0251806435090442,-0.0203419732085342,-0.0389751014544398,0.00416202464497985,0.0107000138939325,0.0266417877617193,0.0289332956703503,0.0428172354616716,0.00819301021263635
-0.0139673906323609,-0.0285904760425501,0.0188340612830293,0.0242057811992147,0.0439487616265949,-0.00392046039003051,0.00295228828013814,0.00302077456502124,-0.00995409676046429,0.0011422437975475,-0.0249753551993231,-0.0401908533416894,0.0316688046473003,0.0265827194803525,0.049668569547094,-0.00134407822344254,0.0110081552189365,0.00503781243684356,-0.000631100468162966,-0.00334016583958449
-0.029801896002383,-0.0164391095654651,-0.0201880845970628,-0.031046644961864,-0.00570990414923155,-0.0104516601831451,0.00479544887562565,0.0192032849783002,0.0305104078407935,0.0216072171120322,-0.0354158464596003,-0.0166892952746511,-0.0207765502771243,-0.0263130192021835,-0.00263500079551706,0.00320749845110326,0.0182249818991584,0.0261943619260033,0.0281719285546794,0.0220735058035875
-0.0254054858747213,-0.0218364912633341,-0.0180646176746311,-0.0278500882276855,-0.00615007578610126,-0.0131130568763833,0.00232312952071737,0.0141385546488262,0.0245350364909907,0.0183509100079496,-0.0326105761683019,-0.0199959209716869,-0.0241465151465032,-0.0261224043559554,-0.00417955029584502,-0.013219870051569,0.00972244178272055,0.0212736011510378,0.0284286366867191,0.0243768603423238
-0.0390518144630752,-0.0193827224212826,-0.0309708355558567,-0.0276498570484028,-0.0226111408472094,-0.0318908103737951,-0.00947671909485707,-0.0330271913294548,0.020986100973244,-0.0171318285944315,-0.0376182476432142,0.00134980432391358,-0.0118268728606875,0.0220473020044951,0.0109373904319108,0.0274855924297066,0.0217337149980713,0.0292610008608449,0.0326929395178145,0.0198642915857365
-0.0323501672697325,-0.018574955729691,-0.0224634730427581,-0.0307644087290992,-0.0169839150525676,-0.0366500775100768,0.00829632972954544,-0.0325571506709173,0.0383332447630391,-0.0204563384361395,-0.036581874458556,0.0127296456160546,-0.0100586029715584,0.039707569980323,0.0103320078174193,0.037991386106889,0.0245778070280303,0.0298545771067096,0.0375919925653915,0.0146436286853272
-0.0352810084540798,-0.0175667499791607,-0.0222746441382406,-0.027355908693888,-0.0127710726869759,-0.0291523541202134,0.00717139187007402,-0.0284384562472798,0.0304212303471006,-0.0228481960882221,-0.0203417998712892,0.0208080630646826,-0.000677493770249742,0.0324662819261934,0.0211287710579293,0.025204515582946,0.0356466931272019,0.0142921167564228,0.043593506899287,-0.00153734782537226
-0.0335771307445552,-0.0140131962712141,-0.0183033842922123,-0.0289170103862233,-0.00206680985868196,-0.030438438768994,0.0214609880038581,-0.0235783399928663,0.0468820434397364,-0.0106954700214563,-0.0323082887061276,0.00934972294980278,-0.00776432287998964,0.0266766772498592,0.00812800494996637,0.0325040313968314,0.019602370081977,0.0294011498498135,0.0289613905147643,0.0259201338303016
-0.0378840817543964,-0.0150121465851272,-0.0335199643220944,-0.0263154127145547,-0.0249370215939412,-0.03173228078881,-0.0051644899413834,-0.0284703435364219,0.0164203706115382,-0.0182571345877139,-0.0323337932065784,0.0171538134280064,-0.003659168024645,0.0295363761175579,0.0128888584079288,0.037534980997064,0.0236084967093508,0.0352576300173953,0.0381730471146728,0.019138076240498
-0.033898754695068,-0.0176663172694352,-0.0195273741342323,-0.0312713739100166,-0.010988103781138,-0.0339843019725431,0.00850890213600587,-0.0286785553478541,0.0270001366918846,-0.0189808847967309,-0.0397854633392862,0.0166900670778229,-0.00873883507997357,0.0224405662457796,0.0105998197879922,0.037628170640867,0.023289361972692,0.0324715983062764,0.0390209298704997,0.01629924424684
-0.0340183956138748,-0.0209227895603249,-0.0201624477930757,-0.0313592102319634,0.00130977888775368,-0.0255096285294876,0.00758441235031699,-0.0238144413961065,0.0229442741349376,-0.0173129653154489,-0.0327871050016365,0.0152657613861046,-0.0102075326239409,0.0242255559681808,0.00431943948876162,0.0222244358383406,0.0194767915751396,0.027243787010762,0.0290523774746115,0.027955506760911
-0.0367765497024793,-0.015845287763544,-0.0271238742244819,-0.0245885041023395,-0.0129635404398894,-0.0275785389393363,0.00413748078592105,-0.020429091546547,0.015675087432015,-0.0174188686665647,-0.0312215302933721,0.00998990613672241,-0.0139713593870018,0.0145945062821806,0.000375042435802083,0.0287665933295239,0.0165776625122776,0.033357445794886,0.0273582454145034,0.0285130592956194
-0.0351853849411543,-0.0151644370190361,-0.0230644855012401,-0.0261982624398158,-0.0122312959017852,-0.038271710992167,0.00185144604312946,-0.0402211456220787,0.033947331280781,-0.0224534565349335,-0.0316182708994943,-1.52198040005937e-05,-0.00717798361714221,0.0212132705754767,0.0118797628668655,0.035401722084259,0.0320091175576909,0.0294004812151004,0.038790179991446,0.0206956294665946
-0.0361149873967852,-0.0145603533798523,-0.0230232705639106,-0.0249019140662771,-0.0132727960257619,-0.0352053817888677,0.00399327627025934,-0.0348755211829795,0.0205771324111602,-0.0287393637455293,-0.0332497305006011,0.00930814066088004,-0.00953759634277624,0.0275442066309808,0.0105246259330864,0.0310574420206158,0.0259642067970967,0.0260056501055959,0.029628783599171,0.0229479236822062
-0.0355725074617026,-0.012395282887062,-0.0241138743227495,-0.025007271595967,-0.0177694343082434,-0.0279850285902239,-0.00266584587968476,-0.0277746328397099,0.0261407021288185,-0.018023604426558,-0.0308875897759659,0.00197243655326822,-0.011751894526892,0.0170045951314852,0.01044996360273,0.0327739369304661,0.0212301968606083,0.0326292904289849,0.0331454274919478,0.0266540428423252
-0.0318554560631772,-0.0154539910144775,-0.0236558308231994,-0.0241546588173971,-0.0135054580116452,-0.0328985877884615,0.0142900717448427,-0.034468802510807,0.0350492401720334,-0.0308720340756822,-0.0315962064581962,0.0153895951332077,-0.0106796625684246,0.0290840385444558,0.00647296392854133,0.0298962644998174,0.0208288569284996,0.028076914648878,0.0297754976709663,0.0229367063243983
-0.0390518144630752,-0.0193827224212826,-0.0309708355558567,-0.0276498570484028,-0.0226111408472094,-0.0318908103737951,-0.00947671909485707,-0.0330271913294548,0.020986100973244,-0.0171318285944315,-0.0376182476432142,0.00134980432391358,-0.0118268728606875,0.0220473020044951,0.0109373904319108,0.0274855924297066,0.0217337149980713,0.0292610008608449,0.0326929395178145,0.0198642915857365
-0.0323501672697325,-0.018574955729691,-0.0224634730427581,-0.0307644087290992,-0.0169839150525676,-0.0366500775100768,0.00829632972954544,-0.0325571506709173,0.0383332447630391,-0.0204563384361395,-0.036581874458556,0.0127296456160546,-0.0100586029715584,0.039707569980323,0.0103320078174193,0.037991386106889,0.0245778070280303,0.0298545771067096,0.0375919925653915,0.0146436286853272
-0.0352810084540798,-0.0175667499791607,-0.0222746441382406,-0.027355908693888,-0.0127710726869759,-0.0291523541202134,0.00717139187007402,-0.0284384562472798,0.0304212303471006,-0.0228481960882221,-0.0203417998712892,0.0208080630646826,-0.000677493770249742,0.0324662819261934,0.0211287710579293,0.025204515582946,0.0356466931272019,0.0142921167564228,0.043593506899287,-0.00153734782537226
-0.0335771307445552,-0.0140131962712141,-0.0183033842922123,-0.0289170103862233,-0.00206680985868196,-0.030438438768994,0.0214609880038581,-0.0235783399928663,0.0468820434397364,-0.0106954700214563,-0.0323082887061276,0.00934972294980278,-0.00776432287998964,0.0266766772498592,0.00812800494996637,0.0325040313968314,0.019602370081977,0.0294011498498135,0.0289613905147643,0.0259201338303016
-0.0378840817543964,-0.0150121465851272,-0.0335199643220944,-0.0263154127145547,-0.0249370215939412,-0.03173228078881,-0.0051644899413834,-0.0284703435364219,0.0164203706115382,-0.0182571345877139,-0.0323337932065784,0.0171538134280064,-0.003659168024645,0.0295363761175579,0.0128888584079288,0.037534980997064,0.0236084967093508,0.0352576300173953,0.0381730471146728,0.019138076240498
-0.033898754695068,-0.0176663172694352,-0.0195273741342323,-0.0312713739100166,-0.010988103781138,-0.0339843019725431,0.00850890213600587,-0.0286785553478541,0.0270001366918846,-0.0189808847967309,-0.0397854633392862,0.0166900670778229,-0.00873883507997357,0.0224405662457796,0.0105998197879922,0.037628170640867,0.023289361972692,0.0324715983062764,0.0390209298704997,0.01629924424684
-0.0340183956138748,-0.0209227895603249,-0.0201624477930757,-0.0313592102319634,0.00130977888775368,-0.0255096285294876,0.00758441235031699,-0.0238144413961065,0.0229442741349376,-0.0173129653154489,-0.0327871050016365,0.0152657613861046,-0.0102075326239409,0.0242255559681808,0.00431943948876162,0.0222244358383406,0.0194767915751396,0.027243787010762,0.0290523774746115,0.027955506760911
-0.0367765497024793,-0.015845287763544,-0.0271238742244819,-0.0245885041023395,-0.0129635404398894,-0.0275785389393363,0.00413748078592105,-0.020429091546547,0.015675087432015,-0.0174188686665647,-0.0312215302933721,0.00998990613672241,-0.0139713593870018,0.0145945062821806,0.000375042435802083,0.0287665933295239,0.0165776625122776,0.033357445794886,0.0273582454145034,0.0285130592956194
-0.0351853849411543,-0.0151644370190361,-0.0230644855012401,-0.0261982624398158,-0.0122312959017852,-0.038271710992167,0.00185144604312946,-0.0402211456220787,0.033947331280781,-0.0224534565349335,-0.0316182708994943,-1.52198040005937e-05,-0.00717798361714221,0.0212132705754767,0.0118797628668655,0.035401722084259,0.0320091175576909,0.0294004812151004,0.038790179991446,0.0206956294665946
-0.0361149873967852,-0.0145603533798523,-0.0230232705639106,-0.0249019140662771,-0.0132727960257619,-0.0352053817888677,0.00399327627025934,-0.0348755211829795,0.0205771324111602,-0.0287393637455293,-0.0332497305006011,0.00930814066088004,-0.00953759634277624,0.0275442066309808,0.0105246259330864,0.0310574420206158,0.0259642067970967,0.0260056501055959,0.029628783599171,0.0229479236822062
-0.0355725074617026,-0.012395282887062,-0.0241138743227495,-0.025007271595967,-0.0177694343082434,-0.0279850285902239,-0.00266584587968476,-0.0277746328397099,0.0261407021288185,-0.018023604426558,-0.0308875897759659,0.00197243655326822,-0.011751894526892,0.0170045951314852,0.01044996360273,0.0327739369304661,0.0212301968606083,0.0326292904289849,0.0331454274919478,0.0266540428423252
-0.0318554560631772,-0.0154539910144775,-0.0236558308231994,-0.0241546588173971,-0.0135054580116452,-0.0328985877884615,0.0142900717448427,-0.034468802510807,0.0350492401720334,-0.0308720340756822,-0.0315962064581962,0.0153895951332077,-0.0106796625684246,0.0290840385444558,0.00647296392854133,0.0298962644998174,0.0208288569284996,0.028076914648878,0.0297754976709663,0.0229367063243983
