u1_5nodes_1,u1_5nodes_2,u1_5nodes_3,u1_5nodes_4,u1_5nodes_5,u1_5nodes_6,u1_5nodes_7,u1_5nodes_8,u1_5nodes_9,u1_5nodes_10,u2_5nodes_1,u2_5nodes_2,u2_5nodes_3,u2_5nodes_4,u2_5nodes_5,u2_5nodes_6,u2_5nodes_7,u2_5nodes_8,u2_5nodes_9,u2_5nodes_10
-0.043756457328413,-0.00950541033503389,-0.0278475825868853,-0.0136982477013683,-0.000683258223564886,-0.0114546042317123,0.0341966948749346,-0.00075926968463304,0.0465204341318907,0.00727300532504423,-0.023846005736051,0.00780588541596772,0.0110063926161275,0.0369897556523115,0.018846882559585,0.0315981349839532,0.0211253742007267,0.0303071213257847,0.031214076433191,0.0204829606575676
-0.0330382672563867,0.000167323467452689,0.00435873422666627,-0.00634710815057639,0.0250063736507881,0.00602299472301963,0.0435656946613084,0.0127316716196811,0.0462050566472833,0.0109669382051357,-0.00768524455800413,0.00609125320743647,0.0221596117179492,0.026203971850654,0.0195626755727995,0.0311974773350922,0.0203650914188749,0.0313873375395118,0.0455675287647705,0.00953887679492261
-0.0378905710438055,0.00283360663725398,-0.00977287976592859,0.00104138137967831,0.0169353186614117,0.00538619323451324,0.0288397345550941,0.0122618289790201,0.0382516335244622,0.0105942646725026,-0.0101146516098707,0.0123530426033253,0.019079627969632,0.0425437568675274,0.0185368834904462,0.0403044920822438,0.0209788950983708,0.0332947490602283,0.0364022164297342,0.0175473966112045
-0.037870386145839,0.00269431347626017,-0.00750358716064318,0.00186209996376157,0.0224346693937363,0.00707492616987937,0.0348235282755364,0.0110698189664012,0.0402321445280641,0.00713335278419227,-0.0207916721065751,0.0233851349475318,0.00413182838833445,0.0381534773095191,0.0147642550533744,0.0295471030383815,0.0222880546793456,0.0290768541788098,0.0443644203238522,0.0100641722735739
-0.0342171195805247,0.0020542656987774,0.0194448868726693,-0.00569591119991894,0.0554424177875487,-0.00892982913017927,0.0535204406850933,-0.00719657115656027,0.0524033577026611,-0.0034471293783377,-0.0464252198030715,-0.000461493442271924,-0.0457652962212073,-0.000108891116117401,0.00535571082343941,0.0207211187659215,0.0191430490847244,0.0405594286425066,0.0250447106252901,0.0286671174071772
-0.042111625028638,-0.0135890248098506,-0.0289106156203747,-0.0162635994725284,-0.013917896824513,-0.0217243165186693,0.0247926507744565,-0.00546581918868555,0.0448931438994758,0.0051257584706578,-0.018173349057246,0.0204548181399489,0.0154306130623205,0.0357350522928007,0.0180057500329852,0.0372983726267573,0.0209369249014719,0.0326467816348949,0.0247089283816837,0.0268478036503272
-0.0441818739197853,-0.0123775036405704,-0.0323847958491378,-0.0243556436536668,-0.0155238974372647,-0.0220669541001875,-0.00348161409304671,-0.0286375154404828,0.0314305528988213,-0.0135204802903703,-0.015141554624287,0.0148627816460199,0.0213722730010134,0.033066914974396,0.0240875554403845,0.0374347591899375,0.0195899463129936,0.0304915749797259,0.0426631350519661,0.0168132413301722
-0.0433508892385604,-0.0105581931801232,-0.0289569773017999,-0.0335290830154628,-0.00968572125218997,-0.0305047552501003,0.00712146107766115,-0.0214604439605564,0.0279493746559901,-0.0100368463276044,-0.0253913811662103,0.013575628002605,0.0174723281487357,0.0339806778877397,0.0161357378860227,0.0424859241712027,0.019409586617669,0.0361556198087876,0.0291927754432044,0.0240251492508008
-0.0432772669629475,-0.0121894971111759,-0.0315402422530739,-0.0287695520190384,-0.0110849686005331,-0.0243422666450267,0.0130718050304196,-0.0198686864980053,0.0365473550057293,-0.00913282272788001,-0.0327700930838403,0.0115233234106585,0.000102184031461394,0.00930432374149671,0.0251843025505885,0.0316477618911862,0.0245701736335778,0.035539257591792,0.0265781259657793,0.0277138294090633
-0.04192431432478,-0.011828002743588,-0.0245574293256639,-0.0323960373178053,0.00616616072262292,-0.0264865806544396,0.0329479144532759,-0.0143626094739315,0.0407186895505736,-0.00949342805834045,-0.0342751168453197,0.0169834860268942,-0.00927177755775193,0.0331689444647517,0.00857457781440483,0.039714337161899,0.0186318991866635,0.0286944336090053,0.0202382872258284,0.0291436623686241
-0.0453033084516876,-0.00627630380582314,-0.0234110137723484,-0.0191344605083578,0.0147962562860057,-0.021842416589946,0.0412393129417635,-0.0169819755987478,0.0556190625417199,-0.00648271242134817,0.00163514662839233,0.015455655321629,0.0183431226155099,0.0187900582294987,0.0190329653944139,0.026581169309192,0.0211322223147726,0.0299527768035902,0.0430265951367089,0.0102308392278965
-0.0385640438968557,-0.0132734951757465,-0.021041341686163,-0.0167244641951894,-0.0155219207349572,-0.0225274814343996,-0.0139938431981963,-0.0252133651885297,0.0224850742353044,-0.0220791642758256,-0.0279168276819332,0.0133635113524536,0.000731055234575932,0.0286680889596411,0.0158784521086992,0.0339951230293162,0.0197425949882595,0.0301196712678276,0.0240929995199911,0.024672549348356
-0.0166401947011825,0.0209226275546907,-0.0030642005659288,0.0193015434976283,-0.00969824480553374,0.000296492941655854,-0.0143203016613084,-0.00714485056237766,0.0233894753227546,0.000243678130822201,-0.0327397739322238,0.0144907349224126,-0.00157043056100178,0.0321097682381727,0.0177273558819736,0.031613776258635,0.0197148270156074,0.0283665258130103,0.032766591535165,0.0105803569727146
-0.0344750929120498,-0.0177821372475049,-0.0224260744502793,-0.0201460582188407,0.0040301370776411,0.025750776309014,0.0200294016593484,0.0287462497098953,0.0455238316396836,-0.010381334009236,-0.0119592991951662,0.00220283256685922,0.0110259138318398,0.0142207495717992,0.0206911633735521,0.0357610184141038,0.0206089007191237,0.0357524215709276,0.0498783819172879,-0.00392853767688715
-0.00502259132561911,0.0300556930345598,0.00732326812804528,0.00671630698014553,0.0206770538556787,-0.0088434842609898,-0.00990183611581279,-0.0193142771288414,0.0017320022363206,-0.0231468349067317,-0.0316686379201823,0.0119409832527309,0.00990505751538834,0.0410519096997457,0.015349839190041,0.0372016663444956,0.0229036585565363,0.027848789392222,0.0344478068209185,0.0141133768014636
-0.0346307289187751,-0.0157358874761033,-0.0138652101075185,-0.0182693990534718,0.0104784971736473,0.0222703146288617,0.022153575973542,0.0292043796614302,0.0265833182264535,0.0258062501087689,-0.0449681365931964,0.0124858158193171,-0.00887145295328583,0.00656432123542505,0.0131881000768739,0.020604854649766,0.0209580717478374,0.0342912883272035,0.0316066578237161,0.0250112946588355
-0.0322208837330107,-0.0129388379378965,-0.0240329812377139,-0.0131354386606936,-0.0218451812827249,-0.0122703200474601,-0.0188204492845966,-0.0177559215649479,0.0243549554890676,0.0245885227299197,-0.0139692961354127,0.0042519341142805,-0.014104839014357,0.0119472798497444,0.0124083951555177,0.0370355135512679,0.0201443930369381,0.0245242679574192,0.0272593285142105,0.0384256423776121
-0.0415336222234019,-0.0219990272528973,-0.0268556485415747,-0.0341807514207819,-0.00645381071052159,-0.0226565342746634,-0.00543412940053532,-0.00810353664502486,0.022023075802266,0.014003299693495,-0.0046965768947039,-0.00868548993759435,-0.00169821623660875,0.00207857222949778,0.0305715272824348,0.0362235042220699,0.0224984187939717,0.0329002910687001,0.0276345456567775,0.0212270602688666
-0.0334979134165562,-0.0119554369924949,-0.0189590341262802,-0.0249322605531982,0.0117300508186275,0.0116327077504361,0.0220288023142859,0.0299079604686307,0.0293933166159004,0.0255795928552008,-0.0158527082903958,-0.00664368130863815,0.00167477527858658,-0.00808987874527809,0.0231868174091512,0.0217606327088953,0.0197922560843902,0.0373032047953299,0.0302189811507827,0.0219791369872426
-0.0232073438205172,-0.0154452618166203,-0.0168572522765048,-0.0230346474719355,0.0165194855259335,0.0157972643736462,0.022749473957432,0.0328692064342244,0.0158603913457538,0.0276753763816588,-0.0220496805702805,-0.000209944391207342,0.000215372730952924,-0.000143953268879134,0.0168512583935883,0.0171051630832949,0.0213546612154123,0.0328160294233905,0.0173013892590077,0.0213854180831532
-0.0206262594972571,-0.0225864660958595,0.00161646457087419,-0.00835058857388206,0.023822442393883,0.023028140384539,0.0234944587262855,0.0358058500358796,0.0253302036233142,0.0254198315376083,-0.0234518833598644,-0.0068192944565588,0.000261074702791101,-0.00221026622841001,0.0205583537432766,0.0196789730186435,0.0210677349876729,0.0373763808085585,0.021702092347368,0.0307016507154067
-0.0247488207754905,-0.0250995559410931,7.37056960693491e-05,-0.00200751233805754,0.0186023286550473,0.0173692293566473,0.0239920696343912,0.0063620499924677,0.0358263963201239,0.00318089342094006,-0.0291517184646659,-0.00637127266234326,-0.00434677748395459,-0.00730018213918381,0.0162317713256019,0.00400421282241616,0.0220310127128379,0.0271680852640956,0.0211498885635554,0.0281178097588123
-0.0243572868825238,-0.0225721938607568,0.00538223883406214,0.00226312436720726,0.0232480636020156,0.0236290734835985,0.0242104364278693,0.0214439071489628,0.0290842974533147,0.0138954136459634,-0.0171048437088941,-0.00599246569485241,0.00570035048028613,-0.00613722135522709,0.0266714875505351,0.0271930992034108,0.0197283154320601,0.0322996200889966,0.0310125899480383,0.0220079022087732
-0.036676740194326,-0.0402714558378157,-0.0180431224577438,-0.0223919540561922,-0.0231542171038934,-0.0313907568447646,-0.00147215672013383,-0.0152194361751574,0.0349077191485343,0.00956474279566588,-0.0404191368074752,-0.0122682761436077,-0.00114743714450774,-0.00441334416916163,0.0214782285773318,0.0257354512071493,0.014312798999318,0.0384371998880174,0.0300906162765906,0.0197359196684695
-0.0371124249787554,-0.0163149920832424,-0.0213669775362563,-0.0254126503932501,-0.00361484414228564,0.0168658078437802,0.0137528170522331,0.0339425612335351,0.0233237869727456,0.0124915931340553,-0.0216098105026962,0.0047980795010021,0.00347469152978098,0.0247803322156902,0.0158855492846357,0.0405873554854801,0.0228677696760313,0.028816104714527,0.0334444526590612,0.0155600832759562
-0.0288061424989619,-0.01970328709268,-0.0150397029580572,-0.0272474398905821,0.00656549625702527,-0.00281847473859186,0.0191983281753501,0.0225104170221819,0.0332760161982237,-0.00125332286650683,-0.018805523343589,0.0019973602127148,0.0010971722641192,-0.000830420076535479,0.0096969571556181,0.0094497082456772,0.022912111030419,0.0348335472320559,0.0207443314783084,0.0320874424607749
-0.0393960427813791,-0.0257469723046508,-0.0186626549412558,-0.0293772880463836,0.00802681284486964,0.0138978092911166,0.0300030068996578,0.0265428398909527,0.0282796454590229,0.0147995108421066,-0.0197437824408675,0.00486590193908123,0.000429588821461556,0.00120463688385494,0.0173455922382544,0.017218464883415,0.0245191593446582,0.0314933045017942,0.0271819776012735,0.0256247217011591
-0.0173788530165816,-0.0300548012747245,0.0115882945655865,0.0180932560855904,0.0306870836708822,0.0260290539839476,0.0354086940503322,0.00994338208881758,0.0525482582269123,-0.00995892672717648,-0.0178189873975386,-0.00287105004016292,0.0116366059947532,0.00455001818627164,0.0292093189518744,0.0375679515757101,0.0255385098115107,0.021960215772867,0.0511826174556663,-0.00766902987501049
-0.0380825921659875,-0.031866576983564,-0.0206713958494162,-0.0290976555843996,-0.00191803745029045,0.00923999928775684,0.0171323941834654,0.0266712364222876,0.0302094644913003,0.00759647298472942,-0.0178566836778309,0.00236524289913036,0.011564744933293,0.0117521666591116,0.0201230242064883,0.0234931323692868,0.0180024770542425,0.033046725889839,0.023323578422756,0.0304989011685147
-0.0294755444239766,-0.0265055346356474,-0.00681654867391815,-0.0134853878283657,0.0148966738781446,0.0230381820258932,0.0285220813489552,0.0129387204321639,0.0445649760843423,0.00699311505620261,-0.0295673508812917,2.7736307006981e-05,-0.00648578929674745,-0.00500154571127232,0.014682194665482,0.0136120348814157,0.0168564808734397,0.0317877774169875,0.0303686379667381,0.0267749161061759
-0.0326461361597391,-0.0290128099444103,-0.00724815663071984,-0.018630975286176,0.00756606079973448,0.0110702329180975,0.021492482239231,0.0168321691383996,0.0373970035010609,0.00816929396308294,-0.0198290746683518,-0.0101319443241367,0.00281812985398229,-0.0069124628479417,0.0214126031874371,0.023194147454097,0.0243493459363384,0.0336189281965206,0.0290423533781247,0.0223071967132174
-0.0158625139084511,-0.0238563930441224,0.00621685609205171,-0.00727068629822945,0.0221026532304427,0.0169195489140628,0.0234922970862498,0.0155489694388342,0.0268019619178073,0.0104811292108311,-0.0154621315582127,-0.00323983584559483,0.0164311718024856,0.000776695377636737,0.0246797627990745,0.0250541737586458,0.0194769285723054,0.0316570797133715,0.0388392652891497,0.0176278177149583
-0.0275010298526295,-0.0274471361663388,-0.0168394908262456,-0.0232461136782629,0.0129026435429551,-0.0046235105745584,0.0203681444480221,0.028720872659504,0.0283042910516681,0.0202223950998037,-0.0160868502361182,-0.0039163245856043,0.00550348010403571,0.00244591266476247,0.0257190719646595,0.0224290017132627,0.0200892597300593,0.0381528345543574,0.0316828866418389,0.0214603335640286
-0.0187579314879616,-0.0145819106580925,-0.025100109801815,-0.0225811717365536,-0.0197193427869903,-0.0262623891578517,0.00288423314549944,-0.0219727964235691,0.0241296259770463,0.00672352891387222,0.0048191133290623,-0.0141013892387281,0.0102941680642797,0.0141857208820144,0.0206217077309619,0.0289509795121694,0.0235961778816375,0.0298431637579084,0.0465255314040417,0.00570074330830799
-0.0413924047494477,-0.0251769839579579,-0.0293414247525068,-0.0333478947192471,-0.0176751243245052,-0.0287704275160038,-0.00513257965485031,-0.00555883771503883,0.0429793810481566,0.00273256738410355,-0.0472121586336279,-0.0025821355438271,-0.0464552428062662,-0.00256007331136506,0.00700116715571107,0.00659556737939368,0.0302484337859049,0.0334185476501452,0.0206277902339513,0.0302357900104709
-0.0199127899183495,-0.0138702732375963,-0.0174761878066077,-0.0256536718199542,-0.00128118827903676,-0.0163590571620445,-0.019634732050273,-0.0324132939556177,0.0185496144410823,-0.000176227128669736,-0.00473717224968874,0.00212978859686529,0.0206267427700776,0.0228955504930515,0.0219227533961084,0.0277413384505557,0.0253548221495381,0.029151867236748,0.0189758510903737,0.0346060052491683
-0.0427478421899247,0.00350520759494099,-0.0431568703205928,-0.00474696461591087,-0.026207746830151,-0.0295156759130122,-0.0207878808333138,-0.00492262667888256,0.0266691354715747,0.00930078671400992,-0.0474143995744917,0.00896014259860196,0.00277046281479971,0.00667560793135256,-0.0462920852627604,0.00958055033048502,-0.0428945304161457,-0.00203297507592843,0.023595681276616,0.0270597088355398
-0.0256766369195724,-0.0282031951936903,-0.00493675073647246,-0.0184381177335209,0.0132630011989073,0.0193304855183304,0.0241628294184379,0.0129035370311785,0.0290091366931629,0.00754407262994647,-0.0332075087132,-0.00753034788771358,-0.00665992277407262,-0.00856937415374871,0.0103622144326978,0.00841935036977685,0.0194655875787507,0.0307159428911862,0.0319861452312478,0.0174439579514508
-0.0180408813292822,-0.0305683416177385,0.00424280289087052,-0.00526268447670436,0.022730860781882,0.0191384545899731,0.0252176235758232,0.0203155716822617,0.0426583205453134,-0.00284962786159108,-0.0246423777445754,-0.00511696741981022,0.00368147726418843,-0.0075253485831471,0.0206698501453486,0.0219834380093702,0.0189456776313815,0.032138331112392,0.0335711272818177,0.0180206869704238
-0.0231291612520355,-0.0275701800115461,-4.87309216298111e-05,-0.00946930473587683,0.0202325287700391,0.0209569215287547,0.0274822248372026,0.0241215289509487,0.0286535224480437,0.0220622669759321,-0.0274138155613359,-0.00687122046741395,-0.00103522322286028,-0.00923307234672,0.0202042765846533,0.021618495836848,0.0180888252562427,0.0358459236799043,0.0316216201335282,0.0194409838022771
-0.0367122538276854,-0.0272135311891896,-0.0210156912337288,-0.0310322775608196,0.0181615739030201,0.00185455171232847,0.0330293160896186,0.0198038854201101,0.0378590050773139,0.00571163292318897,-0.0379838570826648,-0.0143873906465132,0.000938775893407742,0.00182941154290174,0.0154324263647169,0.0221989596087923,0.0115125624049219,0.0356441230807039,0.0245693314468805,0.0228190671550081
-0.0406804683513064,-0.0247781562462043,-0.0227350283277765,-0.0368902922260501,-0.0169814721179928,-0.0216877347851684,0.0082691470933072,-0.00966348283002104,0.0274113516316755,0.00687850332339916,-0.0277580391715524,-0.00111705329207313,0.000162759149602982,0.0135402111575625,0.0171182023731315,0.0254289264552286,0.0177974854388075,0.0302954523858856,0.0301472236464839,0.0227253259892423
-0.0294794981452941,-0.02281107535264,0.00198590497269623,-0.0227210715641109,0.022786843922342,0.0156340151515275,0.0302013564276042,0.0223354763048343,0.0331131020380768,0.0162548075600784,-0.0309541493426652,-0.00532189907980113,0.00557566445308827,-0.00750570230632098,0.0247670603185287,0.0139404564044473,0.017823236390661,0.0338765101860845,0.0377042266728226,0.0146752584225172
-0.0309897180708882,-0.0169873817817516,0.00105882558464524,-0.0164168101603935,0.0136327022106001,-0.00163791732791149,0.0318715286458866,0.0160897906560245,0.0417293002408535,-0.00557256559185937,-0.0298798356210349,-0.00336589308874737,-0.00448837860695927,-0.0021090833537483,0.0179342083192239,0.00919204919391943,0.0218660964732146,0.0248648424107499,0.0257531580120551,0.0260860068040101
-0.0380268888634677,-0.0271641401797937,-0.0189908204949114,-0.0238346052754319,-0.019072744252433,-0.0285449160482206,-0.0097222693932558,-0.0186217553311046,0.0334139784061069,0.0127602152705488,-0.029582767559062,-0.0109672136847145,0.00246827667965028,0.00340257007751711,0.0128102592008095,0.0179185125423617,0.0187614427874077,0.0324362010356013,0.0425298570708728,0.0130577295589977
-0.032564436151937,-0.0259018838997358,-0.0201060911266349,-0.0316875165235153,0.0134955415261313,0.00486708849366797,0.0285870454054143,0.0159415197135756,0.0399341763681383,0.00138350912211073,0.00343567775427436,0.00676739640277314,-0.0480996080504794,0.00228330466726156,0.00153471160192169,-0.0105651906974947,0.0268814234586985,0.0238190792861123,0.0261969073614318,0.0230866335657174
-0.0407287165853978,-0.0218224356637267,-0.0194820534167356,-0.0263383376178868,0.00386230872165657,-0.0210453299867989,0.0279950869644606,0.0219727139929341,0.0301399805567486,0.0184970706509308,-0.0233543527652032,-0.00514721319507206,0.0070274372410851,-0.000133775930169515,0.0264431915763606,0.0256523252661191,0.016437304664754,0.0397160750244966,0.0400077150638068,0.01116895155594
-0.0382199742309527,-0.0210119412363626,-0.0198778942825194,-0.0289658316128492,0.0207558155140276,0.0113155332759101,0.0324737859699366,0.0240610821536008,0.0427072661931918,0.00791247474781803,-0.0202854524220014,-0.00270851007088096,0.00496515518631549,-0.00388732249483824,0.0332021911857342,0.033216568927164,0.0168114729113773,0.0388777879431408,0.0326396984960006,0.0165398962979265
-0.0459994680573737,-0.0178649113791882,-0.0468764572783317,-0.0110344894748722,-0.0358304124922795,-0.0244191174847862,-0.0218175438383972,-0.0280289565904704,0.0113285954621377,0.0221825702168638,-0.0505066066894513,0.0135874458656242,-0.050296702497321,0.0118858962658751,-0.0495278434696957,0.00558984473983075,-0.0480471524391284,-0.00139148442155359,0.00939775741496604,0.0397449715793373
-0.0343145976058645,-0.0160625062685715,-0.0210413893969388,-0.0259728274230967,0.0155543598644233,-0.00821347305041774,0.029732130995941,0.0167063407701902,0.0427601481920765,0.00427027870208069,-0.0438471906925568,-0.0134069702553907,-0.0373831039583823,-0.00234498590148534,0.0148741499160831,0.0181332047104269,0.0235444164300506,0.0279574856760711,0.0525748265806146,-0.00672096811342327
-0.0280713801062942,-0.021982472654846,-0.0169107107300078,-0.0292123421024361,0.0105632839244388,-0.00630229050654493,0.0235994822015305,0.0245424426372947,0.0280451001450364,0.021547370209071,-0.0213138493800821,-0.000297081195368976,0.00688211197823642,-0.00081788350903679,0.0185103520038644,0.017733799009555,0.0107209076148539,0.0370705889451244,0.0325177956152676,0.022738253349275
-0.0300438082782652,-0.0265611095472029,-0.0139443006049757,-0.0271199385365629,-0.0140696250717437,-0.0220969210475476,-0.00264923097469933,-0.0144962496708499,0.0440263190980616,0.0148135795405239,-0.00175971088756795,0.00833066371941777,0.01469782123453,0.0202287008292689,0.0186311535367492,0.0167466030790744,0.0484448484745611,0.0127885461106453,0.0553817817573829,-0.00813735241385682
-0.0380611135923324,-0.0284193918573276,-0.0250112818788513,-0.0314757727887091,-0.0161259751337796,-0.0281121632882213,-0.00319857495482585,-0.0140441902071266,0.0392498290191683,0.0137622241645622,-0.0185753269146395,-0.00473336496999416,0.00201218093124404,0.0105827644232015,0.0176483428677209,0.0275032716182088,0.0240664530149947,0.0321197793356465,0.0435829397981422,0.0104945975726659
-0.0405096432504445,-0.022949840816458,-0.0180730546074431,-0.0325344231537979,-0.00785545424458576,-0.0222808416012341,0.0294687906003377,0.0112856557734791,0.0312354760835247,0.0203363457286456,-0.0349599020716463,0.0106037568037791,0.00322759677976255,0.00875078909175202,0.0169381148693659,0.0227706712315346,0.0217919451301684,0.038285044845404,0.0361426246349886,0.0226305094201676
-0.0421088601988916,-0.0209226406711117,-0.0258734677292732,-0.0418583585925942,-0.025179715635254,-0.0352922244543751,-0.0189949498703624,-0.0336298321174387,0.0119080567165256,-0.00685543069268759,-0.00570294961008924,0.00830000167067822,0.0193349396110238,0.0364000242862823,0.0208547904931554,0.0341477493794937,0.0495267528720546,-0.00271622496904136,0.0527293386180375,-0.00957258231674834
-0.0280956363405279,-0.0157575659258584,-0.0198542292912104,-0.0222147805615293,-0.0161289130627613,-0.0316084895709377,0.00758642883460278,0.0155262997249319,0.0368953953247446,0.0254203816827457,-0.0200910956426914,0.00227905279734206,0.0133487368032061,0.00912364776851726,0.0105788219130905,0.0192114326320707,0.0176875657121493,0.0339942237632281,0.0378220332696347,0.0238840988124576
-0.026817948108425,-0.0161590256382445,-0.0059841297551558,-0.0170192952742515,-0.0121299906771439,-0.0163193291736963,0.0165163243527963,0.0324030656295518,0.0366626455593941,0.0140877328118399,-0.0229334770489528,0.00701669939987306,0.00381960224313845,0.0101500136266396,0.020733066987453,0.0247321351277562,0.017639935816976,0.0331009141497294,0.0348733287040278,0.0296336117681704
-0.0389507078780302,-0.0146089906210223,-0.0163502165690291,-0.0225675101396386,-0.0245268237504185,-0.0280587397615624,-0.0173946560516242,-0.028218741029839,0.0258987482090782,-0.00599669184113603,-0.0459092563657754,1.93987775512745e-05,-0.0224231950433174,0.0073589957221234,0.0180581422947417,0.0210998242521655,0.0141923950924306,0.0255895393279772,0.0412086288614034,0.00808084647542484
-0.0441897767274633,-0.0119694706965072,-0.0324021119146303,-0.0397012154239617,-0.0170600975263728,-0.0293164875252041,-0.0130036420012642,-0.0236916421661802,0.038197309005237,0.000461093532227091,-0.0275633137256073,0.0105079847260822,0.00865634925773216,0.0335710382843121,0.0157422753303067,0.0347133006422738,0.0187896394383327,0.0311189966498087,0.0276657456412572,0.0181088886372203
-0.0299096753487472,-0.0209689572313924,-0.01704186300326,-0.0237297195258098,-0.0077437277447347,-0.0206749140427373,0.0273714307897778,0.0375465117258219,0.0370603569399241,0.0258403730424121,-0.0274619282592747,-0.00378460824102042,-0.000728896858622375,0.0119286999318866,0.0111812837505681,0.023405032680768,0.0225275795838739,0.034729345182851,0.0389612712875334,0.00932912786268743
-0.0479679908603811,0.00498499827216939,-0.0501588178086263,0.0101242316910188,-0.0437467637277123,-0.00372597507068665,-0.0243918309446494,-0.0264789574335383,-0.00668759902110056,0.0290369363211608,-0.0466930683327032,0.00273005404645307,-0.0466054828624978,0.000740994475826116,-0.0477133687188251,0.00273159234244752,-0.0478349392709162,0.00244966027827246,-0.0434173453863611,-0.000669954930329209
-0.0310138004891863,-0.0132589276121031,-0.0222715402347539,-0.031298208244907,-0.00445180683057017,-0.0028168435644725,0.0292427450083704,0.0355854990852317,0.0382913706826111,0.0245911086648828,-0.0308905421416164,0.0093906926892577,-0.00518692719663926,0.0127973591228394,0.00843564006717497,0.0324028046356735,0.0268618660760396,0.0357833918213689,0.0207062910005938,0.025119207655098
-0.0346446422230929,-0.0126781316759675,-0.022053306381896,-0.025198254313367,-0.0134484768606385,-0.023186340821495,0.0103916857562265,0.0290819713299822,0.0293975485014854,0.025990881048364,-0.0316242564403047,0.010343340706528,-0.00268960889390239,0.00915312230435994,0.0128821066923661,0.0172852901424861,0.0171284350682271,0.0393440962040003,0.0317433755717836,0.0255398773865065
-0.0308688430941277,-0.021825711492197,-0.0183911154448,-0.0252184741209376,-0.0110892665635676,-0.01416114633932,0.0231365326220657,0.0382000661670803,0.0348018975006306,0.0288668832635193,-0.0207151547434307,0.0155658329872713,0.000599898858914915,0.0224824532918081,0.0164199603498967,0.0263342263101804,0.0248791062710127,0.0401109767040308,0.0347689929048386,0.0216674387445826
-0.0283926493752238,-0.0192607522801679,-0.0159574277092241,-0.0292774975581262,0.00243834581683756,0.0066919999910129,0.0198590310303419,0.0347196371923059,0.0297665700071162,0.0216405500080251,-0.0454595917786816,0.01193531832405,-0.0279714313991157,0.0129610783805824,0.00857941833418322,0.0137142840139866,0.0142104291300848,0.040093459453941,0.022304892620817,0.0283210165702131
-0.0415125011722162,-0.0235099933136102,-0.0222349556720037,-0.0363180278512739,-0.0251371264881029,-0.0190867230210004,0.0119336124345897,-0.0161076646841955,0.0438694517370093,0.00896534663413731,-0.027905615262469,0.0157660677597859,0.00481509724846682,0.034610812192077,0.0112607458433602,0.0395619185596773,0.0172320761274576,0.0328403796727616,0.0297990484062318,0.0211789664969737
-0.0305209387532972,-0.0149926576440811,-0.0273182127272371,-0.028540582711023,-0.0135296758198012,-0.0167040985923637,0.0215634709970529,0.0310416247906593,0.0382141459839034,0.00980140622492544,-0.027242664712045,0.0126674083192508,-0.0169876899461324,0.00551655779952461,0.00322658451459672,0.0197842426053773,0.0197737542583376,0.0405800541484089,0.0335924199350593,0.0146140777449237
-0.0213054669149964,-0.00536133523432682,-0.0162698169847018,-0.0228224626912604,-0.0184708640744282,-0.0294835599839761,0.0256646916817564,0.0288936365916363,0.0364443453361598,0.0289883869014906,-0.0370532272489339,0.0155231956171708,-0.00692899484441158,0.0288613539907342,0.0119474293570727,0.0240332071500776,0.0209453617647611,0.0307770267456133,0.0309997824002883,0.0287266334397129
-0.0404199270051679,-0.0180346130914169,-0.0245753465342675,-0.0309848262136535,-0.0157762904378792,-0.0224598554772028,0.0242540077429679,-0.00685278632279914,0.0423459810750762,0.00457019868538475,-0.0473987200960559,-0.00531772333273952,-0.0410137605360427,0.00564322319060207,-0.000263938265427893,0.0510060243241712,0.0136385087917223,0.0393021647589207,0.0241859495664964,0.0209626795851858
-0.0305962824093579,-0.016936886883219,-0.0181686883397455,-0.0184615659420606,-0.00803364995585919,-0.0100246556474847,0.0193490804554577,0.038298634428096,0.035228985317763,0.00837051852315899,-0.0229521060620168,0.0166148532777404,-0.00324406213473525,0.0269507117051943,0.00759740348606529,0.0268313801819955,0.0149331106523032,0.0415345697348288,0.0280376299557996,0.0220450644299209
-0.0345653717081894,-0.0109207180042286,-0.0244629322290819,-0.0187098610475103,-0.017577145255613,-0.0314804410879626,-0.0129245398497246,-0.0145962215922783,0.0274112962158829,0.00834964889456798,-0.0449378402058677,0.010289634758026,-0.0227968580066261,0.0302981322727346,-0.00674401684864144,0.0225264980158998,0.00771357204357245,0.0313660789365842,0.0277598437157384,0.0297504121244862
-0.0278904846196436,-0.00826476075802018,-0.0226084732320404,-0.0290962303223976,-0.013340160965979,-0.0125458561137081,0.0178760691270533,0.0189802060310971,0.0361412738875975,-0.00337509046506943,-0.0442100988734458,0.00948035780083954,-0.0219691420463574,0.025279966019901,-0.0031009836868763,0.0184345795819689,0.0104020202693795,0.0360061858443184,0.023159073950298,0.0250646634818814
-0.0271484193306097,-0.0130035149092453,-0.0423318056202728,-0.0161777515841991,-0.0418334988197884,-0.0111979249670723,-0.0289765986418124,-0.0290650335598896,0.0222858622717212,0.00503075666480833,-0.0474720353364096,-0.00356060280721036,-0.0483963502254,0.00286833932440824,-0.0487577207969016,0.00233513350800123,-0.0109946431201634,0.0176961709395983,0.0276582486540712,0.0354933391919978
-0.0370075259408299,-0.0279189918732659,-0.0235426009218029,-0.0360687330555433,-0.0216179051063522,-0.0268822396468948,0.0218633891295432,-0.00658860520382987,0.0450117053554352,0.00918681250952291,-0.0220826516195194,0.0252508651767538,0.00610629323499115,0.0432617861655941,0.00968312697611265,0.0383801787699291,0.0251028100334082,0.0265125638750848,0.0361351269858657,0.0123078147809768
-0.024945920304097,0.000429777917292418,-0.0167548369811462,-0.0266102897529931,-0.010914826030521,-0.0312777018297701,0.0290850245330387,0.0108754563166384,0.0428452219139337,0.0078665099915646,-0.0398799861187685,0.0220509995320902,-0.024772364559775,0.0305434314065453,0.00483680836933943,0.0234117797252112,0.016792396020574,0.0242322332700387,0.0250978475471196,0.02630742035977
-0.0394765941490695,-0.0146585389530332,-0.0172936432752964,-0.0233010099738968,-0.0162344007927662,-0.0281191979795223,-0.00608940215591757,-0.0172598944949105,0.0402160371855422,0.00520330463234734,-0.0235382079265205,0.0102211324159233,-0.0055908831437472,0.0165431347836911,0.00393485355428687,0.0206241697911246,0.0133187215507772,0.0286298731492873,0.026392498648578,0.0262911783002369
-0.0350772883877603,-0.0161782631974154,-0.017560916622969,-0.023755950324219,-0.0163170825203322,-0.0292420676582506,0.0234071216429427,0.0191110423809287,0.0350648112241006,0.0292243064760951,-0.0236541204494186,0.010877910701744,-0.00283594092092483,0.0247142194384852,0.0050666721787718,0.0279180491763365,0.0206126904806485,0.0371896882739283,0.0232314511473436,0.0299536511162533
-0.0430861675392464,-0.016698359681646,-0.0298138031957744,-0.0369625757087986,-0.0243713561911126,-0.0339113415620262,-0.0174766859412809,-0.0317821638857712,0.0225815769210454,-0.0142049086763205,-0.0287048435073731,0.0309612917285512,-0.00207917580201868,0.0507970323436176,0.0119216884709268,0.0421934824609671,0.0223139965788632,0.0327101549762,0.0360662595685217,0.0172127950914189
-0.0316654949846217,-0.00678162327706618,-0.0194115359072742,-0.0204494293817855,-0.0205811639481792,-0.0280053114463587,-0.0103396134545728,-0.0227012175490355,0.0233264867322207,0.00368496330495794,-0.0334539042584961,0.0165097302101607,-0.0105893725191625,0.0252220384592602,0.00371795378048934,0.0264945910106675,0.0149190171876967,0.0284252875884889,0.025445692038499,0.027426818265215
-0.03744113318048,-0.0135233318225599,-0.0197583172230088,-0.0189026478110675,-0.0183260486039981,-0.0303771381014169,0.0102421285712764,-0.00167087644829315,0.0436196350104217,0.00958003552513914,-0.0353481353514531,0.0096983202425456,-0.00612883662699034,0.0209208501922928,0.0041410575639283,0.0230898977450864,0.0145851686503562,0.0281534003382967,0.0308025859912966,0.0289614617401049
-0.0227993517558026,-0.00554682940133645,-0.0229884880452034,-0.0258213045969355,-0.0144904804831261,-0.0274848501957012,0.0287602355173145,0.0043080162130942,0.0447114991204884,0.00828464718521158,-0.0184063607872541,0.0207441279440433,0.00114909544270885,0.0259772951144491,0.0121492218593261,0.0237175825166505,0.0250288831172538,0.0305167103836536,0.0383345811897664,0.0150485238749827
-0.0334778464332252,-0.0185897597903573,-0.0182384031078327,-0.0214963718810426,-0.0169857282197242,-0.0291483884469607,0.01432504747404,-0.00491041680017687,0.0398137332514121,0.0199425299705507,-0.031968919351282,0.0136161459016846,0.0016198220256296,0.025164379004259,0.0116032665573248,0.0272657682629285,0.0233712367756782,0.0301901104712455,0.0363010060080944,0.0218751281808361
-0.0349563823982556,-0.0211681849357033,-0.0172830433677315,-0.0223803982728953,-0.0122269336723429,-0.0179819688269949,0.0132209191072394,-0.00211590037156157,0.0345030628990051,0.0148600420118733,-0.0227682069655403,0.0126703031780172,-0.00356490638397616,0.0230363295068995,0.00712371039896038,0.0274837119695689,0.0197708234284933,0.0290343522814639,0.0259875218502961,0.0269171600929829
-0.0415138333850793,-0.0159358013866266,-0.0243966130539274,-0.035142960718629,-0.0151121805049039,-0.0191116777413784,0.0254926807120482,0.000354664363780965,0.0393371608366938,0.0049683697102776,-0.035819011264022,-0.00442299945069046,-0.00921316481741819,0.000398586200801376,0.00548719360919583,0.0157093887185689,0.0199421777853662,0.0274594410283147,0.0217007692980087,0.0264944432959723
-0.0494267875891538,0.00457696031146943,-0.0493158320515567,0.00453633024712902,-0.0448541804760729,-0.00930232926783689,-0.0232989473538337,-0.0218718260982042,0.0103545458638677,0.000534116247756726,-0.0382341726986009,0.00400211328359806,-0.00885030415116442,0.0222890370080704,0.00134561910436848,0.0270585827818474,0.0186262023845225,0.0345131341034559,0.0279886378038804,0.0257110225797477
-0.0442618625789964,-0.0133224297318772,-0.0332923206538305,-0.0339645947024678,-0.0221012428324724,-0.0328962779697885,-0.0103892857857414,-0.0289874281261494,0.0256532200582354,-0.0134191185340639,-0.0231265278444718,0.040675413307854,-0.00375622527186397,0.0518095790588853,0.0113368144916039,0.0420076682623155,0.0262203584558969,0.0278301019742751,0.042106505373859,0.00470283313819846
-0.0353436786610355,-0.0128898942200608,-0.0228260321175182,-0.0274176028036822,-0.011126083244912,-0.0237528318673184,0.0216914582014404,0.0110919790783121,0.0369515764297167,0.00294981759404834,-0.033696759578958,0.00730223162931212,-0.0192543451364352,0.0202373552104299,0.00171583009414806,0.0180337849833118,0.0151251190614561,0.0331989978317737,0.0267379894597823,0.0245274964239411
-0.0419517721239142,-0.0164940969972732,-0.0237370717592847,-0.0243683787644626,-0.0196315371388817,-0.025109981296227,-0.0164656240864752,-0.0355215084592924,0.019918280702706,-0.00853010337874609,-0.0367519966868519,0.0217267771029015,-0.0156146246452545,0.0506113497484812,-0.00681000443931823,0.057202822410919,0.00683549977994164,0.0376360145061644,0.0322106039921525,0.0106195022777298
-0.0370729946428644,-0.015333183436575,-0.0209538527991328,-0.0251239415650801,-0.0193787399257706,-0.0311208124215309,0.0208134999868349,0.00105227266894099,0.0389500793821123,0.0140623243706371,-0.0389468025008435,0.0137401051884013,-0.0178012759883116,0.0131429055118766,-0.00240301753865967,0.0180530838187701,0.0137980307414398,0.02834926190514,0.0242389304694248,0.0250036725554963
-0.0303157359960585,-0.0137553336398438,-0.0211374137164611,-0.0330452304784521,-0.011914179080303,-0.0112636818725211,0.0271874340955214,0.0178380589430227,0.0358655685096011,0.00274505100251584,-0.0390343688681044,0.0144876972163441,-0.0170255752791379,0.0234152743681024,-0.00387044546839492,0.0262690854105094,0.0134129062053175,0.0416821431685234,0.0304425521518256,0.0153261485549011
-0.0254460282910951,-0.0117926171435288,-0.0141381549651684,-0.0260179105944911,-0.0192629916586359,-0.0260657019935368,0.0107211759893546,-0.0108770487663435,0.0466260430203162,0.0113409178856847,-0.0343649210217174,0.0172981069386601,-0.018497199185259,0.0344082682856679,0.00406283157264345,0.0276987688647996,0.00925106083607849,0.0279260826920653,0.0393757578826261,0.0216244343696686
-0.0362827659320157,-0.0135373607314716,-0.0228813175715762,-0.027859267246081,-0.0167300215437869,-0.0242654004650301,0.00912564107966022,-0.0064813345843958,0.0327383348401017,0.00428888457105184,-0.0415819558030955,0.0145425320042257,-0.0340597514062301,0.0177941667854818,-0.014838566579856,0.0250864528586191,-8.10850947904709e-05,0.0308384520634148,0.0227197946103275,0.0292962310910628
-0.03054354518764,-0.0117857724683578,-0.0175399346701694,-0.0261355435812848,-0.0162890745058825,-0.025901473775669,0.03193455887716,0.0162648535775281,0.0429987764710096,0.0150574880777057,-0.0360489938848012,0.024917494935157,-0.0223959812378245,0.0287048469215545,3.85803093927605e-05,0.0256571644026787,0.0121856905251435,0.0291472871722856,0.0265158688199248,0.0348656480543843
-0.0280953875717044,-0.0376236218210488,0.00103544472996767,-0.0180200427331059,0.0392237874556764,0.00324416346045064,0.0422907613611152,0.00497751715249118,0.0307760619652015,0.0189982594143188,-0.0356625789552115,-0.0183431149437087,0.00302529130532416,-0.00475965440988473,0.0267932779478288,0.0190586063915918,0.0228221279410491,0.0276209879941446,0.0317905045897152,0.0124870911494934
-0.0275633273577855,-0.0213023097877399,-0.0186905653404448,-0.0309616487534124,0.0172107461172047,-0.000384526400955644,0.0170214279749817,0.00527143165963245,0.0314311649986596,-0.00269339788180605,-0.0390442940285302,-0.00157488856714162,-0.0181932149984019,0.00340916572911627,0.0111133170321729,-0.00504969558823484,0.0165367800537481,-0.00826577151379438,0.0362936911786046,-0.00606502671607762
-0.0275596817375602,-0.0202672582116449,0.000307263512769576,-0.0186017383233413,0.0474609870465721,0.00423919810409666,0.041484837919828,0.00629824778027771,0.0135099666657056,0.0351851462713377,0.00347218438961265,-0.0279352732579279,0.0577726179934186,-0.00465405788549564,0.0299480640949074,0.0268453399903927,0.00944898012283677,0.0375393277473449,0.0478344969108896,0.00111356876698405
-0.0311911163478582,-0.0214163312990137,-0.022409510037065,-0.0182194217632846,-0.00185859756898869,0.0285416886844847,0.0155437956750637,0.0369786712806939,0.0285620058521576,0.0163418955491168,-0.0493286933327871,0.012444361858399,-0.00235154833080379,0.0362071334898476,0.00171992009579615,-0.00628998398220604,-0.0419123228953063,0.00462301219823896,0.00659401256058241,0.037295239659448
-0.0316619233867222,-0.0301708671347207,-0.0223878167010501,-0.0296741335353195,-0.00712739805997126,-0.00585754462817253,0.0163741918457094,0.02916239586158,0.0195601723551801,0.0264796870435655,-0.0342737907365723,0.00581780939377141,-0.0141971643728548,0.00313246082617435,0.0108617358094696,0.0238250426481881,0.0152604335073896,0.0372419324241773,0.0237178715178074,0.0232718277231696
-0.0321281333453321,-0.0161462527977327,-0.0170624297778976,-0.0306158948895968,-0.000661701073831554,-0.0198354905807352,0.024381502321893,0.0194228447008586,0.0247874133028588,0.0208476344802653,-0.0205339175709918,0.00685820182756732,-0.00175581088666208,-0.00807595671009735,0.0158264328532994,0.00513302828658022,0.0197211315099854,0.0333307341059181,0.0249748101039971,0.0215729080558599
-0.030318487084739,-0.0192043797911683,-0.020405205605279,-0.0310129119499232,0.00403299805927254,2.40861797547399e-05,0.0233383209089529,0.0184376524185953,0.0372020740559793,0.00432403675495776,-0.0318226614808657,-0.0054078812584345,-0.0113972895687723,-7.83478147146069e-05,0.00923924701135166,-0.00411567798684151,0.022521460299123,0.0272755840371053,0.0256494707319139,0.0175310214843354
-0.0385349318671986,-0.0231744603272827,-0.0155372472266536,-0.0243751134508381,0.00132232552994886,-0.000844037286990388,0.015004440373481,0.0186880393879238,0.019682755440885,0.0146166538832403,-0.0323924113158914,-0.00997523604823554,-0.00541380639422997,-0.00669478840432136,0.00760946356635052,0.00648381323542886,0.0143549532609787,0.0314580529449171,0.0257248984157518,0.0154260295776776
-0.0341606710990217,-0.0202746254038313,-0.0159606605775039,-0.0293310429504485,0.00371899003137099,-0.00153214901414758,0.0202391245899918,0.0134607625539552,0.0297075106942857,0.00331153060079767,-0.0251869943930813,0.00102514279610882,0.00553544542544042,0.000773485651318746,0.0189202797562765,0.0137573067138826,0.0164345429829047,0.036497565389884,0.0364452868041601,0.0101504853270687
-0.0280528873391743,-0.0240611373564632,-0.0118627221220175,-0.023243264072389,0.0193677553145851,0.00539557470146736,0.0290869522730666,0.0114447895358887,0.030126536703376,0.0129722179129461,-0.0372746006694595,0.00298761126324799,-0.0140555397815086,-0.0132454952512311,0.00655885563640666,0.00382506596388253,0.0241877462272018,0.0242275842144569,0.0185592473457919,0.0304494229432952
-0.0415652987899864,-0.0165266924898979,-0.0277939211285843,-0.0281609309058241,-0.0188456079493173,-0.028315712633691,-0.0117714035653004,-0.0310634407352319,0.0157546954317872,-0.00615865481860709,-0.0272840031238147,0.038579639533654,-0.00381145064902587,0.0510952006286739,0.0110401867331526,0.0435159151806841,0.0174157357172486,0.0336478288005208,0.0294219880926303,0.0162589187139095
-0.0229011341133267,-0.0300389577781413,0.0192813680340298,-0.00567788608517046,0.0397192982881132,0.0103199023882619,0.0370599773128826,0.0153956762760903,0.0293661001696952,0.0255981439570102,-0.0117859087222352,-0.00995083510134229,0.0270303032185876,0.0186812347759783,0.0248445933623032,0.0287042891243721,0.0267930441664943,0.0222805973875468,0.0417035998593075,0.00685677559317815
-0.0248452568260827,-0.0158567535911453,-0.0176882349586163,-0.0333167045821511,-0.00897199595868304,-0.00452816144928511,0.00561525099834625,0.0288929527468003,0.0139139490727031,0.0230763046472294,-0.0262838009353887,-0.0003223845897863,-0.00956139480845187,-0.00914454801174643,-0.0202706269231696,0.000444450247046515,0.00535996791748126,0.0360185349522994,0.0167071566143319,0.0293302530521706
-0.018828499227613,-0.0295457903578637,0.0148723573033532,0.00172268811175522,0.0300594496773016,0.00449572371191455,0.0317960338878581,0.0142187700737563,0.030846609233544,0.0217957970392881,-0.0129716383391118,-0.0155478994861652,0.00853643946524712,0.0100707512670187,0.0224436499580202,0.0223390022924019,0.0290701330248136,0.0251580756475472,0.017113414677657,0.0324035593907363
-0.0371816983715857,-0.0119996541965094,-0.0265582829958432,-0.0249403929633627,-0.0208903781778912,-0.0228593061856393,-0.0108885171463,-0.0179254387345075,0.0236684496637242,0.00217772080060797,-0.0135640570883178,-0.00726696655214396,0.0376582105520258,0.0197868744249517,0.0169582688728474,0.0420575404963438,0.0200187827065855,0.0346476585559583,0.0304506757606561,0.0202348482698912
-0.0282276783875957,-0.0198460987693075,-0.00604685898409274,-0.0211630557272922,0.0365179236299498,0.00630312833474472,0.0385009608014713,0.00680046506692679,0.0247932020388216,0.028454826669639,-0.0284828449666645,-0.00960814831115513,-0.0100580483729834,-0.01110423252124,0.0224872209055846,0.0142120646965635,0.0224602746266904,0.0254429710897651,0.0168636400692362,0.0327173178800162
-0.0315970157794776,-0.0223069864617038,-0.0170377355861561,-0.0270043915496159,0.00791131382419681,0.00212730527200773,0.0215233522509862,0.0166990149371502,0.0346523273700982,0.00771138710723677,-0.0471870245060658,0.00645629216935879,-0.0322040072160096,-0.00584097912797073,-0.00758062666341413,-0.0117698686338867,0.0158881641682468,0.0183808792488852,0.0226297523579994,0.0290353165186335
-0.0432062579769832,-0.0132755684642939,-0.0319428708275578,-0.0221293244557332,-0.0201618869825446,-0.026708253806012,-0.0122601828850368,-0.0311610405777374,0.0260736555449789,-0.0129294301517522,-0.0335998848588481,0.0256329930454817,-0.0100355110239485,0.052539441168984,0.00317165201659926,0.0468215170147817,0.0109188858625133,0.0368309072900211,0.0263760074658499,0.019896726701298
-0.0430847216398012,-0.0122011269522176,-0.0268736917574932,-0.0279232982677042,-0.0174656542144099,-0.0304569864852018,0.00078376329523564,-0.0187964462544272,0.039287747288351,-0.00835541289595032,-0.0273598076796245,0.031426145756865,-0.00149923070435018,0.0491063304631441,0.00978024449612047,0.0379151029442181,0.0179441182975745,0.0300271071080216,0.0259630653606647,0.0172746933094035
-0.0146350179779933,-0.0355822349140603,0.0242641822862123,0.0140577299076782,0.0445448682421876,0.0052200440901805,0.0462500141837389,0.00489309041583991,0.0298932612649207,0.0273504274829556,-0.0299121274392649,-0.0030808573804175,0.00456271362235881,-0.000694096017529437,0.0275528251905,0.0211221405534212,0.0346552855742122,0.024362622452315,0.0243840146743329,0.0265937743893884
-0.0267394910307218,-0.0198514844559783,-0.0172021452683271,-0.0313626698523821,-0.0066424143674394,-0.0153085947427941,0.0109190882416474,0.0207675193241545,0.0249215151359485,0.0233849450129128,-0.0176892827442292,-0.00439363691895427,-0.00763124158492376,-0.0238304323713107,-0.0216575243038619,-0.00476277592667362,0.00423983042519385,0.0315895383416709,0.0191838074703926,0.0302253191591349
-0.0216655139071932,-0.0243318466167103,-0.0139753973751787,-0.0328296885478539,-0.00325880173661753,-0.0149441400147068,0.0255903609561498,0.0181617783228703,0.0290348532425964,0.0159336272632933,-0.0366237828447569,-0.00952198530625552,-0.0126199858479611,-0.00182021674945207,-0.0143551465725498,-0.0266493641879798,0.00595897622997764,0.0275435853558967,0.028569026021145,0.0230896173381692
-0.0266053702708685,-0.0342679467154886,-0.0103161335215271,-0.0217337355091431,0.00138940958612849,0.0223917160521912,0.00954161230459159,0.0335940379062164,0.0300594536943509,0.0151107899119134,-0.0155560413829573,-0.0283084040566771,-0.0147588672480174,-0.00919756572324775,-0.00802886366125398,0.0342945311863269,0.012458723311703,0.0338846043842014,0.0326328903711714,0.0177413967848566
-0.0236289989705227,-0.0202502996286276,-0.0189310804303919,-0.0274609817175184,-0.0109334919133409,-0.0176271734660489,0.0067039229910965,0.0259126164155567,0.0243630755635059,0.0222196684130123,-0.0154816282735173,-0.00588741357355136,-0.0185207894863795,0.00281730569309623,-0.0173358890959302,-0.0280377917726574,-0.0097499287485137,0.0262822619254006,0.0197196674489026,0.0295452001542574
-0.0462251991752528,-0.00219336277275707,-0.0242276607726767,-0.0302439786731649,-0.00559390815133999,-0.00860702573112525,0.00716040741380581,0.0287400965393621,0.0298830325893871,0.0120460535070443,-0.0276981982740899,-0.0233643884212674,-0.0157870280078954,-0.0143696601641744,-0.0134131145790289,0.0199172505920799,0.00103742400811525,0.0361067268226933,0.024395915895753,0.0213501091133548
-0.0267453262506043,-0.0200012970624548,-0.0187003425735921,-0.032937676120749,-0.0110487834205872,0.00384750505056778,0.0126720657845104,0.0216955344339171,0.0260707250648261,0.00814801010817819,-0.0219615072069859,-0.0172118309302088,-0.0288670875457293,-0.0185510183282535,-0.0126509594793304,0.025911374366954,0.00632763140644719,0.0363500792562431,0.0252003297915453,0.0186655757818973
-0.0115675394884954,-0.0237728490860017,-0.0249184569799042,-0.0317528189728466,-0.0143545099595082,-0.0243225388219434,0.0156312613617937,0.0300796432263565,0.0341010401548981,0.0128707246206874,-0.0110540537502057,-0.0081062427168564,-0.0400927113828091,-0.00659265211622974,-0.019342692150619,-0.0174297961885439,0.00324451613081101,0.040851202233056,0.0264160728460876,0.0283242528738575
-0.0422294833045855,-0.0245709206240069,-0.0285847218972375,-0.0328122182090907,-0.0233584190413962,-0.031255035369291,0.000380834896731083,-0.0209114438585771,0.0369555409216271,0.00315284194071024,-0.0320428233492279,0.00252628963485257,0.0179143933067193,-0.00958965212877581,0.0277382839405803,0.0138390369167669,0.0163119655611436,0.0281320415674607,0.0244642330887432,0.0208928723802132
-0.02647724297197,-0.0221139813743975,-0.023759621301987,-0.029075353047207,-0.00972989995561077,-0.0157682071151303,0.0150993725487288,0.0129413625508544,0.0264129954377506,0.0196997437771294,-0.0268611432091095,-0.00786354898734427,-0.0342809618206489,-0.0159855896849882,-0.0093938266423,-0.0253419524832736,0.0118571049028785,0.0163462889906096,0.0185183268096126,0.0288033988486235
-0.0344493451148698,-0.0211554319112243,-0.0239239792677609,-0.0285803441966717,-0.00721119551982372,-0.0179728786047775,0.0116759695765462,0.0206258462562354,0.0307402194206265,0.0144230321623044,-0.0357127015500674,-0.0230081712632293,-0.0211993989336129,-0.0141797725099431,-0.012995347489991,-0.00425672096764783,0.0107474414854798,0.0309781123795076,0.0277097353751268,0.0218643126640914
-0.0401419310669767,-0.0184613272149648,-0.0378039450525623,-0.0195815335292426,-0.0223559618144533,-0.028774784744477,-0.0109665305148945,-0.0275908816335597,0.0465947263947837,0.00382813520967248,-0.0271637113398732,0.0211462820905523,-0.0018073377297885,0.0488905367986875,-0.00575774627568036,0.0463162153871954,-0.00115027323485926,0.0266254364469764,0.0206008449067981,0.0324685602274151
-0.0284421252542491,-0.0230709926499897,-0.0193813536091408,-0.0300762645880036,-0.00114448699626474,-0.00310576541882805,0.00819196309961204,0.0192715139834198,0.0232854180691042,0.0224874714774589,-0.026833843466876,-0.0187038753484742,-0.0144545032836393,-0.0111069364076425,-0.0143044241106978,0.00301227447568124,0.000659324322835036,0.0296821891533455,0.0151590201760209,0.0280607921917149
-0.0316017207706727,-0.0263006928396222,-0.0183401399835409,-0.0295252737647726,-0.000166694744451542,0.00236308764905008,0.0150806785911107,0.023708928432228,0.0304485169057316,0.012428084126671,-0.0351016317670745,-0.0233468606080707,-0.0169626135441625,-0.0225776413720378,-0.00526120404886258,-0.00494646653693114,0.00472454689053677,0.0254405392048648,0.0231425162663256,0.0213830813034576
-0.0330131857537072,-0.0184247817114517,-0.0221410179080517,-0.0295688198290357,-0.0064434161000198,-0.0144048492061914,0.0131489909203435,0.0266005936400725,0.0253638147169224,0.020241858564732,-0.0406043882316339,-0.00339136538234536,-0.0235616040805372,-0.0253807632797906,-0.0165430607504624,-0.0141685094384555,0.0110842173665436,0.0364146542337908,0.040156885565019,0.00385914242873587
-0.0249967267617321,-0.0288795869513839,-0.0121819060033815,-0.0273433875143615,0.0289673797776044,0.0139914406628462,0.0422852434231407,0.00710101664728379,0.0408191023685928,0.00838846018677777,-0.0240304266787544,-0.0261873493097077,-0.00900397482889904,-0.0162534994392686,0.0235362844642871,0.0195179633782178,0.0250940060930452,0.0222562642289243,0.0305673722573454,0.017539831437266
-0.0309697846312776,-0.0255135040169937,-0.0162580706283868,-0.0292413862172716,0.00096969913387343,0.00669979291615809,0.0170876857030215,0.0283848425761617,0.0352428925484772,0.0161114012981782,-0.0307788110070941,-0.0264493915192535,-0.0127931342456786,-0.0219463323486829,-0.00430919252622891,0.00755334876210998,0.0113730966123396,0.0385729862552671,0.0243691556563913,0.0272117869849388
-0.0253737684593313,-0.0241582119318896,-0.016877156589648,-0.0315852994722764,0.00424650249392308,0.00292131092009153,0.0219740079045209,0.0221075584385304,0.0364313274686866,0.0164387563724595,-0.0300834351691545,-0.0171618907444227,-0.0123222511288607,-0.0260238470539115,-0.0083377578818219,-0.0118097951179355,0.0116348357941373,0.0244510047276115,0.0246296991340243,0.0251914435365742
-0.0338932358507251,-0.025798917032565,-0.0164523207047923,-0.0314134038714622,-0.00277387637127718,-0.00189308866206666,0.0115896997405526,0.0264194059700948,0.0225033547482554,0.0238594721188042,-0.0429018846493285,-0.0144171143119079,-0.0196435757823963,-0.0288006942950507,-0.00893714677724889,-0.00965040904062481,0.0025772293241269,0.0297427488439473,0.0210710201510476,0.0270460091941015
-0.0260838634068141,-0.0211732014607144,-0.014877341305745,-0.0305967318267097,0.00599505323391178,-0.0023212230478166,0.0230840964050043,0.0198742623232644,0.036845127918417,0.0158140348211636,-0.0196208255637275,-0.0198483031339142,-0.00998048330779559,-0.0246175300486864,0.00308576165893276,-0.00188221020839113,0.0163982062352543,0.0265225502445856,0.0274987068404964,0.0228660098933818
-0.037638880550288,0.00708004236182145,-0.0426568819181271,0.00839545530066425,-0.0144403818763486,-0.000699965888609798,-0.0407563347140069,-0.0117573937152361,-0.028874074929849,-0.0112069748003465,0.0141861846592138,0.0396008247358927,-0.0143541970331547,0.0544465636105355,-0.0290896815368464,-0.0136166882011771,-0.010062180732702,0.0265502809285718,-0.0110994822748037,0.0314669076444188
-0.0443209543603606,-0.0138704860380721,-0.029225988323149,-0.0235757372238264,-0.0197023360572902,-0.0297076437810978,-0.0133125175766517,-0.0278137574143562,0.0259324608747378,-0.0105720242551718,-0.0261724674463895,0.0204340892900817,-0.0155341375685793,0.030694988004053,-0.000358177836202748,0.0441852051395772,0.0054968624148934,0.0464957559761058,0.0169094439773676,0.0262410823550654
-0.0425033122846338,-0.0166755083645249,-0.0276974340683734,-0.0289372765639677,-0.0223949993978769,-0.0330650088268107,-0.00874295785991607,-0.0296563832345288,0.0276556810783515,-0.0138572189085289,-0.0333854512815,0.00262963889637295,-0.0146023641103978,0.0287900325637047,-0.00833896899050257,0.0457884246845729,0.00454273678256373,0.0411251062116373,0.0250079857621495,0.0279982493013757
-0.0381353304816914,-0.0200998569589149,-0.0192144964426207,-0.0274755959428974,-0.0197954117058646,-0.0303417375245597,0.0161988791282628,-0.0177191414300409,0.0467630917943853,0.00541094963537975,-0.031570650604709,0.00015778828745973,-0.0141264355878329,0.0192971532731579,0.00426887991672288,0.03788617226442,0.0114892217135473,0.0399821971540227,0.0295541446989852,0.0274765612265703
-0.0436947082957712,-0.0153745895780941,-0.0329261701510009,-0.0235011144198012,-0.0240228823186819,-0.0290155623883272,-0.0191669318447604,-0.029339930176703,0.0242380557075096,-0.0154926427112309,-0.0311356834281528,0.0142799977977726,-0.0137235455864592,0.0317251996835138,3.03607389624811e-05,0.049658457742821,0.00755828550952989,0.0426172599246106,0.0304778435429514,0.0214229760315014
-0.0441441384584949,-0.0142330209173642,-0.0284625186078477,-0.03095828199853,-0.0196683640650441,-0.0301705155992118,-0.0140535693179176,-0.028947795372462,0.0257253944489831,-0.0123832067670828,-0.0321254812585536,0.0131483375290421,-0.01091119595465,0.0357813138661763,-0.00403428956669305,0.0428089394338529,0.0123117516652389,0.0385549899881978,0.0324976411516353,0.0202577856705008
-0.0423719283042448,-0.0134699462574686,-0.0245332829850105,-0.0245839598146207,-0.0182401050555793,-0.0293514072692899,-0.0167047570492359,-0.032675600962088,0.0210943797563036,-0.0155395230833947,-0.0392537950748878,-0.0131677773330885,-0.0146730856647444,-0.00622485517242976,0.0117940353639019,0.0189572571779241,0.0106495727194455,0.0342012700425578,0.0223523778966079,0.0312235793382307
-0.0424357508341997,-0.0176320253849901,-0.0252020438667144,-0.0284190828414808,-0.0216884834111873,-0.0293821157207645,-0.0210817528592891,-0.0301730843859743,0.0277357050081379,-0.0174440989168181,-0.0256699367851723,0.00331633056940665,0.00710853238464359,0.0320591336564881,0.0136283270674967,0.0450734274198871,0.0189092949396248,0.0310297179298734,0.0474902648327199,0.00743552993265198
-0.0397104987531658,-0.0167326294005595,-0.0269809329594755,-0.0219060300775499,-0.0249753690918007,-0.0262112241957229,-0.0202880498228136,-0.0290392976048121,0.00565577463095441,-0.0219806466055032,-0.026975059105336,0.0190584419223353,-0.00117286977724081,0.0382744885403065,0.0102917748579314,0.0350839213445761,0.0327563629369748,0.0221452977790941,0.0431348559139365,0.00500013239082127
-0.0352572804161043,-0.0169300697345888,-0.0237217933878385,-0.0236326229242492,-0.0218404364928021,-0.0266823006011362,0.0196327911206895,-0.0173543044494784,0.0505329959151611,-0.01096686910804,-0.0445993390825501,-0.00441480788131892,-0.0431313628891869,-0.00303623899039952,-0.0202976731231494,0.022226700907734,0.00183487401138742,0.0438447863267129,0.027536321392685,0.0280573166404887
-0.0279431012600297,-0.021754725302744,-0.0139310674472156,-0.0322406430615313,-0.0187124161874604,-0.0307974356646954,-0.0155087650455792,-0.0292043998541695,0.0358725487679815,-0.0142332048962847,-0.0413684047302953,-0.0127599678035875,-0.024695255652322,0.00488222417529503,0.0027172329115235,0.0315494130253261,0.0166085353232139,0.0381781925748711,0.0297550593039852,0.0241366105623153
-0.0365787251357008,-0.0186438138407004,-0.0226751358050661,-0.0266511966585921,-0.0211154670825922,-0.02849641483572,-0.0154508095450881,-0.0265500619022416,0.0313309841667007,-0.0057085286801225,-0.0304731238850354,0.0168708258248918,-0.00733123516701278,0.0379629220164415,0.00379882612607616,0.0406051693776972,0.0177998860012558,0.0364766725248594,0.0340454939749162,0.0217189584030373
-0.0480328207915046,0.00331473830681006,-0.0485304812483604,0.00379880890899084,-0.0475538463677223,0.000676976698361055,-0.0470058922782901,-0.00172318756022305,-0.041134284410201,-0.0183461603197552,-0.0093427586220843,0.0160328799406928,-0.0406459153754188,0.00742661871748822,-0.0136533372865658,0.0083763670027844,-0.0312734916152574,0.00771418001187943,-0.0314882804301327,0.0087329595753156
-0.0378661999632835,-0.013875889190652,-0.0238076045132127,-0.0320216817644112,-0.0239017973570228,-0.0296518004394833,-0.0102547259479696,-0.0286049507800917,0.0309147570668364,-0.0143536805869388,-0.0348452454411065,0.0167328133026802,-0.0104460200389633,0.0414203473793892,0.00630357086363951,0.0453159746971929,0.0199147037322956,0.037598274180712,0.0373707813499759,0.0235187521582258
-0.0380453278091517,-0.0149636603528152,-0.0222550635799448,-0.0321061680964655,-0.0198831638520968,-0.0282970626240927,-0.0148466290149965,-0.0283796111442494,0.0297821779096578,-0.0135931092118992,-0.0302213810577247,0.0172353477498452,-0.0112414284118669,0.03538743184234,0.00667628462113576,0.0437441883309059,0.0104806150431923,0.0314529624288146,0.0268763276274425,0.0199735792990083
-0.0370985756624651,-0.0195849758109427,-0.0240884688862045,-0.0248070118552058,-0.0223029329101314,-0.0292866176965452,-0.0207696681891863,-0.0293968874385035,0.0168309383446148,-0.0134650128565244,-0.0239782781546128,6.45768760932681e-05,0.00624656658312818,0.0050992358621731,0.0206816241092729,0.0243034741655719,0.0174724229762693,0.0326112965008806,0.0232472477778842,0.0225309857790644
-0.0352241211082631,-0.0152542109388625,-0.0165525444986732,-0.0274209224734682,-0.0198068641683229,-0.0294081422586813,-0.0177260019418299,-0.0291550175448459,0.0247809230203439,-0.0147862470363729,-0.0272779079990405,-0.00502973213391974,0.0034374944990734,0.00565831576739573,0.0206115544319201,0.026099324287924,0.0156973099422383,0.0353029365916363,0.0308100278665584,0.0175431063333904
-0.0402188112310697,-0.0170130822294872,-0.0246501884803244,-0.0252891088934988,-0.018907847943288,-0.0310643663258616,-0.0178209460662508,-0.0297650160692239,0.0220632087646583,-0.0157623476687496,-0.0444018267271439,0.00397022333064014,-0.0434894625080522,0.00402327086324071,-0.0161251773178975,0.0108974473703401,0.0148928886495723,0.0352695680641039,0.0257011691385444,0.0197031315983322
-0.0353598226616322,-0.0128974505143509,-0.0174520758825794,-0.0298469583248605,-0.0210669748651988,-0.0309446362839031,-0.0201528606030121,-0.0309829141337783,0.0225647046204406,-0.0185402408531123,-0.0192569379727643,0.0168758574854851,0.00499062068235985,0.0297655410426124,0.0141613461978811,0.0304700701361872,0.0208749834053412,0.0281066332911153,0.0335028741043137,0.0227247857079166
-0.0331431266707124,-0.0160959288047414,-0.0149251049386765,-0.0329404287480631,-0.017659640597,-0.0313708388871565,-0.0184873989513768,-0.0313610887783638,0.0190454869887942,-0.0203659330534551,-0.0165724056999302,0.0291068535302928,0.0117999175664793,0.0355274252618574,0.0223052230468839,0.0284411778903251,0.021943966966602,0.00863393162284801,0.0457092944213287,0.00584945386867923
-0.0373157148620578,-0.0182478293930114,-0.0243873590043961,-0.0242159885361657,-0.0219487870489362,-0.0291312995840033,-0.0206754742874933,-0.0293160187967935,0.0181003940913081,-0.0184756697972693,-0.023622503065588,0.00176049283354513,0.0140109396153208,0.00312638691044977,0.0250383142620028,0.0218263883160264,0.0197193891849466,0.0304009297026779,0.0426638230916307,0.0103710297897181
-0.0394110704480947,-0.0196489452641324,-0.0261459216502577,-0.0299720113890756,-0.0230557876363463,-0.030200141235702,-0.0195542261781845,-0.0295313865204122,0.0227862906430447,-0.0164340915526791,-0.0292189056603401,0.014291214500852,-0.00360373466243682,0.0341626752422924,0.00982560267389072,0.0319805372095087,0.020787567335506,0.0307462715583391,0.0364531239439034,0.0183299921647897
-0.0398946607726597,-0.017937010171101,-0.0271800092274009,-0.0285118819406246,-0.0216634046115404,-0.028846022581988,-0.0183056444802393,-0.0294938087012831,0.0216095261329369,-0.0182129589808886,-0.0139939267639128,0.0296737840127929,0.00353078051529706,0.0414576570828391,0.008554187882512,0.041760720240868,0.0177741800523408,0.036190284305488,0.0275264460755825,0.0211503124883721
-0.0365023748237316,-0.0152600753823222,-0.0217431036775409,-0.0294911086290929,-0.0210477276179604,-0.0309067049358196,-0.0161857671674165,-0.0299558855763688,0.0257300426895595,-0.0160332255675098,-0.0264367930171531,0.0242033238144594,0.00884166928472826,0.0375940959609379,0.0135027414103764,0.0361654384423001,0.0123043910179154,0.0271595747117793,0.0149360180399172,0.0306371653619731
