u1_1,u1_2,u1_3,u1_4,u1_5,u1_6,u1_7,u1_8,u1_9,u1_10,u2_1,u2_2,u2_3,u2_4,u2_5,u2_6,u2_7,u2_8,u2_9,u2_10
0.0182620800985392,-0.0145288259194414,0.028404722323219,-0.0259604486079396,0.0319143203043408,-0.0275009862920759,0.0319363077402559,-0.0274731611423524,0.068413444430919,-0.0190673123114488,0.0305652668020166,0.0350761610777675,0.0479469539558048,0.0463122538922109,0.060196192107203,0.0383219207003395,0.0687840799656642,0.0301248641272895,0.0703400362171997,0.0257357453499126
0.0183486255242236,-0.0151421385887883,0.0278224223099877,-0.0266449737760171,0.0320400977502552,-0.0281810770617457,0.0326161813000387,-0.0283738926110075,0.0720379645427645,-0.0174828565251893,0.0258602292277164,0.0187340948458954,0.0395454854372968,0.0268707276464566,0.0511107433889387,0.0307682261833654,0.0587356181020596,0.0314768313223153,0.0695735278463286,0.0236284520453673
0.0359227837981552,-0.0304884236055776,0.050969813530409,-0.0263565441291241,0.0907892674707266,-0.00691253526122712,0.0968771841831393,0.00830721120289898,0.0962514138655709,0.00207361555468917,0.0387178738988824,0.0332522446171165,0.0651182027157039,0.0322737256045803,0.0781700716121161,0.0232385271110165,0.0978811120901786,-0.000633544839847934,0.0981924871281581,-0.000800414313057462
0.0243468532403574,-0.0195646985637131,0.0390385303182197,-0.0312951759974725,0.0573685481887046,-0.0268963349666794,0.0883543981054203,-0.00870946457013791,0.0923348573574451,0.00785928219969485,0.0272977013240381,0.0183971935874649,0.0515710443243212,0.0374927796802579,0.0691829045464568,0.034309494184518,0.0842856030569852,0.0185994245204333,0.0925366861094705,0.00629700450051032
0.0190665730549229,-0.0182900444494286,0.0376167915623377,-0.033684734488901,0.0745892960491828,-0.0193767594560827,0.0918115590373501,0.00356580695306253,0.09910307998595,0.00912140819688045,0.0261074257872541,0.00896062781049077,0.0514713954602683,0.0231885284478327,0.0681712993151112,0.0320869600220993,0.0779293928282493,0.024595651391055,0.0911441336323666,0.00148208203668425
0.0142753649514081,-0.0148376785803296,0.0286495398487774,-0.0269604062608854,0.0460805527040241,-0.0278210338679464,0.0756281748698492,-0.0167783358402038,0.0879140020666675,-0.0048329066438138,0.00672818144611528,0.00136391145728059,0.0108111686395741,0.00420164387761733,0.0493847172472097,0.037381555134212,0.0722740956529009,0.0404602400906867,0.0920750979471907,0.0171732394038997
0.0114476400643227,-0.0131260971286729,0.0309379477927998,-0.0256966863494377,0.0438687781024475,-0.0274875572705979,0.0730677475456432,-0.0194412561713012,0.0965570964524224,-0.00366817395158836,0.0302820374499074,0.0175149680891555,0.0505956885998771,0.0329472128246151,0.0605339766808031,0.0327613832911872,0.0780436853900736,0.0190869783024446,0.0888599267215597,0.00427043449197648
0.0278870829005134,-0.0238073491909951,0.0544566063973216,-0.0262280880518495,0.0910264410622544,-0.011048033819965,0.0967433913751263,0.00274720837774149,0.0968709070864038,0.00532891202302307,0.0300038286950129,0.0193682463213263,0.057475915954078,0.0386485921353651,0.0701716464664834,0.0295859890143768,0.0842942989134124,0.0157370136795591,0.0910737351283438,0.00929526361301905
0.0287914644872116,-0.0168430097547952,0.0353594507715989,-0.0302844223794181,0.0435618554471722,-0.0315607778080568,0.0639988090388226,-0.0225819683857274,0.0908815719765797,-0.00898961516323753,0.0200914759700938,0.0138613303524074,0.0467548502082159,0.0266149763738694,0.0670126950774271,0.0216746089658189,0.0820625274136153,0.010500412096578,0.0964275836327267,0.00166407760384628
0.0175467754716618,-0.010411538993217,0.0324593328414403,-0.0276180747871314,0.0479742633600484,-0.0298862479800292,0.0784800353668048,-0.0179518053666707,0.097005541455327,-0.00614046358403556,0.0236510081714045,0.0179355179116859,0.0531779157716268,0.0396762186923923,0.0731476484949689,0.0329589925376262,0.0860211650389816,0.0177091805959432,0.0938568343613057,0.00565341271860985
0.0222549826304949,-0.0155362994948383,0.0364480566174901,-0.0266778196652237,0.0604612746196204,-0.0235855736864597,0.0869453757364348,-0.00883723939200082,0.0976140883570371,-0.00386894875435929,0.0285110922727306,0.016135871910363,0.0581970304396729,0.0416128166961293,0.0719990400030474,0.0402243760062846,0.0871001034890717,0.0223547530411741,0.0945629479937819,0.0105343184749321
0.0106632038824898,-0.0132493982612672,0.0273021022028846,-0.0280839507661783,0.0413631934405654,-0.031557196675014,0.064233836591655,-0.0237911234611198,0.0915421298510505,-0.00779960118548379,0.0150301310223088,0.0201846579009991,0.038795794843502,0.0412471740380968,0.0519387550873453,0.0407626524415595,0.0728493987405469,0.0254753746421943,0.0870024778862371,0.0129098343741837
0.013062538180769,-0.0168655618473794,0.0341270623961209,-0.0128711732977715,0.0121179254592064,-0.00119713165463051,0.0355415541475982,-0.0318953396147414,0.0685711117701288,-0.0174364629167386,0.00650611559710666,0.0144206094820018,0.024399619226637,0.0255960250278738,0.0290483616385404,0.0387752835839874,0.0651173399430722,0.0313542215184233,0.0750073475251896,0.0198859169729773
0.00992671699096858,-0.0207968288215523,0.0229232006489467,-0.00420661481781473,0.0319961760084655,-0.0216509379096307,0.0334726217106347,-0.0320790246536185,0.0792787271129412,-0.0109863021003234,0.0461174357476191,0.0242867153099024,0.0498378620331245,0.0383000703704122,0.0326838399297257,0.00432989452710823,0.0648040952350884,0.0265584628395047,0.0892626742252652,0.0039305868548189
0.0174751344944713,-0.0302136463218536,0.0275502146585278,-0.0205568749511017,0.0423574158803067,-0.0380302558351212,0.0663493909377501,-0.00721257308483735,0.0909149342444209,-0.00533311699770163,0.0430244154530057,0.0458997006543798,0.0615198470069319,0.0238806955313253,0.064243524719031,0.0290232699966668,0.0854842382916483,0.00564926403451096,0.0962009605635444,0.00430513163359769
0.0131558486735554,-0.0207587030962882,0.0344403852882975,-0.02071190690779,0.0497383170952298,-0.0304069466303179,0.0656761674710429,-0.0188401968765582,0.0896333825196312,0.00670540140850062,0.0254846257738636,0.0339904030033441,0.0532819252449441,0.0367597894673383,0.0752801931299108,0.0228069768114079,0.0872629424419717,0.0177243301406318,0.093559733399914,-0.00256638431468723
0.0111095418188984,-0.0267613869460824,0.0300442460590688,0.0347828521185418,0.0261249579778961,-0.0346713263942459,0.0381956340524103,-0.0208139976737257,0.0662395578538654,0.00489470314914601,0.0186483570296155,0.0350736828887752,0.0526782269844809,0.0192291771055237,0.0398988397876269,0.00740044955011223,0.0819001294487983,0.0200148833728548,0.0949382485410197,-0.00272053326783875
0.00492566689429965,-0.0246079970696073,0.0171112149727056,-0.0253480847980629,0.0364166634491158,-0.0223343864276197,0.0659309577551507,-0.0192664074521523,0.0931980201802526,0.000236100479427861,0.0124520968228458,0.0269505672219437,0.0340627606298721,0.0375215643122686,0.053614272479966,0.0281721659104515,0.0729503374759721,0.0208469813274011,0.0892446967653206,-0.00562522006168946
0.0287917436295479,-0.0193316765108783,0.0317619700545291,-0.0209665474596295,0.0287928399546597,-0.016015364519232,0.067789728537906,-0.0227073238888802,0.0862581532490524,0.00792208467378455,0.0341798926895294,0.0329750877291803,0.0652825282922628,0.0343183638537681,0.0731981239137179,0.0157263525845664,0.084000062304449,0.0281218792173181,0.093530032664316,0.00888312401525635
0.0230757672284064,-0.0047167538401109,0.0358458306753071,-0.0271766125384725,0.0414376715898998,-0.0248454191759812,0.0461191653771858,-0.0181737335215351,0.0756130622019568,-0.00972993901448126,0.0307444546390017,0.0266034089413735,0.0505079761798512,0.0362859541071072,0.0654123271474076,0.0355729291685844,0.0766023592479123,0.0171136876430875,0.0883294022779683,-0.00116486738409524
0.0256190081390607,-0.0139353852828677,0.0386872398192779,-0.0324905439666811,0.052520161294758,-0.0300628239777094,0.0683362211822654,-0.0195693640186301,0.0904230221362042,-0.00434217182385047,0.0186043174008566,0.0267240852857021,0.0511199575659328,0.0328732586596066,0.0739385701933374,0.0195938635698506,0.0804908823983323,-0.00345652330172752,0.0854063978091046,-0.00709691712117843
0.0081393281390172,-0.0214344208100047,0.0305206245249815,-0.0273207856472719,0.0434847358354312,-0.0293982231549175,0.0725304958418978,-0.0131920240152007,0.0980008162053833,0.00545850822710586,0.0146753294041454,0.00285770934079306,0.0489328000214024,0.039247263280182,0.06872033405459,0.0338417226808419,0.0846779956163873,0.00736229973381584,0.0935762494204154,0.00575994789032104
0.0100435104648913,-0.0112408581582812,0.0249740088689149,-0.0327421103739859,0.0527302307139025,-0.0248407761592168,0.0587723892755831,0.0153442782093339,0.0946494817518484,-0.000385478062121382,0.0103526855396759,0.00425668091935785,0.0366537102476897,0.0384717113456681,0.0617219762953422,0.0265289884614347,0.0716815056404466,0.00141803684791899,0.0916922139963388,0.00975682650421188
0.0400231627736401,-0.0182533913540229,0.0343407503794859,-0.0348189515136657,0.0400081900523137,-0.0279884363099636,0.0652845469299704,-0.0202672273144679,0.0895754935406352,-0.00725845960883442,0.0196450028382534,0.0378382989375529,0.0335390103399159,0.0482525627380276,0.0498520248979516,0.0245888149863481,0.0700767052952032,0.0255368961084959,0.0864019715463779,0.0185095459691057
0.0123067257496286,-0.0254990496332119,0.0263625024193969,-0.0275724800703691,0.0411239059935257,-0.0318657746080488,0.0717303422684939,-0.0181398187914645,0.0958981731581342,0.00229579846322183,0.0171539184129485,0.0344861908915733,0.0332580631067036,0.0390035820722009,0.0532324816108642,0.0404342619986757,0.0742855979571006,0.0241339611349775,0.0904333934348486,0.0110717483621138
0.0258025987326333,-0.0262949496841458,0.0387185295115688,-0.0228817004167845,0.041091154296187,-0.0146029836882978,0.0623233560838379,-0.0203205134697627,0.084129602898864,0.000241454728567052,0.0180249543416053,0.00644981461059462,0.0425578140950783,0.0289482327534669,0.0591106287865281,0.0400724389900429,0.0709398148422718,0.0147324963670654,0.0875393044981572,0.00186474572651037
0.0128613370123319,-0.0107081178781993,0.0212026687702579,-0.0249643164082711,0.0497714032848165,-0.0155822663880383,0.0494226809428496,0.0024639744472932,0.0748154686326518,0.0158734635346305,0.00899539731243568,-6.63249251537998e-05,0.0324426746275993,0.0359095640067813,0.0558728542771001,0.0423365132863001,0.0705818960776617,0.0189477742975927,0.0918346887439142,0.00588949317844958
0.0198810709577925,-0.0164797140036768,0.0380129631816907,-0.023131529689719,0.0419068062866297,-0.0231034451233995,0.0597491981878244,0.0138527319947048,0.0963477351805896,-0.000425211014185992,0.0292788457297479,0.0329392529397895,0.0585201657165113,0.0431490206501997,0.070238210113318,0.0104508948827282,0.0798821537113533,8.7418147126815e-05,0.0951643952042446,0.00617505795169768
0.00973787314664019,-0.0313578683668293,0.0228434673332524,0.00272772521944127,0.042707031580941,-0.0261101400396969,0.0565219472481716,0.00253320480460952,0.0847432765844141,0.00459504566885876,0.0104787004003456,0.0241666994266365,0.0472146437018666,0.0319784972735328,0.0594667473022479,0.0104647174371983,0.0753548302000492,0.0322509066627106,0.0878518318763429,0.00836145715651147
0.00978408434630959,-0.0406053531010662,0.0159291849214412,-0.0363144592040398,0.0461833488709806,-0.0223644037144904,0.0764687941236332,0.00402298899058169,0.0953616340354249,0.0131321121863367,0.0236271253481564,0.04426487086208,0.038354075994005,0.0461705890329032,0.0530142375449059,0.0305464054258462,0.0734899183226392,0.0187844972268678,0.0867167153743117,0.000934517005154933
0.0321678351911617,-0.0042519630238518,0.0359670066945802,-0.0198178503365633,0.0469800870694325,-0.0228669654131593,0.0649049285403145,-0.012954564561457,0.0955608886445759,0.00676230783832301,0.0313635609262626,0.0155399373087658,0.0474075478619992,0.0396592941608785,0.0648196069829008,0.038667681981322,0.0797389537018256,0.0174958162795899,0.0908946030163579,0.00657004173542676
0.00731978033343878,-0.012509319396661,0.0280270691498616,-0.0290532493038902,0.0385369199738684,-0.0276206073635622,0.0555253481179461,-0.0281822299103154,0.0801170882773901,0.00859741883293244,0.0243218507119555,0.0197682376708561,0.0403839294862367,0.0466473000090896,0.0645384704593852,0.0332473162653846,0.0800804601628982,0.0104604668851565,0.088748086354589,0.0105021125959933
0.0217299578107038,-0.0234007185966082,0.0303518984928688,-0.0283929208286745,0.0391306833347901,-0.0262095124323976,0.0583421142440332,0.00949180392965306,0.0961359737170278,0.00878346865527733,0.0196252646679533,0.0232001274090813,0.0482771576532937,0.0404376742645711,0.0741465306604246,0.0142629205484715,0.0763493651300214,-0.00348491061366954,0.0948656020907479,0.00956286346332155
0.0323245833138436,-0.0239451106025596,0.0499884522333885,-0.0269720841629863,0.0593734371080346,-0.0252625665364425,0.0625136866532326,-0.0223707348758846,0.0987492593777776,0.00876637502170107,0.0244136632966797,0.0243870804053461,0.0673004658111775,0.0320019789200125,0.0905571588025684,0.0129038027254831,0.0897023211569162,0.0158878696200744,0.0906388003816324,0.0158682753628751
0.0332030660937045,-0.0301676206518814,0.0418324514605011,-0.0261526439783129,0.048594380554461,-0.0252596867556068,0.0612113004580322,-0.0236966244668169,0.0701807907665239,0.00457077487187153,0.0163273457738665,0.00543286126342795,0.07469591139036,0.0311619903215124,0.0919991944755349,0.00253815303210671,0.0971241647439051,-0.00151104108383755,0.0968771579440187,0.00358084193151582
0.0191407532270788,-0.0225704102993041,0.0333874368248754,-0.026824971645415,0.0609619678287633,-0.0190992669140891,0.0818825821722052,-0.0125999407898185,0.079313179557945,-0.0175010099567178,0.0183579491048621,0.00837395056460799,0.0371414943566227,0.0378257428470062,0.0511222289572639,0.0286689770554053,0.0543039857212062,0.029994139184955,0.0808034424099375,0.0194433986319372
0.0316042484316906,-0.0280374020251422,0.0373952586615803,-0.0352963411927,0.045273108650867,-0.010102841602956,0.0490798670198197,0.00697150145878422,0.0756242655092283,-0.00619291193366392,0.0234889208345689,0.018106600024964,0.0439465293888044,0.0215110704115495,0.0589740965743404,0.0228303523298794,0.0536149242375349,0.0240652645230479,0.0687178694410176,0.0268208019538067
0.023064987920741,-0.0189985871006664,0.0391570255653889,-0.0184666119003387,0.0479417457386528,-0.0239696283825419,0.0359905591498502,-0.027489485374749,0.0639417424035919,-0.0220665835547206,0.0239750284461838,0.0254346261684886,0.0758436422074838,0.0229605221309801,0.0983724550261217,0.000620926973516331,0.0964494760626318,9.02334850095315e-05,0.0911454328069796,0.00265716970566848
0.027231346427953,-0.0283207965029059,0.0343897481347651,-0.0260346380761099,0.0637919027910502,-0.0202256412262368,0.0686021940313197,-0.0125710533102794,0.0827965089539971,0.0127078926723921,0.00958087055971946,0.00670598342017551,0.057673808310329,0.0131508922113623,0.0900152977152824,0.00433876770424676,0.0958840615183126,0.00262168914360523,0.0983659548600536,0.00194931909512045
0.0297707395834461,-0.0258211108228851,0.0300794301443212,-0.0335617304111094,0.048505261006552,-0.0327069515702555,0.0919140169589096,0.00252242371149698,0.0991177163911935,-0.00442484429026611,0.0257520738393828,0.0442856604372689,0.0568409800781117,0.0302706988629711,0.0816875964292207,0.0145893771235337,0.0942349002587144,-0.000420335329124765,0.0938301391555366,-0.000119801731079748
0.0233272255682798,-0.0185154892736867,0.0464695269410975,-0.0192846073625544,0.0522780642076333,-0.0242944846317341,0.0615851768119252,0.00442546309712343,0.0894781615043313,0.00491374991590266,0.0198864903214405,0.00751220224449538,0.0558272351136578,0.0205751478498561,0.0727818570161944,0.0286822149192904,0.0848785238462037,0.0103740403156006,0.0934694643737413,0.00273673926447459
0.0230126162079723,-0.0228356808280798,0.0390035467236107,-0.0336460589073683,0.0490584120172473,-0.0291817652803134,0.0676216366502921,-0.00729004940651119,0.0936515759899529,0.000948761682538272,0.0199335708741171,0.00342952294404068,0.0384796209025778,0.0196330256835141,0.061925740787896,0.0291638449217709,0.0776182110483011,0.0172800914570117,0.0933003431078388,-0.00381107098450077
0.0294019356046537,-0.0243755093552694,0.035849554592607,-0.0290758342717823,0.0448343665820205,-0.0190176572758125,0.0440823287951647,0.00818922507189986,0.0746193718658042,0.00888594862675637,0.0180130158382324,0.00937644700565365,0.0467060366726449,0.0286597891190962,0.0644134528742316,0.0293485965275496,0.069850557334587,0.0157508671799916,0.0863615011874702,0.00300726901309936
0.0203913154533032,-0.0196081173739451,0.0330864546626807,-0.0217487223648472,0.0358261903617712,-0.0202335434521017,0.0432179080028479,0.0157788800794374,0.0930354410828794,0.0123513612653216,0.0240582245645288,0.0189969328175152,0.0497167876245453,0.0362827753852692,0.0709204972968853,0.0232238936455834,0.0716608524283776,0.00684692601299112,0.0869144986485615,0.0111793024504166
0.0192057731927358,-0.0213346562247215,0.0340609337488808,-0.0272044949820916,0.036626599835714,-0.017889832939956,0.0422440621859415,0.0145571843793094,0.0892866976321825,0.011857431814629,0.0239765981977179,0.0182502614226094,0.0553692786074529,0.0312194638901748,0.0767292419765692,0.02152172330438,0.0788196933760162,0.00717787924088451,0.0877562567942412,0.00458077153815565
0.0262284911353431,-0.00908016198771692,0.0331194045648993,-0.0213751329096983,0.0446543769876685,-0.0290469132817735,0.0547842949423032,0.00583835185997562,0.0856809671780388,0.0101860307767397,0.0249634395788896,0.016942549107179,0.0532632167749161,0.0355442001868765,0.0682356927193279,0.0313049735208998,0.0812356185197486,0.00935723366125731,0.0834684397584132,0.0088708936988295
0.0255976155738439,-0.0233862962798013,0.0388338702548254,-0.0327735307465071,0.049863623860556,0.000120042344323313,0.06148809754687,0.0065858090450971,0.0891570781137483,0.00653700339043563,0.0375046513075708,0.0535248861252934,0.0473555563191064,0.02684897276359,0.0642816957703897,0.0227932403934434,0.0686941412861095,0.0303056550046134,0.0867817264274142,0.00440161357193305
0.0343698187192439,-0.0372589579664806,0.0246605863553165,-0.0190677960164162,0.0226850112461069,-0.0229668885875549,0.0826566329552658,0.0105200632636813,0.0928281245617229,0.0100663782636926,0.0155408321905291,0.0243306622394924,0.0438970256158235,0.0232723276618465,0.0682751408071497,0.0392897083466057,0.101100290136345,-0.00587155579496734,0.105111269371067,-0.0130280490440933
0.024765098644067,-0.0192772505783097,0.0409167443941571,-0.0222423748225653,0.0473226240283161,-0.0240455741158424,0.0774040083855281,0.0018993028745073,0.0915331854280772,-0.0021109054265429,0.0218111490447967,0.0229315953920786,0.0573048809599128,0.0410703382580329,0.0658270749427665,0.0252545734662582,0.0692394248862145,0.0166122708477554,0.0827835238106137,0.0091862890338615
0.0203729438569713,-0.0167079168635509,0.0356189198128121,-0.0281428712868449,0.0421584327589784,-0.03141857978742,0.0555690811481325,0.00853844315580011,0.0879667382344792,0.00760548419668245,0.0230429095784288,0.0280361702949088,0.0500191940551323,0.0322085539911136,0.0708059842338414,0.0252438017413804,0.0791789183560857,0.0089201505197259,0.094963524007785,0.00361102005974088
0.0215234068843827,-0.00821663746882444,0.0329046965820621,-0.0236332082959685,0.0347681766129122,-0.017036507620494,0.0677172958372958,0.0129578067481628,0.0895993229464813,0.00115374538940348,0.0314279027642119,0.0214107533990057,0.0576250772888171,0.0405532118398138,0.0733369501531924,0.0171920776849557,0.0719279963525464,0.00847398701006836,0.0825709958477521,-0.0141294024107825
0.0140656278397124,-0.0129150721842046,0.0246904283781726,-0.0277282397687827,0.0385171379338878,-0.0229984766782066,0.0569359200733199,-0.0167093421620713,0.083712228512189,0.00578268795307625,0.0192868000008662,0.0138495193401552,0.0453109304012931,0.0416646740353358,0.0651150502534449,0.0273160514885186,0.0778349037627392,0.0110535680878447,0.0951331738431341,0.00393376983063574
0.0221135662350236,-0.0216286705723607,0.0339608851659878,-0.0267554364838495,0.0478973501774843,-0.0171968567620897,0.0693809407418583,0.00825189980613048,0.0967158741484009,0.00295623965100932,0.0230256669783204,0.0145542651086072,0.0506550774981308,0.0320820424464063,0.0723857937008152,0.0252560719613987,0.0835633170582031,0.0103937989374917,0.0936520419095851,0.00846623684703265
0.0239187719763447,-0.0175032695013261,0.0314057584863129,-0.0277440533236032,0.0409991712761731,-0.0248264478094384,0.0633366532855399,-0.0135499214807474,0.0854442149385907,0.00509166096400371,0.0255606546763183,0.00894241630343489,0.0468160125663834,0.0294784440581638,0.0685181626101,0.0338402564988933,0.0833589746880114,0.0116441616196366,0.0905933946663482,0.00720925735270553
0.0230204881467348,-0.026092236601419,0.0389232302845138,-0.0340382254799512,0.0608102516797401,-0.00595676146252905,0.0817994727007235,0.00413159867495668,0.0955106857490429,-0.00398858765402014,0.0175637760094757,0.0233536649447011,0.0448721000882292,0.0334540591183463,0.0635999423871649,0.0325495984427049,0.0745222709033921,0.0215581357571274,0.0838635008560172,0.00865035752726068
0.012392964727908,-0.0185651927560992,0.0331253074455029,-0.0233689894585808,0.0436012287934861,-0.0243219497621783,0.0634922531030121,-0.00986436657203995,0.0854327264124635,0.00128768786159671,0.00604196322737256,-0.00220498345626681,0.0309313660808936,0.0200748068980945,0.05539745746631,0.0272598805620316,0.0751173951733961,0.030691197543238,0.0880583562481644,0.0108602244148542
0.0170907514385212,-0.0275316678583112,0.0375086436873225,-0.0297401079631882,0.0511609794015976,-0.0272108957865612,0.092665034263197,0.000698747124198674,0.0954753392040434,0.00914165058287546,0.015106762045259,0.0156603831589969,0.0394661972917299,0.0238893907491193,0.061408291186042,0.0142023209170856,0.0761237505236592,0.0201949621990039,0.0911043536251602,0.00658152819322597
0.0210894214045686,-0.0215767385080993,0.0280323248351688,-0.0325097762606458,0.0380556625884496,-0.0336391840976289,0.0723119779898693,-0.0221593045187341,0.0939050882314886,-0.00786194815818352,0.0271640233723554,0.0236627677768203,0.0433824523809233,0.0295499715507015,0.0633567334892264,0.035570797542498,0.0810105874262612,0.0167199627000565,0.0906413776290491,0.00411955820840835
0.0142488308084316,-0.0167518233958045,0.0320136972466503,-0.027849409027276,0.0410799666101908,-0.0258537499651858,0.0633279801468415,-0.014407968508815,0.0895449550694774,-0.00105212461712159,0.0300712410521648,0.0195883567175612,0.0548926542382059,0.035259154427302,0.0735458566642264,0.0222573344865407,0.0785315421579091,0.0125444252184989,0.0860400920075114,0.00506369216706217
0.0182735527360208,-0.00543447123189821,0.0340083730737005,-0.0271575894265047,0.0453664448607885,-0.0211757305973476,0.0740295572264766,-0.011618884824929,0.0927255382950389,0.00199652828675554,0.0242116376040863,0.0198666833827558,0.0529782561347767,0.0359156230645954,0.0738906495111898,0.0239461937167199,0.0810932986993556,0.00718179459543201,0.0902553830038028,0.00286470094606162
0.0186734461967399,-0.0220919804268912,0.027168428839563,-0.0322329208476258,0.0415381359735408,-0.0332217362375079,0.0585914653659564,-0.0286484493163767,0.0906785090759373,-0.00267121674700073,0.017691268803992,0.0328923412163869,0.0391848305469091,0.034984972180974,0.0597436379702197,0.0306243061010283,0.0787953526746231,0.0167250292392996,0.0887532829757946,-0.00369553316088772
0.020301457295211,-0.0176023887973513,0.0340114175398831,-0.0281125440300634,0.0460687442224493,-0.0277531557555525,0.0640500705654822,-0.023421226520243,0.0868365914379281,-0.00745024373855319,0.0174606829670887,0.00804972043621481,0.0386277234448879,0.0183947791902647,0.0586011197164398,0.0282207115425005,0.0754543367975934,0.0250451398385678,0.0889509122639442,0.00737125321236989
0.0240277611089133,-0.0175164554865417,0.0385361982390755,-0.0263122591862125,0.0640512256670077,-0.0147317312280473,0.0822356180587934,0.00431038688021785,0.093910040633125,0.00531835810188134,0.0233643192240061,0.0219006555143106,0.0510412014671619,0.0355687969890384,0.0742127352381081,0.0272411379100388,0.0834002190799505,0.0123346940146019,0.0923891439725527,0.00591512314974018
0.0296849269892066,-0.0342382064261031,0.037748736789871,-0.0335269190883021,0.0433388870814292,-0.0300721532525527,0.0653297311453029,-0.0147141257813687,0.0863244879867783,0.00311957146096672,0.00627709673381353,0.0192391093216296,0.0384340123041654,0.0492109657386078,0.065420242629298,0.0333250470559639,0.0798704469259424,0.0203589421932624,0.0911574196248568,0.00779078149637538
0.0169044634005868,-0.0100568084154632,0.0361919053471308,-0.0246687840491102,0.0542958156935976,-0.0211502083341189,0.0739490043893392,-0.00899530981045727,0.089233748846668,-0.00280929341452987,0.0191637566181295,0.0137128281098484,0.0484128333835614,0.0327400007147907,0.0732150371661921,0.0248639754264524,0.0848854022726877,0.0073206388144043,0.0918556365844941,-0.000714724602665703
0.0257971840515089,-0.0201146055083234,0.0387499591141655,-0.0267946016912363,0.0517217773648864,-0.0242348970236755,0.0775779184564242,-0.00131451317170733,0.092915805178592,-0.00546857007025671,0.0224275422478579,0.0109765777864937,0.0483295289235476,0.0305501887273709,0.0666271514291519,0.0205551922508539,0.0753765229346313,0.0145254532095085,0.0874122170407276,0.007695230749265
0.0253245050707008,-0.018792996911956,0.0387410660047367,-0.0245442490856721,0.057902965980285,-0.0126398072518656,0.0905087562538253,-0.00485403296696332,0.0985852505656584,-0.00551737860161558,0.0283620040811535,0.0208690306608483,0.0580162044684908,0.0360734437314695,0.0773301852580596,0.0207908087144939,0.0976936506437462,-0.00059158266524288,0.0983486237246154,-0.000285752236708072
0.0236901086450113,-0.0137053406458246,0.0427044981539587,-0.0241168022382112,0.0553522170626957,-0.022482597371178,0.0763896918809515,-0.0118385134891596,0.0919592449019955,-0.00471688975658435,0.0205510527687712,0.0149768577587093,0.0436585602261071,0.0339203802608493,0.0631387960709411,0.0341452409162279,0.0782891857461007,0.0231551281489481,0.0873162661381394,0.00757471056491504
0.0188758675527854,-0.015834750109639,0.0373944700353272,-0.0352296835220124,0.0476958504292664,-0.0309568048054406,0.0691113623356412,-0.0212923427475251,0.089987385474739,-0.0062848353892956,0.0228000026520551,0.0122450296127237,0.0458660645960776,0.0314499934550341,0.0650372629281109,0.0337656994122412,0.0864109343116031,0.0170276449838011,0.0971507675417276,-0.000430187323867053
0.0144722167644935,-0.0125128796694524,0.0301341361210276,-0.028079028488316,0.0507690017102272,-0.0301432145668985,0.0665539977692498,-0.0300373435250412,0.0861595631071743,-0.0199690373194405,0.0161547419213545,0.0129535045921278,0.039632854551142,0.0246664419493163,0.063900744045143,0.0322861245250661,0.0780899318367231,0.032823903133498,0.0892674633766086,0.0134958675796943
0.0194017527474095,-0.0114144300585134,0.0314103510303277,-0.0197987562305167,0.0443082056928203,-0.0288533778679769,0.0655623737443871,-0.019673381184547,0.0919475154880507,-0.00539957656536443,0.0245599875823532,0.0186647545651167,0.0491930694088442,0.0331564319770406,0.0698143275871473,0.0321917281097804,0.0828694498401622,0.0133708572437902,0.0942514978313672,0.0034262148721618
0.0244601361725066,-0.0182996077451708,0.0389805481172392,-0.0315955992939203,0.0535039266050137,-0.0334317699698744,0.0819194790974622,-0.0245094737987887,0.0996139919305183,-0.0151771247247779,0.0206432547220456,0.00419922481407541,0.0390014667880627,0.0145710676386344,0.0594644358708427,0.0218394745829193,0.0747306840920287,0.032900077741737,0.0902067044327707,0.0120305651568001
0.0192622411774018,-0.0249742726982657,0.0301102535653902,-0.0317480374694552,0.0441438851147636,-0.0258749824078095,0.0748254562812093,-0.010672616855412,0.0907618700470203,0.00356131679682766,0.0212872581806757,0.02370316850854,0.0405406428128235,0.0408390450270175,0.06316902168561,0.0302022374442382,0.0800109311681965,0.0155950749140504,0.0911038668751302,0.00640443800494212
0.021808626513469,-0.0227459113748757,0.0333971410980326,-0.0255152798756598,0.0275926218641004,-0.0303539423515525,0.0597511380016062,0.0174173654641461,0.0947308527593336,-0.00148926842393861,0.0248836729345956,-0.023991793881513,0.0400695315788362,0.0167032453732083,0.0584715898539436,0.011976375095652,0.0745455631033524,0.0105485882329986,0.0955681761576347,-0.0076691340985645
0.017004467290351,-0.0244735832424094,0.0263859081094889,-0.0212963804146522,0.0331944083016508,-0.0284374227550117,0.0538581967715851,-0.0213407432631132,0.0918323445090494,0.00976610773998509,0.00862783390129023,-0.00583415034669753,0.0120906803361547,0.0149909684429095,0.0365519057370645,0.0192659990727997,0.0780359755609029,0.0228490614580131,0.0959175539043504,0.00666410547292284
0.0168967651341194,-0.0146238545310224,0.0298653858645332,-0.0280322822633947,0.0383663538650546,-0.02323628961508,0.053938793776911,-0.011267022015993,0.087301363994354,0.0179349614141173,0.00888951498830524,-0.00871260093562894,0.0239544377782334,-0.012106110494063,0.0453538766286077,0.0132418536629116,0.0703049191404051,0.0349002310830547,0.0878082907876378,0.018164861896308
0.0225086531372612,-0.0187150357623904,0.0331261104377249,-0.0276132640004782,0.0358102817604236,-0.0247590520449188,0.0609288936649243,0.000970774920510478,0.0936882412808858,0.00920885512797887,0.0109372359187503,-0.0178029982073703,0.0262386363284587,-0.0223147711631726,0.0524926048664467,0.0141941535003811,0.0752362076078381,0.0252928864912873,0.091127974544396,0.0124388613319075
0.0313010815773485,-0.0266472354790651,0.0342205053798288,-0.0293850973824204,0.0685381798965894,-0.00700701455230323,0.0923826876176691,0.00524246635611574,0.0926670544897267,0.00524513575215421,0.0125655913477752,-0.00383225940305567,0.0369708674362336,0.01452437040771,0.0677290190148533,0.0319290180515969,0.0877998734983078,-0.000169326483633438,0.0976170660089808,-0.00327066907518411
0.0256820296224134,-0.0264911988380674,0.0385919623217945,-0.0229256016521254,0.0429082511067037,-0.0131421959856045,0.0765086757553223,0.0131914437683891,0.0976834566117608,0.00457026691431998,0.0277085472945942,-0.00417199887677279,0.0400354205488502,-0.00180469051291624,0.0662695572984369,0.0351460490333696,0.0817950981356479,0.0180530021758967,0.0927993744116042,0.00516910147865818
0.0278424434982102,-0.0284399180145576,0.0346822210407556,-0.0275558381557739,0.0382989274175749,-0.0220147874140799,0.0568455160728944,0.00913525187152367,0.0922666309082728,0.00761160059175759,0.0127642446440947,-0.0157161293297433,0.027555372935132,-0.0138576112372349,0.0392443197720925,0.00634176208147033,0.0689054230498823,0.0330146733385291,0.0918657497990673,0.00840722916702273
0.0290459071593082,-0.0236340216317322,0.0323783086974392,-0.0274436986116887,0.0378930601834438,-0.0297102448669336,0.0786283805771342,-0.0109245682628163,0.0978085934317798,-0.0056785949774315,0.00722649139656548,0.00574386614162704,0.0172408517256349,-0.00554005138475874,0.0296732606819422,-0.00422302412006777,0.058661200907655,0.021380098590491,0.0898444073347521,0.0116477369012966
0.0359402634501786,-0.0208645543827549,0.0303136546853465,-0.0271597615499283,0.0329851481601705,-0.0314346769109594,0.0433308667083348,-0.0320795867214724,0.0898890881462786,-0.0108239642426581,0.00941027269125654,-0.0109354005004671,0.021476147015186,-0.0150189756365035,0.0437529206357849,0.0212474587804994,0.0712034173902618,0.0328128380324079,0.0881444012310162,0.0124284375315819
0.0204504902908321,-0.0193611875296577,0.0341304041824396,-0.0275250606849963,0.0595569969849758,-0.0227275027482806,0.0975501301082213,-0.00776156408344639,0.10664853539493,-0.00356054632351301,0.0108899960952139,-0.0200531986526787,0.0201539877730312,-0.0124506753548114,0.0425341593368291,0.00371386326187786,0.0757102347619695,0.0232202402675276,0.0957396659558507,0.00394057648412461
0.0171029664867753,-0.0147515754099714,0.0314273970086184,-0.0263135265531584,0.0433545707322997,-0.0251803045117889,0.0671783235029578,-0.0117251588959244,0.088923201796953,0.000762850555103186,0.00860416995227677,-0.0190898869436439,0.022311724510157,-0.0174700699844286,0.0429857521193063,-0.00116137102887956,0.0683085585962898,0.0268644901321236,0.0877810714190011,0.0134221434565258
0.0205987078839109,-0.0216923672085491,0.033514044793132,-0.0251493444453288,0.0381180553789995,-0.0231145019792311,0.0761545442470123,-0.00219343470765811,0.0950674807723307,0.00771136775362798,0.00719909082865096,-0.0166125887159442,0.0266013783282796,-0.0167420549231661,0.0415624444373441,0.00643243337902161,0.0625862726369302,0.0273832970021902,0.0856024563424792,0.0216167857412853
0.0140108348555235,-0.0126470990018427,0.030658458702954,-0.0258687936075528,0.0362396446711349,-0.0281602337860905,0.0556481231649807,-0.00893493060380518,0.090275745207137,0.00662389175965385,0.00658738311957316,-0.0124180415168836,0.0170438268117017,-0.0171367849832602,0.0295140981138792,-0.00609116436972096,0.0599773410056948,0.026099699684194,0.0851572095825855,0.0188254000002603
0.0214169309965686,-0.0122195504083271,0.0327770701879801,-0.0322036772032671,0.0389963583535059,-0.0300478126850865,0.0542148841012035,-0.0205585424800179,0.0835147952001654,0.0121019104125109,0.00635234709239999,-0.00853797779845246,0.019354645999107,0.00264388350388112,0.0436293173571636,0.0225897604970278,0.0814663191944682,0.0320783090421979,0.0967471607554905,0.00690867057705002
0.0115594275835744,-0.00667077925157459,0.0260780673744336,-0.0229416078351302,0.0368932942428909,-0.0226175486350092,0.0579771988394832,-0.0099985617018043,0.0904189725271627,0.0032418174117013,0.00739150739777784,-0.013294702063506,0.0191646002462694,-0.00111806157838163,0.0352610665928642,0.0293748189210791,0.0669082244444777,0.0279644461271637,0.0886999597070515,0.0112390198530239
0.0178127011375498,-0.018596200245004,0.0350194987621061,-0.0259608538603726,0.0494659001373694,-0.0180419484144563,0.0751482829041958,0.00747019173825082,0.0980320119139625,0.00370486814972471,0.0124135059512945,-0.0211417126454918,0.0289625890220724,-0.00289559638491093,0.0509835171866751,0.0280252805894842,0.0726083359799072,0.0294958419284308,0.0927453576707699,0.0110692775892407
0.0234550892082641,-0.0111301812361998,0.0341612098813769,-0.0251990812794943,0.0366913461551,-0.0316698424806214,0.0578853698429856,-0.00557643780405064,0.0865948531529341,-0.00107422773967315,0.0140046515826777,0.00614121410887535,0.0255518259605841,-0.00913154614139871,0.0414507626153883,0.00471203638458853,0.0724177226772776,0.0255389307735971,0.091660327801371,0.00680094464185039
0.0193801216352599,-0.0193020898738718,0.0331483176187099,-0.0275747185046257,0.0376035310422896,-0.0301264770237575,0.0522624475502462,-0.0147565321220488,0.0874587535814029,0.00101279533337381,0.015309379749876,-0.00493911686945565,0.0324234817947643,-0.0102042904075764,0.0444070962509796,-0.00901031259582271,0.0628091594506303,0.0303617006855329,0.0870359269478694,0.0186395837383578
0.0124706126388378,-0.0242294685601238,0.0359155987673532,-0.0304169720827546,0.0463327104303626,-0.0283564520418827,0.063565140596658,-0.00627088800747252,0.0850631879885617,0.0053718779679686,0.012762533147814,-0.0212985764310028,0.0359402087555705,-0.0209655846719694,0.0638604918855473,0.0154545712058551,0.0818076108322897,0.022530013223943,0.0972195852239238,0.00493204894432164
0.0391842958931632,-0.0197401691952094,0.0383649317076779,-0.0260928418732288,0.0468003962299957,-0.0251841328836505,0.0719438971800302,-0.00745609154902214,0.0926606008572651,2.94316266309064e-05,0.0120030198279468,-0.0177427093496061,0.0369025956126784,-0.010727483328755,0.0648292883145641,0.02479701121967,0.0795813995228651,0.0243669277981325,0.0928789080967317,0.002070355225321
0.0205974327582087,-0.0241994567459096,0.0388164249611404,-0.0258507483396498,0.0604676526243866,-0.0215043604523832,0.0852100985951976,0.00204016947602137,0.0957904138673449,0.00745155174578515,0.0161004452672313,0.00533065796608192,0.0354975503688629,0.0252287403302037,0.0526040749115149,0.037197289268222,0.0766785950892912,0.028386972262738,0.0923744256028792,0.00382571470609673
0.0175181504590893,-0.0110714233964156,0.0332022631857289,-0.0272626970383242,0.0395422236759388,-0.0301070151436495,0.0548393588037685,-0.00904959654061889,0.0821155375251369,0.00514579566548692,0.017729234106074,0.00130631899268593,0.0378148695739812,0.00484765710355822,0.0587176201968921,0.0260652359466535,0.0796967868463504,0.0240954508386557,0.090355272503983,0.00618677886804307
0.0136473224023273,-0.0148088758444489,0.0341031651726605,-0.0254550161629644,0.0457761068794008,-0.0245392180815723,0.068599995220958,-0.00104937868075405,0.0900088184262429,0.00456954643838509,0.0222101615366052,0.00357093825028527,0.0425990541005074,0.0111496542383781,0.0632741680628238,0.0325000455763664,0.0826466520729081,0.0216889281728821,0.0940033474725483,-0.00112909217058408
0.0145186223987394,-0.0184982953593497,0.0349097305171436,-0.0254431649934617,0.041754859919089,-0.0245415500850358,0.064883006065304,0.00804469465401685,0.0858596948584141,0.00903560717104363,0.016367456239334,0.0066057087806856,0.0455877795387205,0.0272589109693606,0.0650364038281755,0.0310927686696322,0.0813469711268048,0.00972263724181878,0.0877391618852613,0.00138885404762723
0.0194467044003686,-0.0230958933647872,0.0354887688299217,-0.0254068432112027,0.0435968127459522,-0.0108357825188865,0.0596768202069373,0.00546127154091239,0.0910035801146744,0.0080393926603138,0.01507718796972,-0.0122058443922683,0.0322264444618614,-0.00668513188739816,0.0535577486485835,0.0232283993714521,0.0788750914242485,0.0272230165823359,0.095283598532955,0.011780477161374
0.0160827080189612,-0.0149677437445122,0.0354222405666425,-0.0302054768043612,0.0497164121219869,-0.0252211910962589,0.0682647204507245,0.00186627148874356,0.0960430762699498,0.00469469582052078,0.0114141172708809,-0.00403544723243866,0.0316017929791115,-0.00655413892069911,0.0593846534250395,0.0212423131058093,0.0744938003777167,0.0241081982559426,0.0919103065347829,0.0098767584226896
0.0236933026132555,-0.0190316477012488,0.0396724469844044,-0.0304974667644062,0.0577151864936515,-0.0164416800487363,0.0820742221295583,0.00888471928799311,0.0989234487836347,0.00225001072598533,0.0154805525361168,-0.00538136598257867,0.0319461655500755,0.00537624352995633,0.0553270993322318,0.0167925354950272,0.0757238630721459,0.0351973663208894,0.0910288375902025,0.00751912772116704
0.0156570176152871,-0.0161367834069961,0.0313475004155133,-0.0300348364824802,0.0404484657847252,-0.0294591864288335,0.0567644058183234,0.00379280453507724,0.089393019957468,0.00550728706430602,0.00953919020261923,-0.0110936190935429,0.0221344540439716,-0.0131366131716443,0.0436572078494768,0.012736880703255,0.0653563576862543,0.0262564477322902,0.0907556545771824,0.0141059972355996
0.0234779093014159,-0.0269308750986213,0.0337753015137761,-0.0330611961464514,0.0435557337905695,-0.0196168571677185,0.0636119976506773,0.010379942887355,0.0910821826347124,0.000477653136836179,0.0199059048508615,-0.00293380556321915,0.0404433039902807,0.00324515563812003,0.062138883092142,0.0349073956243378,0.0831188966678849,0.00553369389949255,0.0908316641470739,-0.000671063865607741
0.017304347080711,-0.0159478271873138,0.0304701336969259,-0.0290138015460697,0.0421535812505488,-0.0191112933207095,0.0551539765230289,0.017360175544162,0.0930728661963404,0.000943597595292518,0.0136010388599223,-0.0170167004825183,0.028413017263606,-0.0188752362958869,0.0456746098912202,0.0127579198148509,0.0684289954872862,0.0282595465980024,0.0888300396436541,0.00526093334723187
0.0256180830558994,-0.0273334906086706,0.0443201404669106,-0.0227577241883411,0.0784185038937076,0.0163142028831871,0.103543987711169,0.000357532811497105,0.105650355212525,-0.00248098987753123,0.0113616587929999,0.00326507319097547,0.0305787351264012,0.0103639446213382,0.05628035367055,0.0424951875651116,0.0818403608892296,0.00596202411231355,0.0869544597281041,0.00338389596235555
0.0165500362572682,-0.0207206605590336,0.0286260934269258,-0.0315414953584718,0.0402478160682645,-0.0262861302276087,0.0574879655115676,0.0164187001790735,0.0869950993941648,0.00786378260779487,0.0103312831616284,-0.0153210597811422,0.0190372155131643,-0.00950718730143701,0.0445350686446866,0.0296597557835941,0.0710920928089401,0.0320836028432726,0.0884875320275309,0.0121215886155831
0.0129985026519834,-0.0180088429817769,0.0274977488091497,-0.0295763949213121,0.0400526945156046,-0.0140157386016482,0.0613275030796368,0.0162159323544684,0.0833398187189178,0.00945508104300516,0.009157967449086,-0.0169827858856663,0.0280198878834542,-0.013042154613626,0.0474321139788134,0.0215851115735634,0.071468882107702,0.026819615395161,0.0845486220341777,0.0127038474043752
0.0166851097746638,-0.0219501483909167,0.0299580282536421,-0.0323967779940742,0.0422427588787897,-0.0281945615992407,0.0593014682683996,0.00701780028500643,0.0904175528644127,0.00417496403570667,0.010444331899763,-0.0196909568674431,0.0288887121842361,-0.014436145866592,0.0524296862775427,0.0228639007684533,0.0725016208658568,0.0272593519190344,0.08910858008533,0.00838044865463554
0.0193596251813285,-0.0208540163325831,0.0353332029940957,-0.0319735521898367,0.0500041888280896,-0.0137381971764564,0.0799837487485164,0.00900693809599723,0.096416383394315,0.00185080683062436,0.00943932307212529,-0.0166340480617668,0.0318700696593994,-0.00625305833413988,0.0618213138207821,0.0261717776328097,0.0789652786058031,0.0212960821958299,0.09392768480959,0.0107322726878501
0.021737100957044,-0.0287501457036776,0.0261874031662446,-0.0279108366347037,0.0323123442703426,-0.0245769306543809,0.0542632508514229,-0.00536240974317335,0.0849292032339305,-0.00115169643285265,0.0155107409464303,0.0166150578574763,0.0385259961537004,0.0319944099775309,0.062444156627289,0.0300015299767824,0.0761328911639593,0.0206675055268089,0.0884527353623359,0.00746709881057836
0.017331100890333,-0.0163605299490114,0.0318241259584139,-0.0305235983274466,0.0442720945956206,-0.023906190378157,0.0604084008294688,0.00812503114071,0.0876467995476276,0.0122629155941206,0.0197524844643622,-0.00980351436575907,0.0384002648981613,0.0066155352857755,0.0593819533291262,0.0300743526753389,0.0745016226624526,0.0221351790766374,0.0881765113846449,0.0102907194951569
0.0137421568189011,-0.0147138031216935,0.0329404419038855,-0.0299476949753176,0.0442622251706148,-0.0122324586316274,0.0558086035350199,0.0116356940136688,0.0876012214513996,0.015314315082641,0.012725723624092,-0.0151712181340659,0.0349890584492942,0.000760722773058169,0.0531557075112439,0.0335381186448441,0.0715944150474229,0.0233237985910744,0.08894018037965,0.0113656104191782
0.0130580581969069,-0.0128229948279559,0.0303190813668567,-0.0285332675399995,0.0422507872478834,-0.0238569643199325,0.0522662126970757,0.00673658784287795,0.0815167077686186,0.0136190802791714,0.00892051106430947,-0.0168651487877444,0.027006541951382,-0.0161690616072652,0.0492379928872197,0.0252214232818806,0.0677520110773047,0.0277768841987711,0.0832673881733275,0.0152214292394177
0.016731893229935,-0.0227014524400408,0.0381583423185116,-0.031208840680222,0.0522784707835881,-0.00458986743162313,0.0635302089249363,0.0230752733884722,0.0894432872141594,0.0111304506797952,0.0136507585903685,-0.0182051102772892,0.0391026725354565,0.000700539717904835,0.0629565613550097,0.032290071000129,0.0732071304537688,0.0287987862759721,0.0893434696831813,0.0110434478620751
0.0210892697330784,-0.0243146411064145,0.0361298340860133,-0.0294916269081903,0.044352049474872,-0.00708580692866387,0.0720208325444689,0.0198348516656234,0.0926340328162027,0.00711857513683616,0.0142879300509302,-0.024905662471741,0.0446890719676022,-0.0247930546105069,0.0629520269438217,0.0209478519983069,0.0724645382381957,0.0311950949284479,0.090426690795805,0.0151725544220299
0.0162460380587354,-0.0230677221138792,0.0269859800765094,-0.0319552470210644,0.0355558543896709,-0.00795517926105811,0.0504954729728157,0.0318270365399551,0.0840208039391714,0.0206833500930966,0.00794970790650362,-0.0262203198816286,0.0258926635518535,-0.0295341260789108,0.0405098048310536,-0.0128485720202093,0.057132964722138,0.031086592841894,0.081621215404782,0.0207222524790068
0.0234756877908581,-0.028665155019829,0.0298405109644715,-0.0354750895685139,0.0438389077992814,-0.0223092451890371,0.0491080939595049,0.0281400459104122,0.0905323761986461,0.0114087123862794,0.00851870900006787,-0.0193131693788959,0.032009032239289,-0.0196078848679627,0.0585544272841491,0.0203128410095189,0.0736756107126866,0.0255967396396589,0.0908655296436042,0.00951578407195845
0.0249408215377465,-0.0311897605860203,0.0372273143396759,-0.0271631202781848,0.0593197298993087,0.0302817843860653,0.0938606819123204,0.00107905858433412,0.0939184019479692,-0.0018991471341308,0.0123734700311937,-0.028963494682956,0.0398425212060862,-0.0239672818466897,0.0652573475747842,0.0292019904664198,0.0766503941819106,0.026188509759456,0.0959636633109705,0.0015354477298393
0.0175170209340896,-0.0289307171473656,0.0318017609744751,-0.0282378410791437,0.0363690903157985,-0.0142090947893065,0.0675305618987238,0.0301568314878836,0.0898143775627762,0.0107902199826519,0.0115515854794357,-0.030611415411327,0.0348406212177629,-0.0216692503662387,0.0491282036546387,0.0194785891666213,0.0707335773911495,0.0402463640159657,0.0924479913413109,0.014607478994087
0.0231178138696573,-0.0265984036931449,0.0362272789853805,-0.0283976430611179,0.0476243524607722,-0.0023220230123022,0.0692253250617933,0.0223168887945496,0.0929578500655251,0.00334567356373222,0.0163755636001717,-0.0244205285430404,0.0361494188895545,-0.0221286631317833,0.0555180193839279,0.0245022696894015,0.0677204233234074,0.0319998728107289,0.0913548600103614,0.0117896203183802
0.0339564720937517,-0.0259803750220716,0.0373106668791461,-0.0272767208041035,0.046758221068449,0.00430216653840522,0.0723074702077356,0.0124344491550946,0.0965277761703164,-0.00649018534600095,0.0119022797261299,-0.0346187532333251,0.0380766695061853,-0.0124075855967372,0.064408540620091,0.0300264620763763,0.0821441896386554,0.0116567399575348,0.0941627547409366,0.00461875068981784
0.0190292962898347,-0.0223072611779678,0.0322095631132671,-0.0267637759531106,0.0443523814449491,0.000986109330460262,0.0631568670634437,0.0302420737467611,0.0912303944319548,0.00895129818022688,0.0118250055810777,-0.0190994905813798,0.0353676037297506,-0.0106885276959601,0.0536354127415296,0.0196614716819213,0.0711382771386638,0.0376291956482338,0.0916050483183278,0.0105250640145543
0.0273771513966359,-0.0318223456038762,0.0331389775461608,-0.0225187100773735,0.0333731110164628,-0.0212570114788094,0.0381092372801875,0.0206258185575732,0.0834443195303986,0.00768199484612411,0.00776124962677903,-0.0219193062353839,0.0244824170135976,-0.0264388723432894,0.0524014857159196,0.0279522838818903,0.07627368364376,0.0148809671248758,0.087983374161398,0.0103010866547274
0.0105978778284598,-0.012253492930827,0.03006983887058,-0.0274862965785959,0.0362894603492622,0.00260798589712438,0.0618862211509929,0.0216545136286839,0.0829472804029831,0.00905410490203115,0.010796960157639,-0.0184767571544751,0.0349273646994433,-0.0175454269600746,0.0492715943089465,0.0152582454242667,0.0693936257144544,0.0297815162851484,0.0885416987563546,0.0156155118127373
0.0148177655957283,-0.0257944657282201,0.0297283126493465,-0.0290109040180691,0.042278654867642,-0.00251911337631374,0.0658797045672087,0.0222229888797503,0.0873664718644151,0.0110518854404112,0.0179617100017468,-0.0244287126585906,0.034242352484395,-0.0188704819233775,0.0531528091464112,0.00906843342091685,0.0671240645279079,0.0289612713742545,0.0883671469428833,0.0178964241358793
0.0253383856978374,-0.0243651211887193,0.0380891260539451,-0.0207432749771227,0.0571613634208095,0.0255166084409742,0.0835831908381378,0.0160930472424128,0.0938905625312829,0.00242550098844854,0.0263857066094883,-0.0247867938940482,0.0406649308908797,-0.0108785920275638,0.0573496196221762,0.0283614408853191,0.0803369993887741,0.0226476789731482,0.0925681973374214,0.00625489476582741
0.015692537351941,-0.0218232439332793,0.0388742761799998,-0.0292493828108001,0.047690604661474,0.0203481684263043,0.0809923437244685,0.0178859593822111,0.0945754843596605,0.00178481220270547,0.0193671796204081,-0.0199847808070273,0.0471256887172609,-0.0144849027885784,0.0585862427436534,0.0259876902767026,0.0746323574104104,0.0247940593610721,0.0901124150149093,0.00705376149018634
0.00660392156160214,-0.00892340290589636,0.0228706682430209,-0.0302099260561245,0.041194803847124,-0.0212790090469374,0.0575074017244824,0.0174905214842018,0.0872319646683614,0.00721559587933905,0.00709993329959857,-0.0149212938185195,0.0263220817412195,-0.0185652566585204,0.0479845934194782,0.0234796000279546,0.0640674064606582,0.0315723381050827,0.0906834284183541,0.00837116267023812
0.0181038916137709,-0.0187512899449366,0.0374291228459507,-0.0313099652839469,0.045510600892248,-0.0214240951517465,0.0539548875514082,0.0122027640187805,0.0835864889702914,0.00658025420482912,0.0264812275488853,-0.01515839004116,0.0462279990891328,-0.0155910477458445,0.0607034978835334,0.0107346598300012,0.073227329398284,0.0293996991233178,0.0844540565597175,0.0101919919124668
0.0206158933342311,-0.0305707525601319,0.0458646194936608,-0.0187165871032637,0.0581280116196285,0.0278956357307844,0.0970149779485431,-0.00482907287831668,0.0980701289768859,-0.00699960328121836,0.0140641939046177,-0.0192596064674678,0.0458298787526449,0.0141273218511835,0.0617426063041515,0.0285155134174431,0.0887371064054485,0.00874309134875112,0.0976767885688117,-0.00348900992940672
0.0144868188313316,-0.0237874545105788,0.0296442104440566,-0.0345559583514569,0.0372346188409358,-0.01525125074919,0.0489675092606563,0.0208683820253204,0.0854203137342529,0.00649547382139452,0.0235648398134869,-0.0119970740116522,0.0528256937344786,0.0111805883645242,0.067459612831689,0.0308761426756707,0.0834392444072159,0.018900092873381,0.0946404272185417,0.00898269183938093
0.0210121075065328,-0.024725379002515,0.0386508207543338,-0.0235784000747955,0.0337757297943842,0.0260744386808023,0.0793566556012957,0.021003897457074,0.095251474383704,0.000687561957194018,0.0146957717148408,-0.0250866564770345,0.0390892405023796,-0.00406036564528216,0.0619613180840257,0.0295525582540385,0.0783740425750693,0.0242854000947335,0.0930897722067875,0.0057793557081987
0.0152651885483689,-0.0186834210125693,0.0368708539277897,-0.0304863408657327,0.0467417007438572,0.0218089802127116,0.0765699843456454,0.0247047855639515,0.0960396889094484,0.00923932007946037,0.0211748615657521,-0.0262795324755807,0.0430837592937523,-0.0076661768285139,0.0632249828692857,0.0325873829186837,0.0800178435575777,0.0188265590621639,0.0932484697641935,0.00951863514361254
0.0178557187810409,-0.0211431987169602,0.0296330107686684,-0.0319306119632726,0.0366592425474657,-0.0227554512683537,0.0476680712010754,0.0204887115071264,0.0761029276867831,0.0192973070389338,0.0165237193065488,-0.0207186192016382,0.0414829392067077,-0.002578852460282,0.063118798394853,0.0273151508448996,0.0797626580186771,0.0228509627932947,0.0903876546339513,0.0100731225877663
0.0272909621054427,-0.0267072729768653,0.0357578001814112,-0.0270765595553465,0.0425508793417677,-0.0239078461177476,0.0577899211409941,-0.0024322119279516,0.0877650616947281,-0.00070889969547207,0.0123396648627963,-0.0253951709561424,0.0307593318074231,-0.019820788261119,0.0458688171628079,-0.0225223837043169,0.0749016734807544,0.0134576422538917,0.0882992370902772,0.0277424337712698
0.0223572588470229,-0.0207232737752381,0.0308607609411343,-0.0300478416522512,0.0397313752417953,-0.0308260202210064,0.0646861032093387,-0.0251853413343175,0.081473227812702,-0.0152057618709336,0.00660019474634413,-0.0108346559130781,0.0152248027585372,-0.0236050938176123,0.0332145049097584,-0.0203053594652791,0.0597163186525451,-0.000433439523227445,0.0829062724946736,0.0228012726987441
0.0283484292432761,-0.0286851908308898,0.0327917922800258,-0.0294216294010947,0.0352699366017282,-0.0296155138504448,0.0762852305011854,-0.0158645432862953,0.0880863592813463,-0.0116643313018673,0.0102717826637628,-0.0160290120787664,0.0263396991992574,-0.0219903571528159,0.0446016551663208,-0.0132920567857465,0.0651502945399328,0.00934662410913386,0.0826775664134752,0.0239816316096826
0.0133488848427411,-0.0124760225352168,0.0280171751874126,-0.0293553448831118,0.0409988807260942,-0.0270936857907482,0.0741585557133203,-0.0114543465373009,0.0904146212166272,0.0013780866390878,0.0170983240212487,0.00347820022599364,0.0400465512089533,0.0258308437199472,0.0616306023855231,0.034420355306336,0.0770253859605288,0.0182658940084275,0.0893724471278439,0.00499318833129049
0.0309045525887914,-0.0241133481962715,0.0704949821150164,-0.0236904084657868,0.0952846550236802,-0.00278950307028019,0.0973459220447307,0.00615005140367396,0.0964916386450611,0.00613383942062899,0.0246901993565432,0.0185460332034865,0.0512831723281258,0.0295385216087933,0.0775765862424685,0.0135181144601159,0.0925252920270863,-0.00323082480821654,0.0980131719403436,-0.00480253421689613
0.0244957671197353,-0.0209793746231727,0.0409309458367928,-0.0331847670930787,0.0594492782475464,-0.0294572692574803,0.0958442984121008,-0.0187892886305133,0.101315719789477,-0.00381276464305866,0.0128714115668557,-0.00245922316657787,0.0336088426691524,0.0191531776585215,0.0608751657158493,0.0322334819488557,0.0803732891193157,0.0178172530246356,0.0882159678812182,0.00867573431092122
0.0221518166535884,-0.0219248644764454,0.0403065286297516,-0.0317070799565887,0.056894090423254,-0.029446758754757,0.0823332800671174,-0.0218503988666248,0.095696010288439,-0.0040233149160805,0.02177381781911,0.0122947268391911,0.0397422432521036,0.0262534721270893,0.0623580654224954,0.0307042371969955,0.0780807327689725,0.0219418066602395,0.088202098893903,0.0108871965280719
0.021660080641243,-0.022708502134715,0.0488213843755792,-0.0293018643542353,0.0734894021954334,-0.0214498946611603,0.0960209102308079,-0.000947948357839142,0.0965510696054574,0.00620288035493944,0.0190293570038806,0.0142914922935782,0.0404878724132424,0.0332105313880579,0.0600080515552823,0.0268680612374001,0.0775664032933832,0.0235035226837154,0.0909681316626635,0.00740305214885886
0.0166301234522874,-0.0153261401516395,0.0378435399871938,-0.0328037495992752,0.0575892487752822,-0.0256849874662002,0.0792270453919465,-0.00944687568576998,0.0941196885632557,0.00187851002510246,0.0225128736509903,0.0114814111065707,0.04938603867265,0.0280732598399931,0.0720695299253717,0.0170478395094689,0.0907499137753907,0.00195476579196027,0.0973004773320485,-0.00512925942865033
0.019624825959715,-0.0130610685975325,0.03918458818854,-0.0355059641519588,0.0580894956382379,-0.0284619841499737,0.0760754797592507,-0.0198516998861783,0.0969094867588937,-0.00101550626454595,0.0203588169403117,0.0129393628452858,0.0421478927212212,0.0299251174177504,0.063107722483968,0.0277233206968737,0.0808569285466677,0.0245817725705995,0.0935904939336528,0.00907250677125551
0.0310949501262788,-0.0285030865310105,0.0499604741354152,-0.0318856285956859,0.0886969195834599,-0.0102977657750025,0.0964736763104343,0.000539701245113857,0.0977706828333609,0.000284161935206275,0.0410907885649985,0.0277311840848685,0.0719501560683216,0.0296683481428725,0.0895915641461832,0.00899321145239323,0.0961089608199039,-0.00366549078823137,0.0971748363155288,-0.00455492946487151
0.00997926434808789,-0.017232752799273,0.0302129646495752,-0.0296232044496894,0.0443049095706182,-0.0262288604449723,0.0637501203407389,-0.0133710844577619,0.0877633851487478,0.00487842258582468,0.0218079053308293,0.019103049674046,0.0429782024381713,0.0367048298025877,0.0664479378360391,0.0262125104294231,0.083926048773461,0.0185918635425191,0.0924727927618986,0.00937485674546667
0.027144711497871,-0.0266099182536345,0.0470739883451813,-0.0290422465819947,0.074793802976047,-0.0132537486309046,0.0910076153497104,0.00197410512579538,0.0921208432360333,0.0086755307453925,0.0240887077134509,0.0189740903898318,0.0483457957947567,0.0257441926765969,0.0663532617859968,0.0277232129608675,0.0823855442582425,0.0194317582272013,0.0964438080494624,0.00370562094231905
0.0281111096355647,-0.02581366564658,0.0469954270900142,-0.0290145859479169,0.0666500284713714,-0.0178138506013825,0.0915591910792267,0.00395302339708505,0.0928374376127998,0.00938351554334745,0.0203043236636145,0.0153535289815166,0.0442049491256986,0.0255946982833265,0.064776663793708,0.0258183015475134,0.0854012510988406,0.0172851476233406,0.0919772618418707,0.00790765757684359
0.0214315648464897,-0.0192766001110306,0.042480778370893,-0.0334943148760656,0.0590775975960213,-0.0270113884400175,0.0909312798352931,-0.00525712857494952,0.093589609079789,0.00144865400748952,0.0219134448442397,0.0140918147922699,0.0469981939910688,0.0341748761268994,0.0678483886788645,0.025095286726666,0.0862039525604884,0.0146455776314637,0.0913238789314218,0.00386763107514442
0.0284137195998477,-0.0251619238053201,0.0455200923869648,-0.0306926365905,0.0707197399838856,-0.0250965520949271,0.0963908232038791,-0.0101238943774974,0.0986380533095163,-0.0011927810512013,0.0285393892609658,0.0233731160459268,0.0533456996784579,0.0290457589563869,0.0738673151658665,0.0238851451343065,0.0873768506747429,0.00448019255526629,0.091573417613412,-0.00206897218950451
0.0136814466050409,-0.0110628086374998,0.0270810138918397,-0.0257687432033562,0.0402638510764144,-0.0318623290417599,0.066550779833971,-0.0241180869262503,0.0891021651887362,-0.0119495301524801,0.0111934934038503,0.0101345225766867,0.0366939725807812,0.0272076700043844,0.0594000450621739,0.0336399123367388,0.0733255554154796,0.0259696881807598,0.0860192549754632,0.00967330769191216
0.0151294971620346,-0.0139508398572066,0.0378097831965605,-0.0320099086321574,0.0451853688178782,-0.0325634095775042,0.0808471605779886,-0.0131645648512081,0.098673511081216,-0.00707722311760768,0.0113489181805694,0.00890976157215973,0.0330586634378136,0.0265149427563582,0.0502792986493245,0.0338460008131963,0.0725265365030104,0.0259658744453467,0.0888448943229602,0.0102577458176197
0.0234290392030566,-0.0217587334600503,0.0380727531861513,-0.033230824579426,0.0487580436470951,-0.0350579856347495,0.0787075725911596,-0.0211784267266041,0.0959367036135111,-0.0136278520784215,0.022628430832692,0.0148679822206799,0.0391551950206654,0.0213225985754945,0.0586639734220604,0.0325385767920261,0.0799569813299435,0.0127280860650936,0.0909266003959831,0.00447693913674885
0.0299845259083785,-0.0257808635134905,0.0519082317938056,-0.0319419215265544,0.0765428454147544,-0.0275448087826017,0.0985451634267991,-0.014558576117662,0.101612435484949,-0.00802185663002292,0.0249687391873874,0.0173604314688214,0.0473307149606247,0.0319992730636646,0.0699921215233322,0.0290277079606452,0.0843834441834981,0.013203980130697,0.0920209997699927,0.00502496828670907
0.0300552874904675,-0.0288690347434339,0.050404069434999,-0.0309040232904518,0.0532644135607862,-0.0316488713222521,0.0734633060000935,-0.0261229710661009,0.0938050217354666,-0.00833720621167388,0.0282591919149384,0.0155725858957531,0.0452820167704935,0.0274584379216367,0.0673295241400823,0.0290640685610458,0.0825114382727209,0.0140134324626323,0.0916295839716354,0.00423045213995705
0.0208439955615041,-0.0196498355798447,0.0369132311622253,-0.035616749823097,0.0486696024134492,-0.0327607058070938,0.0794292794794215,-0.0110869397771563,0.0956800229896605,-0.00522285224534932,0.0144141026031125,0.00758436737820398,0.0329335570349823,0.024790035813548,0.0513747087708438,0.0373637205898257,0.0762473902931109,0.0205573459426378,0.0887542560128016,0.00778493791877113
0.0222069615495759,-0.0220224846858523,0.0472985602051012,-0.031980956197286,0.0665897616116025,-0.0220063629335013,0.08517926231141,0.00678183370373416,0.0917979808012893,0.00898334598123492,0.0309433240417161,0.0246303868109043,0.0572900356401326,0.0378533011535047,0.0793577648751972,0.0142648078871015,0.0939200308617069,-0.00280374363666997,0.0979547304640688,-0.00629503798061506
