u1_5nodes_1,u1_5nodes_2,u1_5nodes_3,u1_5nodes_4,u1_5nodes_5,u1_5nodes_6,u1_5nodes_7,u1_5nodes_8,u1_5nodes_9,u1_5nodes_10,u2_5nodes_1,u2_5nodes_2,u2_5nodes_3,u2_5nodes_4,u2_5nodes_5,u2_5nodes_6,u2_5nodes_7,u2_5nodes_8,u2_5nodes_9,u2_5nodes_10
-0.0243509610181329,-0.023607829788242,-0.0180856796956592,-0.0275009862920759,-0.0180821880637834,-0.0275021378242602,-0.0167567358370838,-0.0271297058669864,0.0221616753975331,-0.0171290076628797,-0.0192082821441628,0.0351882999316701,-0.00205304604419524,0.0463122538922109,0.00933399802094887,0.0392097208782732,0.0187669472615738,0.0301963420489403,0.0196159676222499,0.0274590265624613
-0.0276590912589691,-0.0190929837117386,-0.0218786038344273,-0.0271959475310767,-0.0177676284087343,-0.0282120513186665,-0.0173886195265358,-0.0283723091857863,0.0149537146453966,-0.0207573681010405,-0.0225799059818512,0.0196541475022625,-0.0102756283787301,0.0270005142444181,0.00111074338893871,0.0307682261833654,0.00872894532230193,0.0314799533367042,0.017325513708269,0.0254837718253728
-0.0204798644517967,-0.0263731107036533,-0.00968689599359391,-0.0299255202477274,0.0310329311945946,-0.0157332103219784,0.0459999747662644,0.00628168863603293,0.0461748522308017,0.00563042977839995,-0.00564929459139633,0.0351361070988727,0.0160769626229991,0.0315414612300617,0.029174146305056,0.0224758934220862,0.0480410003081566,-0.000789666580401756,0.0481947691151823,-0.000800534200857295
-0.0216547175541074,-0.0232424142741651,-0.0100430096505447,-0.0315292659526,0.0101456037245863,-0.025396473800243,0.0385668371286678,-0.00815101128606883,0.0423348573574451,0.00785928219969485,-0.0235562171959547,0.0176534730834991,-0.00335562478313536,0.0356404516464593,0.0127129602298934,0.0365799224514099,0.0269508675218605,0.029260278835863,0.036544467369095,0.0140956618659647
-0.0393114615457515,-0.0152441170096008,-0.0226957056355392,-0.0244761177747827,-0.0134262023783287,-0.0324057174926993,0.000593917646947116,-0.0316682203277506,0.0270262092327285,-0.0175376727692782,-0.0245401547816112,0.00823058966374941,-0.00399663732929726,0.0228848703090906,0.0131033353238785,0.0275883789090515,0.019564130745342,0.031578834861532,0.0300018035168314,0.0217552569174977
-0.0360741927595136,-0.0142859719832079,-0.0257587842063559,-0.0240237764834867,-0.0156630906884055,-0.0289692159659645,0.00162329126950681,-0.0264876738411528,0.0256281748698492,-0.0167783358402038,-0.0226925960367988,0.0168360560789624,0.00208462880455871,0.0382341111868663,0.0167844211385086,0.0419739940395827,0.0328373448952388,0.0296182959526348,0.042647078545722,0.0164913185332783
-0.0392967448846586,-0.0116548012535671,-0.0248027152651295,-0.0242844260534186,-0.0123681389967323,-0.0277802857938318,0.00134341225840536,-0.0258520691845169,0.027076351711921,-0.0176262798383862,-0.0241221499324699,0.0163877837818879,-0.00781522223480973,0.0251917015286363,0.00374033819550095,0.0351072090209703,0.0114865068685753,0.0323022313109094,0.0247462651595381,0.0227055876234156
-0.0339119671985033,-0.0130456515308773,-0.0187611482808939,-0.0249397296112418,-0.00850368368356772,-0.027063739105734,0.00972415683248551,-0.0248367804547391,0.0320703895807926,-0.0166039125461819,-0.0141579536526381,0.0229326996694892,0.00782201912125158,0.0385202753660666,0.0201716464664834,0.0295859890143768,0.0331378452265958,0.0169875803332449,0.0406659499125388,0.00950858437442682
-0.0208302467539343,-0.0174574255297085,-0.0146405492284011,-0.0302844223794181,-0.00657602726273198,-0.0315351012896743,0.0124883715482144,-0.0238065334404193,0.0384721567331978,-0.00991926847366565,-0.0292166025324782,0.0144493584732065,-0.00942868294250604,0.0221454852770826,0.00436360514996958,0.0306591909767472,0.0203988061088491,0.0182310979960648,0.0302970410063844,0.0111262752330041
-0.0334946642742207,-0.00919790948419544,-0.0212406596817395,-0.0247303937607924,-0.0101555335185663,-0.0297401551401933,0.00580686446515381,-0.0281863636958692,0.029956099567651,-0.0170807426911073,-0.0242772618907638,0.0197467776967338,-0.00253405623154026,0.034332574541608,0.0110857688883888,0.0397874601629885,0.024979671268034,0.0312878748379439,0.0340652998104128,0.0203079826597196
-0.0313364032628443,-0.0128997877355678,-0.0180913029342431,-0.0225797393293364,-0.0108491968939368,-0.0293140895570905,0.00724707154373451,-0.0250700898885158,0.0273995451082504,-0.0140641832033486,-0.0253649549159855,0.0136478473157854,-0.00273109412009303,0.0318392250698948,0.0126984505740618,0.0453480127713934,0.0213716381006794,0.0410626511977619,0.0343705267651019,0.0245166776161678
-0.0400707721721341,-0.0125792019723364,-0.0260800819176513,-0.0253877161344142,-0.0153182116216254,-0.0321326788490965,0.000271950701792346,-0.0291712299654793,0.0160770611240617,-0.0230269179654741,-0.0332910352856059,0.0218435873146026,-0.0107193697760291,0.0413304533287406,0.00172082009209992,0.0407917905647319,0.0204666735437911,0.0274063864094443,0.0347096520931709,0.0161215780793088
-0.0401852306288421,-0.0154047004604291,-0.0352459016363168,-0.0173892357679745,-0.0231859529935099,-0.0138435279507863,-0.0159231451957744,-0.0196728642063862,-0.000108398844282412,-0.0332662428617178,-0.0447836404250798,0.0137183524564272,-0.0272526136965151,0.0256760582900339,-0.0192251455373072,0.0305216948947704,-0.00546035501369717,0.0482179750357053,0.0179806162629239,0.0154400588668057
-0.0315731703306459,-0.0247135740253073,-0.0245762323785225,-0.00529877761293768,-0.017226913698486,-0.0219602025717159,-0.0239665301756932,-0.0310150593468878,0.00976862235218161,-0.0220888101183268,-0.0036160213319365,0.0144553370901005,-0.0058297107066581,0.0388096268265382,-0.000365527477697069,0.00106423959410105,-0.0166645770831194,0.0128341158178246,0.0184995970120015,0.0264416221945184
-0.032764789512625,-0.0300028640499915,-0.031137688486362,-0.0276201176506702,-0.0209673650867291,-0.0230033902936955,-0.00143510382111666,-0.0293172677676225,0.0182616468646174,-0.0105642035149181,-0.0118835965013901,0.0402626249071284,0.0119349537560273,0.0300672136911723,0.0083893490342825,0.00330231705640669,0.017763405366299,0.0296679671070939,0.0345525168697764,0.00700125377295405
-0.0379527449794947,-0.0204003651144356,-0.0181637678407143,-0.0258937135017029,-0.00528930970766606,-0.016117267247463,0.0056167210743874,-0.0354128850460658,0.0192482891988358,-0.00409569017647906,-0.0313723301041792,0.0260566394506077,-0.00852686596227243,0.039209857814657,0.006902179071624,0.0381363133108097,0.0222723954510531,0.0277298710655054,0.0325797217182369,0.03151308908807
-0.0461558273783085,-0.0162937769241902,-0.0319393288314973,-0.0264537261469112,-0.0282621562927532,0.00499409083105441,-0.0178731668402052,-0.021558393028962,0.00769864582091789,-0.0104977099027393,-0.0467032703250815,-0.00479028332054007,-0.0303269249069493,0.0364379331775762,0.00405323450703725,0.0203788947014952,-0.0142935605468524,-0.0100318279575362,0.0199732532094313,0.0371349452413665
-0.0454685341202876,-0.0241580048109299,-0.0384376933593677,-0.0268216425181886,-0.0179057189112219,-0.0212793250809023,-0.00669982828109434,-0.027029586827062,0.0209322976654208,-0.0152944695937221,-0.0370428740468002,0.0277819916605575,-0.0221339382938473,0.0393009499166427,-0.00747968027257493,0.0326251595897073,0.0069521147543304,0.0280664490873265,0.020192718935358,0.0250277790560223
-0.0452430534100684,-0.0130802511806037,-0.0220317108558025,-0.0200775792552731,-0.0158581595663899,-0.0184860671006978,-0.0188804225292971,-0.0234693455189826,0.0177897285379061,-0.0227073238888802,-0.0211659499465652,0.0294576730715235,0.00777064964769198,0.0437264134000747,0.0202438605798306,0.0168926380829695,0.0246747930172167,0.0175669210992548,0.0342930321907897,0.0277920096704281
-0.0272860114678497,-0.00529602926263424,-0.0153559891247751,-0.0268773580688191,-0.00911870808946288,-0.02446418384567,-0.00548120554029309,-0.0186552451415944,0.0136252668176793,-0.0110348953036079,-0.0217582770041721,0.0250578154153171,-0.00349597586260592,0.0368588218179612,0.0100567021810628,0.0345934243945789,0.0203239174713506,0.0316567390613876,0.0301642980925715,0.00896333003518967
-0.0233301488888418,-0.0144983464296318,-0.0126687303840655,-0.0325397894682396,6.63513192562244e-05,-0.0294468608480809,0.0147760168455276,-0.0255884466090819,0.0213911060310563,0.00941716001139521,-0.0290020660681437,0.0275853704617657,7.18606689446005e-05,0.0320673286086385,0.0204022544195559,0.0274666076469419,0.0290873856652736,0.000922474751847628,0.0321604761346103,-0.00658749303776045
-0.0429551757962887,-0.019868266513008,-0.0316914221443651,-0.0234046575100011,-0.0181146871943277,-0.0288186145073066,-0.00182785905950978,-0.0279627106089735,0.0193361895726833,-0.017155505262856,-0.0465191676078401,-0.016550541997244,-0.0353246705958546,0.00285770934079306,-0.012381285275937,0.0289453404794189,0.0075817407987009,0.0445676736640255,0.0220595600358568,0.0291295885298031
-0.0453979699610004,-0.0211325380480045,-0.0368862185537885,-0.0191515993851668,-0.0169626215494533,-0.0352595504518996,-0.000582694775439341,0.00215210065679325,0.0324784926865289,-0.00987342152198929,-0.0353296374990244,0.00617529333717812,-0.00764847333355764,0.0402163474720492,0.0129273145978583,0.0247522878500481,0.021483762209098,0.00194085041488279,0.0398222644193956,0.007342492631114
-0.0100067213961971,-0.0225389488939161,-0.0156008573599114,-0.0346485904985262,-0.00929655263164358,-0.0278004982066535,0.0160781584834891,-0.019980277694963,0.0395754935406352,-0.00725845960883443,-0.0295515544160505,0.0390159372491972,-0.0160507712160603,0.0479724540270588,-0.00014797510204845,0.0245888149863481,0.0200767052952032,0.0255368961084959,0.0359043612728269,0.0192262186177586
-0.039545478959232,-0.0242297331057185,-0.0318558324652774,-0.026217397669405,-0.0161213390524631,-0.0272819767040628,-0.00347423597150417,-0.0302477036634993,0.0200796485758009,-0.0191182665422307,-0.0320140483815359,0.0356451006884953,-0.0175163776898753,0.0393920278946415,0.000972729965477124,0.0388218102260532,0.0211424856433913,0.0262016460702387,0.0376776248127593,0.0130218573410274
-0.0341371801930471,-0.0169698105875831,-0.0190148888750238,-0.0210778135810647,-0.0100813430897056,-0.0238481013472411,0.00027724375760382,-0.000601871611293467,0.0285148574222651,0.00196826957811203,-0.0298899412022241,0.00763809341164798,-0.0116771169963343,0.0299111333183334,0.00494832154226094,0.0389412710083111,0.0130036835015255,0.0326929793860975,0.0210657508509197,0.0160515780716099
-0.0291641438915294,-0.0193102606424639,-0.0268423181534875,-0.0290247610566463,-0.000417918123422404,-0.0130935503811548,-0.000847626335938562,0.00456175447191147,0.0209789574894795,0.0164957851267328,-0.0330921454383042,0.00627477961212487,-0.0143989702287793,0.0376831751480674,0.00368612823516642,0.041469639777926,0.0197156828641641,0.0219166533421609,0.0259953397678241,0.0140291121966019
-0.0321842114053767,-0.016262507444532,-0.0241830593592733,-0.0228342546159297,-0.0103120879861457,-0.0227198831390529,-0.00642229073718331,-0.0199797121719876,0.0151668164906344,0.0109339150283514,-0.0269267199284701,0.0198960101882546,0.00348606781036164,0.045332817598071,0.0175242759669548,0.0267714667413123,0.0208425914512267,0.00468564749258329,0.0320867177301679,-0.00109532060443048
-0.0465875048615733,-0.0238979026324272,-0.0435426670182048,-0.0218762649343557,-0.0275399534807547,-0.000730269867861697,-0.00660441524661669,-0.0164276539092657,0.0113460285741102,0.0124747563473781,-0.0448829489062694,0.0175761624782393,-0.0415863333748645,0.0183152245195291,-0.00195342601061906,0.0305576274436307,0.0148898309537888,0.00535759116576759,0.030892723758987,0.019693515360444
-0.0395270979747164,-0.0401032664926941,-0.0337351780614126,-0.0361403586895245,-0.00453007376037079,-0.0227362029824799,0.0237653155379447,0.00207739047766772,0.0438440222809479,0.0140191338214686,-0.0296313937292622,0.0409725599267495,-0.0154366298650283,0.05192711281461,-0.00387161333047353,0.0348441639868078,0.00771685664105788,0.028909443583934,0.0242555900099072,0.017785640231736
-0.0176754292977959,-0.00484392039159117,-0.0181157481491697,-0.0251410944609983,-0.00915911650411157,-0.0212455108730635,0.00419709984154284,-0.0219195056559645,0.0224335344242062,-0.00667306040948252,-0.0225370011787451,0.0146436364778953,-0.0118036016769301,0.0447319240117036,0.0020993745855874,0.0402580794040721,0.0139197485630906,0.0398734611157085,0.0257938074421329,0.0200052025033154
-0.0424221772301014,-0.0123953278505394,-0.0219729308501384,-0.0290532493038902,-0.0118843859410036,-0.0270490265989079,0.00496544852126986,-0.0281751027087651,0.0237307588228025,0.00367388594012315,-0.0266754570836486,0.0197816084524272,-0.0106972569639631,0.0420121074048463,0.0105295664162378,0.0303064290775764,0.0227225974537559,0.0245367886277188,0.0340443752085834,0.0027574585032166
-0.0301328259199009,-0.0155406528308323,-0.0242323416420172,-0.0262202995570762,-0.0160354467154145,-0.0212472754592459,-0.00715878498636454,-0.00252049100594709,0.0392577221138149,0.0125309973241151,-0.0328806029949533,0.017509407687461,-0.0116565682105948,0.0349848367744685,0.0116733923958776,0.0330139349461277,0.0251156931161082,0.00889745697596406,0.0259612250327532,-0.00436341293117336
-0.022553409923956,-0.021290015561216,-0.00923286300238108,-0.0314936236840378,0.00549514145213609,-0.0255728269113324,0.01202153312865,-0.0228570708267576,0.0125575839848177,-0.0224127362190009,-0.0213663685475209,0.0231688536735794,0.0191246877126751,0.0322986407446651,0.0405484282507913,0.0128989537015082,0.0397094704481579,0.0158535247032291,0.0406519815732736,0.0158643662919769
-0.0164854580189722,-0.0317279040774174,-0.00946927571562199,-0.0262609953375448,-0.00404702080177989,-0.025471986475572,0.00808647428719798,-0.0249817649582787,0.0324577964565055,-0.00760067020254251,-0.035561704294103,0.00583706897641329,0.0143181808094665,0.0218612469717871,0.0411714121251792,0.0100760665516616,0.04389237896646,-0.000843614923061987,0.0473652715603838,-0.00125831994111659
-0.0218445744399337,-0.0323763245247782,-0.0165574588032274,-0.02721957355617,0.0110228516864922,-0.0192362998198906,0.0298303470168604,-0.0146644022701936,0.0292809977629606,-0.0176303915803967,-0.0262516407755092,0.0109219654055138,-0.011825307407883,0.0376022803995221,0.00154874921676054,0.0290971248538539,0.0043096020018783,0.029991232038085,0.0283193018242119,0.0208499988072204
-0.0183957515683094,-0.0280374020251422,-0.0141433346553595,-0.0360374397252158,-0.00382893435287541,-0.0103695260432281,-0.00652739369670754,0.00375040953520924,0.0257265391101776,-0.00503754330057518,-0.0269164204500495,0.0176789974987903,-0.00624396399068928,0.0221365054757599,0.00410345016271573,0.0224783581143594,0.0128421202194701,0.0311592246229373,0.0110737454666315,0.0197773864147497
-0.0260724459950964,-0.0183088094145432,-0.0108429744346111,-0.0184666119003387,-0.00372577612622856,-0.0227668731438907,-0.0144710293126781,-0.0255263922878652,0.0107459400274711,-0.0246571911588815,-0.0390716336485447,0.0184341683758705,-0.0255608950451533,0.0254628830163277,-0.011720487881847,0.036006007131469,0.0186831889960783,0.0310547494150452,0.0289658517291031,0.0198324486317022
-0.0229419460151556,-0.0284102228948554,-0.0203091178719174,-0.0263504909650723,0.000251677283098023,-0.0178651494647527,0.0183033752063721,-0.0183131321491741,0.016332502293001,-0.000907259819218279,-0.0456081858162831,0.00783106133921421,-0.0436718672275101,0.00725853847238757,-0.0385070923284102,0.00800737436617158,-0.00330791362570564,0.0198524531594043,0.0195320074469303,0.0248676106465128
-0.00929320536849242,-0.0176955794551963,-0.0253750068474281,-0.0302983679222927,-0.020491906166323,-0.0332572288090698,-0.0169698205402948,-0.0354748810502151,0.009151202969572,-0.0295337556460919,-0.0382556106095184,0.0253936094675042,-0.0187288806787786,0.0490049315380776,0.000696101533274947,0.0295606280852996,0.0181721300933025,0.0323636201336729,0.0322900515736794,0.0142119626755445
-0.0293419461152221,-0.0173671669686694,-0.0127378219006296,-0.0229167129477396,-0.00171257966002843,-0.0238043465495617,0.00335023270756035,-0.0232337714694158,0.0113074352900002,0.00655446450710379,-0.0308429363403455,0.00655555462521216,0.000579123951537019,0.0236149345576952,0.014989570284235,0.0291995516271848,0.0277757188194397,0.0260041898525086,0.0362370051425457,0.00799957732121743
-0.0295241578011382,-0.0208770019542514,-0.0148458011653264,-0.0346225285340188,-0.00946051527881494,-0.0324562748822921,0.00294020780031719,-0.0266989704547541,0.0193236879617073,-0.00452046955640846,-0.0317123343728989,-0.000222114384518563,-0.0175676996146488,0.0161092872528077,-0.00164119066134188,0.0222907112234881,0.0151612899449941,0.0324889634103583,0.0276182110483011,0.0172800914570118
-0.033295007732738,-0.0218889879381292,-0.016036284517889,-0.0258591749422939,-0.010594046990046,-0.0229223669847462,-0.00685064555054244,-0.00549783361096759,0.0199554333379775,0.00811341172508229,-0.0282224054619789,0.0143221353682698,-0.00178730098984082,0.0295648387290193,0.0140324703040232,0.0296161316699368,0.0198379037915406,0.0157604377892618,0.0312229837002519,0.0082701457868785
-0.0301632576510652,-0.0187506862871071,-0.0169647260414165,-0.0210565578111812,-0.0177943603689927,-0.0204788857015435,-0.00889258678164444,-0.0165140984850141,0.0153606260206221,0.0123714380138159,-0.0234068016470745,0.0184776413228122,0.000241470049497391,0.036676121699031,0.0205016863201949,0.0234448321366447,0.0220687190535779,0.0067970075838023,0.0320949046852232,0.0117001612417403
-0.0297035093996986,-0.0214402943333507,-0.0159390662511192,-0.0272044949820916,-0.0135457719200599,-0.0191682944532103,-0.00888287923256208,0.0119462475588511,0.0381748973839935,0.0106211066448582,-0.0250867700727432,0.0193672101224032,0.000406975995444914,0.0271100729336518,0.0209805346895132,0.0324213535474492,0.0290795679230211,0.010626614473032,0.0285247588775404,0.00704009317021665
-0.0242264899027149,-0.0067258963197878,-0.0138309493221608,-0.0225523714464116,-0.00516097805413966,-0.0288941990779324,0.00478429494230323,0.00583835185997562,0.0342200190635526,0.0105442235175537,-0.0228938173772716,0.0178752261015869,0.00370339751457409,0.0355071535687359,0.0186556414261014,0.0310704702299365,0.0311330260243042,0.00920626857393992,0.0334684397584132,0.0088708936988295
-0.0325252889479053,-0.0181230825242702,-0.0268266620216668,-0.022366925886049,-0.0174691944804127,-0.0337119748091857,-0.0290789885762635,-0.000806567996131365,-0.0130772779706181,0.0163807525584206,-0.0155025751221067,0.0511149550126558,-0.00473386802481583,0.0348908680252908,0.00934074599623238,0.028919634227112,0.0106545818232771,0.0327518515373892,0.0247518435452139,0.0128199696538105
-0.0154188390658922,-0.0377833196958559,-0.0253132528040124,-0.0190073841802652,-0.0272939665383021,-0.0230719138507562,0.0265958436496547,0.00857177868206013,0.0398026283228144,0.0106369956993293,-0.0326518041776758,0.0243912675777512,-0.00610297438417646,0.0232723276618465,0.0164728728420123,0.0394893592889928,0.0504510867277271,-0.00346398346144842,0.0550431337223995,-0.0130475308681262
-0.0304573429903471,-0.0168143521610419,-0.015152824453418,-0.0203772350116933,-0.00905084292339476,-0.022210358731536,-0.00577064140319729,-0.0237234202867662,0.00955002459209663,-0.00295693365120316,-0.0213983921344123,0.0314322337499213,0.0092383736530695,0.0393784536411827,0.0160730980904968,0.0253727709030095,0.0191418565924668,0.0172370938113157,0.0300477457999413,0.010276926223601
-0.030706572061481,-0.0163969215957829,-0.0166858599171335,-0.0278500380090002,-0.0112738503697956,-0.0300398895970573,0.00365599908033635,-0.029641373295512,0.0298481151137964,0.00193373190336742,-0.0302322965699636,0.025288003233192,-0.00543240303326989,0.0341152626350186,0.0103829842593905,0.0299486500109051,0.0250611005703996,0.0122485157027021,0.0293479532463332,0.00916706111646154
-0.0280643299073277,-0.00850335596309797,-0.020764327667015,-0.0243347165716585,-0.0144646774545619,-0.0247010483739997,-0.00976973353179002,0.017641264751757,0.0326691195615702,-0.0062126738985011,-0.0192666330643536,0.0209852808172996,0.00606848093892927,0.0405035566020152,0.0223546702559588,0.0202913152978177,0.0218692821276913,0.00953199375365126,0.0290461188062769,-0.0135972680691158
-0.03616303712459,-0.0124354939425771,-0.0257543566108846,-0.0278838976863397,-0.0170867001036287,-0.0245978916475602,-0.00159014089112924,-0.0200904320992092,0.0243113517797814,4.42900489057225e-06,-0.0349261940669306,0.012356734702193,-0.0127224888592471,0.0330945792963311,0.00613981684394474,0.0378239834209767,0.018037475167978,0.0238034235258754,0.0278349037627392,0.0110535680878447
-0.0295540859100854,-0.0225383953858459,-0.0191093104866562,-0.0275895446437075,-0.0133098978830617,-0.0264633956711523,0.00403734018366124,-0.0116265755035244,0.0236088765093328,0.00419821215363316,-0.0319301457606245,0.0129658977413068,-0.0118521507871627,0.0312659536496864,0.00782788448764953,0.0378477566420343,0.0229574212945724,0.0244360906998952,0.0330309174890347,0.00994714719413867
-0.0260812280236553,-0.0175032695013261,-0.0190749067846683,-0.0276903898536829,-0.0115005473020684,-0.0265357870485802,-0.00251872625691728,-0.0245273125138053,0.0272740825011602,-0.00344183376115841,-0.0256300112421042,0.00886250502103248,-0.00800325505861844,0.0254566910386747,0.010504407490215,0.0339692544253216,0.026343309453277,0.0256663356525199,0.0345525503103683,0.00913893576525691
-0.0308232210396505,-0.0235481441140301,-0.0207606530678994,-0.0277987059662411,-0.00938883538069141,-0.033885861163766,0.00898560863958451,-0.014093669377286,0.0244166425015947,0.00700078050314511,-0.0328556382864167,0.0232504660769928,-0.00950811683012126,0.0345575984459176,0.00950345509883712,0.037622302687557,0.0216841279129345,0.0240054101415418,0.0275558404548312,0.0182772749956423
-0.0370530448941388,-0.0189213118245647,-0.0215178980910565,-0.0230741345564308,-0.00898819403474955,-0.0254347768847799,0.00113186287851348,-0.0226381634548867,0.019868156220702,-0.00320311027710604,-0.048127044893979,0.000879175617841166,-0.0480279331499319,0.000725871426465897,-0.0477880986343679,0.000425878819817903,-0.0348253510987251,0.00773620690464953,0.0160106507842418,0.0323484326173153
-0.0391684397755375,-0.0221981487375456,-0.0256771940430175,-0.0310966363533174,-0.011787683322027,-0.0295139641951128,-0.00518162142057626,-0.0289812933216544,0.0186215557125487,-0.0177077300114663,-0.0300007580334099,0.0205344027348978,-0.0105338027082701,0.0238893907491193,0.00715073002315738,0.0167565240119664,0.02129153239897,0.0150271757189563,0.0322297845686759,0.0183452453448543
-0.0300673547834623,-0.0171480709706444,-0.0235820777163293,-0.0315548875700952,-0.0209535630981928,-0.0328822776461005,-0.00990060985919646,-0.0334915684654694,0.0138597931312478,-0.0257119721783658,-0.0255061615571161,0.020745268504142,-0.0124573034537718,0.0320653403692581,0.000737518959222675,0.0297742360778717,0.0147511927154947,0.0348207608562803,0.0296700139748346,0.0170881015786208
-0.0388351899597987,-0.0114401788821116,-0.025382367151761,-0.0256963115593488,-0.0166908576588885,-0.0281211912553823,-0.0070039637102246,-0.0250329160571393,0.0123069746756343,-0.0152374262862325,-0.0234356007263965,0.0187270239764133,-0.00528167053234435,0.0306359421086614,0.012121082952493,0.0352825866067758,0.0245021949403909,0.0218579512667015,0.0283493528543262,0.0133464925087665
-0.0344181109705744,-0.00489958520174091,-0.0232205523630809,-0.0217816342779714,-0.0130699733841759,-0.0263293134270959,-0.00422476573524101,-0.0211277861468194,0.0137778279132594,-0.0167531171524264,-0.0290906092649242,0.0144849381554313,-0.0027791693069654,0.0301718705330822,0.0174973449004226,0.0322296859095227,0.0288137777172708,0.0149713806036577,0.0321452401502085,0.00579461677860066
-0.0314551140438548,-0.0300856655273684,-0.022831571160437,-0.0322329208476258,-0.0138449583008403,-0.0350510583882369,-0.00255655142220763,-0.0323981055944599,0.0197157011249306,-0.0234953329176537,-0.0349449752625723,0.0298869926068317,-0.0196901850018765,0.0324910981783201,0.000177877199253844,0.0345088436060221,0.0130603027906437,0.0315759751240422,0.0289322527172868,0.0165059228608194
-0.0306829927781479,-0.0168342044433277,-0.0173263179923078,-0.0291018311002719,-0.00712817578336742,-0.0287276370879804,0.00620616879911866,-0.0262150531596711,0.025150157851404,-0.0161085230270257,-0.0281061813427281,0.00648909320977304,-0.0104284411920202,0.0190687916477397,0.00768811069610974,0.0282809171893403,0.02288440646267,0.0263790720939418,0.0363188062876959,0.0134088023772588
-0.0305388090121895,-0.0134632872583605,-0.0196591158756099,-0.0260681674278036,-0.00829841202187363,-0.0266497713090173,0.00730002319260878,-0.0224559854741373,0.0240551330001064,-0.00591144169423934,-0.0260949554375214,0.0223493811254311,0.000381406731106448,0.0354015119218507,0.0226108918705361,0.0301224153871968,0.0321185331820001,0.0129740684327488,0.0418349219099157,0.00675157757263063
-0.021423060991076,-0.033065472903618,-0.0126087213759916,-0.0338080551186837,-0.0111501925901904,-0.032537951641563,0.00141976602006058,-0.0219420548538317,0.027286317776465,-0.00850144723939339,-0.0443397305367924,0.0185205887837115,-0.0171427144013838,0.0464182145219167,0.00798882295982035,0.0406545382729889,0.0228512350849912,0.0271472465589434,0.0356936638888464,0.0135962767591935
-0.0330955365994132,-0.0100568084154632,-0.0156128784238694,-0.0250199105573475,-0.00693754621766912,-0.0243760606426632,0.00757021953363391,-0.0180875977041925,0.0272032185553974,-0.00889611317911954,-0.0348059739228178,0.00949516933019353,-0.0146696949878923,0.0283701595709307,0.00250561487543673,0.0338094052925714,0.0209899948261465,0.0263300853891873,0.0305597814331996,0.0166898619573435
-0.0324688169943771,-0.0150274416417987,-0.0191485825843598,-0.022402261479759,-0.00838836739049113,-0.0264950420320333,0.00074795310100349,-0.0245365850670345,0.0168954611260023,-0.0105048260508582,-0.0275724577521421,0.0109765777864937,-0.00550606346237843,0.0280423947814973,0.0118779169580485,0.0274223318146465,0.0215842171506222,0.01715421482107,0.0302597102092009,0.0119652043262684
-0.0461090904077381,-0.00680871182851925,-0.0230034738418906,-0.018829891396926,-0.00877757230885862,-0.0244889770654922,0.024655374872584,-0.0103383296198402,0.0467319511914182,-0.00508784441067075,-0.0309783705115614,0.0160830806759688,-0.0114193517130805,0.0339272097621072,0.0053639213650872,0.0367014691744097,0.0193109402537954,0.0280510729701728,0.0287925937365234,0.0186573863627999
-0.0295959606353427,-0.0120328396857303,-0.0175931478677039,-0.0255502013044355,-0.0030027704620448,-0.0255395499390029,0.00619815903259485,-0.0217841442727917,0.0226392319259271,-0.013515402323068,-0.0286890825817901,0.0150837641546508,-0.00855040469791932,0.0343329524345597,0.00882967868188672,0.0319277482378902,0.0229239566731979,0.0301337713233496,0.0320871450775211,0.0149283572248505
-0.0293574898012345,-0.0170597567209344,-0.0130536448629943,-0.0331413542298515,-0.00346289907767333,-0.0306785599061168,0.0067286270257051,-0.0258947994469682,0.0275187945057473,-0.0178366761422946,-0.0300426993957371,0.0123704939451119,-0.013204803262491,0.0215416578170315,0.00635468981184069,0.0294686016009965,0.0207946917634516,0.0334432904523569,0.0369890528519197,0.0162147480459309
-0.0330649405954012,-0.0122931744631111,-0.0195638254487504,-0.0282160579532338,0.000769001710227174,-0.0301432145668985,0.015512772022205,-0.0307322807170929,0.0343119658595639,-0.0208179737888794,-0.0309971229300321,0.0138111258010806,-0.00969265567912013,0.0248047712910439,0.0133637886379722,0.0320198924251424,0.0266085483390667,0.0344690089883821,0.037558600910975,0.0167997296470437
-0.030915689582656,-0.01161499282232,-0.0226984672190912,-0.0209978767554394,-0.0109464528393901,-0.0283138718312008,0.00367549330724598,-0.0244728636089465,0.0236370106573853,-0.0172474885687182,-0.0300712022338293,0.0171307502179254,-0.012287603126024,0.0321169071494538,0.00377073953728765,0.0340799560067574,0.0181455096293699,0.0333991487629471,0.0272136287733291,0.0216871177017178
-0.0261220165547235,-0.0175892437142909,-0.0147485026906364,-0.0330185835498417,0.00152939960371612,-0.0338464261577001,0.0162536438950685,-0.0277722895870576,0.0385183452950547,-0.0219516119886381,-0.0275340137490128,0.00361781963247326,-0.0109985332119373,0.0145710676386344,0.00859199317602657,0.0206808677692989,0.0228135406488019,0.0334957796443646,0.0382768364954412,0.0150558938038171
-0.0334713836338547,-0.0208150764719096,-0.0240832593601232,-0.0334670923061327,-0.0197285416283076,-0.0318537266212069,-0.00745731096628002,-0.027137176327478,0.011749779066565,-0.0155466435278589,-0.035284486626822,0.0132184559512904,-0.016200900507187,0.038410330494443,-0.00711182675306133,0.0413725424620178,0.00885017606912653,0.0319710306387979,0.0229367278988389,0.0209491466394161
-0.028764999092674,-0.022523495998414,-0.0159957701797173,-0.0237431551081962,-0.0159937339179694,-0.0266824589165496,0.00310560309606587,-0.0146376728923576,0.0152062748946648,0.0189412257699437,-0.0282081983109813,-0.02396939349214,-0.0228457289519753,-0.00779467588124777,-0.000736420056260601,0.0277790216412813,0.0163921701333106,0.00942179527630148,0.0365444174289761,0.00372401753937618
-0.0325732986341998,-0.0244519042771132,-0.0239450657617469,-0.0210132837456225,-0.0216505247862504,-0.0236868116007246,-0.0076122952956039,-0.0258257954133882,0.00929316323054366,-0.0109615881895466,-0.0416235819854149,-0.0104253906677291,-0.0385669443607662,-0.000777473765878295,-0.0282193570218586,0.0209404570568112,-0.00407324728316381,0.0245494007220046,0.031607092218187,0.0213347762488973
-0.0310276701235552,-0.0169536225883486,-0.0177223048569087,-0.0259919954332023,-0.0108501846715149,-0.0237886440614212,0.00644930662116871,-0.00627873850919163,0.0362070752350612,0.0184877538835555,-0.0382497716197214,-0.00959535868718714,-0.0226691857282474,-0.00312411614477724,-0.00213493474726521,0.016437494972017,0.0207152759605907,0.0348599138412563,0.0361394507660551,0.0198916243595718
-0.0279626127079589,-0.0179369141841366,-0.0167360552785718,-0.0270426614913227,-0.0157014925970149,-0.0255375639874859,-0.00591582501935261,-0.0152552474270332,0.0312941840309263,0.00749246311198959,-0.0397093116716405,-0.0176849446606964,-0.0260914110823721,-0.0252762861767549,-0.00944835091753313,-0.000536505337253224,0.0176773777374951,0.0293103521554287,0.0311670150183607,0.0199127363910852
-0.0306581523468672,-0.0150795415871251,-0.0186989184226515,-0.0266472354790651,-0.0157493380376025,-0.0294321064474704,-0.015815428486359,-0.0293621485671257,0.0121720351147422,-0.0115936162722628,-0.0278222023256189,0.00361864502135546,-0.017432759468773,0.0130855957104087,0.000940915156123933,0.0266630652685526,0.0132577308877358,0.0356199373537738,0.0245447903359031,0.0234840072100868
-0.0319627453529825,-0.00988827738550923,-0.0207769494085766,-0.026628711273113,-0.0113724034879633,-0.0231627588612276,-0.00709174889329633,-0.0131421959856045,0.0214353629942832,0.0121329960764033,-0.0196431271838922,-0.00627769041208037,-0.0110986515080906,-0.0073221032675648,0.00699020370497681,0.0260419951446384,0.0229593739255607,0.0307059776818454,0.0360773073963651,0.0127669138226166
-0.0328706101608594,-0.0181538793925203,-0.020599329701986,-0.0279111289803505,-0.0152165285833052,-0.0274695705973105,-0.00749427650810711,-0.0145955261796656,0.0169041203506421,0.0121114996164023,-0.0372357553559053,-0.0157161293297433,-0.0252616624071478,-0.0129836019669925,-0.0160891128805789,-0.0132547131628113,0.00370848987656722,0.027579736452916,0.0252174155928999,0.0291143879458713
-0.0285850493728553,-0.0149791436185052,-0.01918019308906,-0.0254658915372426,-0.0174164747370889,-0.0277190811662123,-0.0116152892294029,-0.0296181205687332,0.025263145296131,-0.0144721922325376,-0.042995836663561,0.00580800879711634,-0.0339817794816851,-0.00505338912703798,-0.0234924221769707,-0.00783989965025937,-0.00887856397812025,0.0111278786004096,0.0174817867533778,0.0276665714654302
-0.0145300630150199,-0.0207311985386851,-0.0196746883085175,-0.0256440673377162,-0.0172645773307246,-0.0311000839650219,-0.0152404849125868,-0.0333381462783273,0.00320024182601942,-0.0279107037596532,-0.0396603763614033,-0.0114692805815281,-0.029189882753245,-0.0149341003162653,-0.0150037187364178,0.00363592664943667,0.0142884577903449,0.0334517053678592,0.0255879067416321,0.0301159685359947
-0.0247330463285637,-0.0257568343182658,-0.0127346194282022,-0.0285685781165817,0.0167181561654203,-0.0203130140384438,0.0479136224127271,-0.00765281264450142,0.0566937375156676,-0.00383485422336022,-0.0395865519257999,-0.0195308654872432,-0.0312968961223971,-0.0139579137776756,-0.025681868018152,-0.00298122554044186,0.00476693979140404,0.0139606069574405,0.0261915529232889,0.0227629092180924
-0.0321230802121516,-0.0158419492448166,-0.019796464576057,-0.02581117413987,-0.00977368521794127,-0.0255715561102612,0.00805138006142973,-0.0191350835715025,0.0230938844259853,-0.00962139274002834,-0.0408111359600438,-0.0192076214323797,-0.0282352598821417,-0.0181552063635814,-0.00952516746879594,-0.00334982683198205,0.0163526682507164,0.0249723320805007,0.0331674704912231,0.0212750671152717
-0.0286972667559552,-0.022484228774397,-0.016485955206868,-0.0251493444453288,-0.0127040488788282,-0.0236175906327657,0.0189375150324292,-0.00351858245079409,0.0413869683676947,0.00750920156749948,-0.0411889850329661,-0.0187138196236468,-0.0225776296697833,-0.0167689545480795,-0.00823989844331023,0.00705717042111916,0.0113797699581461,0.0266086832604711,0.0340060925352995,0.0227773481757701
-0.0351775981097451,-0.0138279380123987,-0.0203060198796517,-0.0253680675929106,-0.0146128393102679,-0.0286298661772682,0.000725018954201294,-0.0149450376635535,0.031161628098895,-0.000742634021605361,-0.0422485005476226,-0.0144588146477175,-0.0327576263816793,-0.0171479436687697,-0.0219001716273747,-0.00988842513214802,0.00489113661750691,0.0240759699645542,0.0308941105526326,0.0214809883113992
-0.0254585728131812,-0.018172222274154,-0.016848581836893,-0.0321507249583411,-0.010587452623323,-0.0299299145013157,0.00545377790985167,-0.0191238701968264,0.0326447166313264,0.0119680627919985,-0.0421377668804112,-0.0144652096596094,-0.0322269625617862,0.000349665380521267,-0.0206974638094442,0.00110246397699348,0.0103174143618611,0.0334391544928719,0.0323265881753445,0.0319038042075564
-0.0318947716801221,-0.0145166441146471,-0.0208310142000699,-0.025389347836619,-0.0122341654312218,-0.022998011194837,0.00939681023638048,-0.00847100919249629,0.0390204526379083,0.00295419755544846,-0.0421075032663065,-0.0129481031987379,-0.0294038680416977,0.00278630455547429,-0.0136282454702689,0.0313699446980944,0.0181845518999143,0.0270094095651837,0.0393133773521685,0.0105207057451934
-0.0313940142063707,-0.0194892561359022,-0.0167651705667234,-0.0259587859460787,-0.00328649719578587,-0.0209986287827927,0.00805255399550149,-0.00123544529395606,0.0358282016067979,0.0102703603053363,-0.037042200362375,-0.0211024745421747,-0.0210374109779276,-0.00289559638491093,0.000385817957640089,0.0264634115608436,0.0202708016163498,0.0301369267751436,0.0412485086041054,0.0125880783193673
-0.026544910791736,-0.0111301812361998,-0.0160431824040029,-0.0248884186193387,-0.014653240707755,-0.0317185862358227,-0.00406653574092181,-0.0263854931230747,0.0206623230703342,-0.00236994837605026,-0.0364527988423163,0.0062808584239992,-0.0259928664460145,-0.00489041345192506,-0.0170732680831065,-0.00946615417047372,0.00544863947154594,0.0321596189433208,0.0245876940428694,0.024277654115785
-0.0312978645049423,-0.0185486914911064,-0.0199742509496517,-0.0260728385557668,-0.0134869324701965,-0.0292173374281338,-0.00962535703870607,-0.0295936901591067,0.0136437539295176,0.00156508446066127,-0.0334285472610713,-0.00530581385818981,-0.0173705777509668,-0.0102694382041357,-0.00603560814113664,-0.00975123183258143,0.0102266061381285,0.0295462280091346,0.0342477434406553,0.0212243164940144
-0.0392197079249816,-0.0220071060631052,-0.0187442499982137,-0.031733122899699,-0.00934114530982763,-0.030674449350065,0.00251346745609886,-0.023771585144658,0.0160306143186311,-0.00195279449138601,-0.0398560272688071,-0.0206577265251982,-0.0191949528406156,-0.0254256832335466,0.000338967363642675,0.000193994865385609,0.0213156021093264,0.0230579508191912,0.0377470513767909,0.0172991918084052
-0.0145478110474746,-0.0161516339018101,-0.0108570132389051,-0.0225919637346944,-0.00998075548536275,-0.0275802590660939,-0.00163589799963811,-0.024176397874216,0.0169281935941347,-0.011074380417507,-0.0401142014777416,-0.0160882694190915,-0.0219296001246894,-0.0177482462556616,0.00289894515760259,0.00596487290829756,0.0175920149030204,0.0278169290991315,0.0291634320866678,0.0249331412083538
-0.0340587097599316,-0.0192517966272551,-0.0222484890236485,-0.0294601652860618,-0.00517186410911101,-0.0250993849749443,0.00779075654506573,-0.0227171707637349,0.0281062285762635,-0.00469018627655897,-0.0331794919460179,0.00587934523278119,-0.0172882644132036,0.0231047242612626,-0.00316542899503054,0.0324337838033781,0.0132949208044925,0.0373175619580125,0.0324445598437694,0.0201097422630567
-0.0304072499400071,-0.0121780736717018,-0.0167977368142711,-0.0272626970383242,-0.0107283695767368,-0.0302858659899119,0.000387055264037523,-0.0173057065077757,0.0234028086822556,0.00503073860472523,-0.0315087484889624,0.0011033250097483,-0.0135342042599167,0.00405913803596445,0.00385490120694608,0.0222865033962681,0.0234222304918021,0.0317174289454524,0.0345174894105178,0.0117685503345727
-0.0344726371253309,-0.0164376755380407,-0.0155130124582568,-0.02628715526062,-0.00541649255097584,-0.0255392711467068,0.0152015548532963,-0.00232954817167014,0.0366647000473219,0.00425665771148313,-0.0310715088373053,0.00423093518687016,-0.0148650663892626,0.00409205261315532,0.00152863115784404,0.023161512575754,0.0189066295212615,0.032233318241546,0.0326466520729081,0.0216889281728821
-0.0331294757712607,-0.0206672028805636,-0.0144817328159188,-0.0251199347119356,-0.00885521149516281,-0.0244294726585887,0.0129956786629616,0.00514014407747046,0.0346100399947909,0.00974514830235579,-0.0310436084780581,0.00650987595247458,-0.00441222046127953,0.0272589109693606,0.0120014019576923,0.0336425808831625,0.0292794787070777,0.0119972114381524,0.0362984736943411,0.00578947514631237
-0.0312664147775927,-0.0223867721184382,-0.0150316559447408,-0.0238294397191781,-0.0132088570551515,-0.0247352503896784,-0.0016013909874269,-0.00293705682897551,0.0182739523610651,0.00534439461647516,-0.0366235359992631,-0.0139944951092458,-0.0218104125264522,-0.00624866942646551,-0.00524495550031831,0.0120978403166852,0.0160598159227216,0.0387534507337292,0.0354639749929277,0.0206707094528033
-0.0339172919810388,-0.0149677437445122,-0.0170494130635788,-0.0289040308251674,-0.00539500564646012,-0.0286273981147715,0.0100399863302533,-0.0136507488612802,0.0350563738025074,0.00623351179868205,-0.0355814795111336,-0.00426269328047061,-0.0183982070208885,-0.00655413892069912,0.00849657826432683,0.0200500898040235,0.0221616295847941,0.0242892772676354,0.0387581922781254,0.0137895924953379
-0.027990927391836,-0.017118747673558,-0.0123919412778902,-0.0313963209055354,-0.00010949666277128,-0.0248244996152341,0.0226310265931361,-0.00735274655738088,0.0358262420333418,0.00924314636243971,-0.0323150943823038,-0.00610268121552541,-0.016661792129656,0.00494282058272481,0.00492182760344573,0.0154747333042522,0.023836079514895,0.0371901930421942,0.0389097039854136,0.0101914018750061
-0.0337544577841927,-0.0168242833684967,-0.0206530891589115,-0.0288229177841772,-0.0126316803952928,-0.0314675146205036,0.000359986475181235,-0.0112761498159347,0.0262713364294795,0.00661508607262686,-0.0393867460300874,-0.0113201965592483,-0.0264954379413358,-0.0127397830553751,-0.00501590375031601,0.0154447542096196,0.0164319942904188,0.0268441207608287,0.0410318100671347,0.0135295792144943
-0.0257651509783438,-0.027936890619972,-0.0178669110985051,-0.0337718211196867,-0.0089025359922419,-0.025354723943326,0.0033246881900082,-0.00157701012517349,0.0247934977993197,0.0100380736364861,-0.0329944812788083,-0.00208382384429812,-0.0214440684885292,-0.0043070400311611,-0.00448802256182089,0.00976596988373494,0.00859060595024647,0.031797573955701,0.0212386036213071,0.0276397668091606
-0.0332613117941495,-0.0152559424415155,-0.0217639360526816,-0.0265457053463592,-0.0131563527125607,-0.0275634238105085,-0.00222675207599444,-0.00267601054672564,0.0236832385843371,0.017368225454344,-0.0349573668709119,-0.0174262793703752,-0.0219655154945622,-0.018983195356323,-0.00579469144762527,0.00777144987703537,0.0149178067293673,0.0301395912010301,0.0324345278959075,0.0142610432970834
-0.0236139177336475,-0.0282907732352255,-0.00192931060372756,-0.0192870081572246,0.0298041110580192,0.0163511563401667,0.053381571561426,0.000409191171016875,0.0556291611479687,-0.00238497531112846,-0.039381591069498,0.00351506793036907,-0.0283697105802581,0.000609183458465858,-0.0145100539174307,0.0198914800379173,0.00109002730937823,0.0386796526652136,0.0164653177900903,0.0340914173776694
-0.0325213312013354,-0.0219814356631748,-0.0214936005199631,-0.0315553924243197,-0.0103965706371102,-0.0275323542026239,0.00352108123752196,0.0141460419258116,0.0329877575320262,0.0115390827229296,-0.0400192480048336,-0.0152030614027347,-0.0323209767814669,-0.0143105011959489,-0.0128889982941119,0.0214279944614553,0.0158700909772621,0.0301516064412345,0.0329017616141165,0.0184157207742501
-0.0335571834765666,-0.0234234472315405,-0.016910368882611,-0.0283727998627433,-0.00713501219539487,-0.00461930409415146,0.013739241217671,0.0164455465277236,0.0320800626784969,0.0106477821043375,-0.0402377115187492,-0.0179754348896737,-0.0238678842115195,-0.0149829803278958,-0.00928486536086836,0.0148085585733426,0.012025252483893,0.0362052532560664,0.0270262141341828,0.0213848317866483
-0.0338382748886834,-0.0212184317921807,-0.0243415045196208,-0.0308340898207486,-0.0143291250355768,-0.033387750663472,-0.00356492781319636,-0.0194731690947707,0.0117187031085631,0.00762317161341368,-0.0410754894640133,-0.0175591839274975,-0.0285537452136553,-0.0206209649203604,-0.00990066724462452,0.0134015443438192,0.0101216491623754,0.0279254972757268,0.0269390666967596,0.0209910489866903
-0.0300436548569171,-0.0214660879604102,-0.0152722311428932,-0.0323673548645362,-0.00372445981220256,-0.0210000498482911,0.0131759212109505,0.00812443823597749,0.0373889473008778,0.00994529053699903,-0.038595980199952,-0.0179800611846443,-0.0147739931356327,-0.00225024177835929,0.0129691578011964,0.0259667556869993,0.0289652786058031,0.0212960821958299,0.043419351209697,0.0120062875725125
-0.0406569974185533,-0.0160250529904146,-0.0263999312976066,-0.0285485262170343,-0.0230812888872267,-0.0276358526594738,-0.0176239394210138,-0.0245678720294724,0.00287963545092067,-0.00674182559202299,-0.0351406129999414,0.0159102695003384,-0.0196359232098739,0.0299818977426247,0.000279490414753011,0.03611388359846,0.0131683384202377,0.0291451707659647,0.0228239499397397,0.0224463760977278
-0.0310611478251255,-0.0190781451070382,-0.0197949045519354,-0.0306805412276148,-0.00909868662728518,-0.0250589429337276,0.00493223615684811,-0.0025687838381349,0.0227472463028817,0.0199553059109319,-0.0289312608712657,-0.0100890430165845,-0.0103241966293116,0.00869006978930538,0.00888206727876559,0.0295788976918248,0.0241345835153684,0.0223613922826331,0.0356585909393957,0.0133513301843041
-0.0360206306571516,-0.0151097536338246,-0.0189704828852685,-0.0292270291218542,-0.00784312188276342,-0.0162110324506749,0.00152200950357676,0.00527725635226507,0.0224891909629736,0.0236399276147029,-0.0375383590618882,-0.0150697036717462,-0.0192797251819443,-0.00481615286993385,-0.00215046339954811,0.0282623048982672,0.0176895047654408,0.0297035853894075,0.0291131971684768,0.0184237624013348
-0.0362379798365227,-0.0140545103858984,-0.0196809186331433,-0.0285332675399995,-0.00816287358931408,-0.024762369141741,0.00226307050932812,0.00275946177104452,0.0266600294095265,0.0152307327331038,-0.0397700887616656,-0.0171869522059318,-0.0223123270986799,-0.0151765459857886,-0.00128045080271588,0.0241042176162549,0.0169137395577529,0.0293404138045647,0.0301977134651312,0.0166723081138956
-0.0338360538392503,-0.0219919725897412,-0.0123221439054803,-0.0313761296812618,-0.00185917903506276,-0.0127164280279178,0.00562563411859921,0.0138536629349186,0.0260528623725463,0.0238187133093584,-0.0359907912150379,-0.0183059393171863,-0.0137354158719486,-0.00367696106567997,0.00673045671908719,0.0266523998356631,0.0209017952015416,0.029509180333581,0.0284018839617037,0.0244268483086887
-0.0289107302669216,-0.0243146411064145,-0.0141260100316803,-0.0297204435195236,-0.00882425277858412,-0.0232752837686372,-0.00148160356727475,0.0238256207735368,0.0345210083118606,0.0139385472635743,-0.0364398999795727,-0.0244435248848046,-0.0131606257177446,-0.0254149763023413,0.00708476470216518,0.0119752129762175,0.0201988283547551,0.0285182553631262,0.0340909060335401,0.0228060904724135
-0.0337539619412646,-0.0230677221138792,-0.0230517201200125,-0.0321063854173593,-0.015010658694581,-0.0123874723778031,-0.00663474771570603,0.031941732259857,0.0282642051931878,0.0252909180677259,-0.0412430864688625,-0.0265595900496988,-0.0236901652633571,-0.0292391962314658,-0.00975380244910372,-0.0139460417820388,0.00614010570917388,0.0301773678999898,0.0276180113181939,0.0247372959493924
-0.0300866240950465,-0.0246970813531536,-0.0210078895305889,-0.0353013759835145,-0.018030919476646,-0.0343925886198855,-0.00213722261480018,-0.00228184482147422,0.0171216310740558,0.0267555738778659,-0.0402110838916194,-0.0210425447957562,-0.0207968691262356,-0.024580774258232,0.00409941032512422,0.0167253264880254,0.0172423595717553,0.0280059722247818,0.0252255380997966,0.0202074654283795
-0.028547195479457,-0.0271149008146242,-0.018639118914087,-0.0315913895531219,-0.0127726856603241,-0.0271631202781848,-0.0036330475354261,0.016939633044509,0.0283512114434515,0.0228556727717307,-0.0398451451249294,-0.0252930727045669,-0.0201687558444269,-0.0315124771982993,0.00580139719914302,0.00844498295764533,0.0165368182900673,0.0296950637147544,0.0347572146637297,0.0173209391933281
-0.0312111071483218,-0.0297670503692099,-0.0187945652711721,-0.0284633209144486,-0.014003456036805,-0.0259498825334058,-0.000872055306390266,0.0322137607735861,0.0288049138359074,0.0253610499488256,-0.0391474007031947,-0.0304119198385541,-0.0183156659260825,-0.027089111529537,-0.00749174194146985,0.0133391613271243,0.0101798515091844,0.0301290907220672,0.030177905916099,0.0317161453244048
-0.0293061589190646,-0.0242373149131576,-0.0172473206601341,-0.0279706351921857,-0.00840101596685123,-0.0223314124368784,-0.00323040179330165,0.013516448247234,0.0171840261299276,0.0231826164844443,-0.0359476207621936,-0.023499582900635,-0.017292071225271,-0.0256281984294255,-0.00302882372123751,0.0116485258904618,0.0138403742266245,0.032257345325964,0.0265561404882363,0.0244162402469552
-0.0189791165542552,-0.0245204513854601,-0.012653796585422,-0.0272794321274211,-0.01247060733195,-0.0234594827751112,0.000283342400323858,0.0129502635271375,0.0213427321953983,0.0129503807090326,-0.041762816342874,-0.0289872733974378,-0.0286375727522149,-0.0370750082514992,-0.00334386238191991,0.00867726283231152,0.0142054035886673,0.0300083011371463,0.0253773266435964,0.0180032307379899
-0.0301581417177946,-0.0233000339129986,-0.017790436886733,-0.0267637759531106,-0.00572348209045156,-0.00202825193638102,0.00951447520711314,0.0303862215458145,0.0374763903524602,0.0144518418448741,-0.0377023482552146,-0.019032528698349,-0.0191492430374337,-0.0138926939960493,-0.00121314819426466,4.55532215251122e-05,0.0147769707933566,0.033632726928726,0.0306889738765209,0.0249852920025597
-0.0310729654550125,-0.0212481444915776,-0.0215934070880141,-0.0327553426841062,-0.015858353357162,-0.0203310281163978,-0.0180465827291429,-0.019201348524769,-0.000832329105162143,0.0245287295793465,-0.04070766679709,-0.0226873856723893,-0.0261424402725505,-0.0266757558543065,-0.00372017237149269,0.0207246613185706,0.0187456228181597,0.0253868523281397,0.0319313285575639,0.0124685376407556
-0.0380553725650015,-0.0134825519377469,-0.01993016112942,-0.0274862965785959,-0.0128778449422286,0.000761598183026216,0.00967452597914905,0.021370789178164,0.0311780441059707,0.0102224083218773,-0.0383222254879614,-0.0187002828438402,-0.0165632610838464,-0.0191059436356525,-0.00371400591490856,0.0112539417118937,0.0128612297573027,0.0321632953567575,0.0331783559363654,0.0181440319431831
-0.0343416855974185,-0.028400589848993,-0.0198949701479208,-0.0289455499826876,-0.00773631244914516,-0.00405874210815283,0.0119298239667194,0.022245451165692,0.0348989329165887,0.0144559527595017,-0.0310884554910629,-0.0246692934146808,-0.0146218184991429,-0.0178260325054962,0.00315280914641122,0.00906843342091685,0.0158477489709572,0.0281007085727376,0.0362971717569965,0.0201357944294388
-0.0292820195396285,-0.0181950850805014,-0.0162364386733991,-0.0281708787676115,-0.0045595464195283,-0.00713725409749985,0.00716136342080949,0.0255166084409742,0.0294874827701764,0.0200263614618487,-0.026270529905391,-0.0240231880838037,-0.015364627749632,-0.0214991006141944,-0.00116756327505937,0.0126418184675852,0.0127694869361514,0.0323185669905164,0.0318705787935325,0.0206263114497943
-0.0379531795091677,-0.0187422059521702,-0.0182216105568349,-0.0318220344803277,-0.00336236040085886,-0.0108216692982074,0.000582578472921382,0.0224037241878862,0.0277344551684859,0.0203539809135283,-0.0336475774305219,-0.0182811556309691,-0.0108612049510665,-0.0258972787440563,0.00678792200391534,0.00712043543696122,0.0110600442842844,0.0289148598528928,0.0265819023167474,0.0232041111963116
-0.0387149157993404,-0.0226581672156937,-0.0230450598445266,-0.0295979607662433,-0.0078640828640587,-0.0200311808472032,-0.00232508758890984,0.0211270148478165,0.0324814980029842,0.0107943995301021,-0.0417872283482581,-0.0154606187137591,-0.0231109068719143,-0.0181128092083147,-0.00325735545532786,0.0218750357604468,0.0105898982826218,0.0333111399472949,0.0381888832336608,0.0107438640322779
-0.0278642411898875,-0.0213631812318994,-0.0113488786668186,-0.0319380487182351,-0.00391378284479756,-0.0194769954289696,0.00427949494635376,0.0126581721732215,0.0326302620081369,0.00716467073926523,-0.022730407944072,-0.0153916618642732,-0.00510576072633212,-0.0176974607119067,0.0074637518500966,0.00800430127682401,0.0226849142406266,0.0291530812796495,0.0303189984305519,0.0174444803397961
-0.039342163824446,-0.0211363761912408,-0.0247487599800947,-0.0335352675783211,-0.00443952079711483,-0.019113113862373,-0.000915006433160238,0.0107124322627515,0.0262965664615709,0.0163985588515923,-0.0402572621413378,-0.0180894624984183,-0.0171085316286924,0.00058222961570357,-0.000702211241175861,0.0257957126204059,0.0116278514168685,0.0286600681105114,0.0339801813075894,0.0114390163814625
-0.0285400973931211,-0.0314333162441081,-0.020185413108947,-0.0343281843138246,-0.0137515977025307,-0.0174751358815143,-0.0040777379788165,0.0201226866912142,0.0211624981653842,0.0143930907634421,-0.0323114838519096,-0.0111182026170257,-0.0094006944235485,-0.00398556097836539,0.0106391207528054,0.0195617990514501,0.0172064860309374,0.0308499819726855,0.0258581349325052,0.024701600856091
-0.0304183513586888,-0.0229215028483489,-0.0222006787820319,-0.0319828571207077,-0.0044563621935093,-0.00581654287515762,-0.0106481702448646,0.0296805124871375,0.028514530805553,0.0216442939909332,-0.0403376560486502,-0.0203356879768871,-0.0233359671701898,-0.0200614682640749,-0.00269083033088151,0.0100593044512139,0.0118139444854322,0.0293518492197087,0.0224989197029235,0.028290617842778
-0.0310527233317186,-0.0241628517878352,-0.0127877869930592,-0.0298958670557178,-0.00367663749445554,0.0207680623403432,0.0243584225509145,0.0264484969764838,0.0452200497757795,0.00953358870594514,-0.0348975069836958,-0.0245335275974377,-0.0153397473865642,-0.0224845352127625,0.000824067546532974,0.00987732613112702,0.0129149439131263,0.0323421525832672,0.0249718485865243,0.0249381235491739
-0.0304674797612435,-0.0229408716892409,-0.0196437123443931,-0.0317989036473516,-0.0133407574525343,-0.0227554512683537,-0.00252908645388046,0.0197483736179161,0.0218839928335058,0.0212293448569951,-0.0341091159917065,-0.0207047674975473,-0.0168707582079383,-0.0106605624385756,0.0016966948020175,0.0177900878924451,0.017232109316877,0.0268734152575837,0.0293056756075195,0.0235246425244549
-0.0274350820591796,-0.0205504478013585,-0.0182395004475603,-0.0274567852146549,-0.0102702530047507,-0.0257621193779616,-0.00128075593000293,-0.0139552881479712,0.0224482924215662,-0.00305634814688343,-0.0361551333592048,-0.0251805950566109,-0.0185013839558818,-0.0193490143189197,-0.00340027373532236,-0.0220233283110275,0.0246930832339129,0.012315344000457,0.037304999721859,0.0292248774560927
-0.0257384468492207,-0.0232519449862023,-0.0192270048956227,-0.0299423948750113,-0.0127387020088453,-0.0312659575333234,0.0112006138655147,-0.0259188366465596,0.021668267295811,-0.0235819746609366,-0.0403915800185946,-0.0174812625823948,-0.0307918452845898,-0.0284569694990732,-0.0125874411464982,-0.0168190225291111,0.0120009539893,0.00230501099317615,0.0305848938950357,0.0238163954422175
-0.025574205504769,-0.0238548284736156,-0.0183972066842837,-0.0293760466267248,-0.0159810052331702,-0.0296354813198928,0.00384982845989964,-0.0241230661030816,0.0312403508319269,-0.013203395036119,-0.0381490674174011,-0.0185024573999003,-0.0220217057070725,-0.0222128364911594,-0.0026440113203636,-0.0106057319691344,0.0154959067461809,0.0101975253387657,0.0334883525342348,0.0230939844586467
-0.0356121431538216,-0.0136355612951985,-0.0241040649256847,-0.0274006345148774,-0.0146175384040147,-0.0289489302692881,-0.00282449300144426,-0.0249440426101575,0.0241585557133203,-0.0114543465373009,-0.0329016759787513,0.00347820022599363,-0.0146408306912207,0.0215732536347955,0.00566712738447356,0.0354236765839671,0.0204991297878598,0.025925467394411,0.0313428463734674,0.0137148048878583
-0.0312007262150724,-0.0157235338294329,-0.0206250090125106,-0.0224868290207299,-0.00846728898735565,-0.0339983274387365,0.0152637582470357,-0.0252670396432464,0.0273239122217609,-0.0200753510077083,-0.0287784308323694,0.015915801572103,-0.0135240280169405,0.0270857547268752,0.00384448087856538,0.0280745835891149,0.0210186855127784,0.0172348624026804,0.0328139315953235,0.00851680331553954
-0.0281122853579964,-0.0183059198928153,-0.0146461442339449,-0.0329148615490822,-0.0048854979107,-0.033411205852317,0.0166905319924404,-0.0281946567900021,0.0458442984121008,-0.0187892886305133,-0.0404507783611181,-0.0045571327019521,-0.0285382200903272,0.00752880988750403,-0.014096036081918,0.0212945479166483,0.00277430493747284,0.0311255257397345,0.0172139831444381,0.031492035974615
-0.0287316099177236,-0.0209811938182819,-0.0152261763618777,-0.0321770052467879,0.000345444932327772,-0.0300301645243131,0.011517444940737,-0.0301629909761825,0.0351948621983926,-0.0198070929177455,-0.0270793819881518,0.013352891312854,-0.0119126498209868,0.0251348435374234,0.00722435709687746,0.0301114837589151,0.0223114087427562,0.029258317610444,0.0330340625678606,0.0164928310200707
-0.0369887564252799,-0.0155097811342983,-0.0178706971556491,-0.0313379151313272,-7.00313823794075e-05,-0.0289173303177648,0.0158953322600161,-0.0234184454443169,0.0313505692991197,-0.0174263851694844,-0.0291429526488447,0.0160300583852448,-0.0137223429646068,0.0302317525166038,0.000971928626853383,0.0283694724718456,0.01390203850748,0.0272704405918735,0.0270450567089707,0.0237611994153533
-0.0326302933667396,-0.0161081525759368,-0.0176259097777651,-0.0329513866198443,-0.00456075568985544,-0.0308184996140838,0.00853457836024251,-0.0255140489951094,0.0217529239556131,-0.0142789184251767,-0.0282031150278611,0.0107815215980831,-0.0104547794807931,0.0273075374861074,0.00800984628739046,0.0224150934786771,0.0206225409519353,0.0180616913226731,0.0333558006694306,0.00863987087505393
-0.0313287024040249,-0.0116933653466784,-0.0164454869553177,-0.0339881994673228,-0.00292209404362517,-0.0335680051733012,0.00801017737524108,-0.028540316703819,0.0216831660384897,-0.0226072698245737,-0.0283596940451118,0.0141769279557328,-0.0133662025911584,0.0280314231510779,0.00204442686301726,0.0245768669121389,0.0141840565507738,0.028072042410667,0.0254720484062455,0.0284802351113066
-0.0280599392008022,-0.0246033868967798,-0.0144055359994174,-0.0290954279318613,-0.00167019364124145,-0.0316314637143866,0.00533553954378977,-0.0302790857613183,0.0279284969743371,-0.0188324378353406,-0.0260417564635341,0.0168590611762688,-0.000700462396919616,0.0296326908219517,0.0165460530833998,0.0310152646536806,0.0293831600927427,0.0210702150180106,0.036972653338241,0.0119551866750179
-0.0388840227762705,-0.0185511874580835,-0.0218209843375496,-0.0306657886166459,-0.0105180771457282,-0.0279996416570166,0.00364462343394812,-0.020983346029651,0.021772425223334,-0.00264873018003541,-0.03323258633175,0.0142809649825774,-0.019522449719393,0.0271791896693384,-0.00528394462946058,0.0375096406203599,0.00975480479504831,0.0292598788043187,0.02445921594615,0.0282234509438992
-0.0341520717237999,-0.0178049609672975,-0.0171156271857455,-0.0310912969289679,-0.00506550612788275,-0.0297292438953734,-0.00102190153375425,-0.0284795090026703,0.0144384032432626,-0.0178738806908546,-0.0286621542933703,0.0163156835475874,-0.0125838070105554,0.0294335467284338,0.00450338298027695,0.0252892653024317,0.0152010073250616,0.0274139776496414,0.0249370748612173,0.0279976161161162
-0.0281772809717676,-0.017760547518734,-0.0149957186702397,-0.030625820004633,-0.002147275253661,-0.0289215425055076,0.00548716463985796,-0.0258018750256558,0.03501189365846,-0.0101219241298662,-0.0255373327529839,0.019267004019641,-0.00733651043397814,0.0267254579348225,0.011065366294283,0.0255638268734465,0.0294026270286349,0.0261819902904029,0.0370584248198966,0.0155604162988765
-0.0327829652120063,-0.0148930471776255,-0.0173589173794854,-0.0276431496387704,-0.00324606775211051,-0.0321738728003864,0.00608921685593681,-0.0277601472621066,0.0293335641897848,-0.0215825346169994,-0.032057197908846,0.01030089537965,-0.0148984692100524,0.0262463728437522,0.00325666206416368,0.0333624453770018,0.0164072456899885,0.0255764908334151,0.0298616027197456,0.0219859404542886
-0.0265141554595032,-0.018873766552533,-0.01410341381355,-0.0308595183473065,-0.00287199041190571,-0.030564703535673,0.0105926350999558,-0.0281740146925585,0.0314312489607659,-0.0188054424196203,-0.0303181538570338,0.0154675867466812,-0.0156704581301508,0.0279779905225457,0.00280003901460512,0.0288114551926048,0.0128410000541437,0.0289664594457291,0.0278801428024589,0.022817636826208
-0.0360091349431883,-0.0113998407346926,-0.0247996940157711,-0.0241706119425228,-0.0132767568336734,-0.0324889064525903,0.00107456422840086,-0.03018045508886,0.0263027024455584,-0.0207004638243959,-0.0350640262080773,0.0129653023807495,-0.00913061264825226,0.029356467461743,0.0102187921806285,0.0337046459868806,0.0230628692352319,0.0262860300852665,0.035092342424339,0.0105038817264833
-0.0269910449765264,-0.0236009863658556,-0.0139291574557456,-0.0311309206650756,-0.0107151907590268,-0.0335776968569753,-0.00312203824219897,-0.03215122708709,0.0191529431822708,-0.022283560045961,-0.0314931381135324,0.0154918328159987,-0.0180489527999805,0.026231569981281,-0.0090669174566698,0.029883670634109,0.00691725722064454,0.035052735722712,0.0218332375151368,0.0266877775166625
-0.0278833193932113,-0.0207628859473726,-0.0151713617776719,-0.0305712060722195,-0.00536137083040211,-0.0348395245216523,0.00263874951325521,-0.0340164964493103,0.0287075725911596,-0.0211784267266041,-0.0292703711588882,0.0134402923072941,-0.016261551376124,0.0200531158018126,-0.000618930575185112,0.0305154737151913,0.0149045604577375,0.0293185533952998,0.030539040967296,0.0120891359958654
-0.0243884727568357,-0.0215608613448389,-0.0139511982135406,-0.031312237127157,0.00293498594291917,-0.0315770960193709,0.022045697869164,-0.0271595512454718,0.0337427381777632,-0.0257468841852706,-0.0298183554646379,0.013612754159973,-0.0178137515691312,0.0232204501286643,-0.00162317187198351,0.0323998173464483,0.0135474826698924,0.0284945556543823,0.0244091478988467,0.0275181321293228
-0.0329323109894514,-0.0184296065904578,-0.015561436761796,-0.032540693326276,0.00176809357549115,-0.0310280368224824,0.00452929666715464,-0.0319463377451487,0.0256610150174949,-0.025102226008918,-0.0217408080850616,0.0155725858957531,-0.00741783524442416,0.026658967912433,0.0130093860129526,0.0288931850173861,0.0273308779793785,0.0202047648063796,0.0361812123001876,0.00979850663819306
-0.0300753223538012,-0.0190348916539354,-0.015168302955367,-0.0332397481771919,-0.0120428609782495,-0.0359549262852821,-0.00173260635648965,-0.033018384017808,0.0189168544727017,-0.0185707149767515,-0.0284483619218326,0.01459732530856,-0.0162493007751409,0.0255158040414749,-0.00141012439484279,0.0359080717579697,0.0175968501755045,0.0296986276434004,0.0322172242466129,0.0144487174942841
-0.0268460603621419,-0.0229540921494327,-0.00270143979489879,-0.031980956197286,0.014957140768679,-0.0227693631475423,0.0345004557038412,0.00354705935609267,0.0410688819735285,0.00933697967304413,-0.0253560494338891,0.0187612515026303,-0.00684737440613995,0.0356168256702189,0.0105762136917367,0.0345626605501909,0.0251719426253945,0.0198661594260336,0.0355006769571274,0.00663314194547293
