u1_5nodes_1,u1_5nodes_2,u1_5nodes_3,u1_5nodes_4,u1_5nodes_5,u1_5nodes_6,u1_5nodes_7,u1_5nodes_8,u1_5nodes_9,u1_5nodes_10,u2_5nodes_1,u2_5nodes_2,u2_5nodes_3,u2_5nodes_4,u2_5nodes_5,u2_5nodes_6,u2_5nodes_7,u2_5nodes_8,u2_5nodes_9,u2_5nodes_10
0.0310413556327912,0.00186912646622158,-0.000270577190704735,0.0120431207855258,-0.0285194375347663,0.00823900866223158,0.0192925545360503,0.00870877186668993,-0.0220002777274572,-0.0185552617630819,0.0284375464512458,0.0203929534325195,0.0278914964827146,0.0183522061107804,0.0310658834984776,0.0175187933174247,0.0311552724101673,0.0182014728275651,0.0313257018254834,0.0207687556991982
-0.0342494858417664,-0.00176448537933757,-0.019469748640572,0.000464133240000915,-0.00675972131156559,-0.00144146573125864,0.00743795656586613,-0.002334898994897,0.0218644554087468,0.003205563477285,-0.0164970841902039,0.0211261496918829,0.00133920715366343,0.0278610534486326,0.0101966955480608,0.0273047816774117,0.0170049331042206,0.0266275580674541,0.0220348311725438,0.024288565432189
-0.0296273885099664,0.000285662680765152,-0.0200506891969354,0.00434767660088538,-0.000879722526699736,0.00471165553318599,0.0206673244413075,0.0071181267246293,0.0311253491980298,0.0068136075611073,-0.0278589953213107,0.00999828760739152,-0.00209675940773639,0.0225082822928924,0.0161331043848796,0.0257208085841947,0.0223755952263987,0.0257502118606565,0.0328506495609324,0.0151379392935838
-0.037291345090209,-0.00510759005150843,-0.0209786799871377,-0.0161114481702015,-0.0113522711416616,-0.0189147873954769,0.00183441079259049,-0.0186596574654605,0.021944946141997,-0.0210976664260604,-0.0262165151594253,0.0114096753853606,-0.0104277926570874,0.0192608205969881,0.00106188163450603,0.0214972985778457,0.0157550663621187,0.0193276018815973,0.0296732402580131,0.0194376544452151
-0.040603627648656,-0.0121023205947524,-0.0257200246196064,-0.0216105079607153,-0.0100164754663462,-0.0263927158825466,0.00463767370196546,-0.0243855428027526,0.0250339286221122,-0.0142523199146667,-0.0315287461489072,0.00936520833802384,-0.0105483528539887,0.0233206438792182,0.00580725896344319,0.0297344257538017,0.0224038928011199,0.0291726846350174,0.0370881048647057,0.0160245000388768
-0.0422628740760286,-0.0132870887344779,-0.0243862311344637,-0.0217626133658316,-0.0091757385816914,-0.0262139674499935,0.0103914411280294,-0.0201376509224137,0.0261093533425858,-0.00725791867500289,-0.0322148130376475,0.00614128911751478,-0.00998003489429412,0.0213021360540047,0.00579089666645161,0.0296893713063228,0.0212628988593729,0.0303571245985577,0.0343982914119849,0.0206893735137956
-0.0403640352774776,-0.0155542776146553,-0.0213002196075765,-0.0228533137516781,-0.00773981620188603,-0.025782545490835,0.013910777648326,-0.0208116883794815,0.0316723654850838,-0.00704077556039103,-0.0337310385680909,0.012762575880574,-0.00775889907209217,0.032008070806298,0.0119291091602153,0.0346066017978384,0.0341496450116611,0.01917518347912,0.0409564950661148,0.00640970091449111
-0.0406942796684192,-0.0141236909766508,-0.0230786197884846,-0.0245288630142203,-0.00725291800230577,-0.0287631900440519,0.010785358206596,-0.023574342295816,0.0239600552890154,-0.012930863943084,-0.0329344121042109,0.0178389037744839,-0.00893609674483936,0.0319829640933576,0.0140512651270366,0.0322229528160807,0.0341272075777147,0.0153838440671399,0.0364933847870777,0.0118182007003019
-0.0340005652730631,-0.01499621442435,-0.0157159151818113,-0.0252699383972849,0.00209081419463993,-0.0296779723933088,0.0185093970871571,-0.0217243195621406,0.0312706843535299,-0.00958406752667338,-0.0340387878092288,0.016112472062378,-0.0150867137650917,0.0321600220117895,0.00108419389901286,0.0358580396004312,0.0202708699783595,0.0347059932934962,0.0340113671611213,0.0219805168449545
-0.0431510645784962,-0.00980950393785833,-0.0239520012875873,-0.0230225339906022,-0.0033201881398684,-0.0273606196538811,0.0148676443992646,-0.019153043723472,0.0302951339934588,-0.00592022435819398,-0.0278975851668966,0.0240218530152533,-0.000526605190964214,0.0383482026519757,0.0161510844285378,0.0351472123891273,0.0321667088996744,0.0197407128381861,0.0415589203463034,0.00805198385295642
-0.0414707271707033,-0.0126721646666122,-0.0237477611141584,-0.0246734393568868,-0.00685128913043458,-0.0290625047064305,0.0136456690777681,-0.0243426597659546,0.031693114545194,-0.00975020145383202,-0.0325425541789302,0.0190326629817691,-0.00823631478011445,0.0368207057158994,0.00992441506259581,0.0391158312442608,0.0265792718719472,0.0293407297058462,0.0403688121613693,0.012173213244672
-0.0387172185191926,-0.0111566754209859,-0.0159304169944532,-0.0281563645421683,-0.00261629801221998,-0.0323103049735909,0.0124071842968969,-0.028230015168997,0.0306780706796146,-0.0153049252543278,-0.0339681016282709,0.0190947863959929,-0.0146962593399254,0.0374660784517219,0.00318948303871525,0.0404254861150139,0.0228635247267959,0.029471770555023,0.0384468983617972,0.0123212862364426
-0.0274123052231162,-0.0227989725241955,-0.0130888900420139,-0.0264473411087949,-0.00654741826750238,-0.025703047019994,0.00763003482198848,-0.0235220442856294,0.0250254804310804,-0.0203459464886767,-0.03253127292987,0.00731158233888814,-0.0120855481357924,0.017977265986264,0.00711117335995441,0.0243722610991342,0.0252457020332119,0.0269067397490296,0.0400619582334702,0.0184644529791501
-0.0268039126206656,-0.022092008194586,-0.0141002231979299,-0.0285929456676354,-0.0141195954942854,-0.0275697311405562,-0.00315914036136124,-0.0269989394336048,0.0248287453758326,-0.0189312272089432,-0.0300552666857748,0.0167164906459794,-0.00963800960765305,0.0228874564066288,0.00428311081308654,0.0265765606819541,0.0146577544924053,0.0303880320761168,0.0228387052890736,0.0249915803066807
-0.023500575139906,-0.0256406634624509,-0.0142149289469802,-0.0286284292243039,-0.0137146985869344,-0.028658077883911,-0.0033782313097148,-0.025211811607675,0.0181093930314076,-0.0199241798238722,-0.0307620271995808,0.0158781240149971,-0.012288595046746,0.0237938964967856,0.00287204161922134,0.0286406156548222,0.0129349697087827,0.0298581433710923,0.0238090249411771,0.0263664605884881
-0.0232272238344896,-0.0234785479408323,-0.0112595168104985,-0.0273849073404998,-0.00452515864068816,-0.0274773460940622,0.0161289746080946,-0.0211379791305191,0.0423625040666592,0.00040662112773648,-0.0212352447357654,0.0195723284887705,0.00291246993142747,0.0299264735652023,0.0222838000076009,0.0283037679744751,0.0267952749770281,0.0260562776295473,0.0338898093218087,0.00812450931692588
-0.0231555536694855,-0.0330882344974269,0.00187504028256367,-0.0169182523361499,-0.0177347860135116,-0.0323837029108813,-0.0121144745264603,-0.0208421728611259,0.0301048304238083,-0.000524544719280515,-0.0280511793440133,0.0167829824385515,-0.0130232305195044,0.0275606407282337,-0.0082814009574366,0.0334317285034062,-0.0126709037179471,0.000118827810361703,0.0274707164000716,0.0191124839823433
-0.0280174178833901,-0.0424234220530898,-0.0272600265656066,-0.0352146457647355,-0.0206068538700675,-0.0339314741042332,-0.0127608804205977,-0.0288373053004679,0.0211433897491625,-0.0146315280445857,-0.0248707961361677,0.0430763747723244,-0.0219471990326838,0.0417372873079425,-0.0104419952358725,0.0378599252964576,-0.0034636888544025,0.0375441624551372,0.0181852866460147,0.0323616708395916
-0.0239363684338014,-0.0262094068425186,-0.0156294562543718,-0.0291076656877274,-0.0076270645232963,-0.0266673397890559,0.00969463719092957,-0.0159548676651277,0.022043542664325,-0.00795396260167519,-0.0308015019958034,0.0140725583025646,-0.0149220099608646,0.0175696242820572,0.00435999504626575,0.037232916942999,0.0169064941195187,0.0177009795922533,0.0295162363636719,0.0144640453861831
-0.00870192874800911,-0.0310804438516973,-0.000185836907964989,-0.0392523934089125,0.00451744322999815,-0.00520606967576163,0.0281430200049361,0.0101335073852813,0.0361134231397859,0.0033017212179637,-0.0174503667571188,0.0171484680274713,-0.0149205591404693,0.0330643875785212,0.00841394124788201,0.0272101618137047,0.0261806280730254,0.0193439456070956,0.0346312041999425,0.0133031481109984
-0.0252666138166724,-0.0189425887570377,-0.013358030810506,-0.0240708647350248,-0.00920165243336557,-0.0285831808385808,-0.00546258547353079,-0.0285932469339921,0.0236505660460191,-0.025728977013999,-0.0303776221339927,0.00763481899994603,-0.0136844741650437,0.0187625343008369,0.00246982189617027,0.0207231176243404,0.0200510549146715,0.0242391534216421,0.0330786455950923,0.0187504420625271
-0.0308880598459283,-0.0157095934007337,-0.00889688597151941,-0.024167481585982,0.00187746067721789,-0.0293235204013451,0.0196031134010773,-0.0283125302557871,0.0438536607575028,-0.0184070428807903,-0.0346189316429403,0.00842199759612655,-0.0130407163696574,0.023312757166756,-0.00145920863748882,0.0271431658479761,0.0147610624225397,0.0282986769679766,0.0322685881333265,0.0221194993834196
-0.0256249611285378,-0.0200319134446201,-0.00829713539551806,-0.0263723547088126,0.0130833815014269,-0.026187403924732,0.0345730904000288,-0.0195812228154768,0.0436103777886335,-0.0121301045964753,-0.0244501029869777,0.0127130081904578,-0.00261029700399804,0.027636629308508,0.0193005131040527,0.0293119035815387,0.0370576380074146,0.0205234852035967,0.0449457960284954,0.0106344974433806
-0.0312181952666853,-0.0206937761078541,-0.0188985366125243,-0.0312104863748595,-0.00276482337928608,-0.0286959485490988,0.0204256790792645,-0.0235025043022766,0.0328363685552657,-0.00832073566340059,-0.0313763972136214,0.0245819325319766,-0.0143031511107495,0.037022948108932,0.000999322951591753,0.0311622084273837,0.0168343363717531,0.0318459304992671,0.0356818613930437,0.0181080335192544
-0.0315459666704196,-0.0125267359400982,-0.01831877132811,-0.0241909285024553,-0.00770423294785103,-0.0255814709291882,0.00288407533442282,-0.0246825924078959,0.0224489862681381,-0.0184108707960246,-0.0329890983659483,0.0199460605659316,-0.0159984235179519,0.0255008187877472,0.00325757831831597,0.0277725278637994,0.0207300287127655,0.0254116359199658,0.0375593522333517,0.0203591801632205
-0.0336834737220018,-0.0203900010813094,-0.0238759743855272,-0.028972251414312,-0.0147069577757705,-0.0359569931562049,-0.0040353725983214,-0.0343864133626874,0.0267316148467284,-0.0271548784346626,-0.0389680645159488,0.0118132891173929,-0.0178188130293033,0.0303081837904089,-0.00602095814415041,0.0349320016298001,0.0120929152837955,0.0328681731716562,0.0392970872083124,0.00238896583693777
-0.0243104751352066,-0.0219010792419357,-0.0117160402865534,-0.0271380009800762,0.0081529146612865,-0.0245451890052659,0.0239241048946798,-0.0218966011444323,0.037332260057922,-0.0129891682102827,-0.030344915197075,0.0144645624268916,-0.00743098967188286,0.0287793114572732,0.0179679403241761,0.0347246368436985,0.0335370435225363,0.0305849674120555,0.0415089539801402,0.0197890589506349
-0.0291559498256939,-0.014108595362751,-0.0129979179661473,-0.0232648865354061,0.00379899220502354,-0.0226066791033545,0.0182827815931734,-0.023171773491295,0.0404086301532106,-0.0172388280993729,-0.0350766875570512,0.0091244246448801,-0.0177317495208209,0.0233188694076752,0.000743045958439349,0.0310952290760152,0.0198766712518012,0.0372958878783114,0.034909323895234,0.0276141543426486
-0.0366255294929212,-0.011955406230616,-0.0197629711892419,-0.0220320428201046,-0.00535634967358021,-0.0257678065313399,0.0140160779259869,-0.0235854791802707,0.034585331829293,-0.0141279782910606,-0.0314466404170497,0.023125859233053,-0.0122933853918326,0.0351637567863161,0.00324221699597169,0.0395772681393226,0.0162446644145191,0.0398625210692178,0.0321899650324751,0.0227778337876856
-0.0315171984526713,-0.0104662607021696,-0.0144658495344063,-0.0242938132682311,-0.00150563900047324,-0.0307875924709247,0.0204409090582424,-0.0244598330920234,0.0336477594483957,-0.0124976452831719,-0.0304788576647382,0.0173353479137917,-0.0129131837033915,0.0267077022369758,0.00492483242815833,0.0291045582136936,0.0221885977630824,0.0248100742714795,0.0373733254656973,0.00891935742332927
-0.0384189991570806,-0.00992121861753158,-0.016545892557849,-0.0149046834558316,-0.000566216589498818,-0.015602606574034,0.0118773574436544,-0.0161834085024202,0.0284548824525114,-0.0134260465949589,-0.0340712496702642,0.00436033693766975,-0.0102616392245528,0.0148222648785218,0.0051362778276856,0.0164195086338447,0.0194363152107504,0.0190167440112493,0.0351499404856292,0.0126527752144426
-0.0332940102625753,-0.0129873271649056,-0.0104281256757743,-0.0218614995934834,0.00174889806019523,-0.0239352323473729,0.0152756975663376,-0.017244252236071,0.0264128986244673,-0.010360449010143,-0.0330323179827025,0.00803422556744804,-0.0168926616081852,0.0222696875725838,-0.00108992536742556,0.0300580326613734,0.0136412950808021,0.0235038749034507,0.0253603141349631,0.0257520873114436
-0.0316043226651135,-0.0140569233370807,-0.00904040424598582,-0.0242312872887429,0.000660812345218974,-0.0160029129858609,0.0153527895939293,0.00682768552049202,0.0276632858196497,0.0139215051273718,-0.037542880451632,0.0121689655069446,-0.021397105280911,0.0296994516887454,-0.0119256837282561,0.00875291778452705,0.0064031937283809,0.0249852129664305,0.0231574444187518,0.0232273658497762
-0.0301776066904523,-0.0113176790541922,-0.00480535521609419,-0.0255556837903503,0.0153870599222299,-0.0243436583054939,0.0301468269907684,-0.00131393646579151,0.0368121283554726,0.00745842237483555,-0.0320809964997886,0.0125410796143636,-0.0110205521027901,0.0254972373575346,0.00723556160701994,0.0273960118266368,0.0233961562295922,0.0227536265679808,0.0387250757704703,0.0107375631693649
-0.0365251015692019,-0.00776345982578277,-0.016802445004148,-0.0250839336183057,-0.00995654834504441,-0.0271051955900992,-0.00533557946136452,-0.0256352920994194,0.0225287818301193,-0.0114576876205653,-0.0354621131046531,0.01084403017547,-0.0241917805586795,0.0218406832394969,-0.00791086448921318,0.0265621528552984,0.00555897863477947,0.0263028868664214,0.0300001789163354,0.00751216453309557
-0.0364072767529665,-0.00771090031407168,-0.0148346020767832,-0.0175831504636087,-0.00371126358944272,-0.0246101194921846,0.00251408934994562,-0.0280315091487019,0.0241972410297081,-0.0206699177910057,-0.0335278772559105,0.00602314285410893,-0.0129012960664714,0.0131726452986168,-0.00352173121288619,0.0279989667068859,0.0200107300733857,0.0226912309802645,0.0388305269412314,0.0113315939264375
-0.0369624903231676,-0.0107177589716216,-0.0279431712081254,-0.0223390649311919,-0.00973500081504141,-0.0242026350721567,0.0211547979749998,-0.0185738582427028,0.0369092746299248,0.0150539869815392,-0.0368997846283125,0.00683490422676614,-0.0288836637365271,0.0118997676623218,-0.00701722929411303,0.0221629307890414,0.0140754936676281,0.0189489288928725,0.0273504104846198,0.0272808584693189
-0.0243777937026701,-0.0161424613086269,-0.0131484130179097,-0.0195892613958451,0.00916896879509973,-0.0181707247670051,0.0239878588125545,-0.017480418274202,0.0366335640222693,-0.00849633412334672,-0.0258631660284369,0.0141247511438822,-0.0107863503539343,0.0183108377308798,0.0033313848281476,0.0222442275127913,0.0191256272938918,0.0214751939798448,0.0346283016643644,0.0199551335719056
-0.0225269001575804,-0.0138863838391506,-0.00221384273734296,-0.0251823359659267,-0.00261659463188859,-0.0104094509345302,0.0120523642274772,0.0117451996722386,0.0269476455274197,0.0112980725831027,-0.0286961037078715,0.0106954269600845,-0.0208129501008207,0.00806272740513362,-0.00657153416176233,0.00675956378438471,0.0126747345622448,0.0253327972240206,0.0358632395844745,0.0116805412172048
-0.0247828063839145,-0.0207303753505023,-0.00485619542704278,-0.0224387266725851,0.015589762001627,-0.0154739862268796,0.0266786406999747,-0.000336382091173212,0.029462260322919,0.014784853323617,-0.0313244835798084,0.010918523609468,-0.0136880184256114,0.0218602409999498,-0.00289276986743411,0.0240915696407907,0.00495954098981703,0.0317169236308975,0.0309618525372995,0.0174669641933714
-0.0379596943766672,-0.0114278457501851,-0.0145958260277183,-0.0234639792544838,-0.00271002972021593,-0.0244750723677867,0.0112542631484749,-0.0224690738142006,0.0270277223348343,-0.00933881905085956,-0.0342452097438604,0.0231812663899213,-0.0187973788774035,0.026888081111334,0.00270592586071582,0.0308028382003195,0.0238249524125781,0.01917241542535,0.0389314914190521,0.00385187573667592
-0.0289503228151254,-0.0149820960299543,-0.0109043375745406,-0.0245122393002946,-0.00952943907394095,-0.0238563909898582,0.00694588193349724,-0.0203541870370058,0.0290613991433821,-0.00749075342639831,-0.0339826624313374,0.0214369621351476,-0.0181088772480208,0.0369280324604391,-0.00799112785332633,0.0373201923143007,0.00813381453009489,0.0363690884276895,0.029263872466588,0.0185047667980722
-0.0371555432228272,-0.0114161678530119,-0.0155265298355437,-0.0183865491220725,0.00348170632077821,-0.0236226790154036,0.0151906376286004,-0.00829759898512256,0.0250095978148801,-0.000938233863826533,-0.0361166650980115,0.00661833646948035,-0.0164431729014812,0.0291975207127126,0.00427133614132033,0.0244473142635926,0.0243476411739631,0.00867688595900896,0.0388453204669911,-0.00178901420021247
-0.035582448766069,-0.00963594003631037,-0.0226012911896478,-0.00940389413808472,0.00538314673764289,-0.0180331872144711,0.0235510261202707,-0.0112948287488158,0.04133352806628,0.00634623769672714,-0.0352040148649457,0.0143025968178347,-0.0224186828375262,0.0190610304321349,0.00356236143407024,0.0304009503213848,0.0190574442152058,0.0214854067206522,0.0377780378282606,0.00898730082588803
-0.0378986867530298,-0.0125080528246281,-0.0170894151859109,-0.016432393654956,0.00425715463992667,-0.0205849592001495,0.0246496778636071,-0.0197763886101371,0.0352035959179592,-0.00948062450680135,-0.038079904338361,0.00815436077073468,-0.0171169684078827,0.0226964370897264,0.00288519836044964,0.0289756595238946,0.0191829301186982,0.0256110406392445,0.0318580643599125,0.017161738865911
-0.0364642155542498,-0.00529276614774496,-0.0243303200709574,-0.0175749626068586,-0.0132321556004038,-0.0179681448799606,0.015409753832962,-0.012454116349564,0.0287906758272885,-0.00443110580889735,-0.041427923599595,0.0114897444777825,-0.0343032008929753,0.0173809691733101,-0.0201173282310907,0.0268160365566157,0.00399219299805647,0.0312540846362201,0.0240311208832258,0.0160090080441412
-0.0408537010206945,-0.00811836325475199,-0.0187318812807391,-0.0148591834542731,-0.00410271354955697,-0.0152312152008756,0.0160691382623627,-0.0107121619010111,0.0298025122396723,-0.00321016058987742,-0.0395665866242349,0.0103318636418445,-0.0238950883715964,0.0205723462843695,-0.00668736697832078,0.0327829285596132,0.0115891090134474,0.0330381687341487,0.0292439091710187,0.018424662955017
-0.0330316325900332,-0.0103523058030654,-0.0223114719413981,-0.011159477704148,-0.00251405007831748,-0.018373106367831,0.015237989987426,-0.0268295310613045,0.0381938644946514,-0.0220145961416027,-0.0359558718152774,0.0120595322600276,-0.021807807966709,0.0202565359544053,-0.00144479309951235,0.0327497638480915,0.0174606859104426,0.0250699730253615,0.0352024698807166,0.0159657446103421
-0.0349537788680472,-0.0105536138672628,-0.0177330450699795,-0.0219657106312562,-0.00543074114655761,-0.021789803135219,0.0116775153581796,0.00633431807109367,0.0239499675486096,0.0188787545966947,-0.0376593257930025,0.0104989487525912,-0.0194222423395102,0.0192787614498009,-0.00647037979750284,0.0193130553804016,0.00958808216865946,0.0317811760365516,0.0275306843922312,0.0173424913453222
-0.0359058010151297,-0.00715027530515923,-0.0196436738235517,-0.0196840557360313,-0.0125593896274776,-0.0287762284876003,0.00979471522974652,0.0116580871810803,0.0257540994732543,0.0254591206593835,-0.0337135058513891,0.0123248939845446,-0.0276682184024629,0.00741419419343791,-0.0169237219193243,0.0146573742855685,-6.72627359437603e-05,0.0300879873667334,0.0181636446192206,0.0259918459846447
-0.0330277128291302,-0.0141206671324531,-0.0124777624126493,-0.0215707348412821,0.00486436194402806,-0.0149223574872712,0.0163680638947175,0.00531954552786386,0.0305948630522062,0.0234761766817995,-0.0371143635601367,0.00911013667961667,-0.016719162342576,0.022648861165642,0.00231590209546953,0.0255306764826339,0.0200817345233001,0.026492685528111,0.0309988128697395,0.030943827900606
-0.0299395717529239,-0.0221405815983493,-0.00897273422503861,0.00512984618684936,0.0148816664049141,0.0289176552988191,0.0191039321293609,0.0246228688963685,0.0300836896990428,0.0154449384302027,-0.0339440797934374,-0.0229745768937603,-0.0175240054398935,-0.0281275977755123,-0.0111905903860603,-0.0178299430479543,0.0105639713080542,0.0174517651895391,0.0295169254161919,0.0238468718046338
-0.0353499000640804,-0.0199382884867754,-0.0210849911106193,-0.00778292341569846,-0.00987902933551496,-0.0154560057806116,0.0179410835127491,0.0328927670515753,0.0285035858128352,0.0220589926477472,-0.0288362895666146,-0.0210009983371937,-0.0190351297073172,-0.0345282357677381,-0.00635501672025165,-0.017515281771169,0.00862411186858871,0.0236742097156572,0.0286614199356097,0.0175627881936663
-0.0230157041981704,-0.022557484511701,-0.0329986719800521,-0.0102002796690887,-0.0136969316119509,8.97526303119148e-05,0.0194602059316285,0.0267024650345358,0.0306343287103538,0.0164826213199214,-0.0183101643473896,-0.0102673193897792,-0.0154709249316224,-0.0294900443547393,-0.0132398098860581,-0.0139512906445653,0.0146272758467716,0.0200792408522533,0.0315273149931527,0.0287856807292046
-0.0429646645698882,-0.00996496854569895,-0.0247314071067372,-0.016617634324883,-0.000465119868301884,-0.00397098512037723,0.0101221178391806,0.0190111054743417,0.0209282607794146,0.0158464277051889,-0.016508234429814,-0.0213506842576289,-0.0144293667176557,-0.0299479486213567,-0.0132172301132499,-0.0288030203088916,0.0114214035583076,0.01055825375803,0.0354302134746705,0.0188235243651287
-0.0273743855012009,-0.0176282798275126,-0.0159628174278285,-0.0089681737159328,0.00885139645836159,0.0141003953802315,0.0225364037881287,0.0293268157598505,0.0244837039602148,0.0210409024838043,-0.0232942562279845,-0.023073533788627,-0.0158356247945597,-0.0342249312590469,0.00921256800482361,0.00364332206275824,0.0176362022469395,0.0274191022120172,0.0301786676196815,0.0202247533944218
-0.0270821067500684,-0.0161575494787683,-0.0260305435434392,-0.00823599543212162,-0.00710992165297631,0.00983753941777506,0.0156374917314655,0.0270466537609112,0.0238601664742451,0.0197293244874534,-0.02638891412159,-0.0172202660586676,-0.0172188322465551,-0.0303237177638543,-0.00862854993575898,-0.0229631389583472,0.0164220598597514,0.0203780163524895,0.0306073358927085,0.0186952431796576
-0.0322235423306903,-0.0298206592152183,-0.0247898193065555,-0.0241572159597881,-0.00273898534412868,0.00984728708138052,0.0124321784999436,0.0349338689690715,0.0222806636657137,0.0224003142355147,-0.0258073646738136,-0.0242667158100168,-0.0130152855529876,-0.0285639620252341,-0.00212729370929611,-0.014833207159133,0.0143267030184202,0.0220780750416434,0.0260507437755864,0.0253237277509633
-0.0221420415843397,-0.0309176505030254,-0.0186650878720852,-0.030643200555869,-0.00524179886879664,0.015486087370424,0.0156438301478127,0.0361304033048931,0.0257327870151814,0.0195684728641259,-0.014987399771111,-0.020539001595728,-0.00750847088457273,-0.0270263346027788,0.000868627869171162,-0.0117051739635885,0.0131639971574235,0.0370418009578933,0.0266752282384199,0.0273646396815235
-0.0329585738583644,-0.0185353401255048,-0.0189002504508815,-0.0323688257603013,-0.00752967078783437,-0.00251657859183269,0.0187714833263746,0.0242907976972883,0.0274428021562428,0.0171250931529226,-0.0260223129305823,-0.0233915295669048,-0.0150465422615644,-0.03250857576909,0.00258182320308147,-0.0171818826877934,0.0184573609915028,0.0228618385356582,0.0334258249180268,0.0137334191832892
-0.0405467647157299,-0.0151248906396485,-0.0229461598440049,-0.032611746281459,-0.00869889414240444,-0.0275064739103973,0.00994330497561067,0.00540923910600308,0.0212536660415469,0.00965982898840936,-0.0304270965222515,0.00542522098944849,-0.0145321691305212,0.0130292387383102,-0.000123870632922875,0.0242853102428078,0.0162434911641153,0.0365055360401588,0.0363795714691404,0.0160403760218985
-0.0391798207225448,-0.00991915441915062,-0.0264771781743054,-0.0391181735315775,-0.0220604661604206,-0.00769254126278157,0.0142928774417732,0.0207271527585221,0.0198789901739173,0.0315073989698924,-0.0373104239182418,0.00277915721363794,-0.0222047945138411,-0.0272169642174971,-0.0176635249954721,-0.0206562243570765,0.0139261450201056,0.00446459121512878,0.0278827984630202,0.0278879547389731
-0.0364392073863547,-0.027389306851941,-0.0270838903499999,-0.032669576315014,-0.00198230307302058,-0.00763058184742668,0.0102292057275223,0.0371730648006904,0.014860321214103,0.0177319512437444,-0.0303957295898514,-0.017630000010335,-0.0156032798335887,-0.0241084495291581,0.00778473583987292,-0.00268330601663515,0.0232273169552605,0.0372003512696848,0.0369680638649764,0.011815130909509
-0.0343756404313975,-0.0131533482940578,-0.019612660932552,-0.00726946780271706,0.00978630851807651,0.0196611363549895,0.0276360773719753,0.0334549125832249,0.0319786736437002,0.0270003481908323,-0.0343411794687746,-0.0129691695627185,-0.0186063667275329,-0.0278119536583937,0.00209637036881875,-0.0137371669810253,0.0201318305899027,0.00534608918532388,0.0354325059022563,0.0283855240872645
-0.0251526813545592,-0.0207806409261816,-0.0167704982950352,-0.0025683339005607,0.0125184078727034,0.0248528055105837,0.03057086291308,0.0277681469628667,0.0372774287070036,0.0134249401344895,-0.02429935080169,-0.0247327497497742,-0.0135518211527212,-0.0260347870001297,0.0117668259274499,0.00911204595517857,0.0280125482805653,0.0192167610079459,0.0389603296151837,0.0233393959133398
-0.0325939347669974,-0.012492865875992,-0.0217940188566602,-0.0126387124872126,-0.00267915392007177,0.0327178995051224,0.0118981647363838,0.0431692802446074,0.0238675593183667,0.0284883958782144,-0.025759575242364,-0.0241804902566403,-0.0188143697771162,-0.0299121853861718,0.00161527446535009,-0.0118006854624877,0.0193295091483649,0.0266982885243226,0.0298712621543155,0.0234199382918435
-0.0322422018423457,-0.0158627044836729,-0.0133045144904287,-0.0237897731813931,0.00196360636133043,-0.0021643190687755,0.0230454293256811,0.0292357704485248,0.0247278671136984,0.0284471046049049,-0.0249061772526237,-0.0212619502299688,-0.0092099651323687,-0.0287625648509384,0.0191927807222398,0.0187874241427093,0.0311661054079909,0.0229852433125849,0.0565519980072763,-0.00795776641819725
-0.0318432379459764,-0.0148410325396747,-0.0187654560717031,-0.0235875701087421,-0.0126285472725063,0.00113453905395264,0.0154862544397085,0.0321475265602554,0.0316207949012123,0.0269975462294539,-0.0257551839340955,-0.0212499676482365,-0.011505968915682,-0.0339426880659468,-0.00388834482474894,-0.0170566379496827,0.0172633015969822,0.00150149538173191,0.0340182166593285,0.0294765720229791
-0.0265297837718897,-0.0176087556373988,-0.0213267970929236,-0.000197692402689533,-0.00445830012169415,0.0226121404416429,0.0135720629584991,0.0277748964872969,0.025647278137628,0.0254196018747481,-0.0235037023099835,-0.018951557874393,-0.0159086645902235,-0.025895043274947,-0.00334423955512507,0.000881928872475822,0.0172354014020832,0.0300146868864524,0.0354158796135241,0.0196505742257703
-0.0371058293453111,-0.018119754557533,-0.0168191258143964,-0.0313813651718689,0.0128815502484696,-0.00827300229443001,0.022575409849459,0.0253394073168548,0.0297778086315854,0.0137471335973832,-0.0334359646436977,0.00068244813792267,-0.010582439029697,0.00254048050717732,0.0163836265474029,0.02940559255624,0.0201022220992646,0.0382776201278386,0.0302724508720404,0.021667531485525
-0.0356772024685094,-0.0195255991369533,-0.0181429521383063,-0.0357200888345219,-0.013957465031791,-0.0260734063734844,0.0118947647721731,0.023695823797301,0.0246945522240255,0.0280338178473169,-0.0304280943796555,-0.00992168142776927,-0.0164359675844956,-0.0269598716292607,-0.0100131524316842,-0.0196990927314626,0.0160250426350619,0.0293078043270838,0.0281149330356144,0.0245661732791981
-0.0250880520256425,-0.0230853592073864,-0.0212399262592693,-0.0195358484949362,0.00135225358000418,0.00986127481948444,0.0264582258016091,0.0343000106620457,0.0361030160026066,0.0196232702186459,-0.028206799316973,-0.0212314931326923,-0.0179469661831246,-0.0304781325499146,0.00222905663676229,-0.0143405333078515,0.0209172810194329,0.0122129086551514,0.0372569938271749,0.0180412620731073
-0.0288156882209542,-0.0185124441397034,-0.0252606223648453,-0.0158161139240557,-0.0056237408654082,0.00405931056449747,0.019864600579646,0.0280700844100356,0.0246263407828087,0.0323178254728733,-0.0252626855594759,-0.0223793510271366,-0.0204135400544226,-0.0295828176830018,-0.00685940853559047,-0.0237660244422811,0.0134910133553524,-0.0014027540399309,0.0228329692674084,0.0338787582727479
-0.0305003960751216,-0.0307309454752497,-0.0285615934052455,-0.0252590218492801,-0.012700787604787,0.00581216306505759,0.0130545982835668,0.0251336576863909,0.0228586336807718,0.0233923495043033,-0.0246276880865116,-0.0238709417316069,-0.0171956747866341,-0.0361192696117272,-0.0117306053306735,-0.022688560482656,0.00984822558895332,0.024163019709409,0.0237816356290239,0.0270780021871904
-0.0219992454304817,-0.0203979258018486,-0.0159123243101329,-0.0113619029112778,-0.00113003766731883,-0.0147258137635166,0.0156666975912699,-0.0104208541942946,0.0272087641803202,0.0306734354979928,-0.0209038458818836,-0.0246311051071495,-0.0183443662307232,-0.0250930539991,0.000360083601124321,0.0107440038217864,0.0159848612626736,0.0301606041341999,0.0281006450626594,0.029013341682268
-0.0358444187659439,-0.0214306642589539,-0.0183483825531679,-0.033262841995871,-0.0186446210227535,-0.0323211979976041,-0.000162327942766144,-0.0101242117018491,0.0238553998742834,0.0227821052280594,-0.0230508899422687,-0.00157407839964914,-0.0211953978420661,-0.0162717969601941,-0.0167459292354852,-0.0248015172016057,0.0106278220933897,0.0254665448512978,0.025243820268926,0.0297012031632134
-0.0326456314337273,-0.026797173876519,-0.0249189159152233,-0.0415928120136448,-0.00641955217805257,-0.0247615596279607,0.014765252014138,0.0261157109803529,0.0415019102319551,0.0131577933813628,-0.0370936733665738,-0.0194920223325433,-0.0260290624858308,-0.0266617210099492,-0.00342539275870765,-0.032915775351275,0.0118913630348966,-0.00886989440721706,0.0327307378261164,0.0142379923029912
-0.0335852450338076,-0.0265560450768769,-0.0331628160763261,-0.00853738817949463,-0.0138265151555044,-0.0129686329038263,0.00947738758588086,0.0310535898523485,0.0243579045688303,0.0284548287916716,-0.0335510950654907,-0.027173649513747,-0.0121533550734632,-0.0287306156164267,-0.0161776258097527,-0.0249584833952202,0.00378762280596081,0.00728873574095551,0.0270870589712964,0.0222263089288452
-0.0330089848262434,-0.0236052262461086,-0.0139386415220693,-0.017843810197293,0.0104903811493865,0.0239638776920565,0.0279644184736683,0.0327233508277352,0.0306285189182318,0.0284284935828375,-0.0361243056314966,-0.0216105934315908,-0.017721855903376,-0.0298870947090165,-0.00439292359117526,-0.00994852604035011,0.0137532150850832,6.28189445675733e-05,0.0273980765283537,0.0268877194574647
-0.0313846662150513,-0.0214171315704327,-0.0186989250914411,-0.0322180653458661,-0.00947446135968824,-0.0105870626708447,0.0105423212336881,0.0295727185845627,0.0229114626617286,0.0140127129646145,-0.0304571823238843,-0.0205674871447303,-0.0185085139646221,-0.0297068602178375,-0.0047204518185452,-0.0101619843520736,0.0169215801192675,0.0365335459012973,0.0325143382884305,0.0158034789093111
-0.0327269559095137,-0.020245288077562,-0.0158530129642004,-0.030849057018542,0.00442735527095202,0.00469262968935763,0.0230652736643892,0.0364583660886427,0.0353865246378861,0.024575982374643,-0.024812267308572,-0.00639470221176089,-0.00683473642536019,-0.0195738833119892,0.00880927269925315,0.00272278424064567,0.0187355993326635,0.0110496769081777,0.0330656793381887,0.0243354776380524
-0.0226696575134579,-0.0274108592770427,-0.00965287065700115,-0.0354985940542736,-0.0021900412668244,-0.0109578292027443,0.0228041061020846,0.0341373414621114,0.0307221363539283,0.0299986599181549,-0.0253440261332454,0.000193412787048557,-0.0105932301186229,-0.030674411729867,-0.00130316969744605,-0.0209871233428359,0.0180986326500539,0.00773693169775923,0.0294388138428482,0.0274311057838597
-0.0260314353276272,-0.0259915877687115,-0.0143829844685439,-0.0319860221328736,-0.000611407141045097,0.00233620521948104,0.023126910836291,0.0318999222889013,0.0299488625330727,0.0277645252895277,-0.0256298561616249,-0.00931764148935736,-0.0138720448224269,-0.0291753315190453,0.00453712821081466,-0.00473172753024777,0.0195553925598575,0.0128151002647103,0.032861567519095,0.0264571831833488
-0.0342095527869634,-0.00980853181459145,-0.0275264753398375,-0.00656517635992918,-0.00651955592774072,0.00192382620877251,0.00441963474383407,0.00765144920977765,0.018442787046239,0.00638148220132715,-0.0282992517642139,-0.0201054839023748,-0.0167948951324784,-0.0345514414721255,-0.00607274330582861,-0.0207624407472611,0.00958843427651219,0.027970939789614,0.0257905544879851,0.0270314801848783
-0.0306486870000825,-0.0232285744604334,-0.0166646907106483,-0.0410777487890072,-0.00921160042811015,-0.03416833049652,0.00775782065915197,-0.015722533788725,0.0284632693449975,0.0313359453010033,-0.0308761390297475,0.00227939213127822,-0.0204610129271093,-0.0296153349213004,0.00471790748398,0.0161296907692137,0.0227096227975628,0.0279898872120657,0.0343627715849546,0.0185366572289081
-0.0269690660514154,-0.0349317660369523,-0.0213652289598281,-0.0346193890790999,-0.0159278550583428,-0.0293707483200957,0.0022133098490521,0.0207067419598271,0.0229081354994749,0.0252286047128465,-0.0252419300705474,0.0410852764743492,-0.0209351447227394,0.00685290646420059,-0.0162162700617946,-0.027324482339935,0.0166154555593235,0.00980872953982702,0.023541832356496,0.0252491896237324
-0.0345002773634542,-0.0212586384673968,-0.00783518231765798,-0.0349018471825117,-0.0061169870730756,-0.0262491510566754,0.00262568416872611,-0.0193219061102975,0.0317973280438913,0.0130551766594888,-0.0327618275288645,0.00433368557772387,-0.0145456733478791,-0.0254252079268485,-0.00216228007916489,-0.0132693549252882,0.0161772850092177,0.0325108764368079,0.0342366952386985,0.0165000702784966
-0.0251793539169408,-0.0380548706108767,-0.0238541895235161,-0.036279261637663,-0.0198763434800022,-0.0162660635043191,0.00724138824234497,0.0246341752856281,0.0279600976747039,0.0223572109163994,-0.0364389972057312,0.0109774558154199,-0.0293148639521528,-0.0184375710470739,-0.0106495595637474,-0.0291990898660379,0.011211885631458,0.0151440225343253,0.016312241521504,0.0357230176977871
-0.0306851574978353,-0.0202402136628678,-0.0134845344089576,-0.0369220771636128,-0.00713273543813351,-0.0273873278383724,0.00221387397689218,-0.0247403257714426,0.0279098942621027,0.0144043874464291,-0.0279044088555104,0.00529735628744105,-0.0190892833328763,-0.0191708723361461,-0.00695977752254351,-0.0219826250232047,0.0161381487563877,0.0261171043007044,0.0285688705143669,0.0161636399234438
-0.0318392905299736,-0.0260270158637945,-0.020997439881919,-0.0317283467979849,-0.00632248147293514,-0.0265902153870272,0.0123546777918818,0.0242134150113781,0.0325591888917356,0.0196628195263535,-0.0360086140678037,-0.0244574440175431,-0.0194185002458865,-0.0282157306502337,-0.00171236027559303,0.0092033664726524,0.010379473669227,0.0471083140941235,0.0335385232479887,0.0212763004711621
-0.0297252871679503,-0.0173447522353859,-0.0231841821076884,-0.0327180794838486,-0.0103511164846193,-0.0280450081859975,0.0127820600028206,0.019979400164039,0.0361232207834238,0.0239047775196422,-0.0294790854478519,-0.0183005811929137,-0.0216529906005034,-0.0302970042441438,-0.0057619485863532,0.00693693916550764,0.0147293694531096,0.0364938519037118,0.0313278838152461,0.0181241779096709
-0.024353229303252,-0.0250621297773014,-0.0241687918234441,-0.0129245591549786,0.00283016078706482,0.0288566863821839,0.0221100766019736,0.0331773067527153,0.0233987338840911,0.0294780786713694,-0.0238105382856771,-0.0213569751700564,-0.0125117474351902,-0.0305265711975123,0.000644890240305834,-0.00906295440437812,0.0192435533029635,0.0180810642698399,0.0315641559738513,0.0257704621091838
-0.0319203785702057,-0.0191794208215267,-0.0256086973217635,-0.0150988018951936,-0.0030820373408337,0.0136658007775745,0.0144992142456506,0.0291301040935887,0.0226102027903881,0.0237468014359888,-0.0310176445705679,-0.0191190450824609,-0.0176576819023373,-0.0350636690822768,-0.00747830575906465,-0.0192711149614042,0.0099676586582361,0.0311430904219922,0.0246227974341229,0.0293088117206675
-0.0263434234868712,-0.025213291462565,-0.016763452686417,-0.0342672286953901,-0.0130943723215059,-0.00686920131288947,0.0117759797170073,0.0420157620616475,0.0270869091318514,0.021621273641628,-0.0254937557884112,-0.00658764627217866,-0.0149945533154961,-0.0282581413747715,-0.00572617703780032,-0.0117652853553546,0.0155787856691111,0.0380999615920802,0.0323293025280335,0.0178650247161844
-0.0273704667187683,-0.0227374190112871,-0.0254231970250003,-0.0200542293482513,-0.00338908080074691,0.00225022338270367,0.0172254524014958,0.0291160192567593,0.0282141233774642,0.0175882739845453,-0.0263568787617093,-0.0209371093925215,-0.0193356298145318,-0.0366334312756785,-0.00935146237320503,-0.0196092396905823,0.0163979032957961,0.0286003125185139,0.026836073522502,0.0296224723963607
-0.0317049277737577,-0.00637662975426624,-0.0246898808562063,-0.00850020315086332,-0.0149504634124298,-0.000362966509412496,-0.00131839614437779,0.0211364537629042,0.027212853195337,0.0292226053269816,-0.0258576915165847,-0.0232482659003448,-0.0197859072504478,-0.0272370865143566,-0.0184566339497095,-0.027165694123978,-0.00164786520803282,-0.00251548300700749,0.022007716554302,0.0185142764686211
-0.0341251383712052,-0.0150383452290851,-0.019918643171571,-0.0358907522436762,-0.0186895156599793,-0.0342276484067686,0.000417666604918132,-0.0200045752962899,0.0180340486520331,0.0159638708132231,-0.0312777806770947,0.0130659653629381,-0.0186689943590699,-0.016765430193248,-0.0146944789770178,-0.0249149713648574,0.0083221658654521,0.0136273903908815,0.0209997082235899,0.0317553944620536
-0.0298853655653829,-0.0164202876295444,-0.0228336321757414,-0.0215031261829627,-0.00416578287208762,0.00386403288002389,0.0177835522509196,0.031579100204403,0.0234527245209088,0.0205348122653534,-0.0307208004227023,-0.0186292152721467,-0.0205494908118177,-0.0310429845284916,-0.0107932390545207,-0.0259311564548616,0.0101961045549407,0.0216747475583148,0.0242273828447914,0.0250511262714425
-0.0362120823531201,-0.0150780544908322,-0.0217853805871758,-0.0187471560999685,-0.0053277462416511,0.00874291515412401,0.0220756706733998,0.0300181298166451,0.0241363889782342,0.0239923589686109,-0.0252006502273947,-0.0232523267471104,-0.0153543769901011,-0.0296685670304092,0.00278716017824882,0.0010811649596306,0.0149976826389244,0.00903055320069745,0.0251751266227008,0.0282430933239705
-0.0282514424411596,-0.0225999602707528,-0.0172682630692179,-0.0235178456776198,0.00107061861922331,0.0148403691737719,0.0213683049926311,0.0239972891525953,0.0269121827186554,0.0123330013984025,-0.024723819933672,-0.0256023349692537,-0.0139142255410652,-0.0320863575818327,0.0100388067908329,0.011354861641733,0.0206071381279463,0.0306535346536875,0.0346440114757442,0.0214286838030668
-0.0231514923528161,-0.0191934715596155,-0.0219626043537309,-0.0157954076748122,-0.00978939783655021,-0.000784822360726546,0.0120318807515655,0.0305658131912018,0.0198944450452208,0.0231242394618971,-0.0247947020799965,-0.0174502699913484,-0.0121633460396274,-0.0332729826262692,-0.0110306899145934,-0.0119349482185526,0.0158485063892392,0.0305535810821554,0.0244892251889406,0.0304686447939028
-0.0259255516574117,-0.0211679756706164,-0.0181949407263971,-0.0330023092705759,-0.00799186697093456,-0.00363939232850995,0.0147016197210998,0.0314592526493843,0.0293984220137614,0.0206956980801179,-0.024803562796934,-0.0231872290513728,-0.0175733484437227,-0.0381523284233115,-0.00772600890137593,-0.027254783183828,0.0142926774435979,0.0193909872784433,0.024127137698273,0.0183502606821304
-0.0302079211814178,-0.0236581114882202,-0.0213633633699735,-0.0261194964120135,-0.00663668464168183,0.0153890629020031,0.0117132147430038,0.0337544371488406,0.0178074059185724,0.0283902274792741,-0.0225032800544692,-0.0251434022170533,-0.0123071502897022,-0.0298981892365434,-0.0024360634386804,-0.00728520321204755,0.0163074240855971,0.0217077093562924,0.0231296260609524,0.0266080597831057
-0.0339514449167782,-0.0310151857708465,-0.0260639092901765,-0.0296360964941597,0.00049948757158956,-0.0208270938134024,0.0161736791428016,0.0245077540709044,0.0296781571864623,0.0228069396615621,-0.0133874694814771,-0.023042764506623,-0.00589216378830499,-0.0314882827951031,-0.0127793834851385,-0.0225513454524774,0.00758313991165593,0.0171079800185959,0.0219595113117947,0.0326192594042022
-0.0266702124615903,-0.0216572462252421,-0.0130779240925644,-0.0279442332896525,-0.00536639914372471,-0.0216256836146478,0.0129521193609443,0.0169437287547424,0.0306173912802282,0.0248115355917433,-0.0256331609953573,-0.0200522568918406,-0.0106226549041838,-0.0298643172873767,0.00336578183076623,0.00578296105094554,0.0150095743290555,0.0320967979888023,0.0257675730607381,0.0258771366300222
-0.0228325395514646,-0.0248256971336749,-0.018311119279098,-0.0284683294116957,-0.000121262309585658,0.00691689869615486,0.0216762676274051,0.0289977689658499,0.0221203187365012,0.0269575198652693,-0.0217555979666221,-0.0223956817275289,-0.015574657596209,-0.0287226851424847,-0.0054027300272711,-0.0186458628495148,0.012843830846518,0.00757604971169164,0.019237174272901,0.0343488371504721
-0.0238434912645294,-0.0316409885299426,-0.0217829868019594,-0.0342796334768807,-0.0178263860662283,-0.0320713080549955,0.00870942321571481,0.0147466609413117,0.025479950681967,0.0251097395408972,-0.0198178614899084,-0.0313177978496282,-0.0177881340709494,-0.0363415335079315,-0.00957853818149612,-0.00687885639176758,0.0114575879185257,0.0277498626067607,0.0240226125409218,0.0267102151748548
-0.0381924010534516,-0.0291503633412444,-0.0281419467438277,-0.0316471151322019,-0.00250299524511597,-0.00245265033720807,0.0176349913382526,0.0325811524063873,0.0223866136600607,0.0279748870258165,-0.0198052656512337,-0.0142233233372612,-0.0191074997887592,-0.0291810285690492,-0.00468298383446241,-0.0289073400987677,0.0138964373343387,-0.000468827262126157,0.0229085428274899,0.0217864590202084
-0.0333717946538555,-0.0194935512262335,-0.0199822669624509,-0.0300822763830221,-0.015810733789459,-0.0270800339225224,0.00172006850403588,-0.0059459210905495,0.0161740933234722,0.0232948646320848,-0.032857839310234,-0.016621523289893,-0.0180967398787414,-0.0263437505190867,-0.0120008516148173,-0.0156026269880405,0.00731013772351022,0.0174111409985831,0.0221097686739587,0.0310350427587816
-0.0282148232741077,-0.0206460722941614,-0.0188498472561509,-0.032428265717385,-0.004605864185988,-0.0153240734218334,0.010910485863214,0.0192892975649005,0.0216513961372305,0.0247162921753537,-0.0303851767232431,0.000751713651207172,-0.0203513699589327,-0.0139382038869395,0.00619330314693793,0.0142106921002041,0.0183538464712829,0.0265068469385767,0.0288419873653153,0.0175809646406203
-0.0322183903764181,-0.0217847114858059,-0.0181155788261837,-0.0233343987888236,-0.00807359471528949,0.0191723830024538,0.00681952539669157,0.0181423090984091,0.0276589878752324,0.0117695473782833,-0.0319747721616513,-0.0176813131041974,-0.0175904066171677,-0.0254905892179007,-0.0102898468670426,-0.01836134620712,0.0133732250411455,0.0257298941042876,0.0281214407311781,0.0269262131661218
-0.0266962201348827,-0.0266125613732404,-0.0192360332352567,-0.0283987912718119,-0.0106122263478487,-0.0136912094574656,0.00904871039149236,0.0188983906790765,0.0361525366721887,0.0188207056512434,-0.0263657422359154,-0.0176089590431971,-0.012505654385178,-0.0283409672535866,0.0163052282832692,0.029174454499536,0.0186863217556915,0.0283316180048956,0.0273955446761182,0.0166207438272608
-0.0312851666898261,-0.0206785698620765,-0.0139843488764141,-0.0274696410711725,-0.0111332053513502,-0.0280554289860961,0.010730213615261,0.016283233829848,0.0357974315162154,0.0149584046335497,-0.0289968697683859,0.00439167571967596,-0.0146838897889757,-0.0137051499956137,-0.0088321015125012,-0.0211136626310473,0.00915547219283264,0.0107360304655931,0.0239458392128025,0.0281018152974698
-0.0372398045294079,-0.0117179557829441,-0.0301702005305532,-0.0235379472280148,-0.0173576854240232,-0.0110629469496132,0.0124159106052111,0.0107274503877436,0.0186139951984657,0.027014862449518,-0.0296046370615393,-0.0148382225933324,-0.0225743702742153,-0.0336135629417904,-0.0138235482935364,-0.0256666659447208,0.0150001352746744,0.0154452727004704,0.0229412569279176,0.0273799363481328
-0.0317937520753896,-0.0141698218198645,-0.0248836747638708,-0.0232858293338591,-0.00693125677559127,0.00242585716869044,0.0167975752326079,0.0305446262368187,0.0312521396836949,0.0197736594241629,-0.0267213781233639,-0.0156540019428502,-0.020359198666625,-0.0288526035545153,-0.00313945239038621,-0.0112888062619864,0.0158035842970338,0.0166268493742308,0.0297894464690513,0.0170002277958545
-0.0339839846322876,-0.0203809541518332,-0.0243607819015489,-0.0239853675870356,-0.0173368463462319,-0.0250364487591238,0.00724127717434636,0.0157809848575515,0.0193773127641536,0.0178128957129998,-0.0278433947373414,-0.0244586765514596,-0.0215931935025766,-0.0316084619281453,-0.00908782885082013,-0.0174535980099912,0.0144592751752256,0.0345347166296963,0.0239994162414419,0.0239792709484888
-0.0375169280453828,-0.0190169023735962,-0.0235960553288382,-0.0222472832118784,-0.00307540268002917,0.0093204268500521,0.0142687921775314,0.0295309507491722,0.0180258144172833,0.028001304227956,-0.0289231636977488,-0.0184960541234312,-0.0133035889355213,-0.0304486276490364,0.00441937809686832,-0.0135186640873402,0.0217300009055442,0.0224592012734311,0.0237614296119841,0.0269736130920137
-0.0339593724657337,-0.0212010675614299,-0.0188582635748965,-0.0320317352127541,-0.0162929582373196,-0.0190055130747646,0.00496109291499161,0.0196746942288608,0.0250324014579529,0.0162396731453565,-0.0276708088292316,-0.0231612617609648,-0.0152597368843926,-0.0292473026726934,-0.00622329612669371,-0.00689642995283893,0.0120952057666153,0.0301431328066859,0.0308789646499908,0.021846187445827
-0.0283901855689116,-0.0233675799706548,-0.0201523443562928,-0.0253665364316716,-0.00658907311525626,0.0110917772451364,0.010189814989848,0.0161023362288106,0.0330289266321353,0.0221311994243313,-0.0289658331849859,-0.0173302288757613,-0.0190219797308843,-0.0272106649353379,-4.49073975089837e-05,0.00531116951058292,0.0191212494273156,0.0301231746276062,0.0294059863106998,0.0251527543494402
-0.0370592881700193,-0.014567659588956,-0.0227893942706229,-0.0285845543697102,-0.00631451133322778,-0.00990175410364474,0.0190554417821892,0.0337833103185127,0.0304147589193471,0.0211441077328971,-0.0315365034492486,-0.013923811304527,-0.0146739016215572,-0.0319378606660992,0.00250407580732657,-0.00221663064418428,0.0176496374244413,0.0342203643250585,0.035007147980482,0.0166013284859574
-0.0254290883782189,-0.0272650028445869,-0.0217258446027971,-0.0291798554201883,-0.0120367507842471,0.0104533736886307,0.0126322187277588,0.022778092204428,0.0231146110502743,0.031369310050469,-0.0238822781672884,-0.0267520693461223,-0.0184301414454998,-0.030445990990203,0.0138980113471439,0.0149528199059911,0.0196724607294054,0.0321347341807425,0.0325706797233418,0.0194046974158777
-0.0307392881579636,-0.019754020947728,-0.0117249176002322,-0.0356684267765311,-0.00803684270285908,-0.0289663155682641,0.0103708641083433,0.016499874960368,0.0261922149007461,0.0253263723365823,-0.0234363825543925,-0.00600086129145376,-0.0153924048616753,-0.0207084348542252,0.000392869343317513,0.00373532162388845,0.0160774176868986,0.0305505382945827,0.0326085109715662,0.0209700144324509
-0.0329767948663502,-0.0201231710095711,-0.0194121693454898,-0.0385745827485568,-0.0130700110909253,-0.0304615222420349,0.00971006062728824,0.00284422531907698,0.03212307115681,0.0149413837010695,-0.0335551316240708,0.00372502687610508,-0.0212845916337758,-0.0205798973506443,-0.013429719874079,-0.0277196766251944,0.00852229245225066,0.0220030464331295,0.0282784612544315,0.0220744279247454
-0.0312470057248244,-0.0324756396027084,-0.0182717330117052,-0.0342341698443891,-0.00663177270096307,-0.0203890708652582,0.0220047951143372,0.0166250482447659,0.0372262249979301,0.012373880972456,-0.0174743228963882,0.0366415659748278,-0.0203260851999455,-0.00176600822793658,-0.0133024608635081,-0.0268484122006244,0.0154661330738607,0.0120042490148264,0.0252202073211626,0.0283525380319249
-0.0336023041465986,-0.0163427471661736,-0.0123399831053237,-0.0406666397870566,-0.0106114600289176,-0.0282928828192022,0.013496744216163,0.0109932011130172,0.0356003771226781,0.0196005955868842,-0.0293353233968979,-0.0059733864819678,-0.0216849903517599,-0.0249344646685721,-0.00691553366586929,-0.00718652119548374,0.0127266607540928,0.0316337462390859,0.0248736038150306,0.0230459400242915
-0.0306826837225001,-0.0356789782086111,-0.0183565972694541,-0.035929778355923,5.89917159249549e-05,0.0182504161211974,0.0206389860380085,0.0102182892617307,0.0284723643796176,0.0034648693785899,-0.0267099171573848,-0.0291978632341672,-0.00971153322238812,0.00586842308095978,-0.000763655442377046,0.0371872921817037,0.0201581697407612,0.021250148427061,0.0272084352039008,0.00979642138266624
-0.0363860549536233,-0.0102966195528489,-0.0107424611452141,-0.0316655368323158,-0.00859308409533868,-0.0074146000244394,0.0127856241560529,0.00389997366027879,0.0289221475014174,0.0238177648093737,-0.0301952013037246,-0.0159571850846996,-0.013582727570836,-0.0281366875950029,-0.0124919207252898,-0.0260063384325321,0.0119329391290957,0.0237578141290049,0.0228510300412532,0.0266353434082117
-0.024817997641231,-0.0176534575160592,-0.0223398760469035,-0.0306060861177413,-0.00427244019819105,-0.0118922028762748,0.00995702641833283,0.0217371793081422,0.0346230228175573,0.0212704025773808,-0.0316733572785715,0.00139504468899186,-0.0250929739217583,-0.0232753301024378,-0.00789059126263886,-0.0177835908449007,0.0111976492899935,0.0277777997140807,0.0270345703484961,0.0240242907298422
-0.0283723866241705,-0.023370421592833,-0.020132496846128,-0.0363827820120805,-0.00983340641021639,-0.00962040850647142,0.0224300971930434,0.0373283828748901,0.0327529056997761,0.0266002619311545,-0.0306929103461834,-0.00510593848473118,-0.016227619228983,-0.0289426642052328,-0.0036444954036264,-0.00429333856217185,0.0135428323112658,0.00825281668403365,0.0286858065896393,0.026274018007296
-0.0378924975795945,-0.0165185772077616,-0.0189863696106909,-0.0306109058132141,-0.0157490138067002,-0.0250932469400489,0.00930828962406662,-0.0083933420365579,0.0290632457821578,0.0150216275984929,-0.0310541566060701,-0.0226287029833568,-0.0151002370139692,-0.0271551807479765,-0.0128886827684583,0.00594291265524321,0.000809653574532167,0.0211017242198775,0.0224085912747751,0.0100418771295147
-0.0330015859826747,-0.0218062761686313,-0.0196600926156461,-0.0405715892175042,-0.0108765333296241,-0.0210135628185345,0.0212700598823066,0.0347088885414394,0.0325690961013931,0.0283081191215759,-0.0329035950258787,-0.0109240428896605,-0.0182333752944466,-0.0328289214712543,-0.00341079695920448,-0.0189493941549966,0.0152315265580219,0.00664537471491783,0.0273342327253392,0.0254221909900138
-0.0394669135230374,-0.0161038512960219,-0.0281867990763895,-0.0336885166790267,-0.0162151742157783,-0.0344949710698262,-0.00681423369398006,-0.0280385472973711,0.0209752949101727,0.0356077849297006,-0.0273098427422994,-0.0222587332375364,-0.0135947706905976,-0.0320284956599666,-0.00801101600566819,0.00522233146510197,0.00693934021526368,0.0310061381768087,0.0323650810958029,0.0154309667614441
-0.0256978270499058,-0.0272772002969055,-0.0140888089225422,-0.0194993468216251,0.00534317308347766,0.024802013862739,0.0105054447705818,0.0266176814787329,0.0303034356079198,0.021925912015881,-0.0253896578646445,-0.0247298856289258,-0.0131284728362309,-0.0294011864213047,-0.000750909907771174,-0.0066449599854898,0.0194248782813248,0.0245805545127941,0.0207187018534752,0.0270309723868263
-0.0343787053079414,-0.0137336274733643,-0.0194135841452917,-0.0259516853958425,-0.00894891021525401,-0.00552977137407555,0.0142709383220981,0.033233737403205,0.0196811390182021,0.027850601330551,-0.0272819623071281,-0.00774214302683011,-0.0156720059245906,-0.0263440726540101,-0.00288545100727571,-0.0187249525860578,0.0180811024153902,0.0218636730942217,0.0271840049977764,0.0236103191157147
-0.0298382257827766,-0.0165208636943464,-0.0102191703819807,-0.0334616340122803,0.0028706601058763,-0.0383450614890987,0.0121007984525134,-0.0194242750337916,0.0239019124552958,-0.0145731326126107,-0.035643630180622,0.00517365230690725,-0.0281395364287471,-0.000105282227184982,0.00603595030306032,0.0228778356220705,0.0191341260423606,0.0261212639673234,0.0317985401656266,0.012659224852719
-0.033906325059391,-0.013106126536761,-0.0196655374565645,-0.0258178059022719,-0.0147356536823323,-0.0295981039637091,-0.00554044717968111,-0.023452903194111,0.0216981727583314,-0.00271634668992546,-0.0269383494203511,-0.0100421163938533,-0.018371517438507,-0.0255493511732796,-0.0156757332525613,-0.0221779623635646,0.0106733753099736,0.0251918756836008,0.0302787099411745,0.0178380512410865
-0.0333740647911065,-0.0141499452495816,-0.0183641498652354,-0.0233244865163394,-0.0166166548813444,-0.0267678279355841,-0.00300184065341779,-0.026971123549596,0.0221410719635676,-0.0161897727400286,-0.0318557777585213,-0.0108392911408089,-0.0203664250807943,-0.0255184140878364,-0.00611217075276669,-0.00959472939621629,0.0176799885377061,0.0300411514547268,0.0337126683281316,0.0228750077967127
-0.0353963226700779,-0.01905592291876,-0.0228340686632027,-0.0266633027361429,-0.0102717901111919,-0.0306030211699912,0.00511721415079496,-0.0288297199280189,0.0188104645443921,-0.0115563698622014,-0.0325408324145439,-0.0130099975353391,-0.0219993351770139,-0.0241519455781094,-0.00558284324833016,-0.0129104501055954,0.0135427807680028,0.0295667063599099,0.0305819689619108,0.0249337707252453
-0.0374389600700744,-0.0131509154093934,-0.0252361435482729,-0.0231289837751817,-0.0150513650855606,-0.02672895880584,-0.0014149227896405,-0.0266952496412155,0.0200838544683041,-0.0179323251066999,-0.0285235161768479,-0.0129557584239459,-0.0196144147398605,-0.0243652743028494,0.0042171364269571,0.00291952016642606,0.0202133009902237,0.0368004824864435,0.0315534358354659,0.0339242873139571
-0.0420513877235107,-0.0113064468758595,-0.0293804787097613,-0.0227082950928211,-0.00938014880024672,-0.00239363582229331,0.0132517823324359,0.0300808656123439,0.0268585280210901,0.0241323592275116,-0.0318305758327955,-0.0153496232604759,-0.0147067268119293,-0.0288004363210952,-0.00503987347640078,-0.0106707631739919,0.0149474715285522,0.0346906185452971,0.03175850616083,0.0202984791122365
-0.0391968169335573,-0.0141195459698742,-0.0209491741252007,-0.0291235667536427,-0.00558085156401499,-0.0323172664234539,0.0111279660816473,-0.0240153029696221,0.0280731046728776,-0.0103570885841602,-0.0360214896679662,0.00460397144151263,-0.0171133367990534,0.022816868724892,0.00778072368656237,0.034822834878484,0.0219622378760613,0.0326980769614044,0.0383993382685858,0.0170386774868603
-0.0409858145460602,-0.0151797018145806,-0.0261896365447691,-0.0287900384590278,-0.0106747927559194,-0.0342796439660137,0.00945618075098314,-0.0185702684431065,0.0245690396078028,-0.00584373342823657,-0.0346625076825521,0.0069559401570404,-0.0155733797282661,0.0237238943708926,0.00703241405644389,0.0344843803444931,0.0213588186543351,0.0301463450993605,0.0388506464235814,0.0132475403427322
-0.0418121213247807,-0.0151830059469422,-0.0312890297141996,-0.028571727982343,-0.0202269687871909,-0.0318622966805996,0.00150323165426707,-0.0251867150711384,0.0237351465849435,-0.00914379364778451,-0.0394553405915089,0.00500838332849313,-0.0262733747967568,0.0149535430150073,-0.000949874776078991,0.0279849239307919,0.0219624983974509,0.029072884375137,0.0364577224906897,0.0206484013619441
-0.0428492324186774,-0.015137207394778,-0.0283946306697471,-0.0277605810401836,-0.0131419905902457,-0.0321433177950952,0.00966285981777252,-0.0205398432632564,0.0299700653460573,-0.00471212760352736,-0.0364427734863063,0.00819815269019842,-0.0203154465728466,0.0266709514203728,-0.00200365826317631,0.0369816898873682,0.0172759565888218,0.0360204231889525,0.0305489181165794,0.0243513610536316
-0.0384635699248925,-0.016212427859482,-0.0220993062740135,-0.0267871568828909,-0.0200153203830793,-0.0278760821322335,-0.0135490809123648,-0.0296777879787337,0.0142726107098746,-0.0185260292093449,-0.0304634556434783,-0.00787557834083875,-0.0126858636174243,-0.0199133184660405,0.000324523536212209,-0.000664709821088769,0.0195607287417048,0.0365030136404668,0.0344716744112037,0.0245932338317604
-0.0377924118990903,-0.00980338208328342,-0.0228791762913825,-0.0213168452652458,-0.00889251922584332,-0.0258185767140152,0.0145137943954592,-0.0243232825666125,0.0370418517021704,-0.0107199706564439,-0.0362678653020172,0.00687515501952556,-0.0216232692966224,0.01857618847258,-0.00389069145352207,0.0300862655520819,0.0146999324982995,0.0353368529371719,0.0309066648795931,0.0280025479607132
-0.0425723040083741,-0.0123374132194323,-0.0329323519004161,-0.0235565149963056,-0.020287490953434,-0.0279069320750225,-0.00297142682023275,-0.0267139377768228,0.0219594459235045,-0.00945595658250903,-0.0321498400344005,0.0114471722427919,-0.0204705871046026,0.0272252894444414,-0.00221051660640472,0.0363845024187832,0.0186497415571713,0.0350095269433179,0.0387335043959978,0.0153347010041072
-0.0477360702220642,-0.0118058214424956,-0.037659243883562,-0.0218255736108787,-0.0154085399335042,-0.0289486942518518,0.00434470010866536,-0.0247340595785641,0.0247027689508796,-0.00969328299458014,-0.0366893582259995,0.00612112177057009,-0.0269092243822073,0.0199900178332932,-0.00981290811087923,0.0360694355505547,0.00726216342794513,0.0388848103533477,0.0300443396637653,0.024988996230221
-0.0438116366274392,-0.0169828371645142,-0.0237325283323081,-0.0265137085876375,-0.00251046648050037,-0.0281886237529742,0.0209742952760459,-0.0166196548902361,0.0321540144541597,-0.00529840242221635,-0.0379369135638841,0.00971330528085361,-0.0223201878845484,0.0264036738557964,-0.00589006709874473,0.036125699718005,0.0144574319420548,0.0376964070817267,0.0338983400450019,0.0223816084084256
-0.0455182533860351,-0.0175675778860093,-0.0286803838350985,-0.0284174004999284,-0.0081931659399351,-0.0296175562321401,0.00984610425863977,-0.016567235280178,0.0276892975816425,-0.0034626235914334,-0.0334835439500681,0.00516550888616177,-0.0144398308506693,0.0229294484426749,-0.00304154300846624,0.0342565410281557,0.0165972229882633,0.0364405889339001,0.0356035501140532,0.0221320651563318
-0.0445041296080038,-0.0129312325241186,-0.025978848743463,-0.0265989299488143,-0.005853528548711,-0.0317073230697484,0.0161991053082363,-0.023445455049545,0.0374289799483148,-0.0140727749648235,-0.0313891180592393,0.018383876165221,-0.00996703049627244,0.0333300197957153,0.0170879802059689,0.0348212897631955,0.0429372654640691,0.00916906775115863,0.0519733048498395,-0.00808468215188343
-0.0450442911051093,-0.0200832695468992,-0.0307982099224457,-0.0265893141910656,-0.0121997714532664,-0.0283153369966466,0.0122845782184479,-0.01999466968886,0.0320366850496124,-0.00950535515870134,-0.0328996120335385,0.0156242162805135,-0.0128406094096474,0.0317558553178979,0.00346487508896473,0.0350449277280488,0.023886417097851,0.0349032209693478,0.0390827272540305,0.0202340555597352
-0.0422809636618694,-0.0151782664525571,-0.0280053495238346,-0.0247232644529949,-0.00914862249225649,-0.0297044682395097,0.0149074309025379,-0.0253739777086819,0.0369243238687018,-0.0146309801491029,-0.0379654129612592,0.00973787021807346,-0.020637289948664,0.0275521899757026,-0.000940797358876881,0.0337595801419147,0.0169928619413428,0.0344294478783945,0.0333550333322458,0.0208545537599245
-0.038975102551293,-0.0114481267242861,-0.0209525540744474,-0.0246376920579566,-0.00421271754822328,-0.0314144905191786,0.0143437527910078,-0.0286466953587205,0.0326116452582246,-0.0131508178862617,-0.0349549283154273,0.011947131098718,-0.0134200360359435,0.0320390003892759,0.00597165778688102,0.035633201316571,0.0222403227656658,0.030069418366383,0.0372425397404826,0.0138009685019822
-0.0460242782793196,-0.0134500844801364,-0.0372652400481157,-0.0241034081266978,-0.017244761007603,-0.0295069473680309,0.00669465871470791,-0.0254970849327769,0.0350356671077946,-0.0145148505851623,-0.0372470498613519,0.0106476090887731,-0.0172359935380205,0.0299588210111707,0.00929569342573002,0.0344849028384914,0.0317043934835178,0.0243261375698873,0.0408663435655403,0.0143898767474588
-0.0448409540907407,-0.0147304704921906,-0.0354587565828965,-0.0280922773346563,-0.0181361974415011,-0.0331410754721695,0.00336323896211581,-0.031301532961124,0.0324595872552165,-0.0191919121016265,-0.0363234695632242,0.00617398330347523,-0.0179842451926846,0.0242837027676772,0.00122468940691906,0.0351095763454643,0.0187637058128908,0.0370101283919967,0.0370522062911179,0.0245738302923802
