u1_5nodes_1,u1_5nodes_2,u1_5nodes_3,u1_5nodes_4,u1_5nodes_5,u1_5nodes_6,u1_5nodes_7,u1_5nodes_8,u1_5nodes_9,u1_5nodes_10,u2_5nodes_1,u2_5nodes_2,u2_5nodes_3,u2_5nodes_4,u2_5nodes_5,u2_5nodes_6,u2_5nodes_7,u2_5nodes_8,u2_5nodes_9,u2_5nodes_10
-0.0372763634048467,0.0277422923788545,-0.0422737633116902,0.00568542458330967,-0.0468502821312756,0.00113050950589729,-0.035310060787382,-0.00712632253483339,0.0209464323875737,-0.00839153337609797,-0.0169324388683444,0.00711633991899488,0.00883059128274361,0.000897102860746375,0.0313092841442609,-0.00303291674268378,0.0444175646407929,0.00270351906126669,0.0476175078030914,-0.00429532640914672
-0.0229703046341436,-0.028145111266577,-0.0186668320967388,-0.0266795630606203,-0.0195070490855007,-0.0273435076250841,-0.0177561793450444,-0.0288056690240197,0.00936180092832274,-0.0223463734520581,0.00549412688401866,0.00533476246629109,0.0392579880911535,-0.00410197954154909,0.0499418822454721,-0.00501264613319288,0.048360691985349,-0.00351037698333501,0.0463422817184754,-0.00425016872593443
-0.0251914591400659,-0.0235094345949091,-0.020127972368379,-0.0305013349247648,-0.0204258826080376,-0.0275237832237107,-0.0186778498701655,-0.0295188498894387,0.0282774193113407,-0.0169765360967653,0.00772078556498705,0.00136626571877342,0.0321823469948369,-0.00166930454400714,0.0440715669285722,-0.00806720510682615,0.0340416586970215,0.00259947434728079,0.0431405753739644,0.0116360222663902
-0.0323484649428449,-0.0110025436971253,-0.0230410730709912,-0.0216920791570296,-0.0224277489147938,-0.0260760621136856,-0.0195078288118089,-0.0265873500514283,-0.00117079612343863,-0.0206791151691519,-0.0176130349843974,0.00915986312041479,0.0175278923588649,0.00066476870023471,0.0355826755045971,-0.00430413529526364,0.0414637049234378,-0.00331423685820816,0.0497039978925002,-0.00466173409484152
-0.032110909090499,-0.0178117585256264,-0.0219480393892366,-0.0224012353724772,-0.0206407542517165,-0.0260949550873805,-0.0189371470034442,-0.0277935951638533,-0.00783596457090636,-0.0249786018170404,-0.034792574709948,0.00237233422247931,-0.00653690511255658,0.00448881743443011,0.0167663500437486,-0.00116311512999164,0.0305199749043466,0.00257262955619447,0.0391533240921506,0.00399251817061383
-0.0270984906129898,-0.0138824830046267,-0.020571159319265,-0.0256298502967897,-0.0189780836932783,-0.0289546659605586,-0.0190810542431784,-0.0284558293570244,-0.00363788533162771,-0.0172363634954824,-0.0352667266078959,0.00615639751034394,-0.0139610017946543,0.0136810569813967,-0.000581581537445816,0.0112795856672237,0.0162891650681883,0.00781101036067086,0.0276170355051489,0.00458407936348701
-0.0271014091253445,-0.0163777512645747,-0.0229034628796481,-0.0239856227194,-0.0196187164750722,-0.0255306912290448,-0.0188089616884718,-0.0263732698118989,-0.00951231421526659,-0.0230786592109889,-0.0073146400069887,0.00779178520782413,0.0297213306995111,-0.00100500182238262,0.0430666228706326,-0.00401559997369272,0.0466457712633199,-0.006513257710902,0.0397573278983134,-0.00416382385259354
-0.0299824127797532,-0.0118491336016543,-0.0213611279497697,-0.0218644895367476,-0.0204110646374497,-0.0246732646217473,-0.0199485283519277,-0.0268053010390114,-0.0071786218559395,-0.0241180346692057,-0.0344877299022439,0.00554477036070426,-0.0217330664730746,0.00867663871896657,-0.00104915568767574,0.00818682313838204,0.0136417841251832,0.0066003313788014,0.0325753310252739,-0.000203104352484937
-0.0278819808261697,-0.0125289182622662,-0.0196405431423982,-0.0254057459260179,-0.0180639109705627,-0.0282737785082358,-0.0064422667704848,-0.0219921536455447,0.0222286264679391,-0.012138760843816,-0.0336526086129003,0.00756951077390187,-0.0339936103159662,0.00967581598201695,-0.0114823550942526,0.0148828568949507,0.00586090638953667,0.0168813201671748,0.0153022140258387,0.0156928104810793
-0.0324439392113579,-0.0171594697250502,-0.0180014197864189,-0.0246452595369326,-0.0187395363139564,-0.0279586153190101,-0.0192186056789689,-0.0285522036646059,-0.00865275813977384,-0.0265571935969407,-0.0251307238036717,0.0158002173058446,0.000652497271184263,0.0224184321659853,0.0163314707452932,0.0283196250219454,0.0234793342790693,0.0237331878222226,0.0201846428479818,0.0282006296857062
-0.033683793707784,-0.0172153614037216,-0.0208302244500255,-0.0256035029390095,-0.0202190858707453,-0.0284423392928165,-0.020460828810567,-0.0280500553710615,-0.0054639870125367,-0.0143226523308842,-0.0227807441606417,0.0315020649803839,-0.00114401670224222,0.0328480195302867,0.0187733218297418,0.0261824762253398,0.0182316482877064,0.0279922607135774,0.0249073718179218,0.0200321216846466
-0.0303260090018944,-0.0147884080092925,-0.0183698526486691,-0.0254800040983821,-0.0185569802557741,-0.0288696491352965,-0.0196811075002467,-0.0285396659214575,-0.00472162769715805,-0.0240666900611468,-0.0246550274709875,0.0253625242258758,-0.000782012121908984,0.0284427187049508,0.0204756488752249,0.0237461961188573,0.0163175586370288,0.028075577097786,0.0210261024300245,0.0247216387379525
-0.0267361393040148,-0.00516756657838847,-0.0194326414749513,-0.0254594678793947,-0.0181414752034651,-0.0296704354054248,-0.0188040121784514,-0.0274116790260681,-0.000756496046133262,-0.0165075090423708,-0.0254349569578324,0.0253391574573708,0.000427342315435333,0.03227807836918,0.0161338182152754,0.0262764251014715,0.0190276836038279,0.0273561204079943,0.031262251740305,0.0159080494808015
-0.0227022243693455,-0.0245110566351122,-0.00657752208076653,-0.0198113733494292,0.0363197952884558,-0.00759163426650677,0.0468005292598192,0.000641555863540277,0.0453154066102978,0.00465668481167133,-0.0213359962176106,-0.00929498625272091,0.0161118869081166,-0.0113260687293084,0.038440379073856,-0.00499811050431071,0.022165196432479,0.0247023900680567,0.0255218289692436,0.0161296987427166
-0.0279841329459578,-0.0192715703125797,-0.0205901140385203,-0.0246434134825804,-0.0173572300106237,-0.0269807138367867,-0.0193240270193222,-0.0280255370661669,0.0121281010623318,-0.0216039166255525,-0.0240699176530148,-0.0106996718328723,-0.019382600062742,-0.0199481102770805,-0.0139983606857439,-0.0278707582571698,0.0150096233485923,-0.0198036161255369,0.0448811730197471,-0.0171265330304768
-0.0276314919498931,-0.02012308419505,-0.0208071129833268,-0.0254971541276094,-0.016308219980938,-0.0257794701422937,-0.0179052097338809,-0.0272424570172838,0.00777675869299051,-0.0207339861613865,-0.0236604046257867,0.00354723293910015,-0.00281969627895713,0.0130824991921017,0.00914446913717302,0.0197003826683555,0.0239412056595014,0.0238232596624876,0.033737347580742,0.0141904542892016
-0.029558358676614,-0.0234291472267075,-0.0207517019009138,-0.0259253754790528,-0.0190630533927093,-0.0266651463737653,-0.0198778622491511,-0.0277471020198664,-0.00757994231395233,-0.0261050686861701,-0.0225720917891913,-0.00713750135159707,-0.00376593669655014,0.00914672478339191,0.00498134467108907,0.0151442770740609,0.0115379929377222,0.0236814497723858,0.0173955361144492,0.0247917964469794
-0.027112329249497,-0.0245164898170041,-0.0185918221953764,-0.0258028978044343,-0.018730632518447,-0.02709967265426,-0.0190709640312699,-0.0276546111854408,-0.00122867838123815,-0.024896987124135,-0.0298635961791715,-0.00113004005742595,-0.00563084654161143,0.0133606544503318,0.00482853158120587,0.0214634230075112,0.0190077374010337,0.0261439434723203,0.0444827924240748,0.0035436313549619
-0.0358518174598164,-0.020689212896224,-0.0222764075771369,-0.0293300412985407,-0.0205289036019631,-0.0298803675284019,-0.0212560190236457,-0.0306333321745235,0.0173871131299679,-0.0228786250240384,-0.0405168360125881,-0.0175242001357498,-0.0277299399202634,-0.021048638270441,-0.0197201935866776,-0.0281531745389735,-0.0189972123458693,-0.0303280895647389,0.0127204874730477,-0.0191865802696442
-0.0231558531719175,-0.0231746171232549,-0.018720096143767,-0.0274770091791138,-0.019745569601815,-0.0282189484065174,-0.0149430973899121,-0.0284422679119415,0.0393836855460119,-0.000994996430179644,-0.0169885069050882,0.0139334740173941,0.00452756061789263,0.020990231871422,0.0106760796382667,0.0272080014457625,0.0235896018662175,0.0247786279563905,0.0391200356508341,0.015401216673558
-0.0369650993029733,-0.0251991316109288,-0.0202027189554344,-0.0316575838005544,-0.0207889140918959,-0.0305189446221719,-0.00867916392871007,-0.02791959723846,0.0165462517201308,-0.0152966429169998,-0.0159104247953187,0.0207066322023981,-0.00104037369220227,0.0269155152296433,0.00993397298874036,0.0268636156039032,0.0195696351132064,0.0261073992243534,0.0317702019488413,0.0155214897086839
-0.0272105355284416,-0.0192976276832205,-0.0176262327345444,-0.0255639135207516,-0.0180607782282169,-0.0279512256580403,-0.0187545977359121,-0.0289785751797779,0.033687148929421,-0.0223353428894686,-0.0205995663578345,0.0118765892018845,-0.00142435209135871,0.0180927301932744,0.00742800236828922,0.0237525655137066,0.0139925515066745,0.0257811851096768,0.020124532477691,0.0275598306884054
-0.0298845928031538,-0.0203089897989741,-0.0218106236512205,-0.0267527236415892,-0.020387832157534,-0.0288000011514713,-0.0176283024848718,-0.0285955755825283,0.0101660240833778,-0.021708512787564,-0.0200827621313528,-0.016184029167513,-0.016013261202955,-0.0193295875649104,0.0251201323538448,-0.0175022663060284,0.0411462351308912,-0.00516285544433227,0.0521186083748794,-0.00667600972442179
-0.035486413836558,-0.0199343984694431,-0.0198119185722331,-0.0273547171563404,-0.0195481879595402,-0.029090660269822,-0.00811308589309537,-0.0281146824215053,0.0171008956491784,-0.0240412574995023,-0.0240669317214863,-0.0114511920638647,-0.0144868870203905,-0.0234872194345009,-0.0168396762048523,-0.0259013192795641,-0.00166130725463267,-0.0226590231455811,0.0211931646785388,-0.0175187193749472
-0.0274258983003232,-0.016879942970493,-0.0207890001884983,-0.0244199503542707,-0.016056212115951,-0.0276765232946,-0.0166121541291444,-0.0282200917332992,0.0130144466410084,-0.0247807229596804,-0.0257327197025551,0.0132868649905141,-0.011435642033897,0.0189244764161842,0.00709620960118055,0.0243288573804336,0.0152902226705043,0.027295651151777,0.0280279994170907,0.0209530222724189
-0.0462179479995553,0.00994906756269693,-0.0388897385236234,-0.0152546557468945,-0.0221927279635595,-0.0311463032256334,-0.0182044591196833,-0.0302922804120743,0.00221215197356806,-0.0284642408755595,-0.0325245113943345,-0.0215143352460375,-0.00857529253707132,-0.0413178636172283,-0.0234909369353084,-0.0221620252640164,0.0106165420815032,-0.0183156446069132,0.0441788678234143,-0.0141328035380397
-0.0345816622142405,-0.010865506735571,-0.025459200234491,-0.0293750049834566,-0.0166546104104411,-0.0280918540329024,-0.00734282505981255,-0.0273984916513059,0.0138862382230699,-0.0238104407127825,-0.0274444608763426,-0.000926312629051705,-0.0243165097165795,-0.0290893022231604,0.00127629588561523,-0.0286808796917308,-0.00921639255164116,-0.0209319422404234,0.0150861191340561,-0.0176286734198704
-0.0314291819537629,-0.0227801241671796,-0.0220336398719322,-0.0259353325680308,-0.020899581393759,-0.0265532647298699,-0.0194248057137709,-0.0275322250255623,-9.2546295368559e-05,-0.024558413433418,-0.0230029840477229,0.00896848607996046,-0.00640088886943868,0.0192476293275114,0.00959822764333461,0.0216303740317167,0.0159982501855969,0.0293617318179607,0.019812167959589,0.0266676460894407
-0.0312361024347076,-0.0207248398671772,-0.0225898313870189,-0.0272928589349328,-0.0190889276418844,-0.0287654974577062,-0.00860199707383042,-0.0270500829551688,0.0159989731434657,-0.0236794104444223,-0.0239974809565246,-0.00592255594106871,-0.0120066451756096,-0.000916518637612093,0.00689695641669745,0.00896789450977653,0.0159443884623655,0.021559656540451,0.0202112048004051,0.0259156268102121
-0.0298928507722133,-0.0236903440254586,-0.020140384816655,-0.0295765831337392,-0.0195567440550158,-0.0296148171826252,0.00593178948394127,-0.0277978390764989,0.0412099662925869,-0.0204306875867127,-0.0309596146432192,0.0128043489931636,-0.0154189836397703,0.0199702284919257,0.00383390964113041,0.0280089864670995,0.0172541527116427,0.0235603118645452,0.0168341671151954,0.0273035329253213
-0.029353925052945,-0.0223547141837787,-0.0181150669164051,-0.0273724744605032,-0.0177980429494921,-0.0279812608495955,-0.0170696525747289,-0.0272474571960864,0.0228481604706242,-0.0246331627640875,-0.0266198668415932,-0.00218302031755967,-0.0131831866205953,0.00353815963956487,-0.00207645224025908,0.0122785148690822,0.00814738392424235,0.0267456140282327,0.0244322083474004,0.0211094245308748
-0.035709383161431,-0.0209196353892575,-0.0145295620855139,-0.0262692866669697,-0.0176427119172573,-0.0272679191852707,-0.0184342231793279,-0.0281592229421175,0.00684110630110559,-0.0279049435637229,-0.0155711138453583,0.00518850155848503,0.00136191392820936,0.0173600206043816,0.0146413187424837,0.0244499718550998,0.0171582728375788,0.0266719173958874,0.0220106116381522,0.010178599491724
-0.0277305589436715,-0.0253569024369364,-0.0185933020694391,-0.0279476203280698,-0.0154725840453923,-0.0273890499024991,-0.0179075735349898,-0.0297544441244854,0.00867248323239156,-0.0290722198648415,-0.0246883350903185,5.78636788533411e-05,-0.00960699157095188,0.0224699382631826,0.00103346373747401,0.0231326517981052,0.0171723580216504,0.0247827714379218,0.0225617875067874,0.0208552446335956
-0.0312266807684286,-0.0272176744978533,-0.0224670195051969,-0.0292632246346716,-0.0171283181109842,-0.0289802315712916,0.0148820929208576,-0.0228904664970276,0.0409652660223157,-0.00489873234685412,-0.0285450040532888,-0.018019514986702,-0.00781091620921703,-0.020106841598442,0.0051336175598269,-0.00062820090335233,0.0266428517411304,0.0203019481608219,0.0225944787907291,0.0287174473582204
-0.0280499010568961,-0.0247370638142752,-0.0203319017487275,-0.0254505355697092,-0.0183313051131705,-0.0266594165819746,-0.0176176946597371,-0.027094870171698,0.00970751528786632,-0.0214380612313988,-0.0272814842489271,-0.0116452904586259,-0.00900633676322648,-0.0109509277967762,-0.00189186912506671,0.00214533428394906,0.00684239040455237,0.0177576807201233,0.018267465505048,0.0276797016595661
-0.033754337949204,-0.0228070314968393,-0.0254282598462487,-0.0278811002284719,-0.0211926000302488,-0.0300857230899904,-0.0125939048585611,-0.0303586917726241,0.0262518177479521,-0.0249774061106696,-0.028434005974404,0.00210970639808603,-0.0103412795467533,0.0196941087068611,0.00403572970445551,0.0240381832082467,0.0141079728122695,0.0289531832201928,0.0270693654142079,0.016763089317855
-0.0344210843678956,-0.0161901857151885,-0.0237016997338775,-0.0273489337083715,-0.0148793704252094,-0.0274380595756709,0.000343139322644603,-0.0254809801066515,0.0284510120497037,-0.0184376922479024,-0.0348435264751497,0.00517478217440839,-0.0341712095545031,0.00411128158433805,-0.0173557928287958,-0.0154908877490075,0.0105559097441014,0.0120210662230287,0.022676192321137,0.0260674630120883
-0.0295452676008679,-0.0132540217928479,-0.0198486488891504,-0.0230577767237444,-0.0174659371920217,-0.0272317911674879,-0.0183894862018213,-0.0287698124239535,0.0114226027104932,-0.0233391439055062,-0.0260255030871953,0.0112477273012114,-0.00916719707307678,0.016871977258919,0.00711657379102938,0.023047118571503,0.017511523202289,0.0241816498266916,0.0245082993121831,0.0237754053619846
-0.0341257634900043,-0.0217111845357344,-0.0258596936203273,-0.0277349079522022,-0.0196430496965526,-0.0279128788690619,-0.00872214245067223,-0.0258458392283962,0.0180019915034132,-0.0158891526197942,-0.0254386010328761,-0.0150172450502591,-0.0139164460484541,0.00227173648725438,-0.000576371142303584,0.015293592318218,0.0150599484169153,0.0271640539718539,0.0328791722763161,0.0147779902814976
-0.0304040893043613,-0.023529767304175,-0.0179999380108389,-0.0291819480186463,-0.0191083494763831,-0.0283061521041685,-0.0167399434185125,-0.0300866706296363,0.0393256630207456,-0.0263724507480962,-0.00792597623265898,-0.0169934476428902,0.013615586333918,-0.00208796144737512,0.0107547955893043,-0.00679228018775434,0.0170110700727034,0.0119259160474383,0.0226974036715808,0.0213533864448274
-0.0367395408093332,-0.0215316739901825,-0.0137567069765194,-0.0258788281480529,-0.01644805947351,-0.0291432217157609,-0.016808697976746,-0.0309875724621485,0.0141868143615811,-0.0312424007160368,-0.0234147516310691,0.00521962000579667,-0.00113473664982228,0.0248514359240312,0.00545521985279377,0.0296787921499736,0.0157209589817413,0.0256506738457188,0.0231707688977173,0.0247987795754942
-0.0270014103398907,-0.0246521635059968,-0.0209028315513732,-0.0286508626424199,-0.0198163141147484,-0.0287957641889588,-0.0113470377979763,-0.0276895374533061,0.015038696669701,-0.0196929616413816,-0.0243246174986151,0.0172321886606008,-0.00697684548855776,0.0266106094633117,0.00600879898779443,0.0294298237089373,0.0205099219860298,0.0253465831848791,0.0336537933621512,0.0125972920925515
-0.0314185854952497,-0.0189846613110001,-0.022137648967021,-0.0315590273291747,-0.0189734073232234,-0.0304213538370076,-0.00626388234798623,-0.0263891957562358,0.0165435240820481,-0.0192030280423583,-0.0212459600841808,-0.0120739116575919,-0.00602083798321158,-0.0142601240802213,0.0098936326367618,0.00643052182311397,0.0161679396141029,0.0233429872266006,0.0270234459201991,0.0181681145557412
-0.0358825537849325,-0.019127401618806,-0.0257891124987932,-0.0260097532539317,-0.0197092600473621,-0.0286951238289574,-0.0194626262021691,-0.0288841396320021,0.0260520224881922,-0.0177563882884398,-0.0231770871819341,0.0131183320942997,-0.00997297951789962,0.0219244609550033,0.000581823482892649,0.0271459443699964,0.0125773451556691,0.0281068698153539,0.0224314738881956,0.0256745718302204
-0.0328708787316881,-0.0244844027753126,-0.024011605935059,-0.0265644848503004,-0.0188054086880357,-0.0272902079162969,-0.0199718941608018,-0.0292740234307579,0.0158050916202629,-0.0297005021230273,-0.0265151328420802,-0.0129316452305535,-0.0118019838321443,-0.00394775091364554,-0.00186078552164808,0.00261956107461579,0.0180742796025098,0.00155094640572534,0.0147819340981921,0.0224613062392927
-0.0339529364664394,-0.0178187838446785,-0.0233709967537549,-0.030024890542382,-0.0192189158184643,-0.0299373197413357,-0.0162810834187279,-0.0296815489432549,0.0311430923110554,-0.0217115380969682,-0.0239075026212577,-0.0128825755645306,-0.00901377819423345,-0.0176944232202495,-0.00541580975518607,-0.0178451920359604,0.0227491804298416,-0.00441000799102122,0.0197566383027191,0.0146290260834944
-0.035235020796328,-0.0179506909555135,-0.0275138144709779,-0.0247181601598711,-0.0201176652692876,-0.0270986321799186,-0.0184043628722068,-0.0288906085630997,0.00809777513467713,-0.0282820151742036,-0.0274164232933973,-0.00484301732309447,-0.0100031303293199,0.00653818755916945,0.00214438492656492,0.020846561232116,0.0140121179174616,0.0258224306683627,0.0305441084956823,0.0160509315120482
-0.0328030778555493,-0.0186904002043092,-0.0237616267772785,-0.0252964179033496,-0.0195126666120001,-0.0276071677207279,0.000809830830482199,-0.0253278085606654,0.0300922547109765,-0.0202978450835623,-0.0238058839785414,-0.00132759813903803,-0.0132707579989158,-0.0121597279105324,-0.00154945884823259,-0.00590503793851979,0.0146082014885129,-0.0016403148326701,0.0262700904104868,0.00856408418292411
-0.0318982568448308,-0.0163381118667595,-0.0221411985637797,-0.024313292965902,-0.00791318050265192,-0.0277518904395355,0.0250958361404757,-0.0234859126806702,0.0412870006489998,-0.0164878546150182,-0.0229230172303039,0.00623415197569227,-0.00588244387724107,0.003932153145709,0.0142226153400504,0.0104219818607262,0.0296390957325376,0.0134382157235644,0.0245734912793623,0.0228207112508517
-0.0363717303670244,-0.0189860345112846,-0.0213293512017775,-0.0259734852114178,-0.0204360212155746,-0.0286556194978521,-0.0142415193170884,-0.0296305993933031,0.0361429708974264,-0.0182761024471806,-0.03039097000008,0.0130945541471824,-0.014673128189204,0.019590435809456,0.00291271364661969,0.0242121601012039,0.0176683734368893,0.0245151690897179,0.0252467679188725,0.0212577557605305
-0.0314042076553379,-0.0277447736379091,-0.0246133717212447,-0.0334016260439752,-0.0198661950318587,-0.031668564497466,-0.0113369517818967,-0.0285317778932474,0.0243161420169838,-0.0187041599191664,-0.0251761304293249,-0.017796383258361,-0.0169002026049982,-0.0269762097742369,-0.00668190818978143,-0.0179910538651576,-0.00417309371325273,-0.0192951473602715,0.00626033696107691,-0.0226536674648115
-0.0299505537875866,-0.0158991106066209,-0.0227632022441944,-0.0310159390564133,-0.0199032366132893,-0.0302666155062999,-0.0155321765180252,-0.0281416881693254,0.0191610764765126,-0.0128994577289923,-0.023639078671291,-0.0107285370082791,-0.0130149305401808,-0.0181915024489667,-0.01169891648225,-0.0193893142836116,-0.00742149496733981,-0.0171072470522584,0.0107579765217456,-0.0129754878778525
-0.0353133191574794,-0.0153018279207126,-0.0286920888820113,-0.0262424771130374,-0.0207754186381995,-0.0288126865393523,-0.00709461284189623,-0.0280449559839654,0.0314710990040026,-0.0179312523713006,-0.0379905782753712,0.0214648100673936,-0.0210016865718874,0.030470785027925,-0.00758270061092638,0.0348869131567355,0.00471700210099716,0.0327228736990556,0.0211213993090516,0.0269419269524274
-0.0351712440159834,-0.0134970308720165,-0.0269769958098139,-0.0241184598152467,-0.0197933269890023,-0.0282706088198808,-0.00305292443154991,-0.0188713820467235,0.0263990807141253,-0.0196583204806744,-0.031473363481596,0.0117509787907589,-0.0222878957256907,0.0160337422601957,-0.0029441145426015,0.024331598887148,0.013127320817018,0.0288071127181811,0.0288295444912095,0.0222547923177898
-0.0333284178696169,-0.0191707753216165,-0.0240101643961518,-0.0245114395456589,-0.0167232386072451,-0.0297199386635206,0.0136277624369689,-0.028310228780916,0.0461680339471579,-0.0195254989139825,-0.0334750970727522,0.0247067466287347,-0.024088274884139,0.0441380091958685,-0.00664118152937815,0.0534210668782045,0.00947117340420815,0.0383809022281627,0.0291321244576817,0.0214884130430572
-0.0401612148382179,-0.0210092333242721,-0.0230995260420322,-0.0312653297586773,0.0047807348082773,-0.0334202472487388,0.0314838604677694,-0.0325493258084948,0.0513082929864325,-0.016620223190274,-0.0446490505667635,0.0152140092982495,-0.0315183323276031,0.0397034505500884,-0.0152657841908528,0.0350866747001756,0.00236686586534831,0.0352534198583296,0.0139997147577238,0.0305049064019306
-0.0438367095080437,-0.0109119746226687,-0.0341634248842506,-0.025462256520153,-0.0229050268667439,-0.0281221372482315,-0.0073335390217483,-0.028151347209787,0.0229276016233348,-0.0299222494483392,-0.0169265701615204,0.00752737750574487,-0.00721677877085139,0.0129932643478737,0.00404358079215652,0.017071025757828,0.0142903309475677,0.0230831659931371,0.0285610655075249,0.0175858684496103
-0.0397081021722567,-0.020518425323504,-0.0286916016658232,-0.0242579572086629,-0.0220466370756738,-0.0269462171374686,-0.00869352722544269,-0.0257062987189711,0.0152104721731618,-0.0121316388001065,-0.0327548392519056,0.00975907279011496,-0.0107736666003235,0.018105456992665,0.00289168627562322,0.0185073687808816,0.0145450492867548,0.02815662392247,0.0245056623532455,0.0254367904919184
-0.0336671831254697,-0.00934334796079059,-0.0227290768441685,-0.022017239408861,-0.0178303042326427,-0.0277021599041355,-0.000396254402339999,-0.0294490104512139,0.0257686444081517,-0.0140612277052029,-0.0249226137424724,0.00877901032496474,-0.00989459634158026,0.0105609539786694,0.0162014947740272,0.0224713973659848,0.0227381136686424,0.0295255338096883,0.0367488250625457,0.0165033506630119
-0.0214300771854494,-0.0264388279814453,-0.00947646867118277,-0.0296520277512138,0.0196255143562602,-0.0364089131173823,0.0354182764547301,-0.0291829586443774,0.0527997684462476,-0.0159736947221197,-0.0175833000149717,0.0182154711120334,0.00470391815310579,0.0199159272180045,0.0148234578552603,0.0291827668575121,0.0188261452704711,0.0334910158305053,0.0335955445276231,0.0164998945450573
-0.0399758577131359,-0.0204513618070841,-0.0296415263733001,-0.0251743150089788,-0.0189956122844899,-0.0262560212613268,-0.000507243899119415,-0.0264017701205837,0.0227258220776615,-0.0241274006805166,-0.0339991713276507,0.00185447030406689,-0.0155969060605545,0.0058969408674127,-0.00232186466281395,0.0126336827893342,0.0162033684931566,0.0247313453449321,0.0198890267070132,0.0270281625870688
-0.0353552610725116,-0.00998431469660649,-0.0289373820610004,-0.0192805583224914,-0.0205857077662092,-0.0262618775325812,-0.00332632080527221,-0.0293579341570987,0.0190132595231026,-0.0116704902364093,-0.0302935231976101,0.0127022133873461,-0.019368484066106,0.0149910726329265,-0.00805045944694443,0.0154996436256458,0.00479236598520293,0.0243688515956901,0.0171993828985446,0.0300876568034947
-0.0289082124323326,-0.0249612666820802,-0.0225985872646467,-0.0292108434741321,-0.0177862230623989,-0.0273100423950428,0.00635098921636606,-0.0265024343471644,0.0360219242519927,-0.0181985869474116,-0.0231920990285934,0.00911964605702139,-0.0112914453115778,0.0154740050599189,0.00541889665004008,0.0186583284188888,0.0130890534274568,0.0295622514152486,0.0201160945425778,0.0276368138409602
-0.0383238187797987,-0.0169878176701628,-0.0233392788496204,-0.028842181203023,-0.0145299343868801,-0.0315606654492473,0.0181843858203381,-0.0235405789369454,0.0439768824292589,-0.0125551745079933,-0.0350512141671889,0.0136988463337499,-0.0221302983107127,0.0230372928491641,-0.00692363625018822,0.0292186837428326,0.00449075437108802,0.030218237111191,0.0186166449315406,0.0257736782529491
-0.0273930879746394,-0.0173258166005442,-0.0238897250096914,-0.0226410832513276,-0.0188631354070996,-0.0286179221559276,0.00559822291053423,-0.0239840294916935,0.0358062639176221,-0.0215922936867581,-0.0280637270080642,0.0117571160396537,-0.0219572065119245,0.0188117545489583,-0.0083975844934087,0.0254060609753127,0.00697077045901249,0.0278842464026964,0.0252279532318076,0.0228318660704791
-0.0294954415499525,-0.0232116549564625,-0.0181190109337119,-0.0317359178913354,0.0312101793046401,-0.0226350016441023,0.0466836229572349,-0.00276391796103969,0.0470995644376962,0.00407418798346981,-0.0300460192423853,-0.0035431555898991,-0.00643432511702093,-0.00245311234556849,0.00410136098357268,0.0128074132217651,0.0155515382265793,0.0252010085365548,0.0208916547344567,0.0229289226480599
-0.00658179237022226,-0.0271143700665512,-0.010994302257011,-0.0310969597717162,-0.0186061153908249,-0.0307098025894198,-0.00151782660540335,-0.0258411670597199,0.0369429872575714,-0.017423415525614,0.0127818564234907,0.0168433641140971,0.0215818379873031,0.0252136189445261,0.0187973620371565,0.00309577569846863,0.0106765502475205,0.00297480227529787,-0.000580398201905116,0.0129079275661074
-0.0369773117741853,-0.0138594406951737,-0.0296003567598713,-0.0234438307249906,-0.0206734849601873,-0.0298487875897884,0.0176189156074117,-0.0300625867558864,0.0364703883992554,-0.0243149885745769,-0.0247442296741158,0.0165756078602274,-0.00708808186334697,0.0248688293783382,0.0167267344679966,0.0210300183879881,0.017726251217902,0.0255926574190253,0.0355687473554559,0.0162492251091446
-0.0421667142218411,-0.0205981787318658,-0.0349710092112042,-0.0291545894655831,-0.0160440907038897,-0.0274453338918845,0.0147982646464233,-0.0206911162567524,0.0445656053793251,0.00525080568120235,-0.018289796578919,0.000942526425837854,-0.00381526994761481,0.00629899299795778,0.00987287260978495,0.0147171235881327,0.0204155421990985,0.0298816909016616,0.0322312361399632,0.01764241479274
-0.0352805331391284,-0.01378740996057,-0.0296864320740392,-0.0246687559507205,-0.0185621578413202,-0.0287953661597617,0.00901879295232568,-0.024387854095377,0.0476253750780781,-0.0151904588200383,-0.0388306529669698,-0.00923885696647733,-0.0302239652262764,-0.0154038181116082,-0.0239261694317282,-0.0214473420297595,-0.000665574993432034,-0.0281703263739845,0.0310975309075814,-0.0239381332387715
-0.0340719654627939,-0.0112371045891879,-0.0259261464097192,-0.0202080833193433,-0.0140531771553002,-0.0248188931228126,0.012460676599361,-0.0277326178356666,0.0501921121750204,-0.0142643902952548,-0.0270408057754731,0.0110588624287418,-0.0107942152764809,0.0242353381683362,0.00398287422266747,0.0297256231960343,0.020281829766207,0.028474088507955,0.0354146216247965,0.0152551802176548
-0.0356169173902373,-0.0119497983142399,-0.0267126199721334,-0.0217922220675699,-0.0223380008599469,-0.0290138301479468,-0.00713902561003812,-0.0249609698466771,0.0200477282365117,-0.0168236218367951,-0.0279539635115568,0.0038328723924683,-0.0144794702897494,-0.0153659415959133,-0.0162379710850505,-0.0242339188074695,0.00501664962458826,-0.0279357159601639,0.0366043430341518,-0.00508507013979971
-0.0354274993985763,-0.0129563199052298,-0.025055932145198,-0.0267714318456275,-0.0232032298065903,-0.0339862503625085,-0.00424473506977838,-0.0298172989420664,0.025379881434306,-0.0195540632885447,-0.0248921091933944,-0.00646027712948819,-0.0198154071397151,-0.0222202173924644,-0.00124943053517047,-0.031608945378821,0.0224933168464035,-0.0206379723673623,0.0366796108347133,-0.00845643959587529
-0.0323046926997802,-0.017043850158618,-0.0236999764718388,-0.0265055060516543,-0.0103465864071453,-0.0285456437561205,0.0127830669541342,-0.02163548116073,0.0325632943868201,-0.0147861006332573,-0.0310677374766128,0.00373408379864511,-0.0222763165336918,-0.00716479443565599,-0.0113572795812232,-0.0212168971571892,0.0176210672512401,-0.0197549248540945,0.0283072437584944,-0.0131235171827462
-0.0290684795624472,-0.0042817010498861,-0.0232353558996137,-0.0179005952445495,-0.0119279522504497,-0.0238047459052971,0.0145624261804889,-0.031658751572462,0.0420331161971821,-0.0196002508584887,-0.0305583657373574,0.00281941004068957,-0.0198751390999718,0.00255749006499552,-0.0083653595443681,0.00026798902546545,0.0103590069036908,-0.00206571107308407,0.0298918642244724,-0.0140442540153083
-0.0408574609098345,-0.0206323054182386,-0.026327478604589,-0.0275046470924642,-0.00362407860105267,-0.0281620396887455,0.0196505224530301,-0.0183630856807,0.0311503954235358,0.00325513630105397,-0.0274640846035872,0.01102470666998,-0.0149695436129549,0.01840579384517,0.00349181265257719,0.027788674581736,0.0192718887051269,0.0266949574017232,0.0386400049965706,0.0108960863348735
-0.0419140176104022,-0.0192365116606843,-0.0316568542272432,-0.0293360425532324,-0.0180862674964118,-0.029677870494681,0.00697998285899451,-0.0193099026366512,0.0258009976387768,-0.00702301759378722,-0.0254786532859679,-0.0141848907388257,0.00157408926323117,-0.0134848477566961,0.0186126481723151,0.00674162791789793,0.0242285188759943,0.0185308829560287,0.0177549732676528,0.0284566275221188
-0.0212538238350265,-0.0220779477009288,-0.0134477825795147,-0.027291560090837,0.00317133420632937,-0.0132061873547088,0.0107459312159904,-0.00601210100169686,0.0225401341666769,0.00277559426843005,-0.0129480446996861,-0.0116983834865042,-0.00134266237656512,-0.00378591106407261,0.00701879970709559,0.00743247587006269,0.0126215371893961,0.0229520556470179,0.0213092756136232,0.0240007833074126
-0.0314671196340267,-0.0151916804825857,-0.0152434764892407,-0.0273317197834685,0.0151027165970305,-0.00597196300835942,0.0411740047667761,0.0112386326514824,0.0452569667245079,0.00517456244482542,-0.00456948707227884,-0.00677628421614671,0.00631563432393689,-0.000289951400040386,0.0198623711125547,0.0134033682261837,0.0184994265254366,0.0227262022582944,0.0230887821036824,0.023887713105419
-0.0303009527821716,-0.00731157290054488,-0.0238404969222961,-0.020267301794852,-0.0146985120716568,-0.030037445798454,0.0103737266882215,-0.0185528138090089,0.0273900610202151,-0.00109934834543457,-0.0219087148019515,-0.00322224881267215,-0.00879530831935163,-0.00474058927233541,0.00649328169542157,0.00688543885656703,0.0119519137420368,0.019944757648388,0.0241063474361417,0.0251269632640157
-0.0390251640374019,-0.0149383579996168,-0.0304720034755654,-0.0257129692274372,-0.0228206179773583,-0.031658237551721,-0.000708413542293241,-0.018373011256841,0.0203194768661036,-0.00579938360277661,-0.00485875602665407,-0.00288140242583272,-0.000332443032586691,0.0061019821012876,0.0171240608853714,0.019975949673412,0.0145955345656213,0.0263161464099226,0.0239956502575013,0.0276748278550571
-0.0271826541287513,-0.020309668027695,-0.0232227294859667,-0.0257941065725428,-0.0125928508799133,-0.0284633327998386,0.00492994133989192,-0.0161331762971433,0.0235860455438623,-0.00355373742573829,-0.0161673623513811,0.000998308834928903,-0.00419732683829126,0.00477959718189985,0.00651609661477606,0.0156299971461565,0.0127880721746463,0.0254951492066287,0.0275055416050826,0.0195128124468144
-0.0333574637687273,-0.0116643509330683,-0.0259283060842861,-0.0210555207348404,-0.0195242603824164,-0.0262503224672643,0.00124615187829974,-0.0216157804301556,0.0226393884932032,-0.00744585056943714,-0.0234865608887567,-0.000157563952330074,-0.0166668285692217,-0.00333181125152757,-0.00652402726772526,-0.00783761103149985,0.00594674560942711,-0.00841088277256835,0.0159315798905159,-0.00311425941177702
-0.0410935832691244,-0.013820274482909,-0.0306729563167947,-0.0267322776980786,-0.0216013086041659,-0.0290908618399899,0.00228798034089675,-0.0271341011528375,0.0367931212881302,-0.0212136960467666,-0.0284671542253755,0.00963775917964733,-0.0123616795242978,0.0183295305804303,0.00391255850194931,0.0281369095302821,0.0170368223974507,0.028334035975969,0.0351109356034495,0.017254094590012
-0.0385409966780414,-0.0155204675425193,-0.0262035546016186,-0.0264912104901679,-0.0221463261151317,-0.0276634290943391,-0.00607373921445885,-0.0272362928238349,0.0217230215116585,-0.0107760678133278,-0.0248564037409358,0.00192387212666325,-0.015674668621658,0.00421474621623238,0.00123582243944084,0.00434704568499116,0.00847410427218904,0.0132727281554652,0.0226344789727253,0.0195732430497758
-0.0293113703819019,-0.00487579727133427,-0.0215466104439337,-0.0123352024813447,-0.0164599424444084,-0.0221142868007115,-0.0145132946094862,-0.0295887388695629,0.0166108449319598,-0.0139303004048717,-0.030697310023543,0.00959937422316597,-0.0244556466182959,0.00624874798134927,-0.0182898300179196,-0.0013467951716645,-0.0125355257230187,-0.0108170158750359,0.0133211760436595,-0.00932786819457697
-0.0354843483528479,0.000286500809921858,-0.0416527637554029,-0.00271242465107338,-0.0454865697575678,0.000764008512304121,-0.0289042990095752,-0.0160798242021349,0.0327708080726814,-0.0169171142604416,0.00195174338547835,0.0311460443139438,-0.0195025043730439,0.0146498505228038,-0.0417121003908322,0.00110558404096346,-0.0104166759459561,-0.00447027054074047,0.0116774495447898,0.0227169884353016
-0.0380100996120077,-0.00230910228505951,-0.0192453829243859,-0.00217143772135926,0.00252209021489754,-0.00115058012660518,0.0174038308242858,-0.00148933161525453,0.0352685509238657,-0.00150980293802514,-0.0230776777057189,0.00661522736746241,-0.0160996977613334,0.00993323723766339,-0.00103410915488399,0.0210457957435048,0.00741246023234739,0.0256145033865338,0.0225520191423278,0.0251142603122879
-0.0406571946507487,-0.0152307149916075,-0.0313027238514128,-0.0220769328328342,-0.0245693761951643,-0.0263962706970031,-0.0194269028129666,-0.0278219635830427,0.0133337857960085,-0.024774644348521,-0.0217656411159583,-0.00911236919672801,-0.00937980124774925,-0.0132848641426626,0.00790940648881528,-0.00226858230155448,0.0204428448228655,0.0112166798960189,0.0193387402393797,0.0289871581497623
-0.0413161911728542,-0.0190617818214829,-0.0366172019466009,-0.0324544153588005,-0.0241384400841322,-0.0319929228829,-0.0112774098303013,-0.0286346435395538,0.0252145319190474,-0.0191034981020613,-0.0249755412225329,0.00953175115823354,-0.00881178475151988,0.0187427347692002,0.00312414003012209,0.0242618569956691,0.0153157794769063,0.0274533680895128,0.0323389341372082,0.0183622362236224
-0.0427942396303945,-0.025200057012422,-0.0404178198629487,-0.0397432513357685,-0.0261257965579539,-0.0397236399131944,-0.0066216224841923,-0.0262905487815958,0.0216229789032203,-0.00789516338407277,-0.0494841179433546,-0.0151672449666679,-0.0449017099979127,0.00187362920945819,-0.0239345111002538,-0.0067527314935721,-0.00322673542713662,-0.00433974591092988,0.0122442926051352,0.0272903703582643
-0.0422176683613346,-0.0288716436601907,-0.037943744565867,-0.038737161345425,-0.0284196286711602,-0.0365222478955966,-0.00904497862310518,-0.0298955956566044,0.0194466157389452,-0.0128432879174322,-0.0229325932496627,-0.00604656132600567,-0.00743141791192659,-0.000373218569821793,0.00429140993188768,0.0130050937520605,0.0150515472329152,0.0242007653554938,0.0162047233475015,0.0271055528752061
-0.0415994595667693,-0.020328858505673,-0.0371218439623068,-0.0326619381507194,-0.031971893695039,-0.0350910102749997,-0.0193084235541178,-0.0302597168980746,0.0122447917393619,-0.0207711513672141,-0.00725052634681942,-0.00347590127824317,0.00980319861144409,0.00653248871895828,0.0137013136672042,0.0144876071583178,0.0122074382322401,0.0260190632917114,0.0246896273547689,0.0232045768311563
-0.037679959350958,-0.0186748915231522,-0.0300250592006621,-0.0270574741787968,-0.02402375772028,-0.0291214028687699,-0.0138324788957515,-0.027857131843886,0.0158677065561514,-0.0157019231682711,-0.0162070733012756,-0.00611897342056492,-0.0044215592079681,-0.00610419212274824,0.0161848368466629,0.00838910256833822,0.0164703232721043,0.0239433510846695,0.0219376889629108,0.0218154107644117
-0.0380293631512481,-0.0218526056669054,-0.0360930694109565,-0.0324445868294768,-0.0293299665853786,-0.0331577455632106,-0.0173436279439078,-0.0316890676661072,0.0177995869405517,-0.020574398940861,-0.0332136340928174,-0.0219460804425692,-0.025756251168045,-0.0322906688662064,-0.00675147415099558,-0.0252014985278405,0.0157161144705271,-0.00539252918876972,0.0246183673543025,0.0156445987208649
-0.0370878984361645,-0.0140281719093672,-0.0336606536249732,-0.0286780118833455,-0.0264299228297421,-0.0301278812268141,-0.0141377613447494,-0.0267275163143972,0.0151856020638008,-0.0205026625643195,-0.022003651676382,-0.00178876384429443,-0.00991815494536148,-0.00344226582088428,0.00278024409144891,0.00719052586739936,0.0124839900976898,0.0238224189759499,0.0296807735784138,0.0171539446777027
-0.0408499800849087,-0.016345922942488,-0.0347355741136047,-0.027326193826759,-0.0281720943539723,-0.0280770999858033,-0.00709002588827337,-0.0253300602259945,0.0227218962905269,-0.0159116099119637,-0.0184415742909595,0.0045267872599481,0.00134808040596873,0.0144641048396859,0.0103745987250833,0.0223212103512212,0.0183205480657683,0.0295183511226649,0.033288589518095,0.0157360926553078
-0.0395714482064538,-0.0188439292811006,-0.0285480631179562,-0.0252750652003999,-0.0209582436197795,-0.0266108858827753,0.000835536053584206,-0.0231039426773046,0.0342585047926967,-0.0139965815550903,-0.0308663225415613,0.00502997605164063,-0.0230949503715421,0.00764776812084519,-0.00579702351434521,0.0157208918487824,0.0143309282312968,0.0261816254181059,0.0301177912891222,0.0236358239283509
-0.0394927798278059,-0.0174920274323868,-0.0291444056198218,-0.0272693827697334,-0.0204641481189398,-0.0306119454382219,-0.000719828836759295,-0.0246399107397637,0.0357006275590983,-0.0161166571963605,-0.0378568757985276,0.00957965069156635,-0.0256488099996878,0.0213925749117944,-0.00657250696771922,0.0320789336051117,0.0133657708183712,0.0301915253232926,0.0271959764807887,0.0188655820456722
-0.041949562907637,-0.0204837500196658,-0.0330181452987295,-0.0288272077565854,-0.0250854164053532,-0.0307137836903552,-0.00792922329626206,-0.0266257711248475,0.0216800731941111,-0.0148871942544476,-0.0215087879497103,0.00174568527812264,-0.0121751738099085,0.00885078428083041,-4.48533584024366e-05,0.0161658487870395,0.00944388817976681,0.0234269508203851,0.0217329262476432,0.0271015477527064
-0.03859598071942,-0.0152867291171036,-0.0274263922906793,-0.0259633526468252,-0.0220367786289072,-0.029883606781335,-0.00494212881932142,-0.0284844288732659,0.0180687386044373,-0.0164116322203404,-0.0277764661975325,-0.0188606032913043,-0.0196513909780141,-0.0270253128612866,-0.00775891513913051,-0.0269665596082752,0.00366584057384219,-0.0226157702917029,0.0161758847256158,-0.0140681045727195
-0.0397884743325873,-0.0115746197092869,-0.0334567607996308,-0.0220304988659566,-0.0238340940263272,-0.0279093182402704,-0.0117762416302077,-0.0261598193423218,0.0217581047165685,-0.00747022910040299,-0.0136205671704589,0.00798732004129329,0.00835792193288994,0.0139483819203454,0.0132164160300891,0.0221400119007557,0.0150667191041513,0.0272845123773858,0.025899887578248,0.0225162198686814
-0.0406893408779713,-0.0141458871111339,-0.0294643246470752,-0.028257444710109,-0.0235580958769804,-0.0315845588983235,-0.0112663664578403,-0.0276424123713218,0.0194613850422932,-0.0157573217508329,-0.0230020183485477,-0.00983218717968195,-0.0111092637743283,-0.0258115699639668,0.00862736202042159,0.00106793604296316,0.0128562642019941,0.0291940887362101,0.0167826216261781,0.0312073660762855
-0.0349674969264657,-0.0184712843891271,-0.0222260441436222,-0.0247728170063435,-0.0128341703660005,-0.0324075684099721,0.0126668952058269,-0.0243275655884001,0.0254308001141832,-0.0107914668155573,-0.0142411389483288,-0.0130311850112057,0.0107945717883126,-0.0199436048590207,0.0088381241873632,0.0134807618970663,0.0149893699723941,0.0422382684815369,0.0301252144155311,0.0222690698251446
-0.0352979495787573,-0.0259292873636483,-0.0278510847030848,-0.0357838054347481,-0.00657866876792721,-0.0271764687547562,0.0343256313904283,-0.0181176930207587,0.048617477644367,-0.00621906476190495,-0.0322104334405567,-0.0318282622517299,0.00020183789013923,-0.0164079926130563,0.0212839636674268,-0.0176347851007865,0.00546302095422045,0.0131592666469535,0.0171762810252369,0.0243904728432239
-0.0414474121045732,-0.0148212453918281,-0.0327768960624785,-0.0305324397994037,-0.027128499523982,-0.0327772000082761,-0.0134440017327683,-0.0281117081144513,0.0161365995705096,-0.0160499589343317,-0.0295388025171008,-0.0105020467834399,-0.00831163127437457,-0.00625692066672791,0.00800323924705102,0.0126371949705126,0.0119478352968533,0.0270432941251453,0.0313784845125773,0.0142465804785293
-0.0398601608999924,-0.0171832245618408,-0.0276374743033086,-0.0261239864371095,-0.0218030795401539,-0.027757450012088,-0.0118176886126462,-0.0263355654672438,0.0156383474188801,-0.0204280281461779,-0.0268112650345363,0.0158808255648351,-0.00932264752990163,0.0253520574021854,0.00543326694754974,0.0300347010199637,0.0200443081261018,0.0270859653070701,0.0378958094008633,0.0128751889477917
-0.0412784560299809,-0.0240454157132658,-0.0340955183937006,-0.0290586221310745,-0.0245817830432028,-0.0282680183222231,-0.0123177793829348,-0.029587271855197,0.0195188665245472,-0.0187732372359389,-0.0303612937579386,-0.0117307634890159,-0.0209887456389539,-0.00906536592869807,-0.0071711271973724,-0.0138958400547611,0.00918321714830648,7.26435684349469e-05,0.0160501743202078,0.0272859696525365
-0.0383251805464433,-0.0106429468334473,-0.0297866510656026,-0.0256312658126528,-0.0228541580313092,-0.030210352178998,-0.0095228572740506,-0.0265018143575368,0.0259813128333367,-0.0169265912073396,-0.0200862312678055,0.00475650102326688,-0.00958767162355457,0.00581272327100578,0.0121813740161386,0.0130412947359334,0.0169870520319192,0.0258469038418868,0.0277530263151232,0.0219064340355915
-0.0388864170818796,-0.0163397130439102,-0.0255569323146509,-0.0231698046413034,-0.0222318954021387,-0.0280357325474019,-0.00997927711591759,-0.0259918874718926,0.0314575000037432,-0.0174079352661455,-0.0324032393722708,0.00112703093547211,-0.0150906312913925,-0.00515058272389524,-0.00704689342120572,0.00164112350819725,0.0133629295929786,0.0149145725623415,0.0218772758857939,0.028292903770044
-0.04170358161728,-0.0160350392141963,-0.0340577189017516,-0.0260064555668557,-0.0275790131583256,-0.0276384775873556,-0.0124268401170374,-0.0301396285936818,0.017379394227069,-0.0206213254521001,-0.029487213199454,-0.0122227630414129,-0.0172054914632062,-0.00560538685684348,-0.00297942602182311,-0.00410428499156795,0.00708766952341549,0.0139008416384026,0.0206812286369986,0.0279530539954312
-0.0380829972511297,-0.0149257555727864,-0.028872186868703,-0.0224424031414806,-0.0249354339996492,-0.0271085169760913,-0.0165379014891864,-0.0280488322337941,0.0152633110430374,-0.0231287602870197,-0.0188455496826184,-0.00400006972672247,-0.00636986255788532,-0.00108110564243437,0.0079830598868348,0.00182043143773376,0.0148537838476736,0.018692786958415,0.0174680951586808,0.0264943233446993
-0.0406354196523551,-0.0119335029622802,-0.0318656635396179,-0.0241278867739997,-0.0215439754934938,-0.0293444220368058,-0.00355464960453984,-0.030828249157401,0.021253638751057,-0.0157837774374749,-0.028403464641556,-0.00288840432719575,-0.0136088809147258,-0.00842716864111361,0.00415644776152567,0.00571720195554065,0.0152276242736672,0.0220703491492041,0.0324784404490279,0.0194579390174395
-0.035877581395309,-0.0179442759180362,-0.031650110025833,-0.0280257407358299,-0.025420020532524,-0.0301902115219838,-0.0144437575183973,-0.0296632320499817,0.0178587756766192,-0.0183246723298273,-0.0213717106279169,0.00296336847196284,-0.0158523411347628,0.00406036347542361,-0.00428203007671672,0.00798480747304913,0.0112029282019385,0.018167571379304,0.0224954282012986,0.0246585202625265
-0.0405771873431269,-0.015334280578594,-0.0353322200987842,-0.0314261176111757,-0.023982215868936,-0.0335146852119723,-0.00152298723289164,-0.0304670551886234,0.0284163599762148,-0.0188051666627299,-0.0260198869675317,-0.0077262757544846,-0.00841086077134844,-0.0199027894963518,0.0185629666192462,-0.00981086539618601,0.019276439639956,0.0155605511380861,0.0234679456103778,0.0258002944212467
-0.0265796625163434,-0.0213688491686359,-0.0220386403983177,-0.0339738057838638,0.00121502103518634,-0.0309357273288903,0.0328789539356165,-0.0140638688761727,0.0402783812969397,0.00498571759827833,-0.0257425983487064,0.000276378615490102,-0.00347784321705244,-0.0134872680790884,0.0102192783010388,-0.0267121404013401,0.0181799198204973,0.0134302484175439,0.0260173407439091,0.0301025029989824
-0.0413243333081393,-0.0176082085071014,-0.031073147194269,-0.0293603390596688,0.000750725012481669,-0.0311999044662327,0.0231300272485124,-0.0244290167858576,0.0278541758460404,-0.0107444510691965,-0.0101945316730492,-0.0226010279114658,0.0189951493671871,-0.0157127464673444,0.00730251382611375,0.0218373781315818,0.0261883176154796,0.0222586694153144,0.020851314983397,0.0325506602578681
-0.0436030811453145,-0.0199979477756864,-0.0390457806682016,-0.0261809984992058,-0.0231304981809717,-0.0298127980088974,0.00316303454942945,-0.0320795199760366,0.0163121653488402,-0.0204206325411556,-0.0318677768329629,0.00288579399795699,-0.0236472289679613,0.00192623681386818,-0.00763396343286721,0.0199478848825163,0.00880678039564489,0.0301153020429236,0.0250714242102653,0.0292771991645916
-0.039360414032959,-0.0111677695786937,-0.0319727666230881,-0.0222061662287731,-0.0207615374565033,-0.026895672370857,-0.00666146732472609,-0.0266086031973295,0.0258013415569127,-0.0177607053233263,-0.0243016282822902,-0.00711235436687794,-0.0081090611824292,-0.0149163963815087,0.00670406044956369,-0.00733803547541629,0.0145623129087841,0.0125977086910677,0.0161480775738121,0.0291924281847697
-0.042756869477598,-0.0199630337618034,-0.0318836681573272,-0.0265878018926537,-0.0237687260110189,-0.0277039747221794,-0.0190881083092281,-0.0302739995802073,0.0216767337544667,-0.0237033206879174,-0.0247937985978938,0.00735074989442589,-0.0125790827260454,0.0161424538864932,-0.000895284750159344,0.0256535878097425,0.0101311233932603,0.0299227089479987,0.0273169602593119,0.0225122975823311
-0.0416775058508949,-0.0215934982075546,-0.0321012147235117,-0.0275582660235358,-0.023413767886654,-0.0304545716369943,-0.0044371326527171,-0.0309854020118679,0.0220383916536168,-0.0224646584216769,-0.0192164107582162,0.0189114135018366,-0.00702423243868897,0.0249701505266515,0.00230715573978653,0.0277810392506588,0.0144847657018048,0.0288201643607381,0.0314106367185612,0.020018110557737
-0.0423654247914551,-0.0153814273715496,-0.0332132501527433,-0.026061452108056,-0.0252806610705933,-0.0331401987454481,-0.00911040936947752,-0.0299226601016548,0.018763389889895,-0.0168768041666874,-0.0287563420620009,-0.00179292557207592,-0.0122871890328151,-0.00385185386309156,-0.00217303282210845,0.00349640178298136,0.0111484929520175,0.0188562917170509,0.0308087958503729,0.0313795727131846
-0.0382773128108641,-0.0193846284588915,-0.0311978022446414,-0.0290009419837382,-0.0172063294357645,-0.0329236009693524,0.0154460253502077,-0.0281930540739773,0.0401940623154465,-0.0168352450004292,-0.0245459197466506,-0.00739199457893429,-7.26514524281699e-05,-0.0287112757356784,0.0257879758494017,-0.0233269253840678,0.00939506321590517,0.00935252055563036,0.017472215296016,0.0283448601485217
-0.0410332169243656,-0.0165243526694379,-0.0323552752479119,-0.0282667147354532,-0.0257787230467661,-0.0306594547901477,-0.0144796567266503,-0.0299680891994391,0.022173178099354,-0.0179606296165772,-0.0248081285355983,-0.0240848481063879,-0.00970794609338632,-0.0320701704834137,0.0219871630506738,-0.0133268003737861,0.0160981833209679,0.0127246000299546,0.0217918113736574,0.0261612787620334
-0.0400874066483084,-0.0155454407610995,-0.030237993773833,-0.026948467717696,-0.0233683392130425,-0.0292391443214779,-0.00939785111347524,-0.0279822258466957,0.021708790122279,-0.0207960600461324,-0.0283904375220074,-0.0185833635112249,-0.0149697627647396,-0.0262466112699692,0.0112665141336332,-0.0107139336089055,0.0134801978965819,0.0119356740260717,0.019266934726626,0.0290050484754842
-0.0377737450563767,-0.0134640616066782,-0.0295076836043778,-0.0238607523916351,-0.0205218110273388,-0.0321539378632435,-0.00627561484937733,-0.0322131705373341,0.0252498239838631,-0.0252020346877763,-0.0107427281373067,-0.0148069105366897,0.00963294799221008,-0.0232286625158987,0.0161978087539288,0.00348385647356712,0.0111738936753375,0.0233932292614145,0.0302029418438404,0.0172646357155365
-0.0397098534875468,-0.023691235382932,-0.0311545465418636,-0.0270880182060752,-0.0225614753325779,-0.0308769950223848,-0.00402213771081605,-0.0295773318237028,0.0313163123252655,-0.0191056117370531,-0.0137345905298312,-0.0153589670165217,0.000240558261254256,-0.0211433015711632,0.0178923995509747,-0.00386624033686523,0.0161725852598183,0.0172115856833144,0.0286946558385597,0.0177014308576486
-0.0418371353961276,-0.0147420161129783,-0.0304533965871836,-0.0239298878359765,-0.0212953565675429,-0.0335086832150472,-0.00598643093078494,-0.0334036136064836,0.0215736519845126,-0.0145526215347021,-0.0126101281075863,-0.012419249922275,-0.0142241074620127,-0.0285666178782548,0.0214181210188867,0.00278599589762106,0.0187444969362779,0.0174538938462911,0.0223510340887354,0.0352706848547377
-0.0375279178950996,-0.0200368117929249,-0.0360294151960946,-0.0390758980898434,-0.0166896721001258,-0.0348397058454348,0.00965601556185963,-0.0289241817111592,0.0232066966470942,-0.010851795991596,-0.0278158198879315,-0.0137310424948511,-0.0239547515814741,-0.0368872330597867,-0.0214684796812553,-0.0373500790156341,0.00868230967164833,-0.017909159262497,0.0271964230838072,-0.00151078884188235
-0.0426859555343425,-0.0219318331559055,-0.0361844986274861,-0.0296852621771866,-0.0223760492150396,-0.0311861251542796,0.00402689555845667,-0.0297918084305867,0.0276022555891069,-0.0157338606756878,-0.039233062214321,0.00918094824401723,-0.0274272102974944,0.0178561479296803,-0.0142712819394979,0.026831235425584,0.00366224954417115,0.0311498137781339,0.0246950717243637,0.0237113668818823
-0.0419840397333712,-0.0194188976339115,-0.0310134031571642,-0.0264058802924902,-0.0185669185643681,-0.0289076893955064,0.00499848766572389,-0.0259835440558278,0.0302286344387557,-0.011820725386905,-0.0287828528159782,-0.0160511392580936,-0.00602950528197884,-0.0234254285298526,0.00893727476442687,-0.00125914062632398,0.0129320074651491,0.0256842272451689,0.0257784834437741,0.0285957873678547
-0.0308315521919491,-0.0116772181376375,-0.022623152853891,-0.0255222254711022,-0.0162612674766546,-0.0302847485279686,0.00538958922587087,-0.0272032038917158,0.0256201629882946,-0.01729168654369,-0.0162675272014817,0.00360142198413283,-0.00232163032854952,-0.00678336992503183,-0.00302465534900546,-0.0228630375963429,0.017082108128281,0.00230259994068694,0.0157059190493296,0.0286581578361171
-0.04248111984852,-0.0209961084851894,-0.0392300055558812,-0.0279247375135943,-0.02626482631586,-0.0295796833978445,-0.00650886312545806,-0.0275483499764115,0.02548846843162,-0.0195607956149839,-0.0259031429606292,0.0212470495927867,-0.0161390853844767,0.0268219788966784,-0.00325579126392467,0.0314433546054518,0.00803665068705308,0.032838062118459,0.0220536926695265,0.0260953392969275
-0.0356210222782943,-0.0169089994651521,-0.0288965723217434,-0.0221737681297585,-0.0223662209465647,-0.0268508436838766,-0.00816944866917273,-0.026063864449025,0.0246042103027643,-0.0175181088649519,-0.0342185294812297,0.011120500762551,-0.0134367234264076,0.0236270895566968,0.000961363185143495,0.0298732896127382,0.0152261777030543,0.0287687385968902,0.0321866706218704,0.0178967617882614
-0.0400288065384631,-0.017767635377895,-0.0287757934749217,-0.024914642526362,-0.0233469419362298,-0.0282622162757615,-0.0143349901993974,-0.028538345992784,0.0143411166940821,-0.0229194604634805,-0.0363214809272029,0.0152409619017674,-0.00948509880637049,0.0396772538968793,0.0118350146645431,0.0392715905672473,0.0244656617211706,0.0260628940052548,0.0297402510042339,0.0190426510547057
-0.0403265331652788,-0.0186209482367292,-0.0313187726301318,-0.024525014531063,-0.0250110840832235,-0.0275463456671499,-0.0199669084187253,-0.0288623741805087,-9.44298662014403e-06,-0.0221455497783289,-0.0308274174923311,0.015886112336442,-0.0037261730029677,0.0318289194320738,0.00855442967676038,0.0331273593495614,0.0178068721403729,0.024996673552278,0.0271728470090176,0.0204081704489263
-0.0400277548072996,-0.0119799371129021,-0.0293807206193137,-0.0211785319259632,-0.0221513816417522,-0.0265846492827133,-0.014734226439932,-0.0272006220990174,0.0167300889704508,-0.0184272881854435,-0.0365392138024227,0.0109680327981914,-0.0115791348771201,0.0250106441453542,0.00351381258816975,0.0296418855008045,0.021980702707099,0.0237730744452236,0.0299525849499368,0.0173093722974507
-0.0402949666571921,-0.018255275261143,-0.033422595997833,-0.0282496886545283,-0.0238024680310203,-0.0299173958597464,-0.0131629179420796,-0.0278220951470104,0.0127508765777752,-0.0188544669061869,-0.0327746728446609,0.0130799043343738,-0.0131280615931942,0.0247009934685561,0.00255804981388437,0.0307427979963967,0.0172379400567564,0.0279931499994466,0.0297898142535719,0.0211518571111722
-0.0396466021954592,-0.0173887850519273,-0.0299584660677643,-0.0262613698456607,-0.0219105470568721,-0.0298364180837694,-0.00753503105080803,-0.0283342989884541,0.0228586958418651,-0.0169721624641338,-0.0342347256913116,0.0149029501952124,-0.0180103864791032,0.027522980421469,0.00362684416588967,0.0313808169091904,0.023445761615653,0.023797659952225,0.0326633924013416,0.0139813742833751
-0.0396156253355186,-0.0172934010632672,-0.0328020038583791,-0.0241201203704987,-0.0253879480273589,-0.0274307666345035,-0.0179189294716196,-0.0289970828923756,0.00719701283047334,-0.0262664896556678,-0.028733513288181,0.013986074518326,-0.0144975645672348,0.0225177180360109,-0.00159496846072045,0.0284822708952148,0.0100422757118258,0.0306273813482989,0.0267201044819723,0.0253435442289223
-0.04215220620995,-0.019564058524367,-0.0347331587645387,-0.0292274329767674,-0.0232824049998237,-0.0288921822765642,-0.0168653773300057,-0.0312868919489478,0.0110972860003626,-0.0216615854878156,-0.0184125929320331,0.0159200610844518,-0.00424582757910725,0.0255540695756189,0.00771178874620723,0.0280627218772162,0.0233977212676132,0.0250637315331916,0.0367648151352002,0.0139764312583219
-0.0413633471420503,-0.0191350640281396,-0.0326939901277441,-0.0283694732964589,-0.0227006118560886,-0.0292923518674755,-0.00959580316069576,-0.0280832401175902,0.0218801846254482,-0.0210814191278486,-0.0264596557638005,0.0189695814063655,-0.011145051750234,0.0297388421710443,0.00148711598552592,0.0339508398509094,0.0172351412902146,0.0306265746076491,0.0339481813264694,0.0192782786691603
-0.0378428733949217,-0.0224187155976577,-0.0304190106874079,-0.0298895236146339,-0.0194429970613767,-0.0309624938528179,0.00796501974428397,-0.027260888028059,0.0302908592491263,-0.0179516074320196,-0.0323226542423162,0.0172937666608789,-0.0103599862156937,0.0281395735451019,0.00494028006775375,0.0317397969782443,0.0214929861666114,0.0274684872508371,0.0320513519726631,0.017758569684937
-0.0408324417996303,-0.021949794254285,-0.0333712373625631,-0.0306518904659168,-0.0224205500035655,-0.0312805216016652,-0.00556183160280127,-0.0299955826403365,0.0247213178085766,-0.0210035929540282,-0.029622196610489,0.0177842185064008,-0.00938820426241412,0.0263401237855917,0.00341852482307986,0.031075591623361,0.0146207681867685,0.0293557081821732,0.0257495173734588,0.0223160191408104
-0.0415136812605458,-0.0224200956688582,-0.0312006837363746,-0.0311327470655324,-0.0194817232937939,-0.0316289843471677,-0.000218649368931217,-0.0298809141717425,0.0266815181854565,-0.0213444291298443,-0.032892275991807,0.00959044182359547,-0.0168378459608087,0.0177139162421501,-0.000941654975536582,0.0261599159336018,0.0124969297900985,0.026497452578069,0.0303333121579246,0.020741756339319
-0.0379114571811309,-0.0176066920989716,-0.0315515867385424,-0.0248777500392397,-0.0233707204655548,-0.0273915733559805,-0.0158991110929656,-0.0294421504696387,0.0269260416973558,-0.0211627626263714,-0.0318429592930681,0.0185857736675639,-0.00982023780039777,0.0315070796356583,0.00455839562497879,0.0334552864617768,0.0188048700377889,0.0294459696723066,0.03175717437509,0.0186336176392099
-0.0395272887365751,-0.0176323258515673,-0.029966275772604,-0.0285333958647219,-0.0223632915752785,-0.0304184760361548,-0.0100612682075183,-0.0300761259372755,0.0212817905417382,-0.0235120761977719,-0.0217521003913223,0.0265099379782699,-0.000866626649277606,0.0344236778567811,0.0128843775248586,0.0294836442000629,0.0320864138834099,0.0141348805178802,0.0448172770145898,0.0031419998638392
-0.0377015507932141,-0.0193822734984144,-0.0284085113681629,-0.0281341840470666,-0.0205446618342058,-0.030318437121695,-0.00639384022893409,-0.0285728305157606,0.0212225801088519,-0.0186895640587673,-0.0245484985972857,0.0270480083368172,-0.0106068070961935,0.031115004741158,0.00368952277995283,0.0350865446809203,0.0163027419602366,0.0296624601684104,0.0257273995830931,0.0234705113199606
-0.0402793047587966,-0.0204905859266972,-0.0336971798884178,-0.0313813966927015,-0.0257145557426292,-0.0326045926088869,-0.0170822139074531,-0.0291411522132079,0.0103121212372021,-0.0187044601430917,-0.0269729302176556,0.0152637644142941,-0.00750686486083962,0.0248581830530432,0.00617809815532167,0.0300185240337341,0.017812667736764,0.0295179508390833,0.035835587369223,0.0125424329608885
-0.0316612835283039,-0.0264396177442558,-0.0252522803360044,-0.0295899150633427,-0.0141836498780057,-0.0280719065921879,0.00234539300720605,-0.0242777161824919,0.0280486360739289,-0.0160260235033197,-0.0234682343873408,0.0187449265090851,-0.00474228874653758,0.0292792554453187,0.0086111348976608,0.0291071733241507,0.0181850852359352,0.0270591283497625,0.0253648090669157,0.0228560365539575
-0.0422420310123247,-0.017853623308224,-0.0345663558558873,-0.0281226798432205,-0.0217537200796234,-0.0299987553423078,-0.00506371172518016,-0.0276658561977628,0.0190995106222893,-0.0207352891839741,-0.0256088343451306,0.0193726902495817,-0.0110417906369531,0.0292801219553805,0.0054548237805869,0.0316366446937721,0.0190633091869369,0.0280388134857857,0.0313108626576986,0.0165200031617283
-0.0398980869673029,-0.016328343570102,-0.0312221524607563,-0.0269532260005169,-0.025774685781535,-0.030110951513935,-0.0139859684746747,-0.0297327544211828,0.0143842373668551,-0.0244683860463421,-0.0193370296673536,0.0254523108006306,-0.00322716367947666,0.0313836033387422,0.00988810216783841,0.0320817007068821,0.0204652200736146,0.028745384101029,0.0348357775691079,0.0148795268808077
-0.0357251864938609,-0.0230824828860645,-0.0265453040238105,-0.0323323149230224,-0.0234648398273395,-0.0322042451406249,-0.0156445412345608,-0.0294241750319727,0.0188720465629599,-0.0204545747422629,-0.0229940527308659,0.0236330399082739,-0.00254365417457702,0.0321096579038748,0.0111667506477222,0.0294209539223286,0.0196427323738504,0.0272562243140198,0.0305772817204131,0.0202676049146516
-0.0311611304832467,-0.0292326140994111,-0.0261664167447728,-0.0320225312413311,-0.0217436899198623,-0.0321843665317837,-0.00852598470557558,-0.0280081530778618,0.0231026017866357,-0.017021975137784,-0.0163553732267942,0.027133377360826,0.00192825448886531,0.0316633451352648,0.0175387648525656,0.0281518133200039,0.0275875711862568,0.0251779592028707,0.0386841914990711,0.0125981488691563
-0.0392357969898569,-0.0220112691083398,-0.0314904195144618,-0.0282506142893919,-0.0255349986843847,-0.0307227743874572,-0.0177926972714077,-0.0298143437594275,0.0137396772092557,-0.0229893623511078,-0.0284867104970612,0.0225250892950792,-0.010198087765377,0.0301679094718627,0.00201264806045678,0.0335499623796272,0.0129262326657322,0.0316320979804131,0.0240465092221916,0.0249031005831455
-0.0406621528913656,-0.022726019079111,-0.0329732515013335,-0.0312144452197763,-0.0238932038921241,-0.0327344085595164,-0.0146219306633632,-0.0276068652887941,0.0158675673005605,-0.0177753903266444,-0.0285986610511772,0.0218347172088901,-0.0060309170593559,0.031304179373471,0.00370708695946194,0.0334937745003618,0.0140301051278591,0.0305908657999681,0.0256963744894195,0.022024375130467
