u1_5nodes_1,u1_5nodes_2,u1_5nodes_3,u1_5nodes_4,u1_5nodes_5,u1_5nodes_6,u1_5nodes_7,u1_5nodes_8,u1_5nodes_9,u1_5nodes_10,u2_5nodes_1,u2_5nodes_2,u2_5nodes_3,u2_5nodes_4,u2_5nodes_5,u2_5nodes_6,u2_5nodes_7,u2_5nodes_8,u2_5nodes_9,u2_5nodes_10
-0.0357346834936362,0.00347856098234842,-0.0300393766808162,0.0049188525560328,-0.0122780470451703,0.00674840314349651,0.00050003753047776,0.00710265906786527,0.0198038465657877,0.0120711455511822,-0.0335832282585985,0.00973149303521498,-0.0272529629408592,0.0101181967478023,-0.0157514154645484,0.0112101262552383,0.00292887402974173,0.00977193904579781,0.0246153126850471,0.00497788417197564
-0.0254272234173657,-0.00116451586210365,-0.0128120594484322,-0.00182730337547525,0.00113067877340506,-0.00387251397748316,0.0169499600086473,0.00255079947282731,0.0325820189825541,0.00764513451957679,-0.0260086146022641,0.013302507443316,-0.00617247068920187,0.0215724768400578,0.00437319423422402,0.0233330282086161,0.0169020906650652,0.01551002880811,0.0324552101202606,0.00884673633399066
-0.0358474246134022,0.00192010378872957,-0.0232327582871424,0.00354604090859897,-0.00453713666206106,0.00782920923160376,0.0119287678564884,0.00798374625966394,0.0251539317159271,0.00837543305297185,-0.0284301843788205,0.0181950569875503,0.00146224972471592,0.029476390528332,0.0169090979442215,0.0342029366444997,0.0196124432537085,0.0312851878249818,0.0349534110765307,0.0185302816977508
-0.0264326699906041,0.00856934971157157,-0.00218399392252759,0.0112362735871597,0.018460417137783,0.00644557226840507,0.0313080200923699,0.00508782666445332,0.0411645102413021,0.00448055817900204,-0.0287335109703316,0.0130441922476721,0.00442102505065263,0.0283831482089117,0.0185393723384529,0.029810821084882,0.0367319832523436,0.0162051472135649,0.0428519735625277,0.0138674386235271
-0.00508157790487625,-0.00126428247294728,0.037931631862632,0.00668185052935852,0.0527478052208895,-0.00198475687970374,0.0536837879728048,-0.00399931513263535,0.0563367218150333,-0.00766415514274709,-0.0347731704445333,0.0168357311813564,-0.0136118274733125,0.0257384207673645,0.00211525384538252,0.0329757687580462,0.0126470323497392,0.0313453383383068,0.0258808258286252,0.0258268533984236
-0.021029260602284,0.00645854069277232,0.00226866001753178,0.00570107495586139,0.0175123113085896,0.00441097758892693,0.03097906245559,0.00314317950768867,0.0399715588044729,-0.00135676294149689,-0.0200951806436407,0.00241178084403964,0.00570413289399296,0.0243674840434076,0.025839534882389,0.0291782880459054,0.0386056242911441,0.0197242031423016,0.0418074882819866,0.0178284132623125
-0.0035522395053077,0.0176142082085511,0.0348182631470094,0.0151697177034649,0.0496228851993623,0.00303596588355319,0.0550925446887292,-0.0046607997685834,0.0560276133373464,-0.00531416121181597,-0.0304686835415245,0.010658914793561,-0.0131712665542787,0.0245045077884762,0.00233500965059646,0.0327760618703799,0.0139185309535189,0.0354495940628319,0.0235386266804217,0.0297952332483957
-0.0323497709698972,0.00673266234772506,-0.0140598228738274,0.0109800742403248,0.0110955818885588,0.011545921194741,0.0264834145385566,0.00735902893962637,0.0337483732364809,0.00298790179881493,-0.0296925696835467,0.00851267339344093,-0.0041404353281675,0.0194302877328771,0.0158594160197942,0.0230144391483654,0.0319108410539448,0.019112666791489,0.0369635574627999,0.015513365908518
0.00853429000537395,0.0133438669630144,0.0381333639073812,0.0100185211427725,0.0498512028670001,-0.00164124781534152,0.0530466950029469,-0.00571247068225302,0.0549002591183456,-0.00737357669884646,-0.0259387486296058,0.0175252460704745,-0.000773660051421808,0.0307415441272447,0.0164772162488508,0.0270644091907199,0.0284656313621014,0.0219657385984831,0.0378868096487577,0.0157603040142588
-0.0350828073549287,0.00465791046422918,-0.0178694363602163,0.010579041304265,-0.00202169381643866,0.00936013024299182,0.0141662575855842,0.00545885944803955,0.0238929199667737,0.002483003877918,-0.0261471381537047,0.020946254070462,0.00481586510485897,0.030690167173295,0.0186524562851733,0.0318645889765498,0.0293396625729088,0.0218971026572013,0.0371365458762527,0.0153402478722373
-0.0361447924319534,0.00702108720291951,-0.0187573713683052,0.014038700166587,-0.00811091038371933,0.0156223617570354,0.0062357927992179,0.012656700273622,0.0247463600949,0.00621325859943911,-0.00741051272182673,0.00356062966912683,0.0274314324340216,0.0261670770887281,0.0355956878395136,0.0222916238011957,0.0411944944869249,0.0144070441103802,0.0454643793303859,0.00977556630683117
-0.0377561253513679,0.00962154580089871,-0.016316935942754,0.0203222639384335,0.00347987855514461,0.0211453615697977,0.0202845622942929,0.0171919082478205,0.0370471708131332,0.00786127542133608,-0.0204635093212492,0.0144560194400956,0.00813506784101304,0.0321083232778932,0.0308809601606325,0.0269073955908358,0.0407684554449834,0.0148855901777599,0.0429931794680726,0.0124411861188243
-0.0298851859538497,-0.00778566387236173,-0.00936596085613407,-0.0114265631609109,-7.94099093167017e-06,-0.0139877263518344,0.013751656836943,-0.0115492869714837,0.0306043757826904,-0.0136827237087021,-0.0355597984250789,0.0210898121855365,-0.00803221762046004,0.0451765207818642,0.0119800158264579,0.0296544421738545,0.0322504985888963,0.0211282672066528,0.0411540363496296,0.0185131208106044
-0.0335028662371659,-0.0117496500906473,-0.0218542965047514,-0.0123063837195095,-0.0202771273118708,-0.0108384906396377,0.00107621850113801,-0.00950990161197079,0.0254632721296529,-0.00660701646898024,-0.0308531041397949,0.00755280873008686,-0.0239653707841895,0.020021133263026,-0.00466812897781255,0.027098296247692,0.0136939646385522,0.0272842731532925,0.0287159058148545,0.0201225048206195
-0.0380001564626647,-0.00905434852267525,-0.0260477970312343,-0.0204373110544534,-0.00952222386311352,-0.0123666529816,0.0164712717355303,0.012237346227386,0.0374806054327094,0.0192729400000046,-0.0349532605194753,0.0177880967521549,-0.0132427698447634,0.0272504898751823,0.00727798020079539,0.0334282018277574,0.0227083225354264,0.0274491502126247,0.0360504335687598,0.0170421045715541
-0.0265598462096274,0.00798377492088608,-0.00670830607811358,0.0141484449860763,0.0135173161221791,0.020242235962689,0.0286754676858913,0.0214680799614192,0.0412846904099036,0.011104412387745,-0.0370409638330411,0.0212268309062706,-0.0131806936752609,0.0299756141682878,0.013073625608124,0.029421520150152,0.0286082549533823,0.0220508787627363,0.0393413419516759,0.00659326118860762
-0.0278985043770046,-0.0160346556068191,-0.015934522019551,-0.0225827730042999,-0.00349140122025453,-0.0168292503736665,0.0182845907028749,-0.00200838695610201,0.0347462355390845,0.0062446558106458,-0.0345393352663566,-0.00618796619349,-0.0190439849343384,0.0142481895639366,0.000164441164481669,0.036844241437619,0.0183368605894106,0.032908812334672,0.0337258655721672,0.0174077907591159
-0.0429605180476189,-0.0125633446751754,-0.0399462619409392,-0.0203986448957147,-0.0210148404006406,-0.0296954441924369,0.000342023042591799,-0.0204318044995837,0.0304981571937039,-0.00778116021739518,-0.0352233934633267,0.0280756359356108,-0.0201726513604291,0.0372361703657161,0.00222619866100309,0.0440664921789084,0.0256065993569144,0.0223475570304206,0.0367598210111413,0.0144396304200227
-0.0260997565989806,0.00405922127662586,-0.000348945551651722,-0.00151636529897897,0.0196034871414272,0.00821403972351151,0.0330028424069341,0.0125209552611523,0.0417653108202939,0.0121051123146712,-0.0250403656938073,0.0205015157387934,0.00411611447004121,0.0396716103174528,0.0254991331619727,0.0349223627383554,0.0352854043475129,0.0266754103291861,0.0415737205625959,0.0115139499274725
-0.0340272649202912,-0.0171848718981698,-0.0342629449161521,-0.0166344919100499,-0.022597529986827,-0.0241733521153963,0.00112374283616618,-0.0138531217704067,0.0279149359807452,0.0001071546064161,-0.0365352248313778,0.0299162112441154,-0.0119450652745395,0.0555010515955175,0.00739911080988795,0.0444808758005809,0.0327963733066115,0.0159437753068063,0.0455346418558673,0.00638698624273088
-0.0370398204600674,-0.0116121769862484,-0.0245553051110037,-0.0169923103096072,-0.0115639863847885,-0.0212425371718316,0.0105196412308282,-0.011611251689627,0.0253241639082185,-0.00403838660452269,-0.0395175168765113,0.0125818526526354,-0.0203672168557037,0.0296413220965495,-0.00262088436614879,0.0426253103174032,0.0147939212105325,0.0363152166647922,0.0301688164554507,0.0176839665772262
-0.0336561818754217,-0.00692333930133116,-0.0165348836904096,-0.019525340467685,-0.00736969882706947,-0.0228272683393261,0.00995864649701299,-0.0110492317635938,0.0207425038639447,-0.007660533988546,-0.0319482448608883,0.0164027507140553,-0.0132549869297436,0.0255422446044813,0.00447687317911054,0.0368324077372171,0.0210748614298518,0.0333370639997406,0.0360397661937013,0.0126496784008533
-0.0383725241929453,-0.0113970858194622,-0.0238908711319489,-0.020301360444425,-0.00754354165612441,-0.0215127923026365,0.0146185194227254,-0.0156853446103282,0.0307723222818654,-0.00801816776889293,-0.0375288065088458,0.0152426006886596,-0.0199481370123582,0.0327623704348855,-0.00286876461165101,0.0405838417278735,0.0124549904256421,0.036112117919626,0.0306337632419079,0.0162781283319958
-0.0375141844529958,-0.0140822509136385,-0.0258809666664412,-0.0222462284002975,-0.00403748501616141,-0.0251457873566522,0.0143341415090376,-0.0188341691584211,0.0310736498893526,-0.0105078028644142,-0.0330530071051517,0.00679634784560284,-0.0143107928750979,0.0294647850545354,0.00799448710828262,0.0305137901145564,0.0241081860295622,0.0255084841783277,0.0372088225361318,0.0120845816920274
-0.0340734294322633,-0.0151914842312804,-0.022707060318465,-0.0232576443684692,-0.00954377871961625,-0.0212523829195053,0.0143083264175703,-0.00737690188724444,0.0277659690352162,0.00819904161725643,-0.0409892083263261,0.0198953658514452,-0.0231128780474118,0.0366902704114181,-0.00566367501430469,0.034278145242377,0.0137965849728681,0.0364871997951248,0.0270687300223221,0.0222628807515332
-0.0376579034967794,-0.0130034387926897,-0.0243755266619422,-0.0234444789233533,-0.00448752566997083,-0.0168797715191205,0.0165245333543623,-0.000172729661564828,0.0323369234798074,0.0109696206778446,-0.0411469647634083,0.0213829425011882,-0.0247167858201245,0.0355668857720822,-0.00368804989403473,0.0384859136525816,0.0167409394295436,0.0266014442180892,0.0357374755205964,0.0130725904382992
-0.0373474050765285,-0.015336255332124,-0.0274913371117208,-0.0182475844199665,-0.0119816597417239,-0.0208553907496386,0.0137770632560938,-0.00737607378203209,0.0274740292143538,0.000595235748976824,-0.0307370105208097,0.0269247070499779,-0.0161355830728201,0.0436832617104079,0.00425129280778877,0.0451176292585128,0.0214074440399623,0.027251797550546,0.0386448630836145,0.0128588336102611
-0.0292740949424394,-0.0129189297360809,-0.016829348966973,-0.0231693167640012,0.00754740707395464,-0.0172293479692939,0.0162279197661843,0.00538785836413816,0.0328952597272432,0.0134780118681151,-0.0352819018861577,0.0158637017448273,-0.023289960471831,0.0330021337331165,-0.00248085378502116,0.0291543943416488,0.0173279900000787,0.0301922768014494,0.0297876107542296,0.0199797053822719
-0.0360668174954119,-0.0167917994062654,-0.0234842632280056,-0.0285205668533812,-0.00893567173601282,-0.0259499775726697,0.00341978856852872,-0.015239070491801,0.020753155567964,-0.00542863994412952,-0.0421868570558746,-0.0114124853039377,-0.0327255829270788,0.000942312694727837,-0.012327341143644,0.0159266048015541,0.0158504748342462,0.0359136474404125,0.0346844628362886,0.026886931468532
-0.0261179018338505,-0.0223075666046932,-0.0117091071799511,-0.0287261391542975,-6.87767834765644e-05,-0.0239930097621247,0.0164004482708274,-0.0129090868397547,0.026212891621595,0.00253762473036175,-0.0365994678776173,-0.00548010939044448,-0.0258277547021608,0.0018392086038258,-0.00330551583656276,0.0238081420329171,0.0222133740505921,0.0324445016712568,0.0367829358784365,0.0190056484787318
-0.0320180124800979,-0.0208236496334144,-0.0232950170038484,-0.0249163414942827,-0.00275742688531771,-0.0213514754619195,0.0146518687205089,-0.0017560197909171,0.0214771309532123,0.0139110326281591,-0.0406370941558286,0.000270292768024274,-0.0246218036037893,0.0434188380147352,-0.00378929687792044,0.0546684476040659,0.0176921765377453,0.0275706914057706,0.0392138643809143,0.0115476231808871
-0.0363955513941834,-0.0146928730811787,-0.0252798043087632,-0.0158314261912763,-0.0133366226930936,-0.0126247758498444,0.00269066660672164,-0.000761320735203409,0.0172469270615586,0.00871336838028509,-0.0429945764893114,0.0186094606123453,-0.0234768759831991,0.0430757681234376,0.00306353872449289,0.0458637955949307,0.0155570915586234,0.0362707478416108,0.0303945500422835,0.0193670790471258
-0.0259846124713878,-0.0166803462877313,-0.0172384449678929,-0.0247687068311045,-0.00761004893241223,-0.0206820096608422,0.00474291683039637,-0.00723081237416248,0.014901286282842,-0.00161887546227023,-0.0377318736307911,-0.00613150909383348,-0.0276348602946591,0.0198797011783408,-0.0119169332042772,0.0465718345801232,0.00661509606279311,0.0422711781725058,0.0295026221102493,0.0149026511405442
-0.0323903756649955,-0.0176893946472252,-0.0125872028120789,-0.0191297502635409,0.00300962977942407,-0.0124151671239544,0.020557845991198,-0.0045804456944131,0.0405303536618564,0.00111950876040699,-0.0349185521854969,0.00849482496258504,-0.0160491179300924,0.0332390101632228,0.00451559478755467,0.0446730503554568,0.0221784034581554,0.0284347524702576,0.0369641310785408,0.0129668640365604
-0.0354692458662171,-0.0121467252024428,-0.0211722185964525,-0.022277720201268,-0.00708466298422149,-0.0245444873799411,0.0113751234355891,-0.0152156455995958,0.0284601442687939,-0.00579128711623343,-0.0422675296399922,0.0151486062690354,-0.0246604018013647,0.0186139171830265,-0.0079874187869657,0.0464070359313423,0.0127485022718024,0.0407293434196449,0.0281184483145325,0.025190023785857
-0.0348966240674743,-0.0123837278892846,-0.014898575126969,-0.0190878772091258,0.00282906878816067,-0.0201018214931333,0.0198352129526636,-0.0100630693941976,0.0346097387073486,-0.0029731039562409,-0.0382459898579325,0.0159020617533643,-0.0128836153297548,0.0432282930432527,0.00414170988275632,0.0483656963543237,0.0209949150521219,0.0363583829675864,0.0329438764421887,0.0241821285973009
-0.0367174641712488,-0.0120582501023909,-0.02826235979083,-0.0262902048122898,-0.00910987010194928,-0.0253515848483661,0.00575044758428005,-0.0176829903672607,0.0239873301449138,-0.0101056163123072,-0.0392793095631852,0.0136135615731129,-0.0249836896365494,0.0251082825426122,-0.00361339993204953,0.0334897515152048,0.0106233337161725,0.0353595438915388,0.0211175761392544,0.0246846632327659
-0.0316169049609396,-0.017598234588626,-0.0127755625931668,-0.0299678960515113,-0.00326730138342694,-0.0250058782373231,0.00738174277266307,-0.0212899334910527,0.0202266634522415,-0.0142470658133123,-0.0331072888362844,0.0349326185353973,-0.0177436077415469,0.0558527178151746,-0.00306016001563986,0.0484931410836532,0.0241433039188229,0.0244014975935456,0.0377156637960593,0.0195824170850658
-0.0323106141537942,-0.0166692386197711,-0.0214377802704188,-0.0256087094171059,-0.00520181166072309,-0.0224997964828527,0.0160833409543712,-0.00523481580757159,0.0309614524815679,0.00725996235221914,-0.0333845586866546,0.0108295820017728,-0.0183696824624796,0.025029647409327,0.00379213015462436,0.0327089748633193,0.0197242314129657,0.024585816974186,0.0358436982220349,0.0177129850979474
-0.0382453521420552,-0.0120631920171326,-0.0188245820579899,-0.0305000112794356,-0.000562885801365031,-0.0258851021513965,0.0183291900155279,-0.0153663473322562,0.029926311480298,-0.00800434918876409,-0.0396279856213648,0.0100893831913793,-0.0155090015785866,0.0220973233682748,0.00541791328758335,0.029907201358825,0.0238360491613458,0.0213280348963201,0.0360763287365016,0.0128217772113889
-0.0329638655116876,-0.01259365254379,-0.0169576803207704,-0.0246070945660151,-0.00603512095529076,-0.0254194909502884,0.00560862362043087,-0.0233168049963738,0.0233607404740286,-0.0132552991482856,-0.035807773402848,-0.00111838325188169,-0.0200058454206583,0.0147277199827593,-0.00267474712901821,0.0244168358244679,0.0124923619277293,0.0282368183621354,0.0208559005816382,0.0300441275661032
-0.0269629735588768,-0.0177150118803418,-0.0164203721066577,-0.0225380899314342,-0.00377275621244457,-0.0268508075324893,0.0103110963073808,-0.0203031639156713,0.0279670074508696,-0.0120747440368693,-0.035602130696849,0.0171377692774487,-0.0153197469370522,0.0318333873785233,0.00242484520210278,0.04187239247062,0.0183955494999531,0.0365885875514663,0.0355720379251711,0.0250091677221469
-0.0326605641027074,-0.0123209983955959,-0.0175604445191589,-0.0282502831780853,-0.00780011539447945,-0.0267936742180847,0.00647251642090212,-0.0233594714502702,0.0233729042574007,-0.00889694320576012,-0.0368595969840595,0.0160609303624144,-0.0247651138590139,0.0274624142634334,0.00154853793277599,0.0285981986636519,0.0201923343607404,0.0288259884664227,0.036639078049859,0.0105011204522514
-0.0300312238736644,-0.0145592823896497,-0.011970917385949,-0.0236771372349629,0.00169667726495396,-0.0246134343372371,0.0159211215709491,-0.0176934083287066,0.0337181811700529,-0.00994172491396738,-0.0323896188509445,0.00347234484655705,-0.0187179745582289,0.0159564095134543,-0.00219027066572724,0.0258990159885078,0.0154386998114871,0.0293003752119263,0.029428097651423,0.0280471681529656
-0.0336607719717095,-0.0113513421360407,-0.0142089602236049,-0.0188312325809719,-0.00129094195092873,-0.0184508697365565,0.0187481988591378,-0.0109653084593569,0.0353761839796102,-0.00355417010007838,-0.0324190659532085,0.00845746013555724,-0.0136249157363018,0.0325301626344866,0.00501385054622719,0.0387462819565694,0.020510017249671,0.0321908549492689,0.0337290020836394,0.0182715889165052
-0.0349280878215241,-0.00704656709243911,-0.0194741870365921,-0.0132044773667107,-0.00677854194246895,-0.0270655358571217,0.00705661626267185,-0.0241855743327642,0.018128831660075,-0.0146502325861539,-0.032832980430754,0.019809554253589,-0.0157265230602622,0.0316994984129688,-0.0013318682837668,0.0316134364787429,0.0128691862607535,0.0292686135393417,0.0264818974299677,0.0226656356324917
-0.0293974391212277,-0.0158787917617443,-0.0179244270061837,-0.0276256152911579,-0.00431852943621074,-0.0248185425096473,0.0112279345805038,-0.0189662774018672,0.0263258660617961,-0.011930937105467,-0.0364328391200509,0.0115221880112464,-0.0168922185398438,0.0200337620636142,0.000756874121177507,0.027338654787751,0.0207077300276531,0.0339102755742356,0.0346172850710076,0.0185044970693867
-0.0313251630032001,-0.0108087618692817,-0.0113176207383117,-0.0239056064146463,0.0054160493806204,-0.0235825627141287,0.0222227878932681,-0.0150919430667552,0.0320648385875114,-0.0071425618474231,-0.0349592935422556,0.0155005830088675,-0.0130920178778952,0.0263272253876909,0.00420277173642296,0.0284953906343016,0.0254287579945446,0.0283549815632995,0.0371987510072289,0.0102849291691839
-0.0293954805693203,-0.0126320549986927,-0.0107612536029331,-0.0252592668492127,0.000242868475574067,-0.022847667662182,0.0138390183892384,-0.0189038287103836,0.0317205660254561,-0.0155906214193043,-0.0232915853864147,0.0106076633401204,-0.00507553502154014,0.0176882602414413,0.0102799262327991,0.0302367234577974,0.0251872272318265,0.0277560548997126,0.0386376754872508,0.012095301522923
-0.0366303505566436,-0.012185605149653,-0.0214165350613223,-0.026543186974277,0.000725206669288717,-0.0313084849197548,0.0216586976662507,-0.0256989443907672,0.0378514430900134,-0.019603253434015,-0.0319477829348798,0.00924588403810286,-0.00741337286839525,0.0265457451093712,0.0171189882777539,0.0348473500368003,0.029939127375421,0.0237949121593375,0.0400531049102482,0.0112019601583732
-0.0409640837176921,-0.0168897824193947,-0.0294395209486381,-0.0262514867880742,-0.00781492618590023,-0.0273017501752614,0.0157280926392494,-0.020866212859355,0.0335819723349879,-0.017311734464146,-0.0422952492068208,0.013004841257194,-0.0232853636125362,0.0223761931162397,-0.00354516854798991,0.0331232902899204,0.0154690089202975,0.0318498245347108,0.029232958536436,0.0220075008445408
-0.0414817873448976,-0.0145439751868907,-0.0250330420995729,-0.0240367095565643,-0.00343194681326576,-0.0233826505107834,0.0128087600813711,-0.0146682079779535,0.0292174805547572,-0.00713561869520637,-0.0331863295408742,0.0175447479131833,-0.0122661774523524,0.0322852001382409,0.00772592286126369,0.0347255078646715,0.021892525511195,0.0294163464127581,0.0319758212082121,0.0183446689323999
-0.0262162181366311,-0.0155106287071675,-0.0084924262987751,-0.0299562480962429,0.00398438434952881,-0.0283642851214231,0.0193092197202503,-0.0182081232077356,0.0349922399202447,-0.015130481355382,-0.0360091467128917,0.0124088700503599,-0.01791604957964,0.024221459422008,0.0015964688532749,0.0339496388629119,0.0174334795580332,0.0335377521455112,0.0303429569725089,0.0184418863797159
-0.0186938358607606,-0.02308782112332,-0.00939446367508398,-0.0319221045361125,-0.00220335125961638,-0.0275919687862872,0.0183643458268349,-0.0202814699355152,0.0305439763518701,-0.0159690403604995,-0.0496239065005413,0.00973250837445555,-0.0332025994787695,0.0191448297863944,-0.00377755837184066,0.0298836495843908,0.0163599234483421,0.0276027839178877,0.0354844484777656,0.0174916739948079
-0.0365229175679262,-0.0190244040396806,-0.0181368149640899,-0.0279295544762784,-0.00528066449244799,-0.0242576318041948,0.0113001376544328,-0.0171687330140837,0.0288332891563215,-0.00353998120695095,-0.0388958630830736,-0.00325330440172,-0.0227867869025398,0.0129728675854195,-0.00455016936218068,0.0292910523135027,0.0142887359447234,0.0283165189891236,0.0293753053570894,0.0190365230623852
-0.0358404709910398,-0.0245529706991372,-0.0263369771205906,-0.0265117453653228,-0.0102248556273545,-0.026412294352953,0.00281694343111583,-0.0262577729439281,0.0187856992567149,-0.0227792550768954,-0.0305800761315799,0.0080970178285401,-0.0146625644125972,0.0249314475752836,0.00365191070725439,0.0358186023370335,0.0170277282648169,0.0306052337625491,0.0361084799303738,0.0175528422775366
-0.0322650251414865,-0.013986808567085,-0.0170710850562316,-0.0205447050483652,-0.00667232088613495,-0.0230596563124479,0.00712566777652262,-0.0124416198516469,0.0239603183613154,-0.00627259151669377,-0.0372651253844046,0.0110392263914952,-0.0173331227627998,0.0274061184529601,0.00058753225093911,0.0346911008768281,0.0188121968633727,0.0271785897649931,0.0336223274168508,0.0112086246114096
-0.026788372237275,-0.0216288571818262,-0.0101522578792926,-0.0278908835587561,0.00185883919631959,-0.0245448696063699,0.0187524311527657,-0.0190541084537893,0.0346250500958491,-0.0178312132249204,-0.0358976933928961,-0.00406181769787045,-0.0194244392499161,0.00770216272152091,-0.000541927434472039,0.0244124267544111,0.0188039095213199,0.0276557576542722,0.0345687026615156,0.019606837536801
-0.0364236284265308,-0.0163344021677134,-0.0198466905406301,-0.0316562990836486,-0.00431710979113998,-0.0286626180870499,0.0134920136937117,-0.0199798680919648,0.0293727439817448,-0.00942710885729684,-0.0349327985198232,-0.00194186982069173,-0.0170356566938959,0.0131486865646368,0.0066554332776368,0.0274586286741371,0.0236055879892238,0.0262301776587325,0.036649029710147,0.012384985409612
-0.0315593086146975,-0.0122518776307377,-0.014512748988975,-0.0306169332679826,0.000632140310987832,-0.0269281558571722,0.0164096020754158,-0.0191118335526346,0.0331048078247722,-0.0117377168589159,-0.0363718296992646,0.00350428327043872,-0.0208206234059622,0.0156171054065413,-0.00146830609423602,0.0226679828532324,0.0184019493713105,0.0278490783492656,0.0317928160953651,0.0262915474723746
-0.0360362135922871,-0.0178906917584114,-0.0269523100746074,-0.0247454524702711,-0.0142513422942526,-0.0254315744637951,-0.00295279952012555,-0.0211828021556349,0.0105966724719139,-0.0113543102419252,-0.0404043960186592,0.0123921140245966,-0.0131243902926388,0.0170954392221787,0.0111331601207641,0.0231271349359386,0.0297618940502757,0.0195879780951816,0.041462684960713,0.0140267809736255
-0.0298582076518655,-0.0100249143197104,-0.0151917758205673,-0.0220391289812159,-0.00862318414853274,-0.0250398528711342,0.010020768116652,-0.0172512134576331,0.0306197888854505,-0.00850596916718227,-0.0328659611281284,0.00306161989793513,-0.0157152946020213,0.0110709734713198,-0.00452113972595038,0.0195872330649621,0.00977653014939753,0.0295247775629624,0.0251989684996687,0.0261638110362712
-0.0276859582028966,-0.0172163659792432,-0.012592360839635,-0.0275921301609804,-0.000332330022730032,-0.0298138601804516,0.0167351643483906,-0.0237512961626337,0.0341028725450704,-0.0183774935852793,-0.04079965152916,0.0262153008604247,-0.0240606094738364,0.0397284320016522,-0.00352221366699883,0.0402401164909397,0.014976510382685,0.0302672027331907,0.0338225958195739,0.0190970209681307
-0.0293203051575312,-0.0188735391574105,-0.016481901479584,-0.0276394619838966,-0.00947612843876934,-0.0260814158320841,0.00674778907531554,-0.0202625822073791,0.0255289967228457,-0.0153088358696454,-0.0365606172763068,-0.00498224699725879,-0.0228816885020451,0.0103010587799216,-0.0105875110789649,0.0246065125826749,0.0116662809367112,0.0290697158612011,0.0266568522162504,0.0229404702385703
-0.0315564096214826,-0.0132870009404964,-0.02053336139509,-0.0221960807903478,-0.0111596013376908,-0.0277954361260255,0.0058973275895254,-0.0209152915624569,0.0228408963341202,-0.0162351335759965,-0.0349711064359868,-0.000378691127171589,-0.0229454027430857,0.011327860005073,-0.0147336586554531,0.0203759101445281,0.00427481913503659,0.0283391930519703,0.0234115892850712,0.0277073315935498
-0.032129837052746,-0.0174393577226577,-0.0110552052836434,-0.0320760674106641,0.000722541649488559,-0.0313486065114908,0.0170135842510829,-0.0204137318288884,0.0295822896797384,-0.0135995133561105,-0.0315074052338179,0.00271021573783873,-0.0134878855673091,0.0102402942441465,0.00494255778795228,0.0191414995961494,0.0259839571542998,0.0243869982812746,0.036371196672902,0.0126223693865801
-0.0367658230251435,-0.0118850561245003,-0.0197511605648509,-0.0257247272328891,-0.00768206563415644,-0.0302123987596666,0.007464791180359,-0.0256382262094019,0.0247589199715552,-0.0169590475884177,-0.0337827531895018,0.0167175450838833,-0.0157456258684609,0.0200866481614309,0.00799906589247146,0.0306797322635624,0.0331576536481548,0.0248581137030842,0.0405486523962558,0.0129096200096418
-0.0376849964957389,-0.0125493734930319,-0.0222884516637255,-0.0239501600170413,-0.0141363173467527,-0.0256396837989726,0.00122143858357323,-0.0244196577315205,0.0213879965919337,-0.0162433406352814,-0.0347309257139707,0.00689307015960875,-0.0183626578563651,0.0233400982134293,0.00612682755207945,0.0255942451266811,0.021182297720415,0.03297387481315,0.0352872029462876,0.021661136715635
-0.0328828715501756,-0.0150677808285579,-0.0204562498383769,-0.0217163844998772,-0.00515629818575422,-0.0243719493884429,0.00292852170435241,-0.0241074959601865,0.0192994391372391,-0.0174962675639334,-0.0246906911323336,0.0117986763906591,-0.00623787123311617,0.0194879280114728,0.0165861903754165,0.0316173629939413,0.0318723670578976,0.0246080951043739,0.0419697753718303,0.0112801812090725
-0.0276510105308789,-0.0158270698907777,-0.0115500897780363,-0.0243114526890919,0.00454282745200927,-0.0227230341983643,0.0310770249983404,-0.015375265989829,0.0488450484824674,-0.00924615655666915,-0.0377402902143545,0.0072233265284982,-0.0170047023661765,0.0272479891907565,0.0050910180593919,0.0309437146765167,0.0221481310686618,0.0338937173427349,0.0374320669646001,0.0190802975496046
-0.0258091676474127,-0.0177820879460823,-0.0224529877764836,-0.0285313220982679,-0.0138696762137988,-0.0288166900995714,0.00243463066491085,-0.0225307492709654,0.0201061055600934,-0.0125369133610649,-0.030796999173141,-0.0114021690322572,-0.0269199792315737,-0.00394430010842273,-0.00840080476791543,0.0194102808705484,0.0125713104588532,0.0292395159976747,0.0270548436790331,0.0223366672281001
-0.0312382623439451,-0.0215699846433658,-0.0162662988549127,-0.0282789915436488,0.00158611104040513,-0.0222321408475976,0.0175290736249494,-0.0131861510408525,0.0319271448199137,-0.00574945181967677,-0.0358563602613732,-0.0104502665877789,-0.0146743967455196,0.00834777687668659,0.00931012645529941,0.0217096837032096,0.0271187980780905,0.0215625125261763,0.0386312228832747,0.00890777183177202
-0.0374841665407569,-0.0163937897013313,-0.0271735331080654,-0.026601711597357,-0.0181929669039176,-0.0270308060758246,0.00491809328487444,-0.0206782194730538,0.0218093202443264,-0.0109038051364594,-0.0383666816163812,0.00664943376297019,-0.0264707495385395,0.0184310910690657,-0.00519717696895022,0.0246527987152533,0.017545596564102,0.027815445412136,0.0314967798154571,0.0200090167093639
-0.0336615357941649,-0.014183006987418,-0.0193623962469073,-0.0282260616516423,-0.0103867647046862,-0.028874566013379,0.00318043974882949,-0.0234907904913085,0.0238200973787323,-0.0174559491177563,-0.0320804579704302,0.00633705862818321,-0.0162161488044454,0.0189808591625817,0.00738795311862884,0.0376732741703794,0.0283502973055906,0.0256769078530467,0.0399580342225999,0.00913219794080106
-0.0353807112158266,-0.0144045869175482,-0.0191530910773375,-0.0244239020540796,-0.00532170124505398,-0.0248684555707848,0.0114762203608329,-0.0160221960992094,0.0268227833450888,-0.0129368330470206,-0.0342913509191796,-0.0100692480790424,-0.0173354585246648,0.00163687880674333,0.000673722949612999,0.0216992354311268,0.0215619933816632,0.0317557675242457,0.0366277705887632,0.0181336749131237
-0.0364278404619159,-0.0148415448721267,-0.0265973248991814,-0.0249993766859034,-0.014629871981687,-0.0256395265441914,0.00929519820862906,-0.0195289207752907,0.0313281791446904,-0.0149093942493209,-0.0376955758683769,0.0102101304502072,-0.0200184282124506,0.023504975836301,0.00314505106358248,0.028106251040571,0.0199205554508699,0.0326200564992081,0.0347109075914782,0.016819740924873
-0.0259169392114093,-0.0194128833635351,-0.0171806606323256,-0.0250130566730594,-0.00208748353171099,-0.0230469749911833,0.0129245904435093,-0.0150633838956703,0.0293285268892198,-0.00842989774375539,-0.0325043396549563,0.00533659242430217,-0.0188117643968602,0.0207625302080051,0.00471788863545273,0.0284252653793836,0.02385241803941,0.0300621652626112,0.0359344123426692,0.013215824722449
-0.0282409528422913,-0.0145501993473072,-0.0194200385876785,-0.0247064651368957,-0.00680932123372112,-0.0294702257181669,0.00494289821014007,-0.0243242946819264,0.0235273046941025,-0.016512313649527,-0.0330884859408596,0.00168590586626698,-0.00698132803441342,0.0231686155784701,0.0151299504299898,0.0343141604995531,0.0285713016562708,0.0290733514233912,0.0402786311503595,0.0173273043206868
-0.0290026305206584,-0.0137576132041793,-0.0170653043100973,-0.0228715792035719,-0.00969554116014678,-0.0257560484127935,0.00803117112519985,-0.0190303750030103,0.0218808397935874,-0.0088884775348635,-0.0333148709936051,0.0149635952626356,-0.00878658795057614,0.0403903145208816,0.0117228017950437,0.0382121931339992,0.0303407649944068,0.0242988430008499,0.0401675743111564,0.0112077290465115
-0.0352461816071698,-0.0122045194291359,-0.0240439517810732,-0.0244268687999483,-0.0121697756447053,-0.0279591873990174,0.00566711757588605,-0.0219170636722263,0.023123047792177,-0.0171055580962468,-0.0333586521551908,0.0145621058169089,-0.0211614458717786,0.0189000599936908,-0.000329368165379666,0.0269532994884154,0.0190005544569104,0.0294694480683763,0.0317944976496461,0.0194287556862786
-0.0298809789837625,-0.0164158649807321,-0.0202619680750805,-0.0262581884338045,-0.00702582614098607,-0.0293280473324587,0.00888395754937706,-0.0220282316353527,0.0257002204666095,-0.0071225697257465,-0.0352329730244143,-0.00802807454360783,-0.0184808925543664,0.00733185447012335,-0.0031036157076539,0.0169529154497174,0.020592248633993,0.0255392223295458,0.0343442073370729,0.0211384019470033
-0.0326645096299867,-0.0175949492249278,-0.0164520040419721,-0.0292022024510159,-0.00592201505667043,-0.0271912233467548,0.0105886964068094,-0.0170850899643124,0.0257139261713972,-0.00674935691390869,-0.0318653261997595,0.00325692279650615,-0.0170783816876224,0.0104830980645343,0.00320038920964671,0.0245787564260498,0.0212833123908462,0.0260618897560191,0.0315958280455579,0.0192777563089991
-0.0346564816170338,-0.0147702643221875,-0.0318113832143626,-0.0169688788162244,-0.0142535347836471,-0.0294641599892019,1.73492577766257e-06,-0.0184106633379905,0.0235309280032862,-0.00779524358436486,-0.0414543766576762,0.00107367228922971,-0.0286396698833348,0.0106922365064412,-0.0082270054310913,0.0291433083482297,0.0154781804690707,0.0314528985816625,0.0330739022746179,0.0193647155593306
-0.0346719967828007,-0.0148779573477653,-0.0196282769391236,-0.0279367714266073,-0.0102060434271567,-0.0268908137545102,0.00862437696038191,-0.0209424995256919,0.0285595028959422,-0.0165245457227007,-0.0347282558380174,-0.00278286188981041,-0.0191849800180037,0.0129142264797433,0.00277257667505503,0.028153413022447,0.0215302047314937,0.029916520239864,0.0385761358795907,0.012018237830191
-0.0375668220707794,-0.0147155070714087,-0.02579750071191,-0.0262784618463088,-0.00887968794379206,-0.0251556747518503,0.0109312437045436,-0.021301574317187,0.0267978977010191,-0.0133987906030099,-0.032751182000939,0.0116715085243253,-0.0160997287054426,0.0172017102342938,0.0131310807221438,0.0257964971797945,0.0299797283800497,0.0328184346800153,0.0387177407578806,0.0196252093209053
-0.0293293114233025,-0.0162200141623496,-0.0151478842538966,-0.0285644972762953,-0.00273247258639159,-0.0272326018253031,0.0162250465278765,-0.0182802607994141,0.0323608191182046,-0.00870228566982206,-0.0344436978013357,0.00093210477514106,-0.0215613179306076,0.0154473913219786,0.000418481368072123,0.0230269454446825,0.0230504293824053,0.0283208654059757,0.0324912655319557,0.0185096311500965
-0.0389848217284297,-0.0261790079300518,-0.0370980228862733,-0.0162576094645276,-0.0283921077914557,-0.0241196425903975,-0.0135655938597411,-0.0203574405446093,0.0197320089158509,-0.0157126718790505,-0.0374043639530651,0.01379904002568,-0.0368053395924966,-0.00362791296579575,-0.0271529993789146,0.00698524031680048,-0.00316388755167496,0.0292225727369246,0.0327148348650266,0.0238074701368422
-0.0266537153514672,-0.0190439897395693,-0.019868627014868,-0.0232429857688194,-0.0144948665948991,-0.0294798863510833,0.00025075254580511,-0.0272482638634131,0.0169866190258406,-0.0202666780656534,-0.0356555539554705,0.0165891520206045,-0.0186376998827296,0.0257176513156967,-0.00176167175723153,0.0313328573505529,0.0197932504431894,0.0255697192990046,0.0342064275210342,0.0183894699332249
-0.0316731087121206,-0.0123414214412701,-0.0156160944140013,-0.0219944501654422,-0.00623786357885325,-0.0287482551146138,0.000650620023287344,-0.0267921992157155,0.0127594668323338,-0.015127109968032,-0.0333317457047207,-0.00332874854265702,-0.0128757056402235,0.00547807972215502,-0.00316195805561406,0.013926596542567,0.0223530123426891,0.0255448575528181,0.0360804701804918,0.0265381282855731
-0.0292165627719388,-0.0133474145413212,-0.023290704738077,-0.0285054820505857,-0.010866431660097,-0.0297901510113583,0.00179875260892064,-0.0288532067418348,0.0245145998718115,-0.0216668157571877,-0.0205416952844572,0.010969559503829,0.00139156376580144,0.0329689588797681,0.0196397171518846,0.0319292442114191,0.0354456558540452,0.0269460704101703,0.0383096754364915,0.022678962151383
-0.0333781179323493,-0.0110474998427591,-0.0198612605924786,-0.0207495039241605,-0.00770204798356319,-0.0234947411524778,0.0138413141190857,-0.0159239062000158,0.0286954692760658,-0.00444638162980464,-0.0246837673385279,0.00172931277346426,-0.0135842954975191,0.0153823964397802,0.0100852683689692,0.0303625450950594,0.0297282984444105,0.0265537522326422,0.041248309849838,0.0102268916521647
-0.028878858097779,-0.0109529664856508,-0.0164043736547958,-0.0239985653438435,-0.00125569320466525,-0.0261770847767474,0.0175775478891705,-0.0195009047979074,0.036029086737719,-0.0165306676047696,-0.0293847032329961,0.00883419236978062,-0.0178639579580364,0.0190685944910264,-0.00262774560726326,0.0316909853150218,0.0141441462497372,0.0363982328279685,0.0327859349503187,0.0208406026372305
-0.0405337844045056,-0.0113184674653752,-0.0225632243979674,-0.0234419103893908,-0.00724161891948856,-0.0237716105826123,0.00759295234242823,-0.014759320217237,0.0236470764624348,-0.0115125512413417,-0.0348094898034805,0.00628276722673289,-0.016899226031852,0.0179867008452699,-0.000808544332357737,0.0296814007309758,0.0133590502465994,0.0336700054151216,0.0263664511628287,0.0272340025379855
-0.0443232522286626,-0.0137341632331446,-0.0239526305283266,-0.0219160946974672,-0.00305168300560609,-0.0274848648583931,0.0127705460238892,-0.0226174947147973,0.0303985196347033,-0.0155083543729819,-0.0363970766164282,0.0125236085778792,-0.0124512364310257,0.0230704328931054,0.0112079931049361,0.0278459408889638,0.0296172946045255,0.0282284528576514,0.0420991948616766,0.0103240688401682
-0.035786498742166,-0.0114167132251342,-0.0147303884597398,-0.0250154412638941,-0.000551738600847336,-0.0277309167318072,0.0203915050912779,-0.0198776871669583,0.0333488106252171,-0.0136519116463307,-0.0396172242783477,0.0118699423543125,-0.0177211784956387,0.0236425012137801,0.00688214616248643,0.0354906442261307,0.0253522790159461,0.0335042814331482,0.0372799458634619,0.021356860629126
-0.0368315354483351,-0.0170966569881984,-0.0218741189755288,-0.0293180223666519,-0.0147215940044901,-0.0331054785233864,0.00120644297741614,-0.0225323124043263,0.0213532158587463,-0.0146831520436799,-0.0323039574680872,0.00694224476053265,-0.0199302685517653,0.0154043691245228,-0.000595129054517541,0.0307854775176335,0.0178902126997389,0.0288315787578667,0.0289446321875265,0.021544705191204
-0.0303995409899308,-0.0282822378604989,-0.0128799843298766,-0.0258384251705043,0.00505750722306805,-0.0176370493621195,0.0207070182390014,-0.00336115730477759,0.0360768988769971,0.00608224872073197,-0.0294684221363256,-0.00627491196947221,-0.00952190453187968,0.00995463708651786,0.0101472873026706,0.0244087967660079,0.0225232348304224,0.0255254463904007,0.030414652813917,0.0210772321142914
-0.0301554901458992,-0.0186516065185217,-0.0212566845959011,-0.0259348008582864,-0.00357022339173603,-0.0213463020172624,0.0156428180198518,0.0119909783484688,0.0356942394058595,0.0196967612760227,-0.0365499224383348,-0.00995133904593149,-0.026893329578525,0.00610344696409266,4.35401345462873e-06,0.0185822293545895,0.0161065529710054,0.0276115825863206,0.0258400720284299,0.0240415726215902
-0.0315785121190718,-0.014084757124461,-0.0190094454528135,-0.0210808295199166,0.00261717680283144,-0.00816186612105579,0.0179811958546164,0.0200507292796042,0.0375080438735882,0.0164962357754629,-0.0330431432163163,0.0115878080899208,-0.0150822415448832,0.0219933068205672,0.00604033135713303,0.027314908673649,0.0179074526678841,0.0292696250245099,0.0236556817484745,0.0279760242966993
-0.0378600329917279,-0.0149210829026398,-0.022652432384897,-0.0221819435289538,-0.00510695080383367,-0.0143090712822819,0.0234141882305133,-9.17056058176294e-06,0.0381816909668895,0.0130826994055824,-0.0396399136491052,0.0253953182852096,-0.0170717835428011,0.0506204499865987,-0.0015130601380878,0.0432562082148181,0.0291322794551762,0.0208548386422782,0.0398105915475085,0.0127713880617145
-0.0352152573509592,-0.0098352651971106,-0.0175590340927946,-0.0241311855247104,-0.00559707741880882,-0.0222063291240585,0.0144970146223591,0.00362549846570454,0.0333188230213425,0.0176321308097237,-0.0330943260834497,-0.00191700256881144,-0.0117424416997437,0.0145551118648877,0.00913227795115815,0.0166732926782629,0.0269125948514247,0.0263905303553615,0.035720744444639,0.0197953233924837
-0.0340482375458822,-0.0166384482308015,-0.0150639158089372,-0.0222502050879029,0.0031792691249527,-0.00169191115174759,0.0216072136534784,0.0216453408164393,0.0382306512984441,0.0121593375308072,-0.0333749446628207,0.00196767682539261,-0.00974774589956693,0.0187082653721791,0.0143572183958099,0.0287465350579519,0.0199242074565466,0.0261869848757818,0.0313812634911525,0.0150209406442231
-0.0304891586711927,-0.020749857281472,-0.0157292533678304,-0.0287748700414551,-0.000677747980460484,-0.0126724648346399,0.0131822040225031,0.0175748085953719,0.0317030711614001,0.00767450084334054,-0.0369366415511232,0.0076682526524378,-0.0152604531651643,0.025334927903977,0.0080340720698717,0.0301828742551384,0.0148615887636646,0.0258240577447572,0.0272006234038675,0.0194499743556576
-0.0261682028848024,-0.0139488987377999,-0.0103502740878204,-0.0200367425110672,-0.00362685594090111,-0.00106164914308379,0.0123083899243883,0.0244335120044415,0.0293864585894759,0.0238295717070914,-0.0296058564160039,0.0107292789900744,-0.00744028118335331,0.0234554555557881,0.0114168424589723,0.0340768554431326,0.0176460307320872,0.0302135356596129,0.0310694707584413,0.0205414694422355
-0.0211501593041116,-0.0207880702664182,-0.00998981419608618,-0.0248979346683059,-0.00847784058455109,-0.0148127399772524,0.00952363759976108,0.00302685488421846,0.0261405052842289,0.0138866897158377,-0.0436652903417481,0.01762848956918,-0.0289449690089377,0.0138425326798279,-0.000893489018532426,0.0227546198088787,0.0178632406028368,0.0320625708706797,0.0338803228012572,0.023886022654114
-0.0284578883655996,-0.00990081068077772,-0.0150585221749276,-0.026581988054134,-0.0127614479170386,-0.0276925200705314,-0.00363631309305157,-0.0266998442296386,0.0178263614574108,-0.00472666362845759,-0.0290624830737024,0.00262248787913577,-0.0184690706181227,0.0196039607807109,-0.00132541084021622,0.0343069713163656,0.0150097298539392,0.025854364675441,0.033468107755525,0.0158283106971674
-0.0341823076444208,-0.0143847098410359,-0.0196765653782302,-0.0205992652090516,-0.00883250887225568,-0.0211485990367516,0.006559580204573,-0.00491780563257607,0.0299965856905094,0.0049208953774551,-0.0337476150885165,0.0111527407359832,-0.0120361195637258,0.0296435534710156,0.00931410766220647,0.0329126786895323,0.0262267915524924,0.022346489776265,0.0423486867037054,0.0121347706777629
-0.0300600621514998,-0.0263550375936972,-0.00978458513757731,-0.0157977225049317,0.0219726537492351,0.0149061591461858,0.0451048697381288,-0.00525887489000693,0.0509498511856663,-0.0070839349501431,-0.0393846638678859,0.0199172333136393,-0.0203098124307155,0.0312369822288333,0.00277624566318574,0.0316765262207336,0.0128123738791604,0.0272073397949414,0.0303286445497324,0.0212364148812222
-0.0371087238880824,-0.0157244831706551,-0.0229765073382323,-0.0202789544128185,-0.010182252699834,-0.0210825920387529,0.00822756327502568,-0.00456314252714813,0.0296286811536427,0.00699392710908594,-0.0362789532341791,0.0143700640368196,-0.0201437625312781,0.0283540375078849,-0.00174295989505726,0.0277688250781513,0.0184774741990813,0.0325676039241395,0.0331011459938325,0.0174668033064521
-0.0334700777227373,-0.0173786541594085,-0.0191232188603552,-0.0253522644403101,-0.00896121206869874,-0.0226667370457466,0.00836427308241183,0.00214667171381016,0.0285982964428788,0.0160452975913815,-0.0383441568668465,0.0099635456117602,-0.0205065230529976,0.026309141501129,-0.00386567245076923,0.0377131789259952,0.0150623308285853,0.0285574473954742,0.0234607711684598,0.0262569483056265
-0.0253394303102471,-0.0224994723221285,-0.0145826311884111,-0.0293924294577375,-0.0054253405376747,-0.0220658320488479,0.00755405016254831,0.012791700993671,0.0326959054008959,0.0139408165789546,-0.0296104954267919,0.0149363171953143,-0.0117798869035108,0.0324805755238213,0.0119478374298382,0.0283207286314783,0.0214602586121811,0.0307008052208356,0.0406896807398331,0.013950632283776
-0.0287930570532978,-0.0140372392593809,-0.0234800222305723,-0.0243368597864731,-0.0184121700713692,-0.0281781637127202,-0.00590455907253989,-0.015207718094416,0.0209311821341468,-0.00840977589674462,-0.0312332798000966,0.00954567139449499,-0.0157270376131336,0.0140882363175078,0.00653074800947545,0.0235958581586582,0.0256058597280414,0.0258787628399683,0.0399071178942565,0.0197044577089944
-0.0269735888482018,-0.0138321449734906,-0.0162227990706136,-0.026253608496968,-0.00447085046178839,-0.0162343991150735,0.010395343703932,0.0132058049870575,0.0295378547432529,0.0141460412182625,-0.0260272664389529,0.0181835072813254,-0.012804145919807,0.0351145539291234,0.00907020826727654,0.0355522480962964,0.020973882597989,0.0294504363189035,0.0350117013365882,0.0220856740234864
-0.0291747738381943,-0.0149257080064871,-0.0185285382717116,-0.0255331261265808,-0.00929336873500191,-0.0152869841129664,0.00764298417248642,0.00848322213227373,0.026290539166292,0.00956241684578118,-0.0255913472916276,-0.0148687952095738,-0.00726291442284862,-0.0180589466114441,-0.000904025489806936,0.00260036568017432,0.0201085797110198,0.0315523262430027,0.0324513999002583,0.0332058697011872
-0.0330402694531587,-0.0199766425515314,-0.00928744627029421,-0.0277893421999296,-0.0097598555570525,-0.0229691875767043,0.00299326363389989,0.0117408646371623,0.0280466846449316,0.0182203982856548,-0.0293484882020764,0.00580269139324477,-0.00462871105117861,0.00414093440255606,0.00179737231731933,0.0272785340375649,0.0171788268780443,0.0309371269265319,0.0339151493360841,0.0220236589785698
-0.0313959040552945,-0.0203332530604868,-0.0226781683143526,-0.0287376830173407,-0.0128300959841259,-0.0123201325909372,-0.00138130043753183,0.0163115153231987,0.0280233831244569,0.0180148297349618,-0.0368507950311933,-0.00748120332406316,-0.0276571053700751,0.0153638756126731,-0.00545396499555801,0.0217731415891686,0.00989731092244548,0.0281588798880585,0.0275286034584628,0.0228561880220913
-0.0235401742548977,-0.0182570298800757,-0.0120870581199326,-0.0321317856509489,-0.00458249137980971,-0.00523570672868742,0.0153725641774534,0.0237912854646936,0.034570886860685,0.0145553907276856,-0.0347734166078018,0.0253929269649929,-0.0143399011155845,0.029918041990074,0.00452423414568074,0.0278739168492029,0.0215298353255546,0.0303702227985493,0.0367535734243296,0.0214186753654734
-0.0314271656907685,-0.0131894673893151,-0.0161509155082898,-0.033131257685944,-0.00741228772235034,-0.0116930823536108,0.0113952481377226,0.0173352400241022,0.035745026796035,0.0231678878781613,-0.031244995891573,0.014811960355384,-0.0124787536871492,0.0274777705176251,0.0102662073187792,0.0332598406375674,0.0234066292434401,0.0305994269978211,0.0398839057138328,0.0209999198104059
-0.0282248644970425,-0.0161569333394421,-0.0212952671884642,-0.0266796878988827,-0.0125503120325254,-0.0205213121931802,0.00564477295094194,-0.00698086599189822,0.0247309502267211,0.0132015813408084,-0.0410877342563729,0.0226703851007614,-0.0180421662048118,0.0305320559609874,0.00907299387386332,0.026319526651272,0.0270397345778748,0.0235255161947224,0.0390166872837975,0.0156258657062654
-0.0303186635462324,-0.0117484003827999,-0.0166063143916117,-0.0270954141265153,-0.010740002463632,-0.020052808056179,0.000970171674364332,0.0152428595695496,0.0254430683470125,0.0272716651596093,-0.0280187797977569,0.00852244768963955,-0.0133851470736138,0.0256030431804419,0.00372314612288553,0.0333741234796183,0.0122568982862837,0.032992439242973,0.0251953280286397,0.0285375033074597
-0.0430984687698181,-0.0116094062683431,-0.0335548098659735,-0.0220064879018008,-0.0188530339319403,-0.0243875766324172,0.00507734552682925,-0.00687764204174821,0.0255663485986916,0.0208578898550579,-0.0326667769349036,0.0197818070896959,-0.0121337951567963,0.0333087939905804,0.0105121297024109,0.0285232401851061,0.023920026977204,0.0302561582849828,0.0398664896283518,0.0142824146636585
-0.0305394969966803,-0.0194701893811978,-0.0169836126256776,-0.0268503234438857,-0.00961918516632817,-0.0275694407861189,0.00433253840669692,-0.0192475914149252,0.0192097386936201,0.00294985061920569,-0.0298609018847977,0.00232341247675757,-0.0122816828963211,0.0140677628629712,0.0121440677508639,0.0307486624519528,0.0304699715843605,0.0240535162456504,0.0371863228355642,0.0168030828697283
-0.033218544730223,-0.0182881757742321,-0.0202759857241787,-0.0227143696666041,-0.00998212204257348,-0.0200507192000539,0.00545902758267634,0.0134651127419639,0.0239520022335549,0.0214569796730886,-0.026616268443633,0.012669513910675,-0.0130166586885454,0.0297201754376037,0.00597621491032624,0.0275446437740559,0.0203672895342606,0.0302197771647451,0.0333379465041881,0.0262789765480416
-0.0230837631911256,-0.0179165263938529,-0.0184953264441575,-0.0285430882857131,-0.0167795105215723,-0.0198069822041898,-0.00553171393355198,0.000436737129062011,0.0184149486944321,0.0150083929122491,-0.0323316846494993,-0.0123322847857112,-0.0218816231595643,-0.00487731336262423,0.00244653505800856,0.0200501519492173,0.0216989704522587,0.0371078633154662,0.0351704425635068,0.0261540733454628
-0.0273872114579288,-0.021239818352908,-0.0146490391227693,-0.0299610196893703,-0.00883813985170365,-0.0301918881137684,0.00580678160935433,0.00134482623011543,0.0263250320954245,0.0164989929949401,-0.0324612976156157,-0.00860041601018553,-0.0153683376718466,0.00440939923519275,0.00528403312491674,0.0196286354128731,0.0208727472332543,0.030910990403979,0.0229149231154283,0.0289866200980906
-0.0249712334998053,-0.0255571233477142,-0.0109918935895933,-0.0337515937415949,0.000257788672428609,-0.00992694504445904,0.0117633123753333,0.0205467733560295,0.0347159280818382,0.0133841633765385,-0.0285414124741543,0.00421234558982846,-0.00610274757027573,0.0178730019467716,0.0129540561233964,0.0282468290488155,0.017841214574082,0.0309979342515369,0.0339198482130413,0.0218039204006132
-0.0256795130015605,-0.0147306389709613,-0.01731666846994,-0.0285171369716046,-0.0125106503341644,-0.026637232358427,0.00195309716228603,-0.0128272532529278,0.0272915967057625,-0.00180172059235625,-0.0322392121642332,0.00869126646772153,-0.0101296845187205,0.0204187296010049,0.0155931166231026,0.0331405372263012,0.0284345984313835,0.0305627666633726,0.0405531928592116,0.0177511788633166
-0.0336828922817487,-0.0136015320315572,-0.0223237536545444,-0.0252886080531934,-0.00923685453489137,-0.0200481492769225,0.00959564472308534,0.00412006380068523,0.0314325570749372,0.0075209231122477,-0.0364116397453307,-0.00525090040092768,-0.0233954973807901,0.0122428338273307,-0.00182630398114466,0.0298846063421598,0.0168113626957374,0.0404284905052413,0.0280046584069925,0.0314078351645156
-0.0341081282751811,-0.011724385806956,-0.0212086780365275,-0.0247755020310561,-0.00871592358051581,-0.0244341536218769,0.00809324259954504,-0.0103702096468036,0.0250570864252411,0.000706347101992511,-0.0304458429959463,0.00741932182629939,-0.00928266124890225,0.0201703060045184,0.00694642234424353,0.0268682367016207,0.022819425969275,0.0285845391439418,0.0363850155170455,0.0189060410834273
-0.0346638316310869,-0.0217267821365793,-0.0205754179864705,-0.0278465711668042,-0.00266817579635396,-0.01582123772451,0.0137057855113999,0.00414275254829611,0.0262225253730805,0.0124412157468695,-0.0329214455566121,-0.000797928306028175,-0.0124511717659765,0.0106690982151823,0.00517350957725332,0.0275251901680436,0.0237935518610357,0.0317007317598167,0.0356619717020051,0.0212739589112585
-0.034849308643577,-0.0173126391726085,-0.0240161172775088,-0.0302280819799053,-0.00556594434670904,-0.00968780470008434,0.0123553189043342,0.0208783359611748,0.0346341858790069,0.0217551388792986,-0.0390917003500256,-0.0044990276296708,-0.0219929954322669,0.00529713388975746,0.000765332192236249,0.0250690652697122,0.0206475563778737,0.0331606467130585,0.0344226054305036,0.018830303887362
-0.0330315722612319,-0.0139945089743222,-0.0214114536601977,-0.0279025431107072,-0.00725682518324943,-0.0168927305801108,0.00665290247226922,0.015531867845582,0.0296639184705866,0.0202319134764762,-0.0343054254553451,-0.000370895495980266,-0.0148475690562558,0.0155385574515475,0.00681360067080056,0.0350273257471714,0.0184791161390382,0.0295715859120873,0.0354082914472266,0.0185743975444745
-0.0365240461408302,-0.015013732804779,-0.0201873299933716,-0.0255567926837626,-0.0151297356975754,-0.0296361368138911,-0.0082627242943121,-0.027725303733389,0.0166841923555304,-0.0129959992528371,-0.0332615398311122,0.00476782203266344,-0.0208314795174903,0.0145857535716669,0.00455091332236779,0.0295844850171772,0.0253639479744915,0.0270554495988847,0.0388940458389178,0.0214873946959186
-0.0348893178013524,-0.0107184303750972,-0.0196948968245158,-0.0204254596230153,-0.0095127868944868,-0.0245306243319741,0.00914476808961567,-0.0197027908657965,0.0290898169215296,-0.0104289616841874,-0.0307788369272949,0.0216958944349604,-0.000664363613174093,0.0363634629841972,0.022859781709387,0.0290617756200368,0.0363527001708989,0.0180156153678241,0.0429785986865338,0.0112295088914653
-0.0295952269573951,-0.015899713338402,-0.0109649732955605,-0.0303938363717422,0.00271147459625061,-0.0265262915685465,0.015577449669209,-0.0214691452319289,0.0306919263957423,-0.0173542292154966,-0.0287357255503191,0.0132171887607671,-0.00191031229361625,0.02534630735737,0.0199946049015012,0.0248200783993224,0.0355853304829191,0.0199313965377889,0.0402108795995935,0.0171745706372991
-0.0293087847660638,-0.0112192933843141,-0.0174649061702582,-0.0252494868793946,-0.00677577231501474,-0.023693351286285,0.00874276355918284,-0.0171952878816333,0.0298005511771819,-0.00993377177290945,-0.0337625995637486,0.0112566761375695,-0.0166352222412377,0.021723708426356,0.00552602735657095,0.0333707444379914,0.0188671020924448,0.0329721967041743,0.0321559899941883,0.0248028708668634
-0.0316024220601702,-0.0211295568450305,-0.0199529244423895,-0.0262379482726784,-0.00728511814526767,-0.0275055545255284,0.00987428070967867,-0.0192731830151458,0.0262041264619889,-0.0116656177417689,-0.0365435271416373,0.00334459494643915,-0.01437542728593,0.0230075366531581,0.011662607450454,0.0373782851352144,0.0264831004750812,0.0293223734832783,0.0423635557377742,0.0151867365171029
-0.0320990390845469,-0.0141977389794046,-0.021382322633287,-0.0220485192376666,-0.0115716135864371,-0.0254549593686878,0.000853124676264945,-0.0214577147979501,0.0196568245347911,-0.0139969283359017,-0.0360704917049778,0.0151690660886745,-0.0166238867381359,0.0327570732420736,0.00429122099596545,0.0346386403098467,0.0182731717394759,0.0310770060176599,0.0331138746841153,0.0212149357372126
-0.03472372070644,-0.0180905047201308,-0.0185424100307277,-0.0260072161824104,-0.00639202214508819,-0.0280093850562078,0.00747816839133527,-0.0152522262785477,0.022491396927176,-0.00707633223286169,-0.0326812411121769,0.0166880360407104,-0.0196760272961256,0.0252610512167316,0.000184280897993059,0.0359316307615756,0.0161817360149621,0.0314363016760313,0.0316797015435752,0.0213872143131149
-0.0303282040323431,-0.0202311290830705,-0.0177329989998014,-0.0273013480508488,-0.00846325272745818,-0.02865174820203,0.00301694907685889,-0.0243841123548019,0.0193375661857851,-0.0183119562598361,-0.0288144160074347,0.0148443465202642,-0.0128306783382486,0.0186066428882114,0.00791431892653601,0.0321385297855455,0.017298961390346,0.0315887641469647,0.0312777276786233,0.0257859731096075
-0.0301691807858525,-0.0187436640231121,-0.0180455802750596,-0.0250028226099545,-0.00789358969648113,-0.029014812763983,0.00149879450532019,-0.0259695809944441,0.0125719844958869,-0.0195480295952672,-0.0300531842358112,0.0120112443072026,-0.0118589752872503,0.0185785304129382,0.0127968665369003,0.0290096780409599,0.0286852935357707,0.0283725281075525,0.0393365717735881,0.0192328646583169
-0.0323795777932663,-0.0219514854851849,-0.0212734495485303,-0.0285137054682707,-0.002180579330014,-0.0274243440373827,0.0149463746696095,-0.0143566688289278,0.0306323274813927,-0.00564836611519936,-0.029345787770963,0.0191016863577599,-0.0140122619626436,0.0309749689275586,0.00162875557115853,0.0351600889204532,0.0223982866065226,0.0285369820642188,0.035869303738671,0.0233772687202017
-0.0317176182086202,-0.0110825264796343,-0.017673444278016,-0.0282601328626256,-0.00517860032000291,-0.0262257613198217,0.00996250951746334,-0.014831691257879,0.0292139661426084,-0.00217824786492485,-0.0280144104041585,0.0147470642103128,-0.00707652202938351,0.0242347888371088,0.0187679980992871,0.0279414327433836,0.0340239351304481,0.0235705859531277,0.0425754127318128,0.0109826754202788
-0.022770913069646,-0.0186654308498678,-0.0138253006733616,-0.0286138926482098,-0.00262746567046024,-0.0235485111757997,0.00587195269002433,-0.0215776843541292,0.0332725744652367,-0.00132383659444011,-0.0263949150430107,0.0154199300978142,-0.00786868295184445,0.0268785272246397,0.0155151710437429,0.0257962714780128,0.0262419503191372,0.025698141480763,0.0383019999809094,0.0166773974420423
-0.0345335395102572,-0.0168483077630008,-0.0220716630143369,-0.022979431838007,-0.0161080741016567,-0.0262054176408268,0.00399847716569862,-0.0178312236946395,0.0300734093276854,-0.00943047090492571,-0.0300452924241777,0.0165667604998637,-0.0107387419707511,0.0314444937782854,0.0127071063355799,0.0348749023681607,0.0302846130372257,0.0229854829679292,0.0346202914749315,0.0172035257341735
-0.0340728360447646,-0.0193462581784322,-0.0220434688148117,-0.0247561465868031,-0.00634526407943638,-0.0245633369841801,0.0294330672692644,-0.010545243849882,0.0488613264812818,-0.0058335782136803,-0.0297681024165096,0.0236976361691211,-0.0116246197619716,0.027397876673089,0.00300463732821634,0.0313492306584087,0.0232880319631871,0.0240933029156127,0.0363154746103436,0.0169833816900969
-0.0259376543320475,-0.0162804379149895,-0.0166624305664011,-0.0255097442994412,-0.00684596785648242,-0.026359091167798,0.0198220085473716,-0.0172618235625471,0.034395644067623,-0.00735225087981826,-0.0310920718938987,0.0188206058988118,-0.0185153262432303,0.0280411027822592,0.0019702923647247,0.0351132770034133,0.0206169130254497,0.0292484682825824,0.0347346657468882,0.0224203500138572
-0.0262306935284732,-0.0171287004231431,-0.0175615861434056,-0.0264812583320349,-0.00784518428339737,-0.0252017130711604,0.011026919965754,-0.0171144456300751,0.0295977147345046,-0.0120569953903877,-0.0261821123918162,0.0138393502272657,-0.00877761796523979,0.0239603388965388,0.0115668079796655,0.0303526541979233,0.0244248907679938,0.026365304081723,0.0337978281832673,0.0215334976600778
-0.032030290610786,-0.016706338524145,-0.022719045873147,-0.0258911952547495,-0.0130839412791946,-0.0287191478533875,0.0198458205944637,-0.0237421149028948,0.0333901708376282,-0.0148728971615529,-0.0274718198524871,0.0207996184593436,-0.00830298295746678,0.0317430057110108,0.0112690237081211,0.0301331331435987,0.0317697233042836,0.0232576869317926,0.0421440489694887,0.0140977173342314
-0.0347640930322705,-0.0142515744495206,-0.0204372828219844,-0.0233144971328249,-0.012924185190833,-0.0284231472813913,0.00180738057361126,-0.017813296715226,0.0244712122228535,-0.00873317364299505,-0.0321084013230184,0.00894732983954772,-0.013419564293972,0.0238379643653547,0.00109994516387349,0.0378532075050539,0.016557242367606,0.0400527887642272,0.0317352969130658,0.0270960247769423
-0.0316799028243665,-0.0147498970539817,-0.0214873093881858,-0.0313426954891398,-0.0102156997284964,-0.0280819959700124,0.00708097834566017,-0.0233802346130997,0.0355065802113793,-0.0151724209126687,-0.0275429648312097,0.0153616423154896,-0.00807886063572083,0.0175267217303268,0.0122877783086064,0.0335289060582518,0.0318635389592875,0.0297425266194975,0.0362145945528601,0.0271844778175191
-0.0369053381426364,-0.0197748500100506,-0.0246588210604085,-0.0253850638096269,-0.0127604080482078,-0.027048278992643,0.0107171516765275,-0.022288651075558,0.0296307444061264,-0.0168829090093403,-0.0275286935272816,0.0099501935773864,-0.00793720166447708,0.0317895551487489,0.00884370826486503,0.0363837661485982,0.0241150828625508,0.0323915748576187,0.0304659279570409,0.0256012197811525
-0.0326640568086614,-0.018261217175265,-0.0160322016529806,-0.0278577956479218,0.000120110251946458,-0.0196986877560747,0.0222463277206983,-0.0134255390804695,0.0271333019587591,0.00038017695536004,-0.0288290075426002,0.0196923819865023,-0.014904859786678,0.036425370583382,0.000767838694214201,0.0362294132187494,0.0172532831924175,0.0311302855116648,0.0288417599056372,0.0260614480405191
-0.0306260606272706,-0.014646189076168,-0.0182604267508727,-0.0252674215052179,-0.00936159042967997,-0.0272858669138013,0.00989944886368231,-0.0218670263120382,0.0270873074066303,-0.0193351813710781,-0.0295769577846735,0.0041827238406375,-0.0104175186301468,0.0166042122117864,0.00781262919744318,0.0320184206807611,0.0180168708316444,0.0306823938632221,0.0355010583975346,0.0165690390481863
-0.0309231063701393,-0.012565632231114,-0.0167998267121436,-0.0327521964211323,-0.00863642169780617,-0.0292648425390826,0.0108818251530746,-0.0252988938511769,0.0357144099410185,-0.0152626773150959,-0.033498587124577,0.00951003566823485,-0.0187521795079278,0.0259719264063266,-0.00266730114981551,0.0345448910466404,0.0150233678928062,0.029957301429821,0.0297708475681222,0.0249629953304363
-0.0271507633070858,-0.0161185286575415,-0.0177947216410755,-0.0246176748375099,-0.0108818958108309,-0.0299805119953947,0.000234468540167988,-0.0248475504612541,0.0191161015497025,-0.0094027491766384,-0.0218994245121638,0.00673088000354794,-0.00403743922939768,0.0130567970061873,0.00981830281276838,0.0222365559079793,0.022216528751193,0.0221803651192853,0.0332879199956467,0.0185552809596426
