u1_5nodes_1,u1_5nodes_2,u1_5nodes_3,u1_5nodes_4,u1_5nodes_5,u1_5nodes_6,u1_5nodes_7,u1_5nodes_8,u1_5nodes_9,u1_5nodes_10,u2_5nodes_1,u2_5nodes_2,u2_5nodes_3,u2_5nodes_4,u2_5nodes_5,u2_5nodes_6,u2_5nodes_7,u2_5nodes_8,u2_5nodes_9,u2_5nodes_10
-0.0470581970898264,0.00162046865200519,-0.0471109119812354,0.00996087229790619,-0.0469576570268884,0.0101042094143711,-0.0399163021275656,0.0148566256774566,-0.0124967612563517,0.0221787196875475,-0.0469914470863381,0.0147220789482403,-0.0386666146461038,0.0193258831900346,-0.0176867378691091,0.0271516985364651,0.0130118357494417,0.0240915757750192,0.037284871599179,0.0160923531711034
-0.0250880391217519,-0.0200700449596078,-0.0173398659966973,-0.0242517533163666,-0.00864464272214166,-0.0268727343593578,0.00373221334923236,-0.0205851743313454,0.0150382034952809,-0.0124638150698095,-0.023498654859892,0.0363995615187857,-0.00351220242388621,0.0385395188083412,0.0105039641295181,0.0351403792511029,0.0251296635912644,0.029834417328764,0.0351565572063664,0.0223522685331572
-0.0305921721059145,-0.013624418584254,-0.0237834274290802,-0.0253941970169552,-0.0107592639524275,-0.0303131890086306,0.000863041275022021,-0.026207544880138,0.0174213055110627,-0.0123523792780318,-0.0373189791853588,0.0200047602912037,-0.0197409959905493,0.0204823456559106,-0.00187102921299352,0.0334433547114352,0.0177208760685678,0.0296259057548083,0.0380125261159455,0.021715735787332
-0.0340493492180159,-0.0214461141454997,-0.0223957433624057,-0.0321719135829633,-0.0139017718841243,-0.0305554264827229,-0.0130318138292179,-0.0301442461442702,0.00121757322489072,-0.0239973166795745,-0.021953563639813,0.0206901753816976,0.00763116238121345,0.0340804188347928,0.0233280390820244,0.0379349272277086,0.0333123666264312,0.0345415478428155,0.0363224499002597,0.0295025168597437
-0.0358013102991124,-0.0104407050114334,-0.0311549704900858,-0.0247523380740502,-0.020183502919108,-0.0316001770761117,-0.00595818007661023,-0.0332803348090606,0.0200497127276578,-0.0263501181867314,-0.0361677654244428,0.0148297995164908,-0.0158226868315533,0.0182320990696234,0.00471117287874192,0.0279608310797745,0.020642339462803,0.0307856857376162,0.0325545826899369,0.0168764885719084
-0.025081006945726,-0.0312593311310017,-0.0176567000137577,-0.0347010234749637,0.0121918220850754,-0.0301012264466637,0.0372761728989764,-0.022082608552859,0.0509891453827607,-0.00937046116356911,-0.0259770710966359,0.017827578197194,-0.00746166470457954,0.0221431475327449,0.0116105549344526,0.0311859762396845,0.0215522635089162,0.0303971058308478,0.0329147235889733,0.0214252319745727
-0.0310359195233774,-0.0145759427651181,-0.0193803303396999,-0.0255195191053172,-0.0125327933181866,-0.0306479914565489,-0.00976929808468058,-0.0310470553344797,0.000707864696703697,-0.0295607680918324,-0.0381120447513829,0.0140429774336612,-0.0128549298940391,0.021489367580201,-0.00345421401101621,0.027456668515709,0.0148088402613565,0.0279439230021708,0.0264896681096098,0.0269723628463005
-0.0328178681049518,-0.0157333993827222,-0.0187065479321424,-0.0287662037423281,-0.010986828937126,-0.0318214119636558,-0.003854321237296,-0.0319691032616116,0.0224157654959553,-0.0255842110137776,-0.0276417951255129,0.0147657558755337,-0.00178850666507727,0.0227737441424206,0.0140855232238781,0.0270131532767407,0.0306259665153961,0.0239576159978052,0.0397227504415053,0.0196346680884136
-0.0365008970994581,-0.012917703319038,-0.0217970249350675,-0.0256857584977062,-0.0141356936136961,-0.0317481924409454,-0.00598127237380718,-0.0347578030965815,0.0143766203080954,-0.0294369288325268,-0.0315952348446901,0.0135531529591654,-0.0040437690402178,0.024016761853392,0.0173089630927619,0.0276403368816209,0.026786684953121,0.0295313427578859,0.0383174250769376,0.0155902194657498
-0.038565574979143,-0.0227363147165029,-0.0399574251010947,-0.023911919684577,-0.0425668954940874,-0.0263459849633008,-0.0293251683262448,-0.0287411769929711,-0.00741094361571841,-0.0284163177102854,-0.0292505290173109,-0.00375145545819801,-0.0119429008665497,0.0143365312866741,0.00673282564169716,0.030406619119907,0.0188175062977206,0.033621765550859,0.027658473462394,0.0270112789910354
-0.0381998132922314,-0.0101700462651348,-0.0275762618022686,-0.0215245216016588,-0.0166702157425333,-0.0269653170390418,-0.000806677212835791,-0.0267016678000372,0.0244030016932441,-0.0193314232037581,-0.0297622203780423,0.01226968778148,0.00101026786578548,0.0314034130636223,0.0196015390215036,0.0298215565594973,0.0317398391386124,0.0255124150256531,0.0455801980909824,0.00946080765449882
-0.038600926819291,-0.0108087051211923,-0.0357136146038622,-0.0192833102126023,-0.0200361527658614,-0.0250065982297978,-0.00426798945192105,-0.0265598924975154,0.0160160702578603,-0.0219992266736215,-0.0354215492264029,0.00823467916976106,-0.015635299177447,0.0224594636342759,0.00456542210833307,0.0313597950292603,0.0198119279073648,0.0292571286828989,0.0303257015063199,0.0250429308672895
-0.0387537911271439,-0.0133124178041484,-0.0401282467612213,-0.00935623830613673,-0.0264889014772594,0.0235003025285088,-0.0196044659988675,-0.0138496276919587,0.0150211172710099,-0.0326896759487477,-0.0408711822141855,0.0222068038342792,-0.0238610417722792,0.0433768788790975,-0.00656789095389997,0.0417767234609286,0.0243192767162843,0.0305269166324125,0.0318098385851776,0.0328481712084563
-0.0289344831753993,-0.0403137809700767,-0.00806330638532262,-0.0356344697193128,-0.0292542544335903,0.00890024893728125,0.0115691337223766,-0.00325104642156781,0.0171275958298677,-0.0178898827410571,-0.0193646146579288,0.0227856995286657,-0.0106631654415062,0.0301145769127577,-0.00653114149289942,0.0311019250460394,0.0232646558039186,0.0189810592647805,0.0239364792228415,0.0189543452771758
-0.0460238877751611,-0.00173547223096485,-0.0247063331497687,-0.0373448909593366,-0.0258205613902612,-0.0373972109979268,0.00691489651318503,-0.0164266359019237,0.0117028794675764,-0.0191714064640299,-0.0483552265587561,0.00449418945827728,-0.00279705791373793,0.0304041792563643,-0.0117110338466991,0.0256357617280122,0.0193741303564197,0.0312665473270953,0.0307697294262515,0.0277544348819182
-0.0243891507340103,-0.0356247395168654,-0.0172098415876221,-0.00402637012397581,-0.0135169036500696,0.00115124638846984,0.0103540395755339,-0.0315639232499055,0.0196635250320268,0.00736298759819771,-0.0210930280528267,0.0133202921535143,-0.00144818048041925,0.0382981090173278,0.00899549141331281,0.0308266709430529,0.0301449316214939,0.00952546678863178,0.0369996092656241,0.0226702139825635
-0.0220676757918648,-0.0367909319813116,-0.0186685627476562,-0.0358273089151874,-0.00240442467758289,-0.0202390681736327,0.000616326792836936,0.0187341232233663,0.0195890641510336,0.0176068146804113,-0.0324974290807406,-0.0196109527506003,-0.011975361445537,0.019516243533501,0.0111415270004528,0.0122955580491186,0.0218531054938646,0.0318989882579298,0.0227610957008961,0.0287767869542737
-0.0301856975355102,-0.0437382170296851,-0.0338237638682911,-0.0345367340530445,-0.0237949193554912,0.0116453836693829,-0.0113445269258169,0.0272764143627247,0.0259347866617828,0.0197882556962526,-0.0404676088974912,0.0254415263274372,-0.0212840881935655,0.0462671151121778,-0.000738183944357766,0.0339685046253758,0.00659601161939689,0.0245413054872503,0.0262143525081902,0.0146481480105927
-0.0215838281774636,-0.0264576021272062,-0.0132629992237596,-0.003761808816869,0.00688785705443335,-0.0137401255886617,0.00355431830321374,-0.0337912769944408,0.00102350331240326,-0.025693041171261,-0.0193379271466532,0.0164916287304026,0.00716221801688183,0.0439949254032441,0.0282053062445786,0.0226227840916643,0.0200731848025436,0.0387353678639222,0.0294484701502041,0.0346040338165114
-0.0155398792280193,-0.0354279198097757,-0.0160142381129731,-0.0338500367991235,-0.0116379376746451,-0.0281004277537096,0.0049024930124598,-0.0244827917190468,0.0341182594116653,-0.0175108783034993,-0.0211681974439182,0.025331251369423,-0.00610068148763319,0.0291431803869712,0.00464161277959001,0.0273710985435558,0.015580348869938,0.0340374244211051,0.0271351351970793,0.0297692808842723
-0.0159664434143287,-0.0445260044458607,-0.0105891672954709,-0.0245424702444687,0.000305114157566999,-0.00468348773508225,-0.00744080062622627,-0.0198903681366109,0.0166790525470891,-0.0275727918695849,-0.0030654140396538,0.0232119619811446,0.000122970473841471,0.0213222624896413,0.0277442429258032,0.0139175986756216,-0.0021183912988561,0.0479681481063998,0.0359638573159692,0.0263137181189043
-0.0295229830815557,-0.0390487897493682,-0.0310475668007227,-0.042726146860324,-0.0143687207037261,-0.0379128161270203,0.0201059453396085,-0.0387987425356706,0.0416786564250459,-0.00457970554711229,-0.026368317295032,0.00417236168997613,-0.0273010884317734,0.0155694472200716,-0.00950681893979675,0.00465431347988531,0.0181158838196315,0.0292850060738734,0.0401828102517158,0.00881945656079614
-0.0465069237982293,0.0116998616758741,-0.0461275965274786,-0.00687780409494749,-0.0291709696858269,-0.034880073271553,-0.00347213762663069,-0.0334209414756184,0.00970855574680241,0.00756669637517032,-0.0202772032691769,0.0234594975990116,0.00637660901686573,0.0384101280856222,0.0171194630126547,0.0166390493832932,0.0199030865203089,0.00740249481823913,0.0258734960014057,0.0142257394775287
-0.0366977581319213,-0.0161034463934987,-0.0231230052357828,-0.0312489784273771,-0.00759475252658805,-0.0322968187668041,0.00229525530361076,-0.0326595906469637,0.0224933290004696,-0.0171184569324662,-0.0413300180690961,0.00394709440668114,-0.0175945272480265,0.0255766552184468,0.000118103962044893,0.0379886541817404,0.0116886316764443,0.038772556991908,0.0216459334935226,0.0294340733732631
-0.0334699553092339,-0.0204106692092753,-0.0214808450768538,-0.0193502004787312,-0.0118306739966546,-0.0230679397363101,0.0333511778006959,-0.00671627083830558,0.0401228738217201,0.0106174831343476,-0.0299911898626266,0.0162538571275068,-0.0147978390565892,0.0131200125116575,0.00508684618884178,0.0337416760986817,0.0242790995031517,0.0324175392213331,0.0392643302458303,0.0162786690704358
-0.0324198339695341,-0.0157406072699922,-0.0241339808591113,-0.0247026458993238,-0.0122900382206571,-0.0272857598011351,0.00903574623647691,-0.0191104610768123,0.0238379535879384,0.0200411136754238,-0.0235067023534584,0.0251193690453711,-0.00443202556783682,0.0387986557003439,0.0142305164710045,0.0298737989926164,0.0285311142394567,0.0276266581385696,0.0404118072253246,0.0133877380661785
-0.0458789549260303,-0.0102322348641861,-0.0272807852959473,-0.0265804204445603,-0.015704063336979,-0.0300401714036905,0.00893225072069757,-0.0320441448519078,0.0312570630569396,0.00792299591452861,-0.0369149605975376,0.00876804447652092,-0.0170013646410246,0.0381290976596537,0.00459126315196735,0.0366638889331209,0.0316207054579359,0.0235026158319661,0.0410545907245327,0.0138908888902044
-0.0308124791621997,-0.0227432961782156,-0.0154766983645247,-0.0372279886429564,-0.00222709490868152,-0.0283497763321141,0.00953847484579937,-0.0296082404616342,0.0315796359986253,-0.00733134904079097,-0.0263354062514494,0.0267138541614538,0.0023732868461009,0.0315932214884858,0.0159626694477833,0.0406094040967171,0.0273285893587128,0.0236688358267821,0.0382633003812304,0.013651093578128
-0.0355712314653057,-0.0157600170447705,-0.0173816370662659,-0.0238803979387753,-0.00996815454322431,-0.0424372247697634,0.0015298667090768,-0.0359525387946284,0.0249043736333783,-0.0206772777298984,-0.0394520019305179,0.023918960414541,-0.0103385171407482,0.0456708044137385,0.00719235216552853,0.0458933973707733,0.023884637463338,0.0333112570808202,0.0416189674101151,0.0127707887569394
-0.0308966691842355,-0.030531892492248,-0.0268136661908752,-0.0345945781693076,-0.00285969735308933,-0.0247863648141053,0.0146477105208971,-0.0205894665209601,0.0363201656692756,-0.011280662975426,-0.0328965071454603,0.037072646259428,-0.0212152796608187,0.0519499458129214,-0.0116809541511992,0.047531208777772,0.006724868995545,0.0335717823771292,0.0269701511992,0.0246410031777374
-0.0273351955543732,-0.0172893920048823,-0.0186816696599,-0.0238287274534314,-0.0126097959017322,-0.0278583363818675,0.00134802254464382,-0.0252149974834811,0.0235694188265798,-0.0132124625488231,-0.0447264632506763,0.01944264603922,-0.0300838307697626,0.0393266104665468,-0.0112155227804382,0.0472017810618753,0.0109242840953968,0.03780553180751,0.0268215665684884,0.0273318525105635
-0.0383327263641682,-0.0103277729515025,-0.0400874709169101,-0.00793289908880563,-0.022004372904982,-0.0255113367723673,0.003286720974417,-0.0271312677175449,0.0253846489739338,-0.0256571895048757,-0.0360639372916311,0.0289699327244353,-0.0100503850643619,0.0301411661803205,0.0129292470887714,0.017229019153802,0.0234622506372028,0.0262112789452257,0.0348146688520451,0.0288298529784425
-0.0328931676183462,-0.00852519129503057,-0.0170518607969135,-0.0315231122455785,-0.00971404626507937,-0.0333136531933327,0.00610749080985035,-0.0096845238932907,0.0298801761876498,0.00607469181346194,-0.0314450330039877,0.0193529217601814,-0.00622940677171675,0.0284951506067588,0.0135433065098864,0.0427569593517143,0.026286357674093,0.0327740801970284,0.033924840166592,0.0186491647194729
-0.0340904422581701,-0.0188557857529279,-0.0170646221840934,-0.0284047680851174,-0.00916731211433002,-0.0300400382504172,0.0025849522839512,-0.0269771024867323,0.0318457488051168,0.00762550138507814,-0.0303631959197586,0.0121926073825977,-0.00301676373983016,0.0291279609074776,0.0169668557101429,0.0251033906245279,0.0287927006478601,0.0315991583567028,0.0394349054275634,0.0185403966434803
-0.028020169332632,-0.017072645873811,-0.0127651953915758,-0.0217613192559431,-0.00367382219904108,-0.0288098162994388,0.0179955665440006,-0.0171710344535581,0.0336664859123416,-0.00342576572897961,-0.0351967170109421,0.017572546837809,-0.00726079599031093,0.0383113471222856,0.0114660631313054,0.043872945166036,0.0235230968419339,0.0353072507259969,0.0328340136084004,0.0229934433811301
-0.03204366355764,-0.0185121479369523,-0.0199964518545065,-0.0345113616878899,-0.000544080526134205,-0.0321280016025036,0.0189550979950353,-0.0168393935145685,0.0395911607557288,0.0018053957245023,-0.030596623444136,0.017561438219402,-0.0129053662165899,0.0310711189151482,0.00760090940615892,0.0287251042067701,0.0235829380515826,0.0202639370898516,0.0338968982660247,0.0175871789860959
-0.0376438640653542,-0.0385573810010934,-0.0263622562484506,-0.0273942389327671,-0.0159838400716453,-0.0246617627149429,0.00326240861996789,-0.0235269504418,0.0219141375571648,-0.0147324564090431,-0.0171989894892536,0.0530934434772341,-0.00637160581655221,0.0498546844985876,0.00757919243274784,0.0411476247586534,0.0190986978044184,0.0291313696846487,0.0302542685952428,0.019559825982455
-0.0268000583558824,-0.0170770802647448,-0.0183937677774073,-0.0269832422208463,-0.012641229356261,-0.0293977190696374,-0.000199246005389689,-0.0302680346491101,0.0311274704053338,0.00834244347264565,-0.021811726720001,0.0279967954188221,-0.01345110966767,0.0433644155380532,0.00926910649276836,0.0313250715772561,0.0159140233948494,0.0375604570826475,0.0342026252570405,0.019379262597102
-0.0368946954175772,-0.0159030827533012,-0.0240896762945391,-0.0303626442957951,-0.0203194474774692,-0.028774007585236,-0.00836492043882744,-0.0226429173272743,0.015294826353317,0.000350100763595026,-0.0354962103139594,0.0238167485758005,-0.0102946236376444,0.0355843276923137,0.00633913090833817,0.0405270554458979,0.0192079043845963,0.0276887700230525,0.0374297574650879,0.0114249076518163
-0.0336744274050939,-0.0142991702208948,-0.0302213271028624,-0.0245769768785985,-0.00729477415334432,0.0206157275005571,-0.000106538779339301,0.0020917276433156,0.0337244328888286,-0.00361366365678601,-0.0309869095931226,0.0224706667317731,-0.0100564171968113,0.0406724774809481,0.00563116479797087,0.0414555421197214,0.0096771193744898,0.0373854002938422,0.0262424101449338,0.0167917556110972
-0.0278594267842185,-0.0284402525602486,-0.0148620128344808,-0.0103986831974422,-0.00150589587279563,-0.0302593342670953,-0.0088035208879791,0.00537577846160345,0.0283676516036454,0.00307978472977363,-0.0137639706938741,0.0444805852372576,0.0119644272703046,0.0360917226079901,0.0355177576680389,0.0280180216248652,0.0436231047592105,-0.000943279462500655,0.0465654635143191,-0.012027925879103
-0.0333284295345389,-0.0191142627712514,-0.0178776919726148,-0.0325496662999938,-0.0153593642017338,-0.0368835989267117,-0.00992247722987743,0.00455541473102046,0.0197274418002971,-0.00149624061879774,-0.0329167136443684,0.0213812217866722,-0.00773655728837642,0.0320750547712859,0.00893506913285747,0.0429972044885845,0.0293113545275061,0.0280910750579009,0.0299839007748321,0.0249636410502389
-0.0258933593832509,-0.0164021416249437,-0.0155932204451963,-0.0320632414470657,-0.0137099271162435,-0.0303993720485718,0.000711086967194804,-0.0167518851002032,0.0199227789763459,0.00183536257774794,-0.0345781465536534,0.0165200382317394,-0.0119911230289575,0.0262538712799628,0.00927258275026611,0.0370937229011763,0.0298594332750797,0.0305150879030326,0.0367528527840976,0.0207847121918261
-0.0299994550253793,-0.02390263723452,-0.017662089754406,-0.0225147815013437,-0.00726175511429507,-0.025302590046296,-0.00602631328552482,0.0267807368161916,0.0307206125834293,0.0103156175036405,-0.0286101514856092,0.0119390477209904,0.00123037314112217,0.0330232801966552,0.0121810306967768,0.0327201765735853,0.0175761511926454,0.0308773598021088,0.0425698622262641,0.0122426739428948
-0.032290879502213,-0.0311718083505944,-0.0158691857410844,-0.0257482085497051,-0.00497482362501674,-0.00941537816219947,-0.000485712993409516,0.0197369781230148,0.0250423911309251,0.0142600278167916,-0.034587095922924,0.0186729752878383,-0.00911449246359344,0.0242499904239648,0.0107774070036697,0.0387759601297308,0.0269131486185037,0.0341721081162502,0.0293188355974808,0.0243472707838116
-0.0307117018610043,-0.022354281898953,-0.0163308248378269,-0.0241824258936744,-0.0151583081462658,-0.0220012800599492,-0.00629200211002596,0.0121581759479692,0.0264187625745095,0.00766632651079328,-0.0275363276547228,0.00597470016474888,-0.00143584459287879,0.0247198041180703,0.0120654968581957,0.0340928516637058,0.0138721152468927,0.0309148715014597,0.0356457475405836,0.00731296322573672
-0.0359485500748154,-0.0123275812451753,-0.0374214792196783,-0.0112031265975907,-0.0430842108072388,-0.00194280070019286,-0.0281659427121957,-0.0221025559894638,0.00765749954799604,-0.0191612977387877,-0.0474549234752487,0.00967224341143921,-0.0291231712660682,0.0359989212671212,-0.00892051598180978,0.0381880134389955,0.01195985563256,0.0353494647560807,0.0302690665936066,0.0254969350991384
-0.0243993027464118,-0.0328193253935402,-0.0219677721700739,-0.0341726736995955,-0.00114537429471267,-0.0261740481072501,0.0188714648021677,-0.0210837013996552,0.0396966430487014,-0.0121874989401008,-0.0382936420042274,0.0295121086646696,-0.0226630962286712,0.0435898011644271,-0.00559966842266828,0.0386764911126914,0.0198918441553854,0.0182441308383563,0.0331719906915369,0.013392710590586
-0.0339770542461982,-0.00935663835040233,-0.0271248610379544,-0.0203638195919803,-0.0186200403521837,-0.0296266026625108,-0.0114058201848307,-0.0267017209953523,0.0040945669163053,-0.0231867217521659,-0.0302556090397118,0.0192713778138304,-0.00760564794944727,0.0287749620834916,0.0117721466428504,0.0309101366271804,0.035583793746644,0.0257929186658868,0.0418776967427367,0.0122297083162546
-0.0349336080537727,-0.0177010445459113,-0.0143846358636637,-0.0253953231103168,-0.00304876520512721,-0.0274767394661866,0.0123775160569585,-0.0254136196092677,0.0335846589588156,-0.0185572165541655,-0.0211850681196171,0.0166524314367922,-0.00489508965070478,0.0257266417363571,0.0153528134039947,0.0347092346027718,0.0290601024378765,0.0261161527466116,0.0418420660077377,0.00987200969086203
-0.0282965732264936,-0.0263231736584569,-0.0188141072444766,-0.0302071748567292,-0.00686831831456645,-0.0306563661928991,0.0111425935926048,-0.0242055968469927,0.0318266856465779,-0.0163756797651787,-0.0409341998110611,0.018595834272772,-0.0173130713962926,0.0223687028375944,0.00797494704320078,0.0416420971219411,0.023762256398989,0.0326631858486468,0.0419882384711487,0.0151362933837046
-0.0362280345346269,-0.0128074759234145,-0.0205874487267215,-0.0314271954812811,-0.0111221630450497,-0.0124940529140314,0.00373818333084593,-0.000891565179077884,0.0267762956041003,0.0100804926139054,-0.0376740943837388,0.00967394550603028,-0.00923101783087463,0.0245531436804792,0.00423531520692635,0.0405139715466232,0.0215261755768724,0.0288949413476397,0.0315440346776726,0.0137548853305177
-0.0238982572052042,-0.0310060623626511,-0.0142442373237161,-0.0193150345731527,-0.000333714751236051,-0.0193469955833546,0.0237470536223675,-0.00272980968816895,0.0363066010435963,0.0107905975339213,-0.0439887857039081,0.021397717087985,-0.0248347722894079,0.0436413248272987,0.00390582183962602,0.0295638229048345,0.0201369113364368,0.0203009366869885,0.0375549069761428,0.0174206981095898
-0.0304446952358326,-0.0202267594327206,-0.0179137441471029,-0.0289513240225678,-0.0094327158336945,-0.0300875843817199,0.00286092698595384,-0.029579368682859,0.0209816019709737,-0.00387099100253162,-0.0367415839087531,0.015878099791914,-0.0128760431048533,0.0280162523617782,0.00417900131709013,0.0349450795197128,0.0213339588952424,0.0284805671256718,0.0352512347949448,0.0176025251966395
-0.0330219607808753,-0.0092466975779809,-0.0211858935381855,-0.0250780444140101,-0.0135039236476913,-0.0276467415942268,-0.00262703734636387,-0.0295674607077102,0.0198556809805556,-0.0171123739892224,-0.0294107994935528,0.012486890606046,-0.00817825610445782,0.0287062536325572,0.00771691585229506,0.0346339513621512,0.0243608145681799,0.0288580617310496,0.0411340781470081,0.0120881293045063
-0.0290363269988835,-0.0156002748287,-0.0165381673944645,-0.0218657659035129,-0.0117421462059899,-0.0300166162150148,-0.00281282670354226,-0.032400396161014,0.0172378873603838,-0.0223699453336128,-0.0440862733956401,0.0157607483942087,-0.0143615899581618,0.0251070452825103,0.00504603498724394,0.0384148399743655,0.0167540131728224,0.0341101337489878,0.030153639998363,0.0209333182889805
-0.0427791271683175,-0.023669152241406,-0.0233756637920294,-0.0264430072320035,-0.00719518409278735,-0.0307208477437192,0.00403447618279346,-0.0243557419696127,0.0249416218903486,-0.0127188606343184,-0.0287230559953662,0.0110758364508567,0.000268518860973533,0.0134937791782982,0.0155701205577017,0.0257061304472513,0.0250036378567309,0.0307028450070074,0.040391060865854,0.0146339250055892
-0.0355851913230104,-0.0117243416581219,-0.0220166754281909,-0.0278200021339229,-0.00133630363326471,-0.0237828533368424,0.0151341699165513,-0.00891530622978126,0.029227422928427,0.0078117337424736,-0.0389807332955572,0.0144556271509353,-0.0162308349816425,0.0324391041548941,0.00319033859314989,0.03263025025157,0.0211772189085778,0.0255297248963307,0.0372592080813684,0.0157799550981365
-0.0392372722117512,-0.0225149787998902,-0.0164968744494356,-0.0332420268291385,-0.00783355841225625,-0.0343689910262263,0.00105889637157513,-0.0298935769049808,0.0229689352106473,0.00219174784576957,-0.038657640877982,0.0103513209230434,-0.0117107523156099,0.0201313764425216,0.00802242919160022,0.0234415433542328,0.0185251455287936,0.0307919603470746,0.0302515219487222,0.0171678443342384
-0.0346492996123898,-0.0173055168136711,-0.0217446742150085,-0.0216157335406214,-0.0112961811910511,-0.0253320765585139,0.00734340143170786,-0.0192915289009154,0.0250543533516435,0.01047471925808,-0.0335723111772133,0.0108388761135298,-0.0173704005092726,0.0206783508267903,-0.00087308449720375,0.0333973363124495,0.0156804457420194,0.0298623725275401,0.0282864703417113,0.0198689303259101
-0.0402453477511364,-0.0162755857155413,-0.0248751021194719,-0.0225901143253343,-0.0151113539498974,-0.0213719316879296,-0.002817259887038,-0.022419455686993,0.0160133701119006,-0.00740000479955623,-0.0315841217197971,0.0203319067155609,-0.00491716572362301,0.0418763451971649,0.011104952858051,0.0395356636763681,0.0279796468257583,0.0227516693836162,0.0376415974292782,0.0145741305193545
-0.032827643627175,-0.0193102506084829,-0.0238013522034147,-0.0245265878352681,-0.0167800464509857,-0.023129607767604,-0.00294908358534093,-0.019276317568179,0.015255899628322,-0.0148641381900296,-0.032921368302887,0.0190779106653197,-0.0120923508735553,0.0370423865993943,0.00612089938923562,0.0366418556023281,0.0231879821785918,0.0239423972326106,0.0336013618500015,0.012437602515601
-0.033079600837782,-0.0298959195550703,-0.0198009429404234,-0.0307928257254408,-0.0149941097333527,-0.0299261780219623,-0.00252045040822283,-0.0238527190217355,0.0156933575468425,-0.00384019754485399,-0.027354329053351,0.0228789210422491,-0.00807203786113866,0.0327423163359778,0.0119607647945895,0.0410761597191524,0.0322901085283593,0.0185844209216403,0.0370573955801956,0.00728072817863414
-0.0305083887627679,-0.0319678781131627,-0.0138191720048251,-0.0103095280421329,-0.00405128761601424,-0.0144802721895429,0.00871271075962884,0.00527494076145645,0.0250648527453858,0.00780826070585554,-0.0385096697450963,0.0247871748576661,-0.000243776945809214,0.0202614086615667,0.0136536799777992,0.034434859096648,0.0250567306133449,0.0329879474796788,0.0309106274494095,0.022968283923649
-0.0340730106849996,-0.0109059537290749,-0.0238355191324267,-0.0169192603341578,-0.0118833879011854,-0.0230686081468763,0.00666675108862822,-0.0287564753851902,0.0315273949280396,-0.0123450842544044,-0.0382094682766556,0.0189475994439536,-0.0226061672656161,0.0362279306959911,-0.0077866386718446,0.041090630357126,0.00854138165574759,0.0368249874102117,0.0314909959408856,0.0165401682114696
-0.0342027810923646,-0.0148882763123536,-0.0136932751484457,-0.0264866774660025,-0.00685803364492082,-0.0322071779415461,0.0129216845894845,-0.022682143446819,0.0366399984848807,-0.00472122139843115,-0.0344749472520687,0.0168549328797227,-0.0112103245732348,0.0366684868097559,0.00523687487388089,0.0434369634370179,0.0210086012955272,0.0357164374230396,0.0366319380121822,0.0146213442665921
-0.0358879902575044,-0.0374545728630884,-0.0256693707026284,-0.038567046500093,-0.014279281509989,-0.0326624499766315,0.000672941029426055,-0.026427581205582,0.0278889579664379,-0.00939928411462716,-0.0292455511823178,0.0244960228862376,-0.0106610148595137,0.0484330670761318,-0.00177493942218491,0.0440939362710136,0.017982201261888,0.0277154231144688,0.0374232359906476,0.0174429037947498
-0.0418292789934095,-0.0117800518283794,-0.0372114158383373,-0.0143240422029894,-0.0156953976071033,-0.0293675662406313,0.00292092013971965,-0.0211591005346643,0.0271978412931905,-0.016844777660634,-0.0396078419237063,0.0234664687329112,-0.0184777316062291,0.0338965085083524,0.00705722059530885,0.0271018402452874,0.0212398970331117,0.0251356217306675,0.0336113590579162,0.0224795327972923
-0.0338539934226275,-0.0122852770424345,-0.0185625252415902,-0.0246428142194829,-0.0117776542453302,-0.0267558315401983,0.00588442589431391,-0.0236353039795997,0.0342667413038405,0.00410432613546205,-0.0330226522238766,0.017456019543884,-0.0151318274584892,0.0316311180528447,0.00117276155495509,0.0357185528465905,0.0211494752997687,0.0291487478820906,0.0310910233165999,0.0142219881299028
-0.0302844835682859,-0.0149312303530071,-0.012623271995186,-0.0134903151557157,-0.0153964322765813,-0.0315844970058382,0.000458787436749794,-0.0187169905736791,0.0236765406428081,0.00381966773432221,-0.0296162397572265,0.0327771031166338,-0.0117969735081215,0.0353004002844687,-0.00675526638401036,0.0416652053457719,0.00669169067902602,0.037219662766236,0.0241147651029104,0.0236131733271439
-0.019494084925891,-0.0142759207316204,-0.00474677358879926,-0.0198494926753381,-0.00460892935596643,-0.0297794724725334,0.0159712760914664,-0.0226163025721635,0.0377803479541751,-0.0110484068557711,-0.0266345724560321,0.0274448922913911,-0.00585515560626662,0.0301844979417669,0.00345945375437926,0.0359801538529622,0.0138359793745559,0.0324697563789828,0.0335172153817727,0.0135383494288694
-0.0376601383222336,-0.0192993233821103,-0.0167718203975561,-0.0224760340081541,-0.00904309435794617,-0.0238622875003184,0.00391732560378075,-0.0214344563993855,0.0238433263580526,-0.0126023439512653,-0.0336903344034035,0.0238065685693493,-0.00785274120691558,0.0376600919609825,0.0134014316860205,0.0425471915138389,0.0257847485227329,0.0304242857617651,0.0404982672150629,0.0147215047399795
-0.0400951761194944,-0.00944578545551676,-0.0250953695639887,-0.0181379637103538,-0.0147487506901009,-0.0252232930683003,0.00597407694238838,-0.0199947547447446,0.0334290084633131,-0.00824061727915395,-0.0378119249788027,0.0128395575349594,-0.0205048456852084,0.0195465924609583,-0.00339055109474561,0.024006946700811,0.0179470140413474,0.0316547142571863,0.0359740087324861,0.0256066046417758
-0.0330928558917784,-0.0167595669805818,-0.0221735644140809,-0.0273214130809744,-0.00877139917210464,-0.0303727607052427,0.00566396194759705,-0.0279534163907216,0.0202766592931093,-0.0261580800279236,-0.0403447648004589,0.0123993438076337,-0.0186271926048339,0.0244159298923573,-0.00266940263915792,0.0323943333207361,0.0159066094299177,0.0300230156394563,0.0398106788018084,0.0118288080562534
-0.0395471770186567,-0.0113772874116181,-0.0165009330343831,-0.0258619559106769,-0.00161381799983729,-0.0318777717811687,0.0142860319998621,-0.0237741887405319,0.0309967377176396,-0.00807404987651148,-0.032166014599743,0.0197120740975324,-0.0060497504552369,0.0243820755551258,0.0169425503929008,0.0208975908446905,0.0320538349218543,0.0295874651930713,0.0412999857119989,0.0132733025192625
-0.021906760911491,-0.0276560675894698,-0.0146210347265568,-0.0318472012125723,-0.00768191383235693,-0.0303868618796969,-0.000602329522406506,-0.0289892342098736,0.0213260402083936,-0.0213969024919475,-0.0380675987710261,0.0285547633148594,-0.020981926794443,0.0428253095685042,-0.0043557136944684,0.0382500761533949,0.0220745038665764,0.0311662941281624,0.0396450649936892,0.0182868045138665
-0.0202662859937105,-0.0192129389620654,-0.00313565985360301,-0.0256906393662092,0.0193396757152346,-0.0206741123552252,0.0464088763220615,-0.00774724569363317,0.0523480026864634,-0.00820891482510279,-0.0315393406108958,0.00896927706383221,-0.00640461986904179,0.0221484686118831,0.00894542031764984,0.0327349655650846,0.0238361868553877,0.0285420417207282,0.0409006364810354,0.0105872798344515
-0.0280860646382365,-0.0180489834188664,-0.0190060531951437,-0.0224434816781227,-0.00794182980189435,-0.0235293076527532,0.0051871659920948,-0.0233900056339589,0.0318637364124646,-0.0190199888111321,-0.0323504333576876,0.0357252537468695,-0.0172741145593963,0.0448249231492112,-0.000248864441976014,0.0405153458114123,0.0154638829956206,0.0357142269564204,0.0371478268186506,0.0151534509412729
-0.0329005968152551,-0.0145657263330119,-0.0123321248824501,-0.0249409570259354,-0.00351942259243486,-0.0277058685924039,0.00485898600557789,-0.0271247919089746,0.0245477990231114,-0.0219682344565585,-0.0293312117395857,0.0111621502714495,-0.0119017291440772,0.0197560536459732,0.00416429104573072,0.0321122181827741,0.0180781177367386,0.0303453885742528,0.0307078097390325,0.0217251443023287
-0.0376388620299949,-0.0190338824887771,-0.0197148661617479,-0.0259067181334842,-0.00740804542215452,-0.0272184040713663,-0.00114275844651339,-0.0268663697468824,0.0207139518283006,-0.0222366300902464,-0.0309457062655001,0.0143469330283888,-0.0146724933559221,0.0213863970567372,0.00313677241447863,0.0280157819642728,0.0190898627465163,0.0322087982095639,0.0350440016766223,0.0179259344801634
-0.0343253341909966,-0.0184094291080132,-0.0152980970662899,-0.0273492676975602,-0.00718568355887923,-0.0289473751516966,-0.000615532355062073,-0.0283573155953708,0.0216812498232398,-0.0205108740854655,-0.0336949158093526,0.00879199848385312,-0.0142653878341347,0.0214520950793995,0.00286968099184497,0.0315339998237533,0.0186022534663276,0.0297109496076162,0.0257185797488061,0.0273525915058314
-0.0258898685297357,-0.0205312029316083,-0.0158856165767141,-0.0239698740007364,-0.00603656982344839,-0.0265768751873762,0.00623776403783369,-0.0281943753240947,0.0321774329710356,-0.0220768192514179,-0.0309515031517543,0.0188954505504157,-0.0111062501767222,0.0357193969072289,0.00893353878917623,0.0379297455526006,0.0226857468220426,0.0313790314747243,0.0388667077984148,0.0150969653168046
-0.0392949449027106,-0.0150177275643571,-0.0184920317273643,-0.027880055088301,-0.00572053659644648,-0.0295338484938825,0.000760476116466931,-0.0289810562518526,0.020990146102423,-0.0228156842220516,-0.0367687527242178,0.0155869503538126,-0.00623375303486413,0.0279589704453834,0.0107349177984792,0.0321544138455764,0.0237162061320462,0.0303580566392364,0.0422552587204147,0.00917452695355181
-0.0365951400625695,-0.0165157973661263,-0.0175306559588474,-0.0272611052937968,-0.00912426123181595,-0.0271502720113863,0.00282369397822666,-0.0231499027383843,0.017847381695163,-0.0103316560487635,-0.0367283363226254,0.0172337601753777,-0.0132940570513584,0.0326159119164071,0.00649440384007823,0.0346891441075051,0.0219521367033841,0.0300571862685818,0.0360300821235348,0.0102895298217105
-0.0358190319313928,-0.0186465501501579,-0.0262627605310966,-0.0168615385435327,-0.0172763348225666,-0.0291955099469532,-0.00636444014263797,-0.0347433134128283,0.0170258284926865,-0.026240990335739,-0.0329799388862248,0.0151747306187948,-0.0218756229923899,0.0269757527528689,-0.00510629971921149,0.0354216269032098,0.013602315912355,0.031901949161941,0.0309993869174008,0.0237429741525789
-0.0324853732646388,-0.016350627203636,-0.0189416009334743,-0.0340349267645714,-0.00536645705216798,-0.0266585821170795,0.00271409219319227,0.000656019610740047,0.0274794398191911,0.00297986306043816,-0.036729634721999,0.0153204837899953,-0.0154365314337632,0.0259262778685942,0.00143614131602811,0.0334199389178751,0.0151539110399709,0.0289693914808182,0.0206872632240569,0.0218915563100211
-0.0282346658065261,-0.0141064555091289,-0.00246901678528816,-0.0251276127119566,0.0355650120510662,-0.00972697016070419,0.0552027258668763,-0.00734075059795527,0.0550456909399028,-0.00734608788523221,-0.0382215490355902,0.00836386498889449,-0.0157485151623834,0.0223754387477775,0.00407511029395053,0.0283339074051249,0.0241124694751516,0.0268850722885226,0.0397767854908233,0.0136889264784166
-0.0225110798301904,-0.0248593786794722,-0.0159167069221772,-0.0400771049924953,-0.00168727486501842,-0.0376476498192354,0.0154319533371931,-0.0309214057032011,0.0334126240183324,-0.0178883238677339,-0.0263081341599639,0.0468296280767157,-0.0132382816831923,0.0560614090362957,0.00527815343301149,0.0454160189699077,0.0292770860432463,0.0262114795873917,0.0417389292367911,0.0129729612541995
-0.0268651203261808,-0.0345208279244531,-0.00889786876547164,-0.0315309756251583,0.0125699669084142,-0.0263821629198598,0.0358286291707662,-0.0151946897158119,0.0414440289113131,-0.00725000061270753,-0.0437918223962894,0.00779153398681023,-0.0260887653306161,0.026832536344996,-0.00341644672644891,0.0311431219170858,0.0187516581165633,0.0239367474249483,0.0337462423482296,0.0161949035498812
-0.0239429710560827,-0.0202915271083954,-0.0144538807065644,-0.0285602686422149,-0.00981734923920538,-0.0290707023003692,0.00410383722251122,-0.0215648293204039,0.0254163457329973,-0.000421202897594229,-0.0218060301153386,-0.00854490818354432,-0.00552804587912633,0.00803922693208235,0.0110041705590146,0.0245152576805795,0.0255555526782443,0.0323816829605547,0.0419216467374943,0.00867176609355293
-0.0338383472232836,-0.0148148164705213,-0.0102174995341964,-0.0296273772205488,-0.0106361383432827,-0.0292764643025911,-0.00519873330874516,-0.0287229306298269,0.0182249429510052,-0.0149585919210836,-0.0230323577140868,0.00475069289064834,-0.00473040894416702,0.0162544877375227,0.00588542381288508,0.025036811986136,0.0167369970655637,0.0284573153710571,0.0292721406808048,0.0241034682136533
-0.0335596083733266,-0.0163009991112162,-0.0113978501464846,-0.0313122269581899,-0.00684952196869537,-0.0276247003187129,0.00217593046823992,-0.011231327315344,0.0305633847373456,-0.00611289668711434,-0.0433496894330031,0.0128340019668126,-0.0242454253864744,0.0264210786424194,-0.00384909765522768,0.0272834799723805,0.00862631616012271,0.0302217516976518,0.0232003622482391,0.022170920864346
-0.0343157619503385,-0.0156629259766351,-0.0253250557067079,-0.018322156834439,-0.0174003808053243,-0.0168170658328867,0.00171156130010522,-0.0179891753696166,0.026512680690826,-0.0174501050274063,-0.031791840491352,0.0247494644807274,-0.009973788383734,0.0398640429370342,0.00689476802609598,0.0357551006565477,0.0229729746868157,0.0302868788213367,0.0412110322067525,0.0131703561314877
-0.0257524567411359,-0.0151540201181523,-0.0151348229152877,-0.0218703164847718,-0.00555640176820687,-0.0249923041240191,0.0103860266255937,-0.0238255603087583,0.0246684675551864,-0.0156886316992805,-0.0281214222259417,0.017583969804013,-0.00572425197219372,0.0357160229339156,0.0168837424621713,0.0293163206237747,0.0347780747048283,0.0256953770946852,0.0447490908846788,0.00771528158381147
-0.0294020751500962,-0.0219649883751889,-0.0138326288221541,-0.027525804900191,-0.0044784048186476,-0.0274968742898826,0.007589888541198,-0.0278072581564159,0.0315600612879875,-0.0209824753225154,-0.0290428210281267,0.00554344085270273,-0.0111309257897584,0.0171301521795627,0.012222015741978,0.0275722122477627,0.0269313195924249,0.0310268615636179,0.0427297393800449,0.00924985456236536
-0.0440152553616111,-0.0111676980498503,-0.0273237039224522,-0.0218917916861455,-0.007716702098382,-0.0253793040715364,0.00809695561846243,-0.0275920310544215,0.0314658886216371,-0.0191722704558157,-0.0361549155174456,0.0144677098676933,-0.0149638489361219,0.025453536294725,0.00571093371602062,0.032476421416769,0.0247117140243818,0.0286342686878877,0.0407555327544759,0.0140816178646181
-0.0265513186196711,-0.0181340928126158,-0.0230897203376295,-0.0265664518362731,-0.0156923198263322,-0.0283182193402907,-0.00361475685748802,-0.0297705000268197,0.0222778413535803,-0.0208149160010804,-0.0331718334964284,0.0324306376690287,-0.015367256369628,0.032461500297511,0.00320781523162529,0.0316061854579561,0.0205690145094363,0.0330526712375839,0.0386981435546625,0.0176379094479649
-0.0343576586964259,-0.00793397420856783,-0.0153583213568283,-0.0258240352571773,-0.0099178547952656,-0.0228918425804225,0.00653116208205801,-0.0233219814382081,0.0317666014878223,-0.0193355260441195,-0.0366170998560842,0.0101541950823742,-0.0192116658925997,0.0250577426526492,-0.00189191331227648,0.0321315565776065,0.0176528666001103,0.0339468226728039,0.0353247150666089,0.0233033747602074
-0.033699175694394,-0.0108366565401168,-0.0205652348673599,-0.0190618966099205,-0.00484247601140475,-0.0255965096150577,0.0115494693600017,-0.0270824706329809,0.0280076566443237,-0.014262582072184,-0.0329421882940512,0.0192695566593732,-0.0113453094051473,0.0299636401448103,0.0074246899750681,0.0372203443278151,0.0215927666696377,0.0332367387345569,0.0401570671799557,0.00902897572917703
-0.0353474395248473,-0.012212970238669,-0.0168664637987042,-0.0208875739532931,-0.00416906635662261,-0.031697012977163,0.00948224886897956,-0.0160752059049585,0.0187322273625916,0.00684512798628681,-0.019404092564581,0.0205033456599133,0.0182674931054032,0.0321771483799912,0.0289910295337158,0.0312871206804893,0.040491854466018,0.0138106479915353,0.0450507948731926,0.00516365492713033
-0.0271849540221369,-0.0323240354167125,-0.0148392415927305,-0.0326832624140296,-0.00183451444703684,-0.0305326185762339,0.0268505663886909,-0.0173890430948631,0.0406233092909419,0.00998795981761133,-0.0356680496138706,-0.0138147516514167,-0.0167505962487742,0.0143451613881043,0.00585158651035636,0.0159088814805376,0.0224922768468957,0.0345097717566198,0.0344529126181897,0.0234627805061974
-0.0337351198072062,-0.0119018018340852,-0.0177385021099018,-0.0291896449369768,-0.00400324995136066,-0.0323472890811589,0.00943469472417484,-0.0223068417685105,0.0320307073966332,-0.00534881266644931,-0.0365154954251649,0.00302243531347316,-0.0204515544416137,0.0044092515445269,-0.000989918471189487,0.0138868396714163,0.0149926307893449,0.0271579220628712,0.0284541824458571,0.02716114307543
-0.0315436167745712,-0.0186133789446933,-0.0194985717061034,-0.0338235373924753,-0.00919833823995542,-0.0266988358568701,0.00224267924132093,0.0150542162606665,0.0258332881409147,0.0143481317433942,-0.0353770074542001,0.00672951778549566,-0.0151298089446612,0.0209550396558113,-0.000187159917379165,0.0270742678528686,0.00828518573348265,0.0167168408357276,0.0186628829108634,0.0131084606705046
-0.0314947273893147,-0.0198459846535233,-0.016992460733906,-0.027106645687059,-0.00782565930965863,-0.0317487502116999,0.00494318848817459,-0.0305431366391827,0.0221383637110636,0.00954793758842928,-0.0316896071330879,0.00690175099489707,-0.00415964741985042,0.0183664904009798,0.0137043455442572,0.0317611182714123,0.0272207841771196,0.0270425829644284,0.039986161329433,0.0140339612006206
-0.0311166375159552,-0.0221809003456733,-0.0194003817185482,-0.0311844494331088,-0.0126411233321729,-0.00445828371563288,-0.0192520241064717,0.0207033381917436,0.0165664858035012,0.0227938760580399,-0.0306394448561413,0.00744300855701838,-0.0123448720411252,0.0166375760591061,-0.00435759428509517,0.0255632746732246,-0.00453418276446723,0.0306976915545491,0.0220989006626936,0.0278770611410108
-0.00682145339212768,-0.0285572082950417,0.0198188269762841,-0.0237860062077093,0.0519545683255572,-0.00667798429040324,0.0479799418838507,0.000215318748848245,-0.0139650930264764,-0.00648948738873109,-0.00112618501347188,0.024824747430285,0.0356935595436602,0.0264741345014434,0.0482489887967268,-0.00278071570944506,0.0470335354846587,0.00149894185147947,0.00586883649393732,0.00242038446571305
-0.0309396337092706,-0.0199328864837635,-0.020311416870515,-0.0240606943113841,-0.0107534735650067,-0.0301631904617248,-0.00035057815812567,-0.0289252571042996,0.0129275400741823,-0.0063043934687912,-0.0358626034381872,0.0158781321671418,-0.0192223139672628,0.0193524592399282,-0.00258887023924149,0.0398475275505927,0.0152129870892173,0.0354060580325187,0.0345957542061825,0.0150554362125635
-0.0237357990921231,-0.0269427343252938,-0.0130036210690294,-0.027547658115363,-0.0176186407881191,-0.0190484047703929,0.00619325103129289,0.0012168446334408,0.0355604223338294,0.0118612774455472,-0.0204963407977945,-0.0167282838913708,-0.00429689378181785,-0.00919136981463211,0.00440702889948846,0.0138802128128123,0.0195874340608939,0.0290320666275017,0.0414591283003476,0.0128923682098949
-0.0377695492970712,-0.0196166451254586,-0.0217574614567079,-0.0284205510644669,-0.00943985897053158,-0.0279295921533521,0.00856990036405239,-0.027219904328914,0.0266434995202257,-0.00388691441533784,-0.0350399294942238,0.0164052384714835,-0.00855198862596758,0.0226475368741697,0.011097636844801,0.0331680105720751,0.0346967967259822,0.019915717535786,0.0404276232045658,0.0131194426503508
-0.0300198264811108,-0.0174356601424582,-0.0155866370634439,-0.0348040252830212,-0.0124101746496563,0.00375313047105897,0.00615198532306886,0.0171411026181796,0.0335327470184064,0.0109215693533482,-0.0392511441312837,0.0136896833190968,-0.0201790516094851,0.0220748364549391,-0.0011399102111149,0.0176185776627628,-0.000812221117262933,0.0365275611284441,0.0212016651268988,0.023366617118078
-0.0379716761175874,-0.0116578617663379,-0.0270831858221848,-0.0246428994384372,-0.0110069940317323,-0.01817399893634,-0.000123480987908028,-0.0112525643730855,0.0151204593604627,0.0185620160992073,-0.0334310778798971,0.0205118564058317,-0.0119124923904759,0.02340400429596,0.00418586555928728,0.0280921418369468,0.0187143395305456,0.0192877330888032,0.0293890306966475,0.0171542104586568
-0.0278375484788402,-0.0170254332024721,-0.0147093025999942,-0.0258190082147684,-0.00169012207420918,-0.033045061524878,0.0140139382097879,-0.00197642484469012,0.0367638543714284,0.0111778846786362,-0.0351887332648428,0.015526950673908,-0.0153223999872703,0.0157622376772841,0.00228861516357469,0.021103753278429,0.0229896595596621,0.0215025683232428,0.0283584128292555,0.0221565069288584
-0.024541344239001,-0.028206592878496,-0.0096895566433559,-0.0299342653606247,0.00112057117735901,-0.0296827840431332,0.026144345671347,-0.0185687232200727,0.0304565534197479,0.0156548439220779,-0.0398262016741008,0.0210209073958209,-0.0246648058831395,0.0228831289261259,-0.00121352433533998,0.0314059077218562,0.0178587683268351,0.0307751357607882,0.0339884892349819,0.0214287998226173
-0.0327705713207216,-0.0158196072853368,-0.0158941065180686,-0.0283363466268027,-0.00802805201604677,-0.0273507779339129,0.00329084848396329,0.00991748993111308,0.0319484025322134,0.0103987502786624,-0.030774997087634,0.0042840328080595,-0.0130155591575202,0.0184189023882332,-0.000959669187027357,0.0294177885376348,0.0211079726303603,0.0234646741339707,0.0241493535483861,0.0243663383400786
-0.0286217212250235,-0.018425527028925,-0.00902886582761275,-0.0266938591039491,-0.00277146547832761,0.00232131444302895,0.0210610825052,0.0283906823902202,0.0416873394481534,0.0139869642472472,-0.0312219331915111,0.00770920214223093,-0.00658450364077806,0.0204325394893767,0.0105239647536475,0.0300029744748609,0.0204622403082315,0.037488442293748,0.037220693432533,0.025123716089654
-0.0401491700842063,-0.0153993273770885,-0.019192648190562,-0.0274509911087181,-0.000662844976903445,-0.0270644690856024,0.0106547369547761,-0.000113159084015652,0.0447563457661446,0.010316324301596,-0.0324629418825214,0.0108356333606514,-0.0118630597131526,0.0182924178057443,0.0101611068630165,0.0230893031957205,0.0302852504029401,0.0233332695294148,0.033864796258801,0.0220183837111362
-0.0407561130311355,-0.0137935603299501,-0.0227407774578614,-0.0262952810502244,-0.00594245502759895,-0.027745058702739,0.000675625251218356,0.0128783130538873,0.0456629338264478,0.00697862519794264,-0.027599816741402,0.0121358756861913,-0.00872446355489467,0.023460783538543,0.0105713480191978,0.0347454656081904,0.0246348729943775,0.031748450147623,0.0255955911091515,0.031092028593736
-0.0371075540660578,-0.0149893688264594,-0.0190276989951552,-0.025650690987454,-0.013532013427453,-0.0319227643279157,0.00671015918080551,0.00358514722834711,0.0298033768074834,0.0276971043431761,-0.032116057367307,0.025849629771145,-0.00553029003423976,0.0308273102268113,0.0258135625281307,0.0224884463827416,0.0388449541801985,0.0172514520124755,0.0433182610325288,0.00773766767138087
-0.0325165352889142,-0.0149208056782361,-0.0173614720186942,-0.0188918750030121,-0.00441492022273018,-0.0246172706118003,-0.000360126370623563,0.0167418275976063,0.041401895163038,0.00609179474377453,-0.0351590261504608,0.0171888586400674,-0.0113762274227425,0.027193685761783,0.00619332335979388,0.0304240186765088,0.0222749515644891,0.0250504908262059,0.0244859730425617,0.0274014690974561
-0.0353841264119391,-0.0141301330712354,-0.016857451489246,-0.0231525936617641,-0.00248491660651679,-0.0241700957405753,-0.00640197351934349,0.023989699577173,0.0236608307349983,0.0242224433092357,-0.0361540330279613,0.012366477764362,-0.0143100069033125,0.0275619117866639,-0.00184803638318054,0.0304868355678402,0.0141387925057827,0.025753307403504,0.0132618172222161,0.0411999721452108
-0.0329601679342503,-0.0216458438201929,-0.0247876107981205,-0.0249981498778826,-0.0109890340092412,-0.0258535109737331,0.00508427008614847,0.00169906188155865,0.022790808874482,0.0137760391891239,-0.0314630485399489,0.0158761502203707,-0.0135144805520968,0.0297391628275538,0.011694778471482,0.0306849960196246,0.021048676142165,0.0218171753187151,0.0346198259093582,0.00798669271954989
-0.0287009745333128,-0.0165839279393463,-0.0163557750676467,-0.0272970329101343,-0.00593308847730894,-0.0252404016529719,0.00097673508472105,0.0247918265895911,0.0307651765940329,0.0198590977374024,-0.0299025880010277,0.0183502012690471,-0.0130831331096881,0.0314859505915962,0.00508169827410226,0.0264439635914979,0.0193945416022998,0.0321243536516898,0.0363170101266589,0.0142704215770609
-0.0278379044506352,-0.0219499458071329,-0.00536982571126437,-0.0173902272258024,-0.000219316306822921,-0.0224575671616526,0.0131110639867404,0.0201600458231847,0.0423392140972097,0.0124521408604824,-0.0255219271417938,0.0251006648122349,-0.00407463841494003,0.0393683095544883,0.0136047438611746,0.0404682266820479,0.0319927771388481,0.0269847374311524,0.0474613182958383,0.00180172822139705
-0.0334403010677033,-0.0161840786264843,-0.0183399143527365,-0.0263331220764131,-0.00434669091372995,-0.0294298910493213,0.0105192448881519,0.0151271294625659,0.0327112958447539,0.0212345735032131,-0.0370174253313567,0.0170896480749176,-0.0161792874413273,0.0222331674904538,0.000848275071912328,0.0341009869763332,0.0237079327159965,0.0300330883807845,0.0286278385373692,0.0235553884717069
-0.0277142558633151,-0.0305541656431173,-0.0170080174159914,-0.0346280073257994,0.00399945928208317,-0.0216955743338221,0.0276924598965035,-0.00493631789787192,0.0356672217963877,0.0134550596500391,-0.0289065189513688,0.0380075785076054,-0.0111881135347774,0.0336758550603758,0.0219218794283076,0.0144943751560002,0.0477222809373939,-0.00394023298262938,0.0516333730041079,-0.00923436845164522
-0.0239287127768287,-0.0245081571461405,-0.0173343987930238,-0.0220477875266115,-0.00230009768422199,-0.0168310412996091,0.00203286659409485,0.0263191075758039,0.0334770436257425,0.0175111484817367,-0.0391144204849311,0.0116878861436857,-0.0182495882152474,0.0200831270350029,0.0125254731422123,0.0213974302576881,0.0213094165342938,0.0334630445315569,0.0391729074195244,0.0198723097251309
-0.0309076407547962,-0.0185502656684838,-0.0120377530235779,-0.0291765194708962,-0.000592158517099113,-0.0174538456782062,0.0049608631260927,0.0167654105644335,0.0290321096909708,0.0167399899009317,-0.0326735237946484,0.00346821682612591,-0.0110391320721469,0.0159228770719333,0.0103696406230162,0.0354494012936229,0.0228803015774205,0.0340854828115403,0.0356162469258441,0.0163450438432744
-0.0421544413832479,-0.0102524925435,-0.0217113036792278,-0.0268950295726418,-0.000872600533224758,-0.0222617383853509,0.00959388449393691,0.0203209516844159,0.0412373708758246,0.00910516600362917,-0.0373828139236601,0.0132012712688881,-0.0128648623220128,0.0251094453780732,0.0158696951587297,0.0252687125237423,0.0287510938631978,0.0276064888307288,0.0392632925963689,0.017799573744584
-0.0244255653370796,-0.0226081168567744,-0.0165549131454386,-0.0265830833922442,-0.0136718497099087,-0.026134584492622,-0.00923758998446523,-0.0169270392572026,0.0233771036104138,0.0138811068600733,-0.0384137232898233,0.0235729957361019,-0.0230661900432077,0.0305584524791603,0.00186456915367579,0.027853395992886,0.0209015644019786,0.028699218856687,0.033018752934984,0.0211995822914715
-0.0294616982846472,-0.0242829250357513,-0.0129810527760621,-0.0261653302750527,-0.00193235926241366,-0.0278070942910686,0.0205306006085068,0.00525684243948034,0.0476235424139297,0.00521336671628997,-0.0220859443924511,0.00738790952185397,-0.00227352823373622,0.0235819850029318,0.0246829154446687,0.0239716998689975,0.0381234260788323,0.0173393647992606,0.0425589225315373,0.0119536638581205
-0.0372362250135284,-0.0145077495981379,-0.0235133200304526,-0.0237414287870789,-0.0108452581012524,-0.028191321383986,-0.00196949806812154,-0.0269975682927674,0.00971256128327128,-0.00436226156291108,-0.0330134428231319,0.0104716735904993,-0.0147134961564947,0.0128378307394464,-0.00220302154718208,0.024205073669996,0.0168494926414949,0.0262397012107268,0.0333594080932045,0.0158582273736003
-0.0443413865712913,-0.00745890086649453,-0.0245991512306296,-0.023396783573469,-0.0078365507809976,-0.0268250891763311,0.0110493012687359,-0.0269414803400091,0.0384872179961548,0.0139153200200083,-0.0227238506038827,0.015595222166638,0.00209463881810312,0.0281760203708,0.0224771080624082,0.0263841426785044,0.0317583432154852,0.0221326673922122,0.0424027672793567,0.0112842482394285
-0.0266267103059705,-0.0248342829072662,-0.0187100746656069,-0.030446141555102,-0.01402665373448,-0.0285811437192981,0.00293238682181544,-0.0249422695463662,0.0209066287957214,-0.0181550222484022,-0.0373604615620734,0.019338265821998,-0.0259779329312862,0.0247117789651283,-0.0100550682366968,0.0310511715490177,0.00915223482412734,0.033506779652879,0.0264481374346867,0.0277392375171438
-0.0335483144564998,-0.0199980019915939,-0.0181848362541276,-0.0272199199051597,-8.6719674856283e-05,-0.0254869293718355,0.016799298490567,-0.0242250430448121,0.0358289059099337,-0.0122765278817831,-0.0382098941223348,0.0156713436225426,-0.0157685891348099,0.0318633572722336,0.00658083005710815,0.0362055693536293,0.0273380100358526,0.0243513601527498,0.0435707376721021,0.00812279608254266
-0.0355437427190917,-0.0152520293673794,-0.020370813577264,-0.0273603712901211,-0.00769846781349903,-0.0299214247310541,0.00404956307945425,-0.0273383435846939,0.0200583527419574,-0.0218853598287737,-0.0347024254411405,0.0199708347987223,-0.0112996109747922,0.0324177511083649,0.00268805989151594,0.0331680557282309,0.0217462325572177,0.0260179212989635,0.0366662185620796,0.0152218189877014
-0.0281844447243563,-0.0180890318106053,-0.0203291374217204,-0.0300895226814651,-0.00942942288026163,-0.033632710367343,0.00478437295834921,-0.0276128424993702,0.0233867147831756,-0.0181949967947452,-0.0317565492443356,0.0178719001571927,-0.0107323414923441,0.0304892612108713,0.00382847329094192,0.0303617288423104,0.0199381358660094,0.024540614090745,0.035830530934628,0.0155837299683244
-0.0298314791780805,-0.0171677524830805,-0.00721148985811164,-0.0257272357964385,0.00225323261176677,-0.0297472540953567,0.0114908961816664,-0.0284298843021131,0.0287182379779214,-0.016362067429467,-0.0337505219666866,0.0151218640985072,-0.0142796477412896,0.0230164490982742,0.00913521961849158,0.0290737503051031,0.0217523514021243,0.0327956945842677,0.0340952212009899,0.0267443910329665
-0.034744753757473,-0.00915023015656606,-0.0179492028243655,-0.0243185714455138,-0.00593424416347241,-0.0311137994196167,0.00562062711474486,-0.0288612560142593,0.02281455387359,-0.0178243223682723,-0.032704181495058,0.0180428508381241,-0.00300829256254568,0.0326468924585267,0.0130268159315472,0.0355658239289141,0.0257824628379281,0.0304550863862542,0.0389419586921881,0.0176825299084225
-0.0326000223780839,-0.0142545722515212,-0.0183739262799734,-0.0237888740982007,-0.00965239079090108,-0.0298752763575529,0.00589367164415554,-0.0285612067896812,0.0256807229588265,-0.0189927990483641,-0.0343126462163788,0.00757147410678883,-0.0131299920531614,0.0135534018738457,0.00629262824345684,0.0244273036398194,0.0207984191419636,0.0220499170046861,0.0414262134298587,0.0138697894234182
-0.0399510358657821,-0.00724139961336671,-0.0224427663465831,-0.02443732760126,-0.0124768668828876,-0.0290977281539795,0.00719383371891401,-0.0262238116112016,0.0313734237047099,-0.015434300517371,-0.0392521869601839,0.00845134918449673,-0.0225863962037099,0.0172915866646099,-0.00570261938556801,0.0243624614821498,0.0136554958986351,0.0287717459373435,0.0312684666914442,0.0195498429993095
-0.0329458213839947,-0.0114755670549062,-0.0179599882463595,-0.0257688667265441,-0.00443985186473873,-0.032614019926168,0.0105313673644628,-0.027120824788675,0.0330650078638425,-0.0117249658085818,-0.0239074927027038,0.0190670593617372,0.000351762094881401,0.033824364592655,0.0211687014421412,0.0404020819340323,0.0431685486940232,0.0210859214855178,0.0465724681584015,0.0133535838971835
-0.0303266777491413,-0.0163819035556522,-0.0171539483143247,-0.0271891540677712,-0.000684075662435319,-0.0303109689005832,0.0170841493591288,-0.0217793401582187,0.030180069162751,-0.00761607077909921,-0.0404133889008527,0.0145786715513369,-0.0163558620688657,0.0248640107583609,0.00327870885050068,0.0347587646885194,0.0272566608712482,0.0187495924729552,0.0374005960210295,0.0100160358602416
-0.0319982995497925,-0.0168985544875831,-0.0169012642852109,-0.0299013838799055,-0.00616569389803272,-0.0305160502413058,0.0132434954230585,-0.0240196175252231,0.0301971630734039,-0.00923522519747574,-0.0332257041885447,0.0105123795740646,-0.00696412887200018,0.0316829445447992,0.0124495988708145,0.0349025905545037,0.0314751962384136,0.0259776612045877,0.0442130399625735,0.00903024828899863
-0.0320151369100109,-0.0163794898028175,-0.020004125768838,-0.0249392771546274,-0.00019139947925996,-0.0266954280370989,0.0149529860769498,-0.0274826754258083,0.0318741846736248,-0.0189694037548553,-0.0316008775264707,0.0169189748454753,-0.00648967049133628,0.0281903515043271,0.0102141892952273,0.0354875481248665,0.0235657161861416,0.0302824819573396,0.0362476833634011,0.0173942833202148
-0.0363747984599654,-0.0122562099503581,-0.023264667135773,-0.0276551871232547,-0.00791440909117272,-0.0268646672851584,0.0103547936240383,-0.0242610363145625,0.0325606212271163,-0.00980469674606628,-0.0342482645010671,0.0227411344753303,-0.0217822674501361,0.0339262601213724,-0.00710581270793814,0.0384658846501094,0.00706947335681309,0.0368626183120418,0.0206347576834353,0.0282770802092879
-0.031984532634607,-0.0164475545768101,-0.017037957005331,-0.0301453310963711,0.00872971657412033,-0.0245899356346072,0.0301506165209988,-0.0165812139951627,0.0406401691405131,0.00251859409715073,-0.0416755759137234,0.00974734465084191,-0.0238653734265139,0.0316947319193447,-0.00893882200141445,0.0376190610255721,0.00861354928209931,0.0370517724345791,0.024358394109185,0.0221162133274928
-0.0327975488739126,-0.0148173224419606,-0.0208699750019564,-0.0266200201898776,-0.0090353046921773,-0.0267413079433752,0.00843489210467258,-0.0194934068929307,0.0257861145042416,-0.0103130660135322,-0.0299426296801986,0.0158983693315598,-0.0126218173174362,0.0242011437565038,0.00336606735259199,0.0284883104246459,0.0177226641834686,0.0260857364022462,0.0346850036201027,0.0192083122396909
-0.0386535166948671,-0.01292885699792,-0.0215674167213303,-0.0225815288642028,-0.00995726465915133,-0.0299578595478909,0.00795801058680074,-0.0215406525866351,0.0281203269181287,-0.00903836933015668,-0.0357605603027067,0.0164629753279496,-0.0161551918230347,0.0349479035030399,-0.000242453454482686,0.0366219800120599,0.0191640899096923,0.0300737158683531,0.0362644665480185,0.0151630231226287
-0.0334194223681657,-0.0131142892762633,-0.0195812444553987,-0.0286896667088385,-0.012500055716168,-0.0271954147271127,-0.00017113569488677,-0.0229477148823343,0.0261932831503057,-0.00759430307133428,-0.035932020823186,0.0147718937627761,-0.0151711383554058,0.0279020197528103,0.0105990045288734,0.0387554588767697,0.0252658866430209,0.0350192603299683,0.0393654003504401,0.021145475845482
-0.0277032030023352,-0.0202223802076413,-0.0164081356143679,-0.0301572414174892,5.01437447414189e-05,-0.0287472789438896,0.0135360737802385,-0.0253957467172111,0.0299175857272891,-0.0134695436115007,-0.0143218344823325,0.0140866976181161,0.0206574155855488,0.0285331836523119,0.0408382723409461,0.0151646981634112,0.0500382800816032,-0.00441289040845557,0.0530377669024804,-0.0108200316118635
-0.0337057516050558,-0.0121101634601274,-0.0197643810966228,-0.0255697729198763,-0.00781837358473127,-0.0297617484301918,0.0097549434569627,-0.0307993454413308,0.0258496467054226,-0.0218897379919306,-0.0354041095467729,0.011377644015677,-0.014083270104167,0.0189334661268121,0.00760150261330683,0.0212087542377417,0.022092360935524,0.0257656088853289,0.0327739417853573,0.0193885063707422
-0.0329533477836838,-0.0130890477020033,-0.0190564010383547,-0.0239248897204953,-0.0106057879944486,-0.0253112541842266,0.00972124156780592,-0.0231021517613384,0.0287348765480762,-0.0171661266009764,-0.0378466805824249,0.0162999674136687,-0.0194142596869831,0.0325890499638977,-0.0028357012406725,0.041580274217734,0.0136492832540783,0.0391767255370768,0.0296156487913491,0.0274001462183362
-0.0330305328178961,-0.0165191199221254,-0.0182198557239991,-0.0257380462032935,-0.00459005145369632,-0.0282236766101709,0.0148714731402955,-0.0164586220169623,0.028304838546017,-0.0112134300075928,-0.0330892687645412,0.021362980975561,-0.0169486352644176,0.0356058127748968,0.000908013343253169,0.0424320377428176,0.0130346766996215,0.0393076408181465,0.0310059318992416,0.023625914595905
-0.032032202578306,-0.0154094260974706,-0.0189904576055085,-0.0245827135996096,-0.00505755212923779,-0.0296165355354097,0.0197444403545644,-0.0256894545720652,0.0452364414551984,-0.0160534134432207,-0.0327110579123822,0.0193451411116346,-0.0140889573553913,0.0385067392019263,-0.000290378079707778,0.044031833617508,0.0116004066909675,0.041300246650713,0.0276824876683788,0.0267913491200517
-0.0279923045436364,-0.0206153786819962,-0.0124292148453389,-0.029788302450851,-9.93283732776123e-05,-0.0307184251258749,0.0131723607632607,-0.0290571413621625,0.0338290236495494,-0.0181469403308968,-0.0329949764583827,0.023294297358138,-0.0136587036380214,0.0411683053231273,0.00257665950816421,0.0438132941908415,0.0211891945358958,0.0304363431481339,0.039059230933193,0.0132638831420803
-0.0293539620104141,-0.0166974880679504,-0.0109761369901189,-0.0283346935014167,0.00174447715101454,-0.0295143185158061,0.0132733233710468,-0.0237585805472028,0.0251671669698588,-0.0156159417924668,-0.0283207231254519,0.0147918082575802,-0.000338323452060662,0.0290451614919415,0.0174322437671184,0.0326683667491367,0.030160362684915,0.027934826681292,0.0460783386585572,0.0117442317839476
