u1_1,u1_2,u1_3,u1_4,u1_5,u1_6,u1_7,u1_8,u1_9,u1_10,u2_1,u2_2,u2_3,u2_4,u2_5,u2_6,u2_7,u2_8,u2_9,u2_10
0.0272941621642475,0.0153546296851139,0.0285261958271522,0.017705288334472,0.0435507164041036,0.0151731790449884,0.0703126839078343,0.00725654848410948,0.088895840445248,0.00237846908928237,0.01779994330134,0.0118539129842329,0.0305104909811193,0.0266953120175099,0.0525676107596248,0.0381254276124622,0.0751837523648934,0.0290681081813987,0.0917978020570213,0.0119479159739738
0.0202819591119762,0.00988293792276612,0.0441026710544024,0.0277678747591162,0.0700956257862573,0.0303551151563209,0.0870293228941691,0.0151347289152844,0.0925752869813464,0.00552851502213257,0.016583839795084,0.012317244565384,0.041347080106329,0.0292752600221583,0.0714336093380373,0.0279045721632371,0.085764190696423,0.0193855532419815,0.0935698997542413,0.00896961307110069
0.0117952014301943,0.00238595646468748,0.0258985127924409,0.00618604788531972,0.0537458673795389,0.0123915632603985,0.0791904013951387,0.00677211839322833,0.0925551239533448,-0.0019038141935752,0.00614757681149608,0.00147510239396058,0.0203452096503202,0.00585349466275086,0.0449134302989858,0.014637733126134,0.0713643874207191,0.00787159279147216,0.0893592169319906,0.00209945124431848
0.0245483214926668,-0.0245101631469715,0.0318867976974679,-0.0297319357097006,0.0407201275794972,-0.0359499604301581,0.0599136235211026,-0.0236324675568818,0.0854798625603804,-0.00532372397570217,0.0254981126569161,0.0095724764180328,0.0362446252736208,0.0139235200375759,0.0529381368692683,0.0180103698935218,0.0766573457070268,0.0227839695445849,0.092399511976535,0.0133230939196223
0.0153540526916468,-0.0150101229925512,0.0221313027407675,-0.0226705735482293,0.0411821816714655,-0.0344242215608391,0.0717089895533158,-0.0258059849903581,0.0873514225125074,-0.0155045360241893,0.0362738931611991,0.0173946975296098,0.0620654402859125,0.0329655210253377,0.077596306962804,0.0296636788847432,0.086445414977172,0.0245181264910678,0.0963095251834954,0.0103961260028088
0.0171661613323111,-0.0192421856955883,0.0319277372805578,-0.0331973040356823,0.0465229388847112,-0.0335373613905782,0.0859459186027777,-0.0271038006294914,0.0964719608497098,-0.0194072779022403,0.0223182349233323,0.00901194644425451,0.0500205833902941,0.0212910368638292,0.0712740493507664,0.0276715931302044,0.087872568545814,0.0221073340034546,0.0937191278837671,0.0108631326897068
0.0218950084041445,-0.0140048803177653,0.0376265461316184,-0.0328413641222303,0.0669766894948866,-0.0341005339082909,0.094798520900495,-0.0239723550099779,0.103749935584981,-0.0139578733552129,0.029071459048572,0.0129333921082202,0.0536370748077335,0.0316727889183984,0.0748317175906868,0.0310996314452253,0.088127950297669,0.0205709745426602,0.0954004305527063,0.0139575604835266
0.0246197411571771,-0.0226443909711782,0.0342192579082001,-0.0292000893319814,0.0501390548382934,-0.0385674230301673,0.0851167690224095,-0.0309718175251493,0.101729478906038,-0.0137940815411944,0.0274176007580129,0.0101292731805433,0.053124819023739,0.0289664906182308,0.0736319301498821,0.025382670800746,0.0884903795538662,0.0258595800586651,0.0962716117961395,0.0126034326835183
0.0256050084240252,-0.0228616127019744,0.044455171672307,-0.0369679454472445,0.0690516315679753,-0.0402525009977767,0.089234975963804,-0.0254397581204334,0.0943278605857519,-0.0110806577497889,0.0291280154594908,0.0241605633942382,0.0532254524103867,0.0315217735244616,0.0709728639637776,0.0265549455918786,0.0798930200956466,0.0197735614609247,0.0917974811790502,0.00931817612357562
0.015149128688521,-0.0145624132085447,0.0313627186002544,-0.0316224162793175,0.0535828023801282,-0.0299667005768581,0.06366327402507,-0.0232699395496335,0.0822696371512932,0.00262294716011246,0.00186608587598048,0.0136189947793218,0.0218138262563468,0.0386056535965402,0.059463071974199,0.0400829100731109,0.0881282457477428,0.0227982829035173,0.0939147828213712,0.0111063353482723
0.0227525059587696,-0.0200434563100257,0.0445920092526294,-0.0343745401299151,0.0575533754011196,-0.0378796524815123,0.0801717348136713,-0.0215150266017113,0.0892933464888304,0.00119054675633099,0.0206499834131903,0.014810142348689,0.0442228117728421,0.0238511437547656,0.0680220289082763,0.0193237452011249,0.080825750978013,0.0244632652849891,0.092634629953845,0.0148788613399273
0.0282664319051318,-0.0284254768104766,0.0614642962465038,-0.0334504683696058,0.104387138418595,-0.0174624427785112,0.0953793696403201,0.00181211948454524,0.0949777891603842,0.00186611019132691,0.0247775371418405,0.0199477212592447,0.05306223229263,0.0256114373467511,0.0731360171828408,0.0324900347038101,0.0899362887191094,0.018875581035318,0.0951497333236168,0.00757265476124201
0.0125099396381447,-0.0171369892598408,0.0289195070321657,-0.0232668907241549,0.0451431560092214,-0.0228614983099454,0.0731180545531637,-0.0167823220143789,0.0928015012014853,-0.00374754775269457,0.0256725378165505,0.00786232928350629,0.0431603830474913,0.0217798950077585,0.0676084232729335,0.0292799555275932,0.0818717373620338,0.0211831906054342,0.0940983542335864,0.00586461482356199
0.0199067869453209,-0.0217060012847121,0.0374382600375402,-0.0269428494249488,0.0552104328528164,-0.0268335838418914,0.0618252798294108,-0.0282953075732114,0.0656999588612255,-0.0174186675955727,0.029892000351926,0.0285584662592802,0.0620961321411154,0.0343110972885579,0.0809435085771664,0.0249077615872491,0.0861907516476038,0.0218492070895357,0.0897035096180908,0.015525726516973
0.00853122987001122,-0.031998732040208,0.0113326585032472,-0.0302848120662035,0.0304861617813742,-0.0266567069314851,0.05118056220256,-0.0285678435407005,0.0952000190179366,-0.0054142918218428,0.0156916492935364,0.0281434010804353,0.0301973282878621,0.0313773130506868,0.0508270874966394,0.0358367256617253,0.0821916123189222,0.0218853923420794,0.0950666444881703,0.00532736043658216
0.00856457594563965,-0.0156566452316314,0.0371073493741879,-0.0223278022911321,0.0388868822059802,-0.0285140974775528,0.0567645170267536,-0.0290494801647754,0.0907408052165669,-0.00575845854001554,0.0375469768770737,0.0266349212044137,0.0516068644539503,0.035305234619435,0.0640436594548722,0.0373331665644558,0.078153509953985,0.0242789008132303,0.0934800349058612,0.00246695741969237
0.0325252894285207,-0.0321582164922829,0.030057500388168,-0.0343810639791031,0.0777374656653536,-0.0201022075546859,0.0826543010893355,-0.021469797816108,0.101355198599555,-0.0108640716991417,0.00410280814743685,0.0136711726967754,0.0339753592415876,0.0284913119028331,0.043345027116021,0.0293386350647324,0.0685918292735249,0.0335380173423233,0.083500608536958,0.0277220227840052
0.0278860426092698,-0.0358328079824456,0.0400427814138287,-0.038608694611961,0.0528789675885798,-0.0367012974436489,0.0588252989682659,-0.0359049173243358,0.094668626537072,-0.0249103237546628,0.00809916659495973,0.0210051100312476,0.0399625511948323,0.0361465258650468,0.0577052567366629,0.0315018569806829,0.0660266346738051,0.0324743052837786,0.0858907256543219,0.0227073120903711
0.0194600387665218,-0.0280669798538399,0.0370630552129845,-0.028451738669621,0.0564373547733613,-0.0370627006004748,0.0684684337367722,-0.0335200969735008,0.0960472761335875,-0.00874760295588985,0.00948759960379256,0.0229041814141805,0.0340167161253873,0.0308270788265964,0.056791078612105,0.0426963418224063,0.0714837001708865,0.0286722165447927,0.0920895661147794,0.00895655955778041
0.0250267849434452,-0.0262420753563205,0.044035445511586,-0.0367127082642834,0.0576935084084927,-0.0375467975824169,0.0839802171324827,-0.0298325378081184,0.10213180578806,-0.00835193562904475,0.00646866061730214,0.0187419406563189,0.0165565036815792,0.0249979611992404,0.0526600555811217,0.0335719193880853,0.0636654479925126,0.0349408026783189,0.0907789770420073,0.00597760941518362
0.0243581267616339,-0.0299059325774947,0.0433876541482556,-0.0376131441487094,0.0780591997547543,-0.036247748201821,0.0977683781756839,-0.0203969523855146,0.0943789725510734,-0.00427879807163303,0.0148760485479495,0.0140152714698704,0.0393752154250212,0.0191733834959442,0.0581308117856876,0.0299630480721145,0.0746015562052842,0.0273483951319572,0.0928189080534039,0.0131076769506483
0.0263005488946322,-0.0274127423058851,0.0395833349782495,-0.0370806404217112,0.0597639161975645,-0.0438332028244008,0.0718719451251274,-0.0409271183396528,0.0936158572596986,-0.0204459708641401,0.0172169174095942,0.0274154625077345,0.0420944534355294,0.0407157916954986,0.0528810747663908,0.0395460367103791,0.0710260421007948,0.0343374225592496,0.0830860214391464,0.0182489491267865
0.0241233537811338,-0.0296062869486701,0.0377012753203411,-0.0395964682157835,0.0563920351386413,-0.0425810370122233,0.0881490448489043,-0.0285002833019684,0.0946445788221413,-0.00910720729046845,0.0200609372301844,0.00697857006740318,0.0414587431704695,0.0201704513653512,0.057413065181638,0.0291829265710339,0.0796358726667383,0.0298113148817649,0.0888849011117206,0.0168960588179252
0.0238086143986997,-0.0289165168586421,0.0463560792704265,-0.0395514775524311,0.0778215366831563,-0.0330050703530727,0.095236647053404,-0.0248579719875616,0.102010724143561,-0.0186188459560782,0.0177665636334645,0.0276257685967035,0.0521355552847879,0.0329094584491044,0.0768390730645213,0.0329136261248387,0.0885294674107356,0.0210791301231483,0.0932081482542454,0.0108210986599763
0.0172662761272175,-0.025156272517147,0.0278895068058653,-0.0265906929970599,0.0338630316799833,-0.0271930210200372,0.0469282491199189,-0.0273802034391355,0.0788442182838628,-0.00896689205452793,0.00562311357119817,0.0164606910822435,0.0258663439655009,0.0336736190839617,0.0371871713913984,0.0412528067971135,0.0693834955639393,0.0368182376584459,0.0865225028982877,0.0212659331522192
0.0286092367544253,-0.0313651551192762,0.0357595351001928,-0.0297028960392191,0.0484963766034807,-0.0295493743872941,0.0837967966254678,-0.01055060441883,0.0911171322826117,-0.00229620952246534,0.00271833991867437,0.0111711418545371,0.0219288048319333,0.0237983796824109,0.0571989488388335,0.0408901440821232,0.086929662522049,0.0242371813767284,0.0996360616320429,0.00696985841940877
0.032790357702701,-0.0264411911726267,0.0357094596495283,-0.0283701938696884,0.0452969021070278,-0.0299151800207432,0.0760929484898595,-0.00546748488116905,0.0937650354832626,0.00217921628138889,0.0103540364001225,0.0225765311022165,0.0385989703947821,0.0318112067675817,0.060749046801864,0.0362400858770992,0.0817116288340951,0.0220291855816931,0.0942313459240219,0.00529420339207151
0.0276229700181231,-0.0274457447402006,0.0453951572996972,-0.0269335204325088,0.0536845280723445,-0.0286876727264711,0.07123623350707,-0.0172470637862694,0.0906596068528283,0.00744130636051862,0.010277034889907,0.0202933764762363,0.0361291996768321,0.0410728988223438,0.0639680383046811,0.0286513065188517,0.0848312974977294,0.0185110412849465,0.0923081788022364,0.0113049889624077
0.0211148830363643,-0.0242001003482317,0.0361001481147628,-0.0311761551980291,0.0522745227712903,-0.0285559504210405,0.0839439201126748,0.014669565410344,0.0948428637290004,0.00551904849965822,0.00467571689330117,0.00758684532929051,0.0169108140798344,0.0242477578502524,0.0621086151241043,0.0295268515209201,0.0815890368787786,0.0248244950127789,0.0930521835634934,0.0110180112639453
0.0303884790194947,-0.0286280140617765,0.031700207621975,-0.0315134354971536,0.0397895430285633,-0.0328537010437048,0.0586032635997309,-0.0295075479805614,0.0810102395226671,0.00235438193725308,0.00463528140806646,0.0171760926723489,0.0141270205977049,0.0296860511922979,0.0458440781694448,0.0340647940657594,0.06788322065502,0.0344058950289079,0.0887596239973582,0.0140619604161678
0.0344297597317496,-0.0218729284794203,0.0425915343232809,-0.0287320054260547,0.0748552300289083,-0.0230883515010253,0.0959442995710582,0.0101096753690133,0.0955291556741573,0.00895999416617581,0.00852249532927718,0.0220264083590511,0.0251970080393524,0.0442576226474938,0.0391369927180843,0.051246950845812,0.0710433661558329,0.031941711075135,0.0944279976599598,0.0081815941463892
0.0311083637129789,-0.036592249210981,0.0374675759910452,-0.0351786428358219,0.0432005195533065,-0.0393761822378006,0.0727297568652239,-0.00904496084910881,0.0915091311129015,0.0151844004679258,0.00464709819870855,0.0153085490876966,0.0200326557102783,0.0353361933952832,0.040712880868138,0.0364166365811471,0.0755869550120701,0.0262391635136798,0.0884962533231417,0.0229378558627935
0.0261222985255607,-0.0195945489399775,0.0436513076659851,-0.031586850863527,0.0514439756967029,-0.0330292398667662,0.0670651808615035,-0.00183278763467341,0.09531543564382,0.00630343516093538,0.00917216712630557,0.0210833815662413,0.0350905982249438,0.0393136391266827,0.0636833401776928,0.0402190065010892,0.0783273501521479,0.0278981133602809,0.0925199316945775,0.01403833080593
0.0311486635227953,-0.0279385216648129,0.0395959374249459,-0.0339760636132434,0.0505467791572195,-0.0330250411861476,0.0754077000326821,-0.0180322551323263,0.0885402676794332,0.0111686424855899,0.0108920846176482,0.0170305701991201,0.0432309783834348,0.0338401663734028,0.0643461573005633,0.0345534085603972,0.0839309128771875,0.0218103460505538,0.0927463645103463,0.0123653354495709
0.028076778700061,-0.0256411678652324,0.0402344884366986,-0.0358399968111657,0.0489925111906128,-0.036422431700398,0.0571660206629438,-0.0354201965403402,0.090866761554858,-0.00866767854577286,0.012329778734394,0.0136130941934051,0.0356582099004163,0.0297832467216692,0.0572108661153658,0.042000595308166,0.0737169877449074,0.033965085585858,0.0937079799552118,0.0117806654277869
0.0254007402878242,-0.0223358325818867,0.0406396953480823,-0.0325064480006685,0.0592415081771099,-0.0339888920107703,0.0806615518338261,-0.0270988465907011,0.0928700446736246,0.00853701571928976,0.0209328804320369,0.00752271812100927,0.0375546521074638,0.0270693173260275,0.065970903248726,0.0297143726109827,0.0853267876175298,0.029677941764233,0.0921653089526973,0.0147291367356952
0.0254304506043041,-0.0284048917997398,0.0372542078012016,-0.0325648153005838,0.0507800672925958,-0.0356141797669853,0.072702819915082,-0.0299089418270302,0.0933093412245159,-4.42095729106333e-05,0.00994996932991144,0.00476658082471425,0.0267661218486773,0.0241864067144916,0.0577477835515807,0.0330048497600969,0.0815723992601981,0.033658335612022,0.0938178362151901,0.00819161958436528
0.0267151521691047,-0.0262736285225172,0.0363103154283539,-0.0314890509196636,0.0433354496592966,-0.0323286540372885,0.0935623191046643,-0.00108257970067574,0.102632984297025,-0.00562552099689916,0.0064410271273997,0.0192477677853291,0.0181948598292535,0.0330595943851267,0.0324520875130188,0.0376607693267325,0.0595904209790864,0.0304735037287121,0.0918032167206309,0.0136181937640481
0.0188599404458118,-0.0192372816819547,0.0372442011968158,-0.0343834280634016,0.0647016416150901,-0.0367373352335021,0.0810042239733415,-0.0313344545686784,0.104613802985046,-0.0157882773429601,0.00608410321673478,0.00862541744646016,0.0282822174870743,0.0174327528917999,0.0491691166608515,0.0269642569743549,0.0702663898270559,0.0358208115581353,0.0882100711595155,0.0187640603832131
0.00967604472849966,-0.0118110172533621,0.025423263412694,-0.0282028491524677,0.0381454660956643,-0.0335095789013268,0.0580077298633307,-0.0326203053943274,0.0800552601055878,-0.0165189402535897,0.0026041585911934,0.013806814619867,0.0231800493622777,0.0255637275848457,0.0535106409837747,0.0378667367135811,0.0772873238797965,0.0255110183467276,0.0948462190188081,0.0089802248585887
0.0202268698659931,-0.0189796430116764,0.0407760286084947,-0.0364201077826308,0.0606383618977193,-0.0333722730423818,0.0836718098628854,-0.0304657633804093,0.0965349005725335,-0.0126695095369584,0.00964637342527659,0.022980492514786,0.0325867497990696,0.0370722731849893,0.0511783766854886,0.0333624613900903,0.0673971405169192,0.0358833546151731,0.084619525498156,0.0149445667559663
0.0247153991203226,-0.0246509355147393,0.0390543051058107,-0.033220408801813,0.0557416400996487,-0.0335771019424216,0.0797586133844983,-0.0126990152087372,0.0955499668879399,-0.00380114081841445,0.00973823128935271,0.0157239920328074,0.0270643452453983,0.0337670317906859,0.057089900334062,0.0328486084284107,0.0757850035500246,0.0265927344451309,0.0929524092487805,0.00733216400721146
0.0302623244759261,-0.0230084352204267,0.041811787109973,-0.0350246128517364,0.0677945842678506,-0.0103126457785368,0.0863100395746736,0.00680299106634001,0.0970488983257634,0.00496374935732498,0.0183446563046328,0.0242926047766665,0.037570608998419,0.0278027900741704,0.0663219300331827,0.029604315069208,0.0845163449385753,0.0132375446264103,0.0945682671466764,0.00724495871388964
0.0263527044779707,-0.0230535886761051,0.0471181010924444,-0.0296667925554117,0.0522282541747613,-0.0292768951393941,0.0712171876729288,-0.0116526990901955,0.0902171415389964,0.00181301771552256,0.0219460618816344,0.00845474421392062,0.0328810981991493,0.0246622461543509,0.0545720263373565,0.0256324577784269,0.0730148831632342,0.0321371725977456,0.0872227222208922,0.0154217244414549
0.0184869034970609,-0.0136791449710531,0.0421345113765235,-0.0306588818817546,0.04987630118898,-0.0302731317932723,0.0683227623324672,-0.0193546776053626,0.084837818358748,-0.00529936403115717,0.0116138602121513,0.00113521127344723,0.0303826615709605,-0.00659076856147882,0.04331866772123,0.0211784149197531,0.0708330399648543,0.0303426776686729,0.084222660886887,0.0137449262487953
0.024703659310644,-0.0306846660334315,0.0445816795778842,-0.0327381430246933,0.0510864992538274,-0.0212594934295755,0.0609781473455156,0.0106247594891407,0.0784569974419271,0.0142704725001831,0.0111709641888602,-0.00465046941151872,0.0292865394586275,-0.00546574744874527,0.0696534726807616,0.026037604444918,0.0828947886695747,0.0255059539007035,0.0955464406313642,0.00805727121586942
0.0250011769382148,-0.0231698663342082,0.0505413797379359,-0.0398364910550529,0.0644867015015428,-0.0366482533403497,0.08030202525715,-0.0314955259109614,0.0945541197769191,-0.0174307089082438,0.0198467814071921,0.0120322210976867,0.0367971615107453,0.0222461107719481,0.0626299613605831,0.0255078201671493,0.0778645426606184,0.0270668208735415,0.0920553133023835,0.0108597923810314
0.0221138283713567,-0.0205255877165711,0.0437165632587011,-0.0281419441134554,0.0644466909391789,-0.0414164432201686,0.0850772316061616,-0.0310952795952338,0.0974522306057196,-0.0176225804954404,0.0143166958779512,0.00255127430390244,0.0287644290629103,0.0253975855397173,0.050389268321831,0.0329382827732633,0.0691978253275114,0.0310564507871201,0.0864921551762865,0.0179915188407115
0.0215957653698121,-0.0216402479776764,0.035757692033142,-0.0293816473557281,0.0485254532412369,-0.0272804558924723,0.075873643708952,-0.00557447130575871,0.0869306281312452,0.00214263668725437,0.0203139738845053,0.0145517993983219,0.0363716081580657,0.0301108155106441,0.0598330195317209,0.0368226346184773,0.0771786799037056,0.0209290935202138,0.0877631216284119,0.00923077708126153
0.0288520501420293,-0.0312562832076813,0.044758073860816,-0.0295153833872818,0.0750769256044648,-0.0147278220149666,0.0893402133212415,0.000987616305285112,0.0925082117216722,0.00814780015890207,0.0302712409310152,0.0399203820001788,0.0487568816347278,0.0342209874257137,0.0715881267998205,0.0238956384943965,0.099215246372767,-0.00209367736991394,0.100317370225001,-0.00418518682170048
0.0195555406434138,-0.0156307175041469,0.0384442119477794,-0.0232529122023635,0.0472947595392181,-0.0257348535265551,0.0702878756846595,-0.0224807040217515,0.0927195715949758,-0.00285145823285322,0.0174168268870207,-0.0160368679990195,0.0353131203823834,0.0183529975269665,0.0561448808708817,0.0351433377882815,0.0823173023438468,0.0175988109625327,0.0960758502825488,0.00247291985958357
0.00687782654728549,-0.0199357749778199,0.033552923119102,-0.028145080897241,0.0492686389361823,-0.0296062464455323,0.0735994668839922,-0.0226455878390034,0.089192807945435,-0.00385913560422162,0.0178611507377076,0.00371524493431384,0.0407973964433325,0.0178124239060219,0.0619601163089918,0.0296954237791178,0.0804544958113642,0.0206791675850061,0.0921887053681177,0.00501564106930782
0.0193409464526309,-0.0187483085004648,0.0372241223106986,-0.0302847686899527,0.0576190136129282,-0.0255740858139057,0.0730755109041418,-0.0109307292269579,0.0875968536465095,0.00785835968109634,0.0128494704320187,-0.00650894116495538,0.0349237496442484,0.0226861312303517,0.0619164283123988,0.0399996458476707,0.0824822160991208,0.0217780117074422,0.091015954260098,0.00870721737702798
0.0314423775179666,-0.0264801335846657,0.0516461635089707,-0.0300154463027933,0.0718675922297285,-0.0259128223905932,0.0930761924182277,-0.00369093807006227,0.0942787953050141,0.00350198690537446,0.00517968170700798,0.0191285624263786,0.0160101026581504,0.0313847095991582,0.0413612660110075,0.0298502183385296,0.0695180011286523,0.0345680739407932,0.0904071972585681,0.0142444758779857
0.0110004130935779,-0.0145582811997447,0.0380212066970802,-0.0291041930559214,0.0516562830475993,-0.0329920341092436,0.0705792015717062,-0.0092221744451504,0.0911377854663348,0.00349590133397244,0.0244675348786752,0.00744510848818607,0.0435658770946205,0.0331269297373617,0.072725838442955,0.0176063426879857,0.0862491015222666,0.0159075249888984,0.0934864043942274,0.00874685077144549
0.00809588245972978,-0.00635522237118595,0.0427732100556105,-0.0294411507794464,0.0646222036954342,-0.0254438197036285,0.0804055914506927,-0.0123639434778792,0.0929765441958493,0.00529588721595075,0.00727413816041411,0.0200976822513164,0.0343377341145269,0.0346250301931039,0.0703447055357349,0.0311251322024299,0.0856078469693129,0.0239627498984432,0.0928879421122395,0.00986466787564432
0.0168984309558117,-0.0143087524085298,0.0443627921317629,-0.0347369443540772,0.0575478813377842,-0.0290944374966519,0.0732839644945654,-0.022230311413177,0.0917720653241434,-0.0025122794252307,0.0206734875423868,-0.00183189696110873,0.0430649654215946,0.0148699427772857,0.0667806366473544,0.0331029839985765,0.0859790638205339,0.0193809306067735,0.0934309081398194,0.00913274898814998
0.00853364873233624,-0.0107304029211026,0.0313935449028675,-0.0242677258464517,0.0418922751889587,-0.0327875246885516,0.0569296424702375,-0.030372052993921,0.0847398150596265,-0.00676839126758434,0.0232128004025146,0.0100709113945234,0.0409401474745647,0.0176322936619401,0.0609374019866986,0.031012808490006,0.0770041298975108,0.0271329414664797,0.0928040862544005,0.00891363093267477
0.020581568497268,-0.0162026699532972,0.0395196177738607,-0.0315212151384244,0.0561911112280722,-0.0259059217629799,0.0750267457965775,-0.0180945074067842,0.0849305417308422,0.0151702006832832,0.0140973988380159,0.00318459067702612,0.0397413272641283,0.0271444355625914,0.0614005499438914,0.0335088185627735,0.0741295629957887,0.0292305752593201,0.086566436530333,0.0176754916849386
0.0146794161067159,-0.019867168498342,0.0360585570545223,-0.0295737425657086,0.0510853155401362,-0.0331225280846075,0.0622172865491094,-0.0100062715021401,0.0785225373070943,0.00526325028153751,0.00463611019434119,0.00503077430858061,0.0312386491947128,0.0137780666803409,0.0573461433603072,0.0312787853657048,0.0695128231439161,0.0263005573323102,0.0806549754661069,0.0144312644656525
0.0129587347041469,-0.0164093254347557,0.0235687022097911,-0.0259613014456413,0.0395074869380925,-0.0283995278489183,0.0581594067131574,-0.0202437938986421,0.0816057571002605,0.00219295193503095,0.0116292498529688,0.00850764767329786,0.0319369611586661,0.0196228408363154,0.0524064724409139,0.0362974987154944,0.0676434740268449,0.0274282704001592,0.0819810178145178,0.0196858688232644
0.0192829600164889,-0.0182504241217258,0.0345240025830936,-0.0312676541749283,0.0400381162017885,-0.033596586921749,0.0626510630588409,-0.00059167237244956,0.0863739483074822,0.00534201487476188,0.0207230263597586,-0.00818653113460182,0.0258162561690368,0.0243167526916151,0.0562204886559079,0.0344944501781594,0.0814877320361439,0.0127505730836314,0.0912965568259222,0.0054584512601864
0.0166143127132892,-0.0197592701580976,0.0372173640646302,-0.0309822320296356,0.0514790636775393,-0.0287724454543766,0.0732526975715059,-0.0113580649909846,0.0888255271004406,0.00651380415642754,0.00806275326760962,0.0155316397432115,0.0345716568949689,0.0259489003685841,0.0591611550171196,0.0323479342697632,0.0821282846036282,0.0167298172435553,0.0931307909906584,0.00475320754986873
0.0223735288790562,-0.0210545828838946,0.0445012627952339,-0.0290970328200774,0.0566563277540732,-0.0333105409839584,0.0853288899697349,-0.0166927621442369,0.0949179189093323,-0.0061837606873322,0.0117423080474951,0.0208210099429067,0.0327840272918499,0.0290636477391032,0.0539938448053025,0.0328546656998158,0.0725050557301343,0.0338080405752095,0.0895452764012757,0.0174020390233827
0.0245387528048171,-0.0223000468642384,0.0442284548783486,-0.0325341480315759,0.0690747491662541,-0.0387714117286369,0.0948329250091687,-0.0217355534721022,0.10255999925807,-0.00946054825177176,0.00745808575504318,0.013910537571942,0.032664603386353,0.0240858794918651,0.0598759695882719,0.0349708046059556,0.0813072133237579,0.028509169270288,0.0935534247091277,0.00929454927858702
0.0374606249275382,-0.0321874120055941,0.041289273600811,-0.0233750388596788,0.0412929198759,-0.00323664917647951,0.0673921646937524,0.00133753663014432,0.0895036305675249,0.00102262200330252,0.0062120078768118,-0.0247091976779889,0.0328417151197837,0.0201434650635126,0.0578480208633037,0.0398764213213127,0.078384691843557,0.0207967520874191,0.0851165146788122,0.0185445852960695
0.0236674398940101,-0.0236451366986022,0.0370106117629524,-0.0268756063813007,0.0547273271139936,-0.0177437990140249,0.0658968695802769,0.00352565404654379,0.0890754131444874,0.0102100948980491,0.0189806097434558,-0.0168252144605095,0.0460615837846721,0.0238347126525057,0.0706025867870733,0.0219860129926197,0.0830272826577512,0.0262385346649686,0.0916103131359421,0.0139207622337698
0.0200735567673794,-0.0242680164247558,0.0512529081106741,-0.0319849077900865,0.0538395461670747,-0.0241560847503226,0.0637167533798572,-0.00668088366926978,0.0828059444115205,0.00821645462044931,0.0322684099506981,-0.013898777016425,0.0376361706414944,0.00943922551714583,0.0582206139835073,0.0187621348684902,0.0802357963642719,0.028351748827245,0.0876744960797742,0.0183352317996375
0.0401663961110136,-0.0271987753790312,0.042791568085021,-0.0241223104679666,0.0446895573775642,-0.0238817687749994,0.07708849101683,0.00600938294855341,0.0920219818710551,0.00445085006776789,0.0377426498287401,-0.0139365525661829,0.0477569456070665,0.0141695823954478,0.0674483939559318,0.0344941964287058,0.0845060363111479,0.0246147781314734,0.094997204645165,0.0065272442688586
0.0267623062275671,-0.0264962704268624,0.0367601850094683,-0.0253920514308862,0.0564733078697121,-0.0207306650395686,0.0744054602897761,0.00212205170010258,0.0897117676281808,0.00710376322296288,0.00311583849580071,-0.00375302036624348,0.0214468897972451,0.0294747357505481,0.0615957193003236,0.0283743719627504,0.0823834295963142,0.0218500786755778,0.0900632930764991,0.0176833956119508
0.0248852134942165,-0.0236630100770644,0.045190040979397,-0.0214498963813764,0.071171455737437,0.00617986658714893,0.0847209768926201,0.0141909243223861,0.0967246496806514,0.00557172182186578,0.0158976895346815,0.0112058235657582,0.0660566928868105,0.0127084541385423,0.0803829866914458,0.0278842127351359,0.084034861912386,0.0268011437896514,0.0937892481371676,0.00814138375341357
0.00427335247410432,-0.00962933834945433,0.0302740819714702,-0.0353284645224263,0.0448089680462895,-0.0276457606815554,0.0677110010282048,-0.00385402134745166,0.09087025543129,0.0122260984543782,0.0170403795632184,-0.00828765730176402,0.044560411106548,0.0191805020238679,0.0683259759011876,0.0360223168199234,0.0873699744145758,0.0193541004825012,0.0933823593569527,0.00986270994895315
0.0236950110698907,-0.0232320192663952,0.0347310093943645,-0.0268116990055831,0.0396564412865599,-0.026594497663947,0.0568430722049043,-0.0243709026016115,0.0860971913561895,-0.000780925690511953,0.0147272282270267,-0.00331184466254097,0.0364986038668671,0.0162063365849076,0.0585447501000563,0.0337216666803706,0.0753792424803472,0.0267107914011218,0.0929958933530233,0.0082620924347089
0.0226690846962157,-0.0259562473433959,0.0363783548199968,-0.031577668709905,0.0459632167645561,-0.0304836446260577,0.0729181278833599,-0.00194359322615695,0.0943053600549454,0.00516097196256865,0.024591797734604,0.00303470737280078,0.0410422641018756,0.0305140814859098,0.0664961100229561,0.0346575152671158,0.0883699174991418,0.0121952425362807,0.0918100902260378,0.011788727584528
0.0238070820688941,-0.0177033142723032,0.0331800252913842,-0.0296061397283856,0.0353364760932352,-0.0310078570326975,0.0614372585553408,-0.00743552075287595,0.0832210363074549,0.00832276908978648,0.00867215089880653,0.0122401797466868,0.0288578638089595,0.0334961990905008,0.0578221966434714,0.0437482693198609,0.0786108226398256,0.0129505381466338,0.0876766650362664,0.00339409975433092
0.0302734518803237,-0.0345934696321685,0.0368538017696254,-0.0322524740891098,0.0513016899951523,-0.0333511018365839,0.0702408068643208,0.00348772865574911,0.0957974712119414,0.00384006819079164,0.0137640836876712,-0.00829822281385908,0.0241116110766553,0.0301257438555715,0.0603685839250329,0.0181595743786713,0.074706124662214,0.0306139113136922,0.0901505176250379,0.012026666860786
0.0142968808173267,-0.0261619116034085,0.027234601271357,-0.0253375115589265,0.0382335573217467,-0.032322632124701,0.0402938119080698,-0.0309176614184232,0.0671646467541598,-0.0107804298619029,0.0160405926031623,-0.00344287467991063,0.0446455889055551,0.033062843091645,0.0689186415261842,0.0346578819060898,0.0875472476548962,0.0174668467982204,0.0952348544006617,0.00476846017639904
0.0189683050486806,-0.0193027675507702,0.0318561746252274,-0.0313720879624048,0.0402636557797328,-0.0258123580230433,0.0603888703157335,-0.00369500087962142,0.0880261535580356,0.00636930492229913,0.0239883465159827,-0.00899449213805164,0.0448176358492188,0.0223046596772853,0.0654798108137791,0.0316838287063295,0.0804251431406588,0.0110577177167963,0.0934107669419118,0.00147195213768023
0.0233909403701848,-0.0230341133413888,0.0356953322772505,-0.0322728345808892,0.0446792497502268,-0.0246189164253764,0.0648174134721648,0.000709491665457088,0.0919067081576082,0.00735201504037542,0.0296311292304198,-0.0150906253554964,0.0430785830747704,0.0122209056748092,0.0682126983733057,0.0289721627563612,0.0858153642259192,0.0190227215663878,0.0951749589748497,0.00557727102112787
0.0217103313064321,-0.0267095365347913,0.0395833495217861,-0.0315877672651105,0.0452885194595778,-0.030566805156947,0.0574909525736858,-0.0265501871960038,0.0870163342184603,0.000273231580795729,0.0223802919544151,-0.00487196782976306,0.0457855761077463,0.0196966637432461,0.070226547144887,0.036534551757684,0.0853186915756077,0.016378239686689,0.0927408439763222,0.0112380640763288
0.0164193066191945,-0.00914025165117023,0.0446136943508858,-0.0252899928205507,0.0572814778725827,-0.0197745763211963,0.0752581936478485,0.000752080816466869,0.0900679703023285,0.00438113568597739,0.00576937886777123,0.0153840533183331,0.0462663531613154,0.0329942202546262,0.0673401111914798,0.039655331832424,0.0803453826876527,0.0232544604324236,0.0924713060423766,0.00659432429466707
0.0283000136878472,-0.0312089064759301,0.0354794287650169,-0.0313621549209711,0.0574053418665005,-0.027524370064784,0.080465770513392,-0.00415439695630573,0.0892362057412976,-9.78095589358038e-05,0.0148274436590996,0.0284163405106742,0.0440823002337632,0.0241326417547803,0.069940568365003,0.0329536149899602,0.0887991852729468,0.021185842263895,0.0942522049906155,0.00968474528448397
0.0154505071027492,-0.010495322207102,0.0373637910074792,-0.0198862130469673,0.0402196079554475,-0.0257505881358203,0.0671409145870715,-0.0157856947655333,0.0868121562636134,0.00448245321521348,0.0239382086858634,-0.000280215047788034,0.0519718339609474,0.0233002397841347,0.0672859251170678,0.0337636176692542,0.0887552603091671,0.0168425054921449,0.0949873063442772,0.00572458234967026
0.0130211641187202,-0.0211933229684945,0.0318679737744294,-0.0297868504846245,0.04584610842846,-0.0287157526692996,0.0655149098509387,-0.0159251519440578,0.0929028659898483,0.000376616771026578,0.0140991532044806,0.00703377936947855,0.0432724177954769,0.0308638210409121,0.0632222727816478,0.0310671841981254,0.079135084952184,0.0236364714337646,0.0915838398844852,0.0111962523888213
0.015940934282124,-0.0200925372385774,0.0248377117830255,-0.029819003275922,0.0423482437327685,-0.0293410465033494,0.0518819914306088,-0.0322767160445794,0.0811797053310969,0.000824187918508712,0.00806548582772924,0.00792927990467004,0.0229739546536415,0.0258596932195301,0.0431477990075356,0.0382190966334837,0.059991138805664,0.0310035550736075,0.0769928698157494,0.0248734474199093
0.0114996121736712,-0.00979956998471931,0.0294168148987537,-0.0305139043661076,0.0440351681798209,-0.019053700020803,0.06773350125152,0.0131391032409281,0.0941589850855586,0.00478430665315937,0.0166274495561721,0.0106573081057909,0.0403928592584345,0.0339911408631667,0.068148367443215,0.0260463154445204,0.0772987250094204,0.0224037695133604,0.0930093959965841,0.00929946752604361
0.0280014981144588,-0.0183920154437097,0.0336152915175979,-0.02826179216923,0.0483431519290197,-0.0270341142893095,0.0667524239596686,0.00823614551386685,0.0902784196761334,0.00357370243155611,0.0241962012699978,0.0257274531242316,0.0418881534233207,0.0368925564717678,0.0663952903611863,0.0249898635190556,0.0815100892382807,0.0177358591657121,0.0958064527704134,0.00392574872137108
0.017947909709323,-0.0171042158318311,0.0300385336427827,-0.035120993493721,0.0423864966251431,-0.0267701721080226,0.0648456786188803,-0.00844594016706158,0.0942300600719665,-0.00208646143667273,0.0181224753117526,0.00841363073649016,0.0356466852712914,0.029288076438753,0.0535827772566875,0.035942461292517,0.074481717170156,0.0297122627914879,0.0929122135912854,0.00329525546906581
0.00459028557098038,-0.00621601514204678,0.0139976641201248,-0.0199071674819306,0.0300366723394614,-0.0244582284457845,0.0496851897189796,-0.0131221705942371,0.0878439577203718,0.00461988197691996,0.00680442040442461,0.00621237215331819,0.0330714207648519,0.0227074849987983,0.0570718938297333,0.0436784024112061,0.082232712141241,0.0159068416094209,0.0948316125161912,0.00585992277237942
0.0247964469994569,-0.0323900320261439,0.0312090932709264,-0.0337980221239937,0.0440211224275988,-0.0216406490526401,0.066888073751226,-0.00397858553693405,0.0897466665188806,0.00806358619772292,0.0145995559281563,0.0245509805297227,0.0316886544001209,0.0289538486300037,0.048870647734479,0.0246044440733239,0.0664349470111374,0.0347675155397204,0.0912525664500403,0.0023230296776236
0.0248889487046421,-0.0214620130931849,0.033035155097946,-0.0218877158997761,0.0415804945356865,-0.0256050937961465,0.0548963432483371,0.00466585482977718,0.0823283489373986,0.0128151276299886,0.0164575038745956,0.0108923527092337,0.0349722084041485,0.0276130393911407,0.0561345326736456,0.0307311294009829,0.078485722520019,0.0267714418611557,0.0946726194543399,0.00611656142184952
0.00758869930937832,-0.00749962437443643,0.0309991036911093,-0.0309129233015874,0.04859926921614,-0.0283991573243252,0.0619956396710958,0.0134170823436529,0.0915339182698389,0.0109790620971179,0.01967741497162,0.0166477321074706,0.0519069780329384,0.0254390858170918,0.0715575305385473,0.0371741005005872,0.0847537300039283,0.025889390167319,0.0928428953915238,0.0110951907417978
0.011089033109499,-0.0191839281574364,0.0284031064756158,-0.0306050831877836,0.0478874368040654,-0.0175945324841894,0.0731898786668866,0.0178260394551448,0.095420127529301,0.00625612301725821,0.0142874082210179,0.0190580002848527,0.0456453281308268,0.0320096151182926,0.0684354892438577,0.0224689566885085,0.0832655224759205,0.0112638715926353,0.0948270935417543,0.00528894774783021
0.0200191619959043,-0.0146680803694415,0.0332974698787644,-0.0294749355041144,0.041536430367502,-0.0241499146622855,0.0654997256301559,0.0200320169402016,0.0872459241289841,0.0127566803129639,0.0168657176353365,-0.0100784848347918,0.0305141481852954,0.00168304226330733,0.0569536986576475,0.03002319320252,0.0698702155068057,0.0160046487741774,0.0897900106156641,0.014751970375751
0.0183332443013248,-0.0163308198797634,0.0345631019853616,-0.0362816605944214,0.0389374932906301,-0.0349429834891383,0.0539755975001523,-0.0189031282740187,0.0792128114119924,0.0133353807513782,0.0215323657624297,-0.00888505299110478,0.0343257169908862,0.00761820643243797,0.0570256489358052,0.0186462083693953,0.0699604897984352,0.0262860474085905,0.0872161827559539,0.0122862607218577
0.0279956034122003,-0.0286238352022564,0.0331269681142268,-0.0312338695496028,0.0497381319570709,-0.00976593620564261,0.070145374164836,0.0192678536337229,0.0891941664801936,0.00852604557269802,0.0209794583386695,-0.0145522735816962,0.039891578786941,0.0101381506431246,0.0627915628007882,0.0296801400669593,0.0694238439888568,0.0276559430060294,0.0869880086296417,0.0158270964831834
0.0215554949090427,-0.0330383310905957,0.0301244225795248,-0.025003317649714,0.0332472701588941,-0.0274012374280427,0.047286876979544,-0.0256159676508148,0.0801577673787873,0.000430273541114615,0.00845319009742913,-0.00869776965090393,0.024332503580848,-0.0123048611392194,0.0473253250363872,0.0238169093149781,0.0738192630218304,0.0246983885360877,0.0879746701944654,0.0228368619419606
0.0141073938817784,-0.0134728750660961,0.0315591061921173,-0.0260099160981382,0.0387021667466204,-0.0300997509524135,0.065153002317357,-0.0114632319289406,0.0943781697496014,0.00311001175719363,0.0103057733462398,0.00859785220556486,0.0276367474280707,0.0333540017689992,0.0534517555980514,0.033371544556233,0.0787956817947105,0.0231595261348332,0.094603009518359,0.00575351183839299
0.020716082176428,-0.0254403404975127,0.0335421303008758,-0.03422199624357,0.0450556744799039,-0.0174750761303631,0.0643647751912166,0.0204619069961271,0.0885824086102494,0.00619126886861718,0.0049739890330955,-0.012480980824927,0.0288546536865519,0.00443394846572851,0.0441724608635935,0.0236427215275817,0.0660611519956719,0.0250684841329976,0.0810727092839422,0.0140299365104193
0.010672458887107,-0.0225030684302446,0.0350294995139037,-0.0278380057884798,0.0489659107840816,-0.0270847481256539,0.0672092816300766,0.0130266904547709,0.0924468874642453,0.0109401025366902,0.00613499491995782,-0.00820058518524063,0.0376994825631207,0.0140263423342481,0.0631791855797844,0.039533300860082,0.080201143395561,0.0203909860193898,0.0888644210538728,0.0137095272249661
0.0117374917310648,-0.0168646727473839,0.0328567590351561,-0.0301523425444331,0.050061875267231,-0.0255652926397731,0.0610999698369969,0.0057313416107626,0.087448511614602,0.0173263214751573,0.010574842610127,-0.00310753789188726,0.0344109180373576,0.0126030225602794,0.0654026835460315,0.0317017811004824,0.0744335719760405,0.0280673709018408,0.0881584386026392,0.0183644533248658
0.0232437286522043,-0.0292892338932235,0.0306552297063812,-0.0327572807407251,0.0434903390371961,-0.036796334692246,0.0687508120846713,-0.0303604483242577,0.0963690991996801,0.000565830947592943,0.0140145886578373,0.00374227558158456,0.0512761516293689,0.0301405884111482,0.0721360998005577,0.0285150322535343,0.0873460596614553,0.011986265198722,0.0943330928737804,0.00875532869497066
0.0310832699525944,-0.0331782655964816,0.0394299104665394,-0.0329369855631888,0.0594915163468234,0.0124263708281164,0.0872821109539299,0.00396686971492266,0.0967036864780851,0.00318704562705837,0.0362625363757498,0.0366296985629233,0.0621801624181378,0.0334907419888452,0.0741376948259175,0.0240212795800089,0.085328949668749,0.0160485052228312,0.0952408659199573,0.00603471158206478
0.0245027275233645,-0.0314280096680943,0.0386324054342268,-0.0363564014909095,0.0460585675806442,-0.0392546782226998,0.0671339090792615,-0.0168139886019361,0.0855976365748605,-0.00805707817186652,0.0182192020920562,0.000552694668507206,0.0440114266758918,0.0238336862254032,0.0626077488669584,0.0336343325672087,0.0759355311785033,0.0270974361961977,0.0891911744406471,0.00811700865264829
0.0227712689227906,-0.0230434696119834,0.0379056436562663,-0.0292142564675743,0.0535759150170652,-0.0286641698432973,0.0728357210941714,-0.0188285153028867,0.0897503779031237,-0.00216256578041511,0.0162615136057097,0.0137215999263413,0.0343575001760548,0.025833046415413,0.0624608468573606,0.0360505701983721,0.078192880023908,0.0248177833972125,0.0943135365470845,0.00499237462641216
0.0198614807266705,-0.0201860107668221,0.0380601069902431,-0.0307946731364312,0.0490794511375516,-0.029537317028915,0.0681436015000075,-0.00454458390639705,0.0965450106638763,0.00796865895709298,0.0180007894415953,0.0222202892781045,0.0445309711228591,0.0383896174505141,0.0741873741476262,0.0221697038370868,0.0884847147015517,0.0105899934247346,0.0943758617087833,0.00765715563904368
0.0215569967107069,-0.019612474503896,0.039957955804227,-0.0285132183328608,0.0511238450680029,-0.0272408822875104,0.0760180644772754,-0.0151085986323031,0.0943326724405331,0.00509175231598681,0.0160731781887631,0.0035101515900988,0.0424088224295328,0.0272642741470791,0.0650472448175012,0.0404902417095868,0.0843920496108028,0.018397587034471,0.0919602207904656,0.0119905041184945
0.0289953429251318,-0.0212003916448794,0.0425715950329638,-0.0282249306799801,0.0504095241242037,-0.0297621344606906,0.0685540783568838,-0.0253519587163749,0.086783698286691,-0.0050534472109384,0.0151254197014873,0.0277074527637038,0.0259119523266044,0.0365573553278273,0.0524115487720416,0.0298204777007584,0.0740313686481257,0.0331281003574281,0.0944987462974146,0.00758885258747251
0.0237772659641643,-0.0268189407012109,0.0324856800862828,-0.0281277156702077,0.0446561273115236,-0.0014058814462875,0.0776017751099117,0.0145268854826773,0.0936883695150761,0.0096278732924998,0.00930772859934545,-0.0162526237045031,0.0292866799788372,-0.00937224752731616,0.0592591336855763,0.0157581952235744,0.0762772125115704,0.0312570351376996,0.0898223033270444,0.0168384480748652
0.0214161433121026,-0.0143008553215603,0.0328435931762299,-0.0249443454849381,0.064971829326485,-0.0191172565994327,0.0810496849620698,0.0109675672105885,0.0980972585653273,0.00541056682491555,0.0237727558676901,-0.00486967620697121,0.0443697980218762,0.00984572375551792,0.0729326090068733,0.0121143080900092,0.0849995586109187,0.0117914169534246,0.0920264483105307,0.0129802009539079
0.0343568087095833,-0.0254876855135151,0.0356255558882067,-0.0288621118641552,0.0451315987443848,-0.000390426391583198,0.0840410733942587,0.0197406796810058,0.0987361923034582,0.00338606605964146,0.0230478921462782,-0.0143516444333965,0.0413868574770224,0.0265162036134685,0.0647013658891581,0.0316461511190701,0.0821632036267007,0.0236317541410056,0.0944214968569783,0.00534037118592418
0.0223321454733844,-0.0208215522764392,0.0371062901511137,-0.0312624913493518,0.0524228466510893,-0.00159673241490316,0.081738758400634,0.0160414144133802,0.0962939626592408,0.00149465404573546,0.0167455394757622,-0.0163238717709042,0.041398225067053,-0.000516087902546772,0.0696900071733636,0.0223159190383986,0.0748121647962646,0.0295507666157071,0.0933319034637872,0.00807052198494566
0.0262716402616532,-0.0252744224682857,0.034019120453959,-0.0294011737577675,0.0433788176783274,-0.0206095581425199,0.0615303956625139,0.0283821715580093,0.0895890571978162,0.00915726203977956,0.0223740940939165,-0.0165586475672131,0.0496600147585476,0.00918010903035423,0.0655740289515331,0.033293032091833,0.0874129829319041,0.0207641299518616,0.0950171771917312,0.00608144620661439
0.0340576277370613,-0.0301124566066416,0.0383984477911756,-0.0278880108149029,0.0379971699621096,-0.00409424202286769,0.0560930202297014,0.0137067387266233,0.0905223501891817,-0.000576321690282174,0.0105084540201685,-0.00725280459446553,0.0325018567560229,-0.0116220834818468,0.0577353281065494,0.0185487208377455,0.0771792729276922,0.0313844577986016,0.0897452582707662,0.0189447467737775
0.0232507855707494,-0.0241430607474796,0.0335195381157614,-0.031046188505885,0.0382555671367893,-0.00161920758367015,0.0710246154999997,0.0243467096352329,0.0941164846318287,0.0079947419174546,0.0102630734765111,-0.0106797018849062,0.0205225417262503,0.00284351086564803,0.0518975903971602,0.0212232259054549,0.0704958905127061,0.0379675957380528,0.0890864907966023,0.0167034575745803
0.0168467903594536,-0.0159328546876056,0.0342325140133578,-0.0251251153847932,0.0395345416375655,-0.00687691960184294,0.0565794319919923,0.0202272094783243,0.0869343830508725,0.00737799044277237,0.0151664918907896,-0.0146363336900806,0.0376051679498344,-0.0183256795067916,0.0597028073691066,0.0208628429819183,0.06654051515219,0.0320399777593954,0.0886296519656194,0.0123228040012324
0.0202738172276957,-0.0206837760120317,0.0391309754687061,-0.0328718735399818,0.0479039829785806,0.008387077400014,0.0842407857351855,0.0076132143032372,0.102047736001732,-0.00546429020250856,0.0134382235898509,-0.00659480386745009,0.0390766160057842,-0.0153003971678234,0.0623972655310089,0.0218528218653271,0.0719830603256647,0.0309864003533441,0.0936059709881836,0.00764238066855221
0.0192239979857912,-0.0168466176752216,0.0341199215348821,-0.0237704702405954,0.0385449529229897,-0.0213833227111561,0.048968690162867,0.0212641336825253,0.0772530901790937,0.0147160516339,0.0230355834090091,-0.0112968233039169,0.0429066975910569,-0.00512809452689376,0.0658641011252258,0.0274436426987066,0.0745266077422266,0.0346533941276943,0.092960201054737,0.0115299709083012
0.024308699179168,-0.0265408667976787,0.0392121953916262,-0.00554776527447844,0.0822103070353239,0.012581322176551,0.098330784049047,-0.00249973996220645,0.0491432088852746,0.0112793750835224,0.0292033464558426,-0.00604300882860944,0.0642102014569068,0.0285872636743889,0.0906463911799336,0.0150412477680353,0.0988129886262724,-0.00211645707596048,0.0463309891978687,0.014786649328618
0.0291358611122654,-0.0236764530126361,0.0388168016177326,-0.0296443894553968,0.0437325653284479,-0.00195727884131279,0.0717526472580104,0.019309809031678,0.102609103925897,-0.00241572094238694,0.028155920436602,-0.0152960237790611,0.0482894661666908,-0.014906036283626,0.0663039550902327,0.016111460896262,0.0717052466908803,0.0346843147060353,0.0951588837699749,0.00741936680006832
0.0300828276806447,-0.0306394729756764,0.0390508031692446,-0.0130570871246788,0.0695571594886178,0.0237858563272891,0.0868072823102723,0.0150690618132152,0.0912640320605105,0.00704766461620019,0.0244785305915301,6.56685901953498e-05,0.0567521414503581,0.0246267220552601,0.0824253053452702,0.0262127688465817,0.0912988023449065,0.0135714772490294,0.0944632103088524,0.00791997690622327
0.0323242825114633,-0.0268827559016499,0.0328713795463677,-0.0271760264005437,0.0527645949082832,0.0141368267799407,0.0904039732305598,0.00674122708236925,0.0926388127458998,0.00539279387876459,0.0164460141911075,-0.00927232978761005,0.0393475867010337,-0.0121491260850565,0.0701943099717201,0.0326198861184644,0.086110758237794,0.0161975218909161,0.0952240906826156,0.00694680756872066
0.0129267438500168,-0.0128271335663613,0.0333105184759621,-0.0291981236476607,0.0411801641109458,-0.00603043030421275,0.0626319366696764,0.0211144194758577,0.0931497150565422,0.0097722683850315,0.00756700104120019,-0.0107999975959685,0.0327904884648656,-0.010826443014529,0.051084846239137,0.0134860859225248,0.0673695399248796,0.0321006389588561,0.0875481472703062,0.0166881319867875
0.021413281115934,-0.0205857268121143,0.0355137824191141,-0.0285534383573684,0.0465090791714927,-0.0151286384921197,0.0552797507390097,0.0207288576399324,0.0881757865570249,0.0122107129314267,0.0213662055759789,-0.018390007400695,0.0398814049294164,-0.0240995112174687,0.0640064032556858,0.00957349453343584,0.0651349533257013,0.0341930947496493,0.0872333914295674,0.0218324477796023
0.0172608992452834,-0.0207072287599574,0.031843521941355,-0.0302959076917845,0.0391799202419039,-0.0186174914028815,0.0504773020486518,0.0215076883649699,0.0786830642916398,0.0156575089139912,0.0111460001962221,-0.0192241975896726,0.0377888091588853,-0.02406389513706,0.0574063899919528,0.0129164704738368,0.0721455820725446,0.0312783441425972,0.0933447490949326,0.00888732276056891
0.022774662472635,-0.0254492865790562,0.0361497768394488,-0.0266125712185135,0.0444803576877115,0.00518754831931308,0.0645022520932817,0.0196543985473923,0.0939035972813516,0.00556690124839334,0.0120828022919264,-0.0170492338466472,0.0410332653055503,-0.0236980072585174,0.0583327320068427,0.0188589132342183,0.069987522114045,0.0320217157067603,0.0922471444924229,0.0125023673046474
0.030576778096554,-0.0222638865623438,0.0330830974098771,-0.0241729777092795,0.0553570262101239,0.0144080544052899,0.0977899192182464,-0.00473931126888633,0.10439694300431,-0.00740488497117814,0.0341040050562003,-0.027736025717162,0.0571369759558743,0.00646892216628245,0.0657443394163263,0.033198137562986,0.0837999490330901,0.0277677369183863,0.0944710039481274,0.00922987036620969
0.0314438773341982,-0.0289762042561747,0.0425617441811435,-0.0256331464228848,0.0476443176470963,0.0205687670896515,0.0776688167870581,0.018750486141356,0.0951604450964444,0.00702034268083858,0.0178634822040883,-0.0190956729346416,0.0451036667551311,-0.00735185684216599,0.0694778323877944,0.0195111945947768,0.0728620744018986,0.0323471276702608,0.0924752057556942,0.0117818349340358
0.0246078346572633,-0.0261967890324209,0.0368378538466919,-0.0293152879584209,0.058082730577262,0.0256060161905595,0.0780135190704395,0.0148719445752282,0.0936836000880399,0.00153484591151638,0.0189162126957564,-0.0193200426146214,0.0441389870772879,0.00604482747800537,0.0664940233785453,0.0298171620803607,0.0851696889307249,0.0219544517350159,0.0949714040322775,0.00775654093742465
0.0273804366820239,-0.0236923408141456,0.0336877530124604,-0.0274675181970458,0.0465480432180775,0.0231016789103844,0.0688950433229879,0.0190918854495663,0.093099762512605,0.00511397874734351,0.0182350279370113,-0.0140093754487522,0.0391227905844479,0.00719033297536284,0.0631036192230818,0.0349753378010322,0.0732603483028725,0.0242980796282627,0.0934543839413196,0.00821009085557705
0.0289826576296295,-0.0263552450347383,0.0378626494005691,-0.030912650731564,0.0478750525518026,-0.000792566339867947,0.0676835770973599,0.0195064871102405,0.0935955056597662,0.00518924779893577,0.0188491015387217,-0.0183278939770623,0.0424200565681614,-0.00137373737967984,0.0689842099340082,0.0220354169654407,0.0741690132292728,0.027401285202398,0.0912757791411467,0.0123321210558874
0.0184100029242122,-0.0196055244254481,0.0347075770495808,-0.034149058381499,0.0326514935805369,-0.0218940043829724,0.0550890353035053,0.0227963303531585,0.0778370080771141,0.0199874866553646,0.0165633610966231,-0.0123658119466455,0.0371170643167791,-0.0199161814512051,0.0449977797964714,0.00171013035890774,0.0679025095397804,0.0332433624445483,0.0886539138114912,0.014111513926011
0.0259659358000567,-0.0259104699005157,0.0289656045570209,-0.0282173695785343,0.0284731781974159,-0.0136426159723249,0.0501653512765048,0.0135331613899223,0.0849058893042929,0.00261628241175933,0.0136136044032794,-0.0195602974539482,0.0430633493182075,-0.00121914130011193,0.0672402258676575,0.0318859501424264,0.0853706778825707,0.0209158544499187,0.0942221219624344,0.00903392564109741
0.0162876456141681,-0.0131604185845431,0.0308835479214889,-0.0296826750821567,0.0378501615300829,-0.0292214788623226,0.0796623331699932,0.00755550310687471,0.0925724491264079,0.00577591157342835,0.0074773029647553,-0.000764071205766753,0.037174977816077,0.0152634395754389,0.0644805583548204,0.0318623794591026,0.0806740665464291,0.0233448957285897,0.0954282110027012,0.00803865810972572
0.0192922991700819,-0.0186032836201965,0.0322884267855475,-0.0285098799827836,0.0477880940739333,-0.00157886167889662,0.0707422291774432,0.0206223775280491,0.0943739664912663,0.00213020303837355,0.0195517184123633,0.0213105164992901,0.0492597253394984,0.0377387592109168,0.0648489392064909,0.0344428007595153,0.0814190946139069,0.0194217545832058,0.0917322674545326,0.00903726168790002
0.00937434271437801,-0.00540235883854271,0.0208341763671847,-0.0349755244842773,0.029323588328111,-0.032800957438909,0.0401616780160544,-0.0178070198252264,0.0646999690826321,0.0301841238859552,0.0124643034086865,-0.00451050622428327,0.0366608069424891,0.010018030929625,0.0642347189493829,0.0292740305235182,0.0842113090768477,0.0151027058335705,0.0946093254885151,0.00522720141063978
0.0293273777603594,-0.0281817767426322,0.0334168572740278,-0.0327336390207262,0.0431700693650392,0.0104187832350382,0.0710541486688667,0.0315917378600841,0.0969486387715072,0.00248696138174204,0.0218542741556449,0.00848889032298176,0.0539335509515382,0.0134533452884344,0.0684689470427366,0.0260963579385775,0.0890904329649318,0.0150785753911049,0.0943182528194508,0.00815510027123987
0.00858204077444404,-0.0134582037831027,0.0294955373530063,-0.0256914181753827,0.042147851756237,-0.0333425238663642,0.0620568691829262,-0.0266153759582716,0.0876052192390423,-0.0115106537831312,0.021741131013933,0.0120445540359441,0.0551777131264554,0.0291040285431932,0.0698325392313839,0.0357205743465385,0.0874409487012302,0.0164818332216325,0.0942443628563104,0.00829331697270225
0.0163090375715641,-0.0159251372549087,0.0322272443446033,-0.0289445154048929,0.0395817317220771,-0.0319086571761774,0.0564111433870427,-0.0251987354141434,0.0841424219405036,0.00128515809023263,0.0150175900494388,0.00820024301865543,0.0398471241935773,0.0125535688494198,0.058483975141423,0.0287816035764008,0.075244804670957,0.0223523860047645,0.0954562593060475,0.00403196633807271
0.0212359521962004,-0.0240586328500609,0.0411634294518905,-0.0256820650111049,0.0705512227366955,-0.00362433430196714,0.088540550852775,0.0109322100996466,0.0919258045944006,0.00897698064863339,0.0213199818977816,9.49263342972818e-05,0.0446876980769304,0.00794382005411257,0.0651725587004039,0.0257495170981419,0.0751993963987155,0.0322254059528951,0.0955686389030949,0.010530796480194
0.0151221293302619,-0.0188651471894385,0.0288829438085725,-0.0284147229662283,0.0433700648145388,-0.029126355492398,0.060669945577223,-0.0218313112231367,0.0851265930104138,0.00100309804674449,0.0193258102782358,0.0100110970840753,0.0465425900190657,0.0194636845015707,0.0658772974323237,0.0309170366000374,0.0834409001272816,0.0251638157287293,0.0966817558898326,0.00741993793126805
0.0145477340541832,-0.0167718781223487,0.0393758409359463,-0.0277384791125174,0.053767919372187,-0.0289414821261993,0.0701805283938571,-0.0185022237693348,0.0900059704271904,-0.000890203573491993,0.016746239433947,0.00131886258379039,0.0485399337490591,0.021614100118774,0.072728380513874,0.0263914196630853,0.0885117769978253,0.0157623249855755,0.100453907685842,0.00246641118159133
0.0260582263898385,-0.0317557638700737,0.0305082555481397,-0.033969226309475,0.0348185295212902,-0.0330093312824719,0.0386204457017211,-0.032073842649785,0.0674766970637635,-0.0134478511376666,0.0226698749995031,-0.00660390324416912,0.048243558542316,0.0109331018384948,0.0699237405379126,0.0203910920537869,0.0794848642300406,0.0259691184678792,0.0964460926345519,0.00766508935124732
0.00918456065470435,-0.0138605140610316,0.0265442812414817,-0.0265606582806325,0.0448689003403786,-0.0294706943055096,0.0544296046761316,-0.0297480777171753,0.0888447146008636,-0.0108144944189793,0.0208943604646269,0.0122732363279852,0.0567946074090692,0.0298310196776354,0.0782924294266758,0.0305116776337503,0.0983613133293071,0.012055980723378,0.0994395637488802,0.00787446659291538
0.00850408231000245,-0.0121318916392104,0.0192964824824372,-0.0282987623936753,0.0349152483836323,-0.0327012202732552,0.0528936752020063,-0.0270414277571564,0.0834015899910277,-0.0122674971946138,0.0147471467267622,0.00541706775031274,0.0456340014104568,0.0282414762127817,0.0642255760437736,0.0369627731475533,0.0793542987063349,0.0203309915079933,0.0885040894018005,0.00905903930584096
0.0192849782794665,-0.0179592739500774,0.0365992094719344,-0.0309398266009183,0.0488877771334945,-0.032367220494645,0.0724644427935685,-0.0246453411857496,0.0999355325672777,-0.00629610542594584,0.0199703101055471,0.00866011817653434,0.0444112612007727,0.030385506241564,0.0646902449526071,0.0268795680936992,0.081318375638269,0.0212968146078626,0.0939590207218101,0.00430724909706203
0.0198758939754064,-0.0242903069027986,0.0399399402666393,-0.0280551456191752,0.0507947415640301,-0.03118362762073,0.0705554495227487,-0.0226443137059301,0.0906687932318176,-0.00316864936557322,0.0179952867948987,0.00780202375931766,0.0417245423715424,0.030118622599118,0.056720194666622,0.0299242453639148,0.0730081366756222,0.0244567279790783,0.0880807098842472,0.0145708946914571
0.0188351587179526,-0.0167081373882678,0.0371998569167041,-0.0347308656877737,0.0439458182189762,-0.0335362332950167,0.0506638770143836,-0.0319463644649046,0.0841865312108703,-0.0102056582504612,0.0158176331595619,-0.00820728843452433,0.0352872669156051,0.00582270785625313,0.0616266250946386,0.0199877777312711,0.0807319898347945,0.0267343589036242,0.0971946000524494,0.010668770024714
0.0241305561938901,-0.0254757981547491,0.0361163413647245,-0.0321776154396739,0.0499812105505954,-0.0291898746070392,0.080919839866608,-0.0086533053256963,0.0896172712720791,0.00123859886493631,0.0259438211679103,0.013479847699871,0.0411413403558373,0.0236707070566477,0.0632065133706058,0.028945023476548,0.0786897753282853,0.0251201029222029,0.0974044363720745,0.00681191501634534
0.0191097106894924,-0.0212767770865915,0.0344992335321663,-0.0322692039830292,0.043874300035617,-0.0330326569820293,0.0681296834519165,-0.0181036467414473,0.0882513853319802,-0.00328975872791349,0.0177357953005392,0.00522656061528587,0.0410165758974732,0.0181814278023165,0.0615124405363442,0.0244465440247612,0.0747944425957051,0.025731424560257,0.0919355037020625,0.0103771850463858
0.0299944133236545,-0.0248982567624495,0.0387828081812779,-0.0289964050527613,0.0507953170185263,-0.0214270148942532,0.0760759131455925,0.00084163672194569,0.0905037989048086,0.00111942480878952,0.014649382853125,0.01240850795982,0.0464816336458721,0.0344314897327241,0.0695354953678903,0.0305627875332149,0.0823818924431452,0.017543226237687,0.0920984186569854,0.00524176587549968
0.0262291871137543,-0.023496175627187,0.03824010448951,-0.0294759133006333,0.0486419671874844,-0.0250544873446432,0.0776101509161705,-0.00839316446953126,0.0912914879363666,-0.000482565954102398,0.0136633951860715,0.00211997971266993,0.032731363485451,0.0166286972095754,0.054508172832661,0.02829994658092,0.0742721523018977,0.0233866420268905,0.089120330575782,0.0136754648743632
0.0173079791279414,-0.0166256401784997,0.033344564697071,-0.0288048177975147,0.0474073426052206,-0.0288123062993835,0.0765926586774118,-0.0114321797444664,0.0957244225489669,0.000313305088392988,0.016202386332182,0.00936945345448678,0.0400877355538307,0.0289506844964771,0.0655955846307558,0.0336142340940943,0.081647632421897,0.0175416096422891,0.0859169334664428,0.0107725459357757
0.00731843859113888,-0.0168107485741631,0.0263098681306517,-0.0342615301937485,0.0325404322874073,-0.0352751046377043,0.0541867395308444,-0.0201374703808855,0.0894136922736941,0.00171044138812256,0.017662399884471,0.00463216717915539,0.047592528853283,0.0285715242956863,0.061224881821822,0.0312439406312264,0.0803568897128691,0.0202391531114758,0.0918419448877737,0.0083015632454906
0.016791347508452,-0.00952701648719214,0.0346603662822124,-0.0270955577877629,0.0439491639219625,-0.0316073437669691,0.063509455773861,-0.0215373919081264,0.0863360569475313,0.00232695185823979,0.0235103157070459,0.0173150931979745,0.0428019826215234,0.0274715610728587,0.0644907786840418,0.0313898453332817,0.0792287097649838,0.0191123408985968,0.0932776369426446,0.00743484803459816
0.0204831074539585,-0.0149563711102905,0.0367585732058301,-0.0324428468369162,0.0431006453587066,-0.0283742968377639,0.0721824831309685,-0.00382196102716296,0.0948480004244762,0.00412656157052376,0.01966566031281,0.00915170072463069,0.0388660645828656,0.0277642636711175,0.0561560695402372,0.0340076241035477,0.0790236769654274,0.0244055411738603,0.0964418067837626,0.00993253148688696
