u1_1,u1_2,u1_3,u1_4,u1_5,u1_6,u1_7,u1_8,u1_9,u1_10,u2_1,u2_2,u2_3,u2_4,u2_5,u2_6,u2_7,u2_8,u2_9,u2_10
0.01518039776423,0.00357848420300241,0.0328704992949862,0.00712012833354492,0.0534430952093795,0.0083526206607592,0.0859790369172622,0.00698573576662868,0.0949813365157583,0.00563635709305375,0.0140027857094078,0.00700848362149556,0.0222569485264398,0.0104438684799538,0.0342485845354517,0.0112101262552383,0.0553265591328625,0.00910596037061256,0.0783466276345735,0.00588341656003798
0.00948843592900533,-0.00208481570978949,0.0359380765478089,-0.00179356252500467,0.0585383238385224,-0.00143603255007867,0.0858369275123804,0.00783870813843671,0.0983762320121647,0.0019991371429148,0.00790457363663746,0.00265233875638705,0.035198265301947,0.0178144658151009,0.0531379468046154,0.0239073194688009,0.0645987945972929,0.0168109378998942,0.0836543625698256,0.00804257762939178
0.0170837317675338,0.00231894658949151,0.0383669172172795,0.00704684125761072,0.0639573098588753,0.00808218168515692,0.0866021499894574,0.00685190504844417,0.0963829143443809,0.00370440760785067,0.0141076516499621,0.0119190906108436,0.0505576128970355,0.0292849390855715,0.0680022172380738,0.0339851003035024,0.073172056513712,0.0277266084281965,0.0945799525220183,0.0114689423027406
0.0143090129876838,0.00576968495284338,0.0460837365631242,0.0109478274910725,0.0674345665492117,0.00674450724316688,0.0816195425337952,0.00525161713425315,0.0929254803216579,0.00333682623459465,0.0146747672721958,0.00788392341442815,0.0493212451447611,0.02592805363174,0.0680719736889884,0.0300770907888406,0.0871268792134357,0.0160582767474258,0.0929171004222926,0.0133881433203576
0.0441310364325687,-0.00120427784176751,0.0893045124026779,0.00723770211648684,0.102881853682307,-0.00223565779303441,0.104116891704324,-0.00454305991568947,0.107691483719055,-0.0101648091124305,0.0385901894474679,0.0268744036055691,0.0696337304981683,0.028909171330485,0.0900437720666349,0.0132110303682006,0.0931171663814202,0.00522093060018663,0.0942488178988056,0.00163785484338815
0.0257993671261001,0.00603173971513346,0.0522686600175318,0.00570107495586139,0.0690211676006283,0.00419344386470483,0.082172698012211,0.00258298290938998,0.0906436026358599,-0.00175505305503316,0.0242173901857193,0.00245255227066607,0.0535819063915161,0.0222286609739389,0.0753865460039688,0.0292964409861123,0.088819754068082,0.0195395570174355,0.0920345006170479,0.0175978848841323
0.0434933050756793,0.0175156179357223,0.0841077264677948,0.0155561450714571,0.0996228851993623,0.00303596588355319,0.105232043409892,-0.00485248303340302,0.106012447871482,-0.00532573072499268,0.0348069544120846,0.0229904867610719,0.0657052080429111,0.0353910571874188,0.0849837226124275,0.0177059320232688,0.0898627816884628,0.0116147015564134,0.0922158749488928,0.00439636878293021
0.0186177428821095,0.00710876086829748,0.0419187862852484,0.0114438011565636,0.0706966944204059,0.00947053852540635,0.0823931240145452,0.00388710235543377,0.0943691487196132,-0.00400649229356897,0.0217758048266851,0.0093405463117111,0.0536676107709528,0.0219270692344146,0.0763739068774892,0.021304454329981,0.0859079076404812,0.0165120990364428,0.0970588864526222,0.00304987870363751
0.0561552991200162,0.013475840059961,0.0881333639073812,0.0100185211427725,0.100056314535619,-0.00187639081289246,0.103085445984952,-0.00573197930099995,0.104987483203926,-0.0076139502674536,0.0329668983622878,0.0239849976528279,0.0631857843760103,0.0278457292104808,0.0807928524366518,0.0204308007587909,0.0924039492701175,0.0107321362120341,0.0960731867325963,0.00536135422460415
0.023853851105938,0.00823084978463461,0.0539830929200072,0.00817825748774098,0.0741675234107797,0.00258991034243548,0.0833738225562747,0.00229069557618743,0.0909236159364094,-0.000234918822225425,0.0285235608980363,0.0231219780972677,0.0623363618212437,0.0318726864438569,0.074877041374143,0.0265960369918482,0.0867532807564149,0.0156354241994479,0.0948722394434101,0.00615111656271516
0.0202579875265375,0.010653959670074,0.0426273968574242,0.0155969065722008,0.0722713358755584,0.00741256897833649,0.0892393104880174,-0.000819979671723825,0.0950629770849702,-0.000366923653209097,0.0409622595035802,0.00289763791561126,0.078344575245732,0.0259940828614662,0.0869604265465735,0.0207401814680893,0.0923876109749932,0.0138223136072558,0.0959986973521092,0.00913467177730883
0.0160543094674945,0.0127200214923758,0.0461519403281998,0.0216071218173674,0.0702845622942929,0.0171919082478205,0.0928250043001495,0.00452629104819052,0.0995660438648422,0.00152446842852279,0.0267045701386181,0.0133901031870011,0.0568175157962446,0.0310564623594651,0.0801729147998427,0.0275941203504376,0.0907684554449835,0.0148855901777599,0.0930275211426326,0.0123757683270284
0.0166943679416802,-0.00611679055402013,0.0403914520160431,-0.011217880307245,0.0499920590090683,-0.0139877263518344,0.0647454190382613,-0.0115158747769143,0.0841262227080207,-0.0130357993225785,0.0144402015749211,0.0210898121855365,0.04196778237954,0.0451765207818642,0.063277504995782,0.0285563340238425,0.0835750236143029,0.0207716607878372,0.0912186132760805,0.0184275634008517
0.0264808069018701,-0.0125679908993982,0.0293805187036286,-0.0107266158341244,0.0431997427433598,-0.00940118674076927,0.0639100575882639,-0.0066968016752579,0.0899988679722149,-0.00591362053836953,0.0191468958602051,0.00755280873008686,0.0286925233593051,0.02120001593287,0.0526014071905872,0.0285291730839066,0.0681967648317196,0.0260542686255235,0.0890905268081984,0.00938307661046984
0.0107658116875409,-0.00926567138446037,0.0239522029687657,-0.0204373110544534,0.0416154698832161,-0.0109371398556138,0.0700045995272839,0.0134446692254792,0.0918312160782789,0.0144299564641027,0.0136480177809817,0.0167925693654349,0.0367572301552366,0.0272504898751823,0.0584233703128507,0.0329677562524325,0.0746914248319574,0.0274907892649039,0.0901097790914449,0.0121229493092462
0.0162780043897271,0.00325289156694536,0.0366065434571903,0.0119924543938429,0.0600607239177389,0.019776456411785,0.0782781089811018,0.0215586860904384,0.0915062117909893,0.0107023776867206,0.0112797273316086,0.0202404691246418,0.0368193063247391,0.0299756141682878,0.063073625608124,0.029421520150152,0.0791333972864036,0.0215662710790546,0.0904628500594077,0.00468721346702663
0.0226631816712521,-0.0163824416198806,0.0384501928424189,-0.0226226607113254,0.0587744908151254,-0.00471971667451491,0.0833070065724272,0.00632574327191969,0.0958542872530722,0.00378963194303617,0.01601157850485,-0.00410265652263935,0.0383153395386915,0.0240594717759179,0.0630359152750606,0.036177394852484,0.0837258655721672,0.0174077907591159,0.0920601734933615,0.00420556871547903
0.00845829493891051,-0.0150577190690067,0.0261378738335921,-0.0309017395695988,0.0495994297865293,-0.0206868432054591,0.0809747435221063,-0.00749927607851198,0.0941427020479767,0.00557240932879625,0.0155073508234453,0.0295463380352594,0.0354123817293728,0.037399905019112,0.0607566626499763,0.0393802766786644,0.08363287334986,0.0161279947780492,0.0883808082939294,0.0102083947841538
0.0274755332266696,0.00385641833626096,0.060111576739524,0.00137240766724862,0.0830028424069341,0.0125209552611523,0.0932499934260859,0.0114862397383212,0.100602986620478,0.00526677067222516,0.02846557044222,0.0218882173112603,0.0590795147147139,0.0426670621759726,0.0817398470553205,0.0312537294760116,0.089799151440485,0.0171159790359638,0.0928834303297517,0.00560890669055053
0.0159645519063256,-0.0170448213389213,0.0183484097243145,-0.0184636110844429,0.0424963365668495,-0.0187533163516506,0.076695688947971,-0.000228380025185754,0.0976658889016222,0.00669074975287242,0.0174571958544742,0.0368688857245489,0.0470455566129775,0.0542653874507563,0.078166560447007,0.0203617291182405,0.0968039776007941,0.00456728293642321,0.102382208828076,-0.0104655688519643
0.0145769048884335,-0.0122806579672055,0.0287136599606594,-0.0195996812303793,0.0575488277348752,-0.0136448572968026,0.0768532360063414,-0.00274365147670079,0.0918830828761196,0.0011591985680916,0.0160624181655288,0.0153766618678881,0.0399459974815604,0.0410149544712281,0.0654170375827528,0.0356685295871013,0.0844437600043171,0.015057951996796,0.0946960977572913,0.00394567493212932
0.0186690282133143,-0.00720050197746853,0.0361124339971039,-0.0236449959774623,0.0579558645817735,-0.0123399151128452,0.0760952809274736,-0.00710526534066817,0.0917476690727764,-0.00337718985355978,0.0168850961499218,0.0164431403465621,0.0374271887401723,0.0265312032684588,0.0561231387952219,0.0367122270022102,0.0729495867405006,0.031490746761213,0.0870162088800829,0.0110941566953433
0.0120757094784524,-0.0118072223488867,0.0295644256181235,-0.0212944720618402,0.0527942649990902,-0.0204019670553486,0.0754940366930411,-0.00920615827825361,0.0905844173270724,-0.00421430003122978,0.0109834892263224,0.0140991847491315,0.03214292599192,0.0362422774043668,0.0537341952465035,0.0395005580446066,0.0764338227982652,0.0209348123542447,0.0902701230416188,0.00600316546732744
0.0132130783561958,-0.0148396048407578,0.0296355159699456,-0.0251963215995409,0.0564523875851458,-0.0223395082349365,0.0783368112831762,-0.0121580527052134,0.094084160052937,-0.00413443298509805,0.0177209785055999,0.00698833260755066,0.0418672667973859,0.0336903901861536,0.0636973177869469,0.0305883193427059,0.0829847844461197,0.0165844386723506,0.0938309938029142,0.0037784055733294
0.0168858673442979,-0.0164638130425875,0.0316768544864364,-0.0224200347947979,0.0527534760416227,-0.0161322053189726,0.0767151748285017,0.00387376312770291,0.0950337437618489,0.00494343711718393,0.0106623008660801,0.0230677306854792,0.0337593814618294,0.035168015698363,0.0567124176235861,0.0377058052589915,0.0754405348306735,0.0240126324610208,0.0931365362274635,0.00521069977372558
0.0119296360993303,-0.0116836971273361,0.0260879600801876,-0.0233428713257503,0.0490159781220696,-0.0147149070109175,0.0694856528900654,0.00397658512360342,0.0876499637976152,0.011014121724909,0.00744440336304287,0.0196278770201876,0.0242989507225055,0.0354615700494233,0.0453681920807185,0.0384935119567515,0.0661592142937092,0.0270343390737911,0.0851273946754708,0.013703090233618
0.0139442550518153,-0.0168915125824204,0.0301223728094701,-0.0206738976343763,0.0617404390501096,-0.00940361002197594,0.0819606928963812,0.00124662618579991,0.0952704140556729,0.00770588716250377,0.0188704148944117,0.0266253137510593,0.0338644169271799,0.0436832617104079,0.0551044499090288,0.0447432750668072,0.0737056840099202,0.0247649257576813,0.0903836747394454,0.0114015909961386
0.0207259050575606,-0.0129189297360809,0.0338516868238032,-0.0234117823590373,0.0599552472195963,-0.0134872385325255,0.067768260919999,0.00711055396913067,0.0897489177443995,0.0114113703119978,0.0138455766473908,0.0130492891122015,0.0260432732326829,0.0331470152088411,0.0475191462149788,0.0291543943416488,0.0678586127176509,0.0301412433660657,0.0804701836856333,0.0191504502658271
0.0167574431615739,-0.0184245453101379,0.0316829223335012,-0.0281677168499324,0.0490378311781283,-0.0177598522679977,0.0705253005627521,-0.00577224471163703,0.0867005830754008,-0.00156826739057984,0.00848341338373008,-0.0118030787657819,0.0214150177771519,0.00500646738631171,0.0476265643170199,0.0211091992538376,0.0815466919713393,0.0314302018977918,0.0913671406724286,0.0124740398534891
0.0238820981661495,-0.0223075666046932,0.0386442596568258,-0.0287889485340987,0.0526272599718997,-0.0226992017456038,0.0700324236571465,-0.0101058810697216,0.0844646247918412,0.00345150673276219,0.0134005321223827,-0.00548010939044448,0.0262215087706095,0.00469470031502732,0.053802621868609,0.0270094003690509,0.0797596100119528,0.0282969002343789,0.0903110795720618,0.0130566307018826
0.0182392181865094,-0.0210907769613896,0.0320413833240793,-0.0264435331229925,0.0539162602234843,-0.0146957552829426,0.0660150761857753,0.00493088375787747,0.0839869427167319,0.012867673002667,0.0176355142601217,0.0260858432453722,0.0557076279962664,0.0429679288248773,0.0955466153008673,0.00732121600100678,0.100279232381261,-0.00422642014104022,0.101097286379245,-0.00692545185785702
0.0157469621238002,-0.0164468737764795,0.0323114657762845,-0.0143802941879437,0.0541298974858006,0.00173270501566129,0.075302800907813,0.0110589917539218,0.0924743333231438,0.00907401842571415,0.0074178857058244,0.0191338427576584,0.0316228664031419,0.0458489892035643,0.058591003562262,0.0430003586310592,0.0749014212610117,0.0250428815612487,0.0895767609487709,0.00710392556160706
0.0314059364553469,-0.0236845447830781,0.0521643424081567,-0.00947339189161795,0.0777179715590564,0.00112173538962731,0.0913926757207515,0.00140127613316035,0.0944366427452897,-0.00114148475863246,0.0127318644075878,-0.00569016700339099,0.0263179840350178,0.0309646541498097,0.0459706355409409,0.0496161678693817,0.0713280146078103,0.0245915028810714,0.0942692123451984,0.00272163011069733
0.0174212721493036,-0.0176744993107517,0.0376075547652239,-0.0189835830882616,0.0543881775404625,-0.0117224335903645,0.0735427444942222,-0.00364946133473895,0.0936552282266123,0.00258839721590388,0.0158616210436452,0.00892463530155288,0.0387059987176359,0.0378209713682942,0.0630009303809942,0.0383119815433688,0.0815997874492062,0.0182631251997889,0.0930895995026273,0.00603779394413468
0.0150438919737539,-0.0125361314413506,0.0342814508189297,-0.0237457243614238,0.0538442502905577,-0.0204984908625371,0.0742500205170973,-0.00722455438268259,0.0960139115344393,-0.00263577220232958,0.00892172627655601,0.0156611598687971,0.0301570331968244,0.0265998537923937,0.0537540490788783,0.0467221554194058,0.0744901078002333,0.0294713288110824,0.0925027754708042,0.00830685625313649
0.0145767939349357,-0.012257521667818,0.0359300624432377,-0.0193439087150832,0.0569903012253336,-0.0192120670994863,0.0736322242000971,-0.00729299507804763,0.0887376470210111,-0.00179836308641333,0.0128170933306954,0.0169282284559913,0.0406449764216071,0.0475360696334505,0.0624450708316799,0.0430646658847081,0.0800409682273111,0.0274544786430189,0.0920032779933167,0.0103453014145342
0.0129405608497469,-0.0113125218243811,0.0268016225708955,-0.0266304955116875,0.0462895467646281,-0.0226766413142712,0.0696234416655413,-0.011041019702265,0.0896758563352932,-0.00535885460630682,0.014138706141447,0.0169647977662993,0.0372593616818512,0.031344046940244,0.0610097837127819,0.0351982281611255,0.0770431858520269,0.01919603577449,0.092995258036191,0.00483607448587557
0.0183830950390604,-0.017598234588626,0.0392797556545201,-0.0289272950893427,0.0492022727691738,-0.0243449397011263,0.0606834758739594,-0.0189506885075972,0.083757667554019,-0.00877775159684024,0.0168927111637156,0.0349326185353973,0.0325845195006259,0.055684586772025,0.0534411344740528,0.0431495299206938,0.0787447811924832,0.0228550777458126,0.0918714974974306,0.0137416096433114
0.0181375014694322,-0.0172091138060149,0.0319567626061284,-0.0253947709009393,0.058816320206555,-0.0157230403278737,0.0766847486532396,2.92106503757353e-05,0.0933763968048304,0.0063936194263581,0.0150648002149482,0.0098084887894443,0.0334755954000088,0.0268035092180884,0.0586589378586601,0.0300778269535562,0.0777476775398475,0.0210101610747284,0.0927143313729577,0.0101029285828667
0.0117377968051582,-0.0119139767090638,0.0335879436920363,-0.0325003147033095,0.0547886948825919,-0.0229609134847205,0.0744710099335703,-0.0130434460954005,0.087268345176731,-0.00528033424767969,0.00894901527883708,0.00906564893615309,0.0361557739028167,0.0221410766335151,0.0588918069967131,0.030449411083145,0.0774542585795623,0.0196049256280931,0.0893403511821383,0.00759407291150242
0.0210457307014793,-0.0163494415347028,0.0397763213529824,-0.0256347262511507,0.0540700979538252,-0.0238621167914157,0.0788398734865681,-0.0145322557198874,0.0949907582634892,-0.0024959320744393,0.0211803780563286,0.00560078088252787,0.0450370142086094,0.024572627479431,0.0658082246465935,0.0316124326471265,0.0871739062488706,0.014153259544885,0.0948252440232349,0.0042318364773898
0.0205491555902103,-0.0165521046346143,0.0358696371584579,-0.0237711484819544,0.0512309940002699,-0.025301245616462,0.0730150642571318,-0.0145972567848713,0.0898949041495224,-0.0061954426169866,0.0167271593335937,0.0196243182596286,0.0433848366301438,0.0397510852221684,0.0663555409473891,0.0371668114379782,0.0883037177262785,0.0214046639234897,0.0943157106901268,0.00679199488939956
0.0184689373060035,-0.0145907075449928,0.0347313247116261,-0.0276020173151396,0.053313118737879,-0.0256363402675313,0.0727457205735869,-0.00909871697538884,0.0922439445652773,-0.00143554539738888,0.0131404030159406,0.0160609303624145,0.0268885658839621,0.0278173827889821,0.0544815153939807,0.0311241783416244,0.0738552955083841,0.0272972456308943,0.0891599475446393,0.00666604596948795
0.0195224908219555,-0.014164377388825,0.0393983873538155,-0.0242269769658437,0.0563581503793939,-0.0237659712785308,0.0737477875927893,-0.0134880996756989,0.0956725866390185,-0.00863011784894504,0.0235048108798751,0.00981609169378282,0.0493258037432139,0.0255485357860312,0.0768946179683335,0.0302875225518358,0.0936751379927142,0.00752188102443354,0.095422732726096,0.00488595836619242
0.0148914594328061,-0.01026043735052,0.0352044233405644,-0.0186187611497241,0.0493804885661168,-0.0183036248712748,0.0706830805459639,-0.0103954117174176,0.0866755220817085,-0.00227736100627705,0.0225616451439631,0.0155648854956888,0.0510974419039267,0.0398869092744253,0.0738561565827374,0.0291170664044052,0.0893672632484117,0.0138069568454819,0.0953333037591729,0.00498967284217592
0.016722715296422,-0.00714310510360512,0.0357429804064364,-0.0202393687585639,0.0559017689493307,-0.02465453864623,0.0730068695304072,-0.0132238386730177,0.0899182674764494,-0.00810233567961105,0.0196447928858629,0.0218178724568194,0.0382833736024972,0.0332885571183108,0.056822635617679,0.0294409764889383,0.0714352250415853,0.0280740598548504,0.0891000213509763,0.00715625467310324
0.020822577334476,-0.0174401061698396,0.0371528933097614,-0.0268536189276832,0.055927561285427,-0.021164744174862,0.0743782610000776,-0.0128421925342056,0.0905990635300656,-0.00647839568788771,0.0115201989948301,0.00989599730899023,0.03507816968992,0.020685052229747,0.0635960232311287,0.0325241429181461,0.0825741814648996,0.0215777998980416,0.0934445182243015,0.00724716862864378
0.018273807580638,-0.0104734462013895,0.0398383142143573,-0.0244524730452275,0.0587415618639855,-0.0211463489760268,0.0754933066107778,-0.0135079715348149,0.0867330597785346,-0.00745645720836548,0.0145060122914143,0.0149150732717321,0.037604355465896,0.0263175994097779,0.0559010856970393,0.0290516893607109,0.0792875856311745,0.023436378603374,0.0893625262845798,0.00642781425780928
0.0230452266666509,-0.0132875686633762,0.0417604137899909,-0.0251531233253058,0.0598781594480939,-0.020037009642739,0.080571207698992,-0.0159851832646028,0.0969561835577801,-0.00952112657756969,0.0271479027216958,0.0114067292036357,0.0486258417643998,0.0205499610275538,0.0678680040971038,0.0313173895437363,0.0845198332933925,0.0180087815563653,0.0947556774186553,0.00241674080702207
0.0254679381123674,-0.0246471943124245,0.0606786085973248,-0.0294680656920312,0.0900510285538617,-0.018989357497611,0.105833514661821,-0.0111104590159406,0.106831511724955,-0.00741453875723464,0.0170736230368523,0.00863724245079599,0.0434665200597024,0.0274238625169506,0.0684732600820237,0.034380471653391,0.0824590047209329,0.0208708233568305,0.0931449378833368,0.00677652702882373
0.00921089446598313,-0.017361642824292,0.0264575824730168,-0.0282293017054205,0.0508411347554099,-0.0255104235262511,0.0744100900649342,-0.01782767322999,0.0929590902493968,-0.0135636799546516,0.00858696904470418,0.0141224875924401,0.0330915325387176,0.0258582763147155,0.0592664927203536,0.0334614007357361,0.0788658058014141,0.0224831390195198,0.0916284055046608,0.00400134292378283
0.00994735282372149,-0.0165784341936345,0.0324025910987409,-0.0253626173779599,0.0551843047316055,-0.0168094804593049,0.0787264718210348,-0.00751912741684979,0.0912221602398927,0.00220489109113614,0.0205340003917962,0.0193912791149953,0.0513115622507832,0.0320803041318097,0.0708998785715189,0.0304033726354978,0.0835818722794215,0.0163106777070695,0.0946734668494819,0.00581019213547721
0.0305720946877855,-0.0212829757636678,0.0533556527932001,-0.0288448293235816,0.0773686199174898,-0.0160151724381701,0.0978848849369931,-0.00783291179824128,0.103891540810357,-0.00467595472783337,0.0189146780347461,0.0166096397694823,0.0455812627000837,0.0273871543238865,0.0667997546972307,0.0337370097330242,0.0832624094902367,0.0143778645090653,0.094346295621828,0.0038624226216569
0.0359833949650192,-0.0278573180822617,0.041112224325242,-0.0306484905913989,0.0636511794463793,-0.0219519356868697,0.0805439763518701,-0.0159690403604995,0.0984328813397826,-0.0103385197898068,0.000193448328008869,0.00979584554791584,0.0122561260248218,0.0175046108449382,0.0438052004165119,0.0289044833385433,0.0657140467435807,0.0277797530809767,0.0864359709669767,0.0163356972033956
0.0129899998403916,-0.0158133006623116,0.0323836020368497,-0.0277862344277039,0.0465669243408898,-0.0234572557915202,0.0672165924914324,-0.0130605907329015,0.0863785134926022,-3.15242433989803e-05,0.0111041369169264,-0.00325330440172,0.0299808155175441,0.0156456110773764,0.0501115294846291,0.0288687345810362,0.0727402159985714,0.0267289992006955,0.0856490474391353,0.0104182959579951
0.0176395632667386,-0.027175706830969,0.0358696803404524,-0.0259777258628247,0.0562059114371501,-0.0246754211352851,0.0781850469869957,-0.0164426227688615,0.088703131011348,-0.00732043795241018,0.00711274449279445,-0.00121926600576839,0.0240183692832118,0.0118068208803209,0.0482200287327912,0.03426235146849,0.0702298201023951,0.0289647371160018,0.0918049111551561,0.00971921267858376
0.00874632084314027,-0.00763208393797618,0.0256125913169221,-0.0183684779715612,0.0411227966908636,-0.0229049453666261,0.0612257034859089,-0.0118015374135453,0.0824896187559916,-0.00303460553213284,0.0110195725208379,0.00908197533916608,0.0315206710682789,0.026193392688241,0.0505875322509391,0.0346911008768281,0.0693344475967577,0.0266108698400913,0.0847662260776215,0.00979968149593432
0.0156898967882937,-0.0177298327031144,0.0402534693909484,-0.0275455975201633,0.0647753844629855,-0.018107111062995,0.0856960257127239,-0.0170476605211666,0.0928250664759117,-0.00866641358876846,0.0117685218778842,-0.00372816576309815,0.0323739330673837,0.0114568943220412,0.0613947761336909,0.0271377150129525,0.0797676308562016,0.0230076969355767,0.0952035374296973,0.00421138685172952
0.0140569214616847,-0.0176290857767664,0.031691536850145,-0.031578129025783,0.053871905695381,-0.0225615975790379,0.0743927748845176,-0.0114753164216803,0.0906191602126155,-0.00698771934713668,0.0150672014801768,-0.00194186982069173,0.036349624817566,0.0184487487376264,0.0645279971628993,0.0274075637907798,0.0802120058176774,0.0199781598645065,0.0916755080199122,0.0058859536034377
0.0203566645777303,-0.0143337676347441,0.0402824774762721,-0.0304297743088831,0.0619152479772519,-0.0206984201761657,0.0833584269163181,-0.011690958927308,0.0955326833984208,-0.00556874562629091,0.0147167649522049,0.00376097009155023,0.0385170058921468,0.018511833981294,0.0655132658531129,0.0273973925029107,0.0839313367339966,0.0238526378164263,0.0920987528203096,0.0110101810733139
0.0169623413710296,-0.0205055096391781,0.0309541064019754,-0.0269386552980257,0.0467943749213505,-0.0211826118380357,0.0691647183937295,-0.00781876531762309,0.0903592142286651,-0.00583388285640634,0.00812390028191494,0.0117308744943625,0.0368756097073612,0.0170954392221787,0.062009764123167,0.0231283573357189,0.0841871056337207,0.0181873530228681,0.0926465343206001,0.0117492522389066
0.0163809453258811,-0.00761271344391799,0.0344501946990352,-0.0218453877284624,0.0423225123249584,-0.0249715427346084,0.0640061476978036,-0.0155974225519691,0.0863413129772996,-0.00637120132185432,0.0182364570192746,0.00320287787169854,0.0396794770453203,0.0172969337352732,0.0527658746960494,0.0267396222285539,0.072494271675045,0.0284075372239231,0.0910028268149507,0.0101217830742467
0.0269017583873661,-0.0199512367433931,0.0523441048868459,-0.0286677077647697,0.0844460428403472,-0.0183250080631912,0.104683756289902,-0.0108673506309153,0.104360874812081,-0.00591354570855017,0.00435904650095825,0.0202583398355602,0.0254020225887012,0.0396761642793345,0.05046508519192,0.0389817266582868,0.0760575590086752,0.0243627088991679,0.0901470057020212,0.00964912164309203
0.0201062620664916,-0.0181826577222613,0.034127973127306,-0.0276037580037546,0.0442675475214876,-0.0244987597835833,0.0641695452887476,-0.0185090385012746,0.0872959646118462,-0.0121736530895078,0.0136809626548883,-0.0048437733164039,0.0304531130025051,0.0144104130052873,0.048343924172617,0.0284250283762215,0.0704670096150987,0.0265866084546201,0.0876412599010915,0.010058888634044
0.0244291186386062,-0.018075557244157,0.0375016030635733,-0.0279841037193598,0.0619795688550387,-0.0170323868352946,0.0866574471859995,-0.00957563008363881,0.0953801240003638,-0.00647254090030985,0.0183940348655596,0.00363516822775193,0.0318177982868099,0.0162593410388079,0.0574712542097473,0.0294596636313634,0.0840989293373566,0.0162990426524855,0.0933060317169915,0.00708193863980963
0.0168905864940204,-0.0163806877435984,0.0415010374351317,-0.0340439683707542,0.0543261462252663,-0.0277918678705689,0.0741552153800137,-0.0152291367017071,0.0891320874431581,-0.0132679372048057,0.00638288387846308,-0.0055693213447699,0.0261455202575245,0.00607492394732195,0.0478082842809987,0.0121830295639235,0.0741833714302983,0.0250641267984965,0.0869089980755264,0.011551885001679
0.0135584640579519,-0.0126883122279333,0.0344399663978966,-0.0284074065776506,0.0495299379855612,-0.0281871460248475,0.0712092930382561,-0.0180762345759054,0.0891716656044625,-0.00372802713362201,0.0157146162449489,0.016658173387609,0.0342543741315391,0.0200866481614309,0.0589320275440585,0.0310540083825874,0.0836021626924652,0.0243688080486041,0.0906792824298926,0.0126630806830462
0.0144490763654173,-0.013838674974818,0.0296047948367206,-0.0261366526807778,0.0468865049599104,-0.0250766513107123,0.0682543190329118,-0.0176980521502935,0.0953943685478307,-0.0078279484747238,0.0140171468337049,0.0056990009843438,0.0356584832961436,0.0256538829576042,0.0634177631834417,0.0289018824713195,0.0802157015092254,0.0268141977177917,0.0925751379830227,0.009932560276206
0.019914715382727,-0.0207246067359122,0.037217191304843,-0.0225186658162962,0.0515279619288277,-0.0246793146792413,0.0721742560830078,-0.0157056653898301,0.0944903642004582,-0.00651068310713086,0.0108493806686718,-0.000418746997061301,0.0363781513302617,0.0182022271399444,0.0606746662698419,0.0319389869753567,0.0803555463980852,0.0257855245891082,0.0924799533616384,0.010111654391726
0.0215287636931623,-0.015132785552264,0.0384499102219637,-0.0243114526890919,0.0549773465267374,-0.0225712223861816,0.0825098017879765,-0.0151036412804545,0.100280588331367,-0.00900827097688462,0.0113940338724958,0.0049305371916478,0.0359211248773267,0.0300090846000531,0.0628655447063925,0.0324704764185146,0.0819896404369141,0.0261458886347931,0.0935175379874654,0.00697091279699135
0.02630769306873,-0.02191057130531,0.031150660354878,-0.0292709296666794,0.0518390092903523,-0.0228513226589705,0.0803454481725224,-0.0110574837962271,0.0954452872115541,-0.00641977202754547,0.0221410791187804,-0.0123617351843265,0.0342453749513893,0.010971201209055,0.0650355309440466,0.029490666126486,0.0858528759138622,0.0105336559444789,0.0950017337397957,-0.00238834352109076
0.0204945056729702,-0.0230572147996641,0.0423255741152579,-0.0264019698047136,0.0615697120703835,-0.0163460378241428,0.0788680175874546,-0.00686688913973774,0.0942956863631178,-0.00228341556528929,0.013171312428738,-0.0105682059126656,0.0363258653154363,0.00882290935849925,0.061563525595684,0.0236122023176681,0.0799521242759141,0.0185885316389919,0.0906436136284619,0.00654930788883181
0.0115586208705178,-0.0146215501447466,0.0229594842511217,-0.0265169181099859,0.0380198378040813,-0.0255631148095865,0.0640070700662466,-0.0157482230837204,0.0906262269632187,-0.00908166870642087,0.0116333183836188,0.00664943376297019,0.0253415491233039,0.0192536619392363,0.0563761303180262,0.0268424480225177,0.0743324505763568,0.0276866181836633,0.0915321927940572,0.00699109594059509
0.0195253856266897,-0.017926575624794,0.0362284613007384,-0.0295152615668979,0.0556187830876882,-0.0225950130653324,0.0840572581579078,-0.0124771142781746,0.0996236058036552,-0.00533854763760469,0.0147997755953067,0.00405401221615482,0.0335977392475402,0.0188896794661381,0.0582115207974433,0.0378350702760025,0.0798803372058829,0.0242884681222564,0.0910857878372535,0.00802250362229243
0.0158275587592106,-0.0161936012662236,0.0368401860597336,-0.0250318095729625,0.0523551213868124,-0.0223261067322284,0.0731678087605088,-0.0136772918715864,0.0940730766105956,-0.00624207034879315,0.0155334560949292,-0.0102451432424888,0.0381964593800095,0.00756299053265452,0.063652755946144,0.0317056149353246,0.0845831600024476,0.0210017406953127,0.0947343306497051,0.00440675929803561
0.00823552294978156,-0.00981358620011977,0.022953329190089,-0.0248604963047879,0.0443127155646618,-0.0245144840214266,0.0741447281586586,-0.0158479718196037,0.0986860105222914,-0.0124448463100694,0.0114744727222354,0.00958077973109598,0.033902131712965,0.0232080385546431,0.0594785612868966,0.0339156850339421,0.0778671923796943,0.0244860975913656,0.0921374757489535,0.00733489141211884
0.0245968997297244,-0.0200337218515135,0.0342664265336214,-0.0254309578620018,0.0560055824961244,-0.0180847479957509,0.0741265541791407,-0.0107796255670752,0.0909968377146913,-0.00667609217858372,0.016958290477614,0.00441088113840618,0.0344885951968976,0.0210895606825165,0.0630664632228071,0.0331442826397563,0.0822815090889485,0.0193357367620332,0.0899653018770959,0.00628136088109108
0.0190660632674306,-0.0117163569041496,0.030821901099358,-0.0249167869469338,0.0455925408809459,-0.0285285462786974,0.0630044897417587,-0.021075161624301,0.0864242745357297,-0.0108835893630258,0.00936694124612406,-0.00139190455732337,0.0353023249866207,0.0160151875371931,0.0628066663418088,0.0341920999411262,0.0785713016562708,0.0290733514233912,0.0908181950116142,0.0161402311402623
0.0270879948504092,-0.0180874290793833,0.0414125704763748,-0.0254676099800311,0.0734765146165936,-0.00760570186113738,0.0891770105715426,0.00178166275161939,0.0906321440320926,0.00275829534148725,0.0145044082970638,0.012119123729993,0.0387095846945836,0.0389254063437377,0.0617228017950437,0.0382121931339992,0.081728440280726,0.0227706313444428,0.0905123424240948,0.0108067019122493
0.0147689426307479,-0.0123181526243352,0.0309169920468816,-0.0267360876911502,0.0500481278809803,-0.0210059905111152,0.0750760460026836,-0.0165777604482597,0.095639905647587,-0.00585295374879083,0.0188534345942169,0.0147806325189211,0.0344247272576645,0.0233468946499398,0.0638285376018508,0.0309537095521861,0.0789321442713597,0.022445400720254,0.0925726180497783,0.00909385794958816
0.0201190210162375,-0.0164158649807321,0.032536242051958,-0.0273420773282495,0.0484810664991969,-0.027427636793449,0.0669941927760771,-0.0119239549509565,0.0917559536796581,-0.00782654229653807,0.0139049290015971,-0.00801298726399654,0.0315191074456336,0.00733185447012335,0.0487020576472509,0.0180470646686903,0.0721959256774042,0.0265736870504799,0.0891239264710336,0.0144902879388963
0.0168735890400826,-0.0170933614665241,0.0347369336101307,-0.0292873733977684,0.0502792634718883,-0.0235644870474159,0.0706556600812346,-0.0114789569743749,0.0904146114223027,-0.00760353996094142,0.0151514978943625,0.000313400994889362,0.0324386963093317,0.00993162416087969,0.0549653288748339,0.0255856276512117,0.0734799367129575,0.0250888926919738,0.0864690339047106,0.0136623793356019
0.0162565408534497,-0.0152750207388363,0.0342324677967794,-0.0295076868696533,0.0488247775080737,-0.0195873545178434,0.0740150362114036,-0.00768564218492434,0.0941635108134847,-0.00302217563432115,0.0130887819924065,-0.000137757895589224,0.0304088557268243,0.0212775932027139,0.0553945485804753,0.0347946416408536,0.0763311011200579,0.023449092392448,0.0917706536438853,0.0100369837596468
0.0205108549666931,-0.0180931634067321,0.0348977493699987,-0.0279610466635314,0.0540543194112759,-0.0225923477155836,0.0789767493803795,-0.0164240187865485,0.0958105490907318,-0.0113261413119922,0.0147561365748666,-0.00296314478002219,0.0308150199819963,0.0129142264797433,0.054381649333731,0.0286411266199142,0.0740450294708946,0.0280468873610503,0.0901964638250785,0.0105848464971695
0.0104721934558385,-0.00883288769728628,0.0213793384438853,-0.0253625751105934,0.0429043888113749,-0.0248801994040164,0.0652189762652066,-0.0198761703932929,0.0887572723235734,-0.0087151158476145,0.017248817999061,0.0116715085243253,0.0355958731872574,0.0178585397463504,0.0651710876691753,0.0262035476550681,0.0817955063836382,0.0320622897047914,0.090402374781349,0.0160941998458407
0.0245480138349665,-0.0214302486352463,0.0420095463857815,-0.0284273800819164,0.0692644397734933,-0.0163382834593634,0.0900688702245031,-0.0107769024941476,0.101285225398512,-0.00593557329588961,0.0129994523385219,-0.00126663784145163,0.0278866904845994,0.0150452451321975,0.0541266418950175,0.0237087752034146,0.0760313312250399,0.0269299074899563,0.0875619024061865,0.00795424442621866
0.0110172440940186,-0.0261338746337839,0.0141363919725974,-0.0153276835841269,0.0248829291431205,-0.0238813339918746,0.0547129194233042,-0.0183746196116593,0.0889813476062516,-0.00825219459850999,0.0123285110350548,0.0105408172360386,0.0158686106826372,-0.0017371086122701,0.034614207732357,0.021481914907762,0.0671234071822585,0.0235170285033288,0.0905088233774643,0.0143224127475158
0.0249273592459119,-0.020095424705371,0.0338015548871295,-0.0282397813648067,0.0492040767231904,-0.0276669509386575,0.0769670608677936,-0.0173186511537632,0.0924513427164923,-0.00541682717685219,0.0166153978483613,0.0188888166760245,0.0399995620409191,0.0283867516511587,0.0669473956467027,0.0265290038232441,0.0860654031897236,0.0161340686581786,0.0969369842429028,0.00344310909713484
0.0263378203014518,-0.017280397243008,0.0447373993524226,-0.0286937132670054,0.0627594668323338,-0.015127109968032,0.0888531988437107,-0.00703210573604101,0.0942511699296198,-0.00446234290363212,0.0177928945854806,-0.00327905326851313,0.0398520045095352,0.0058242002017785,0.056744467876058,0.02144522131605,0.0819514928803707,0.0302393040320387,0.0930641748266392,0.00843246697396969
0.0216301145362872,-0.0195623910693965,0.0334174701067692,-0.0297504000258828,0.0529350608456661,-0.0285705295197375,0.0849280717325035,-0.0189225415051931,0.101783960705057,-0.00987931492742889,0.0214794997151128,0.00352623443504112,0.0505773944264924,0.0324278585502829,0.0769234086460616,0.0300067797208283,0.0876735590448898,0.0241287305349873,0.0944064667441938,0.00890998632821272
0.0157065586459169,-0.0104367047136531,0.0310228290922464,-0.0213895186125325,0.0461830092536362,-0.0221609565621219,0.0700608182669,-0.0123501690287998,0.0853255597561385,-0.00453941251812973,0.0245429220016749,0.000760841159329359,0.0364157045024809,0.0153823964397802,0.0618869655051019,0.0307775361942013,0.0816025523271204,0.0250006998606689,0.0934471553749664,0.00745117120085226
0.0187539985329696,-0.0100562439067984,0.0329216624284503,-0.0228066248277632,0.0504495410444135,-0.0248404294974933,0.0715702141989367,-0.0186450744809512,0.0924048769506333,-0.014908041125993,0.0192624410181844,0.00871237852909865,0.0317325752531511,0.0184959671135341,0.04789325052515,0.0318474405626592,0.0662738030378185,0.03594912014804,0.0848477544572736,0.0179392414184853
0.00801726613207922,-0.00941560322454444,0.0297220592066503,-0.024113975923276,0.0484800551977036,-0.0204272780533224,0.0672358947533006,-0.0126313387159602,0.0860679371946378,-0.00592217199669095,0.0151905101965195,0.00628276722673289,0.0430359081066559,0.0229618930322677,0.0654890294087547,0.0329700961313657,0.084690593767594,0.0168683709139918,0.0920403526995217,0.00544181448643375
0.00543474611731085,-0.0131133799273838,0.0285709267081869,-0.0228806010153555,0.0504176636332265,-0.0267522390790917,0.071123918318632,-0.0199497395288027,0.0898971864341502,-0.0120332097182406,0.0112227432294932,0.00953736121957904,0.0357610061725263,0.0232339898317705,0.0623284593691246,0.0283583703662648,0.0829087935833167,0.0262462616427913,0.0924856571338619,0.0090383770578397
0.0118705146376258,-0.0108242026995897,0.0357495358192118,-0.0252819319741672,0.0521471268223482,-0.0265786445185305,0.0743125504773176,-0.01913653061718,0.0899628161056311,-0.00958744872797569,0.00979212661952119,0.0116203862411563,0.038502581711289,0.0237669414391621,0.0643647656498447,0.0378411774367207,0.0851659262810769,0.0257256034332231,0.0935083910920101,0.0055004767458298
0.0131684645516649,-0.0170966569881984,0.0297704733100057,-0.0321347778622342,0.0395812529860449,-0.0305000903943638,0.0612879918551155,-0.0174994375309903,0.08762139114507,-0.0068120004980462,0.0189569371469475,0.00676948421740154,0.0340445718712988,0.0187076339984537,0.0596822642098388,0.0306777021141453,0.0745183874308793,0.0263207212774091,0.0884042761226931,0.00661214652867555
0.0196004590100692,-0.0282822378604989,0.0407830902466775,-0.0245694807200376,0.0611568996388375,-0.0145016700960624,0.0751968336395035,0.00132733416130758,0.0951553100538702,0.00380708698927151,0.0214579314364379,-0.00272819563511456,0.0450905579618756,0.0120066481468735,0.0681805965563174,0.0265036592598019,0.0770348907268866,0.0242494305195336,0.09171253447864,0.0101933624006861
0.0191463384948331,-0.0175822025560831,0.0306406641974634,-0.025248267175288,0.0538501160192624,-0.0159987848870918,0.0798464503057798,0.0224478485571952,0.0956296255063219,0.00667751410582047,0.0134326616035542,-0.00967653441205876,0.0280872846673158,0.0107496068063858,0.0605265484152052,0.022679053620637,0.0721811996643507,0.0268321321006759,0.0945938058840351,0.00597355859365366
0.0184214878809282,-0.014084757124461,0.0368407881202162,-0.0216217304146473,0.067785874460221,0.0148513104113375,0.088005144616564,0.0162791786832375,0.0964519978257283,0.00323529453521957,0.0185379068463699,0.0117425779367304,0.0424223280676701,0.0269473431817825,0.0648234701605834,0.0281247723754553,0.0726518653116138,0.0284672289912288,0.0923715177973752,0.00914111680105409
0.0106865432544571,-0.0131773225717939,0.0299617470372068,-0.0216386868213716,0.0596087544841413,-0.00638722370926594,0.0854857199536982,0.0109957235735209,0.0994260786549116,0.00724397287665303,0.00705400953408824,0.0203780557470867,0.0318221733390679,0.0509528713511725,0.0467760660344577,0.044426441960981,0.0778336050769339,0.0217481121029482,0.0896637991571519,0.0129287617155618
0.0157795982452684,-0.0112877920056339,0.0338942559489094,-0.0247971779472435,0.0518612170895364,-0.0111849619057363,0.0704757375861842,0.0176829436054327,0.0899844432460134,0.0121027141360907,0.0127469928674872,-0.00463427296863875,0.0346343705838188,0.0130596605694113,0.0586513027328231,0.0167433760653996,0.0771808443983174,0.0266949342483999,0.0890308372352329,0.0157042123117617
0.015468007925128,-0.0160918293185735,0.034713940092851,-0.0225623750615007,0.0539901004853038,-1.50705660290778e-06,0.0745288119540886,0.0222175116494048,0.0905770419935292,0.00822448675993366,0.0146719950007425,0.000446998189710507,0.0414312796164014,0.0192921464870486,0.0669333363420262,0.0279006467608975,0.0727826023433863,0.0241388900268676,0.0876049007681308,0.00825927573721755
0.0200395206606133,-0.0212133931936192,0.0388675581958336,-0.0273373178671438,0.0569226088236972,0.0031459879091434,0.0793085628888209,0.010964347574103,0.0934390209765829,0.00205909128249247,0.0144216031218959,0.0082676612925851,0.0416223737290012,0.0258249629536268,0.0639846335164766,0.026916036292379,0.0691304103555248,0.0242603346332471,0.0901017075356288,0.0114250648634377
0.0253106763351687,-0.0151435195999658,0.0423072326545321,-0.0128091271616591,0.0654036444693846,0.0279247829219723,0.0876123412088156,0.0161616216692184,0.0952999058733533,0.00655323177288734,0.0227615512037107,0.0102191259985376,0.0530852205110482,0.0329851522264583,0.0664779439495802,0.0309281483225073,0.0821587707603744,0.0200021893399462,0.0950703302470972,0.00563422160411917
0.0272532656502045,-0.019819420664608,0.0399854129912432,-0.0249207437841895,0.0423140130181359,-0.013677444218574,0.0609919628860627,0.00525522462189316,0.0813532808048176,0.0119691393586005,0.00575878120962767,0.0177139381249014,0.0216879983846631,0.0137950069612953,0.0513681130987776,0.023541254199233,0.0698575465858114,0.0315746221992944,0.0887255304620636,0.018704002035452
0.0226844960960133,-0.0111892213532546,0.0355353378248004,-0.0269196308422152,0.0388929749856682,-0.0275996431765821,0.0645324891930782,-0.00976096393498217,0.0950493219219014,0.00251956783807087,0.0197649121681903,-0.00129546594100429,0.0313396265710264,0.0183508790704864,0.0507120972592573,0.0346118246657133,0.0663492661285577,0.0246749418364815,0.0886634033891807,0.0133292889084146
0.0165405459823736,-0.0147536218338235,0.0348715743433896,-0.0216678114861638,0.0508355445350692,-0.0111262304326261,0.0754505744882774,0.0016283231043122,0.09766397043027,0.00186422202730817,0.0129150431651691,0.00570983392804065,0.0359734380776191,0.0283215927169345,0.0585342732402466,0.0333311653458567,0.0769331613989431,0.021993350534701,0.0938967708095807,0.0099728505792906
0.0175437746751888,-0.0255928475495638,0.039786844657716,-0.0164217439576497,0.073001312162718,0.014433997778188,0.0969935248776529,-0.00724011049583223,0.101016334024148,-0.00686613994536687,0.00497963205079505,0.013780997135225,0.0251510266179718,0.0304241340246744,0.0523102984291866,0.0318651093664822,0.0644812672557747,0.0269185141942609,0.0854922586731262,0.0181697744294515
0.0130444483344375,-0.015805184129524,0.0282097579258344,-0.0208895179637449,0.0475459809628828,-0.0158772229622498,0.0730501964013129,0.00358428643709745,0.0966407454247198,0.00445986914128433,0.0170706149501429,0.0159127034087344,0.0367925589084794,0.030476633189728,0.0616790653278033,0.0337562261248161,0.0822151785431995,0.0186874479652726,0.0944000480593838,0.00720423966595192
0.0237197663961018,-0.0226680771977362,0.0375541736753374,-0.0261198514797119,0.0644501769742785,0.0100084025904133,0.0909691860938859,0.00745911519664488,0.0980978677184198,0.0011534883680351,0.0197968201648273,0.0170713098913675,0.0447197519036219,0.0380019364144285,0.0695331976637631,0.0271721729574149,0.0911253000486185,0.0162965326865928,0.0942770672425746,0.00862453232343336
0.0223768860512113,-0.0183343253576881,0.0350534153686865,-0.0294974625283037,0.0439480168624304,-0.0227864265576814,0.0582867988067096,0.0138371249851456,0.0855116866072091,0.0118624759804552,0.0118768041138011,0.00173378021798579,0.0278112040765238,0.0248083188686206,0.0592199697144124,0.0286493231209722,0.0703443158766714,0.0312037719207046,0.0920381874623819,0.0122478775691814
0.0039908017258838,-0.000275997701634362,0.0181606839579606,-0.0117506869208682,0.0277106090442512,-0.0287387055629203,0.039061452291377,-0.0194851904233265,0.075945962440564,-0.00645848801505981,0.00348652830712949,-0.00174550840567508,0.0218954249166019,0.0112889722622373,0.0485875385684083,0.0177446732606557,0.076349346295901,0.0256395201081888,0.0914564769536774,0.0147723635932533
0.021012990893683,-0.0126887157191058,0.0336198588452079,-0.0262248362410904,0.0467362288080663,-0.0145940112857325,0.0604889111321602,0.0160639847545104,0.0841822687395886,0.0112365387498673,0.0231077828040667,0.0166145881075817,0.0375508324246027,0.0353552322977068,0.0634335084873294,0.032944967667553,0.0722827656462519,0.0291159302978262,0.0906724389713387,0.0177962599804528
0.0237750603516002,-0.0179677661086545,0.0382348110599598,-0.0249712714096068,0.0576429841724864,0.00848322213227373,0.0839640954068971,0.0106214415892711,0.0973314609098531,0.00519850651318955,0.0288593456484728,-0.0159758800110808,0.0449361465352316,-0.0153241316277907,0.0701085797110198,0.0315523262430027,0.0853681853985801,0.0274458367143043,0.0925844264211999,0.0104633637247763
0.0162779903965276,-0.0192805742463816,0.0407407560830712,-0.0277825862126397,0.0401910217415424,-0.0219119308690297,0.0560874882696375,0.0154419608724092,0.081727375504472,0.0156114009079497,0.0181985913523694,0.0066414911255146,0.0455361225322074,0.0051133907203653,0.0532697465604153,0.0269248441669858,0.0683703843983347,0.0312502625955463,0.0891022595486022,0.0165661386911994
0.0222158658299651,-0.0234871433192077,0.0377098267933512,-0.0114285185033221,0.0659977504163724,0.0241549355470864,0.0908233806856347,0.00971275495868594,0.0973100925841668,0.00180199878670645,0.0155706639962373,-0.002791183987942,0.0437534396174928,0.021257510762862,0.0688082569212282,0.0257791144592625,0.0914677756329896,0.0148495249309306,0.0954252499771191,0.00657203144638735
0.0351105362181199,-0.0315446383545257,0.0469926688223593,0.00839258826332242,0.0853627335385962,0.0137092974073954,0.0992294786350706,-0.000282515334900476,0.0999012479056479,-0.00192287744463694,0.0277352391263701,0.0278350114542022,0.0581859781601056,0.0266545349734693,0.0849303669770929,0.0235104550532442,0.0958284026072468,0.00692749326689245,0.0968915867543558,0.00613284082982226
0.0208444435771053,-0.0203422660310215,0.0384696386926292,-0.0213486453434683,0.0613952481377226,0.0173352400241023,0.089270388532044,0.0215236910300231,0.0958449857491796,0.00617322893637306,0.016869771216603,0.0125395304559883,0.0386639129925,0.0282112872917634,0.0635348207248031,0.0322919538836743,0.0772509927173243,0.029281433011853,0.0904284945715718,0.0184852324013837
0.0243313966786935,-0.019214786446904,0.0325203062628655,-0.0261633015784135,0.0526308557522194,-0.0104722878668192,0.0782105658207473,0.0150755969897385,0.0946518849970386,0.00826889562634701,0.0101584763257131,0.0236916401164485,0.0385292327954976,0.0286966831326396,0.068135855293813,0.0264751587994252,0.0838921729923468,0.0204541744949544,0.0940156440922488,0.00704700477079983
0.032409984733005,-0.0226210097122532,0.044138454510135,-0.00316580312996848,0.0792093835361012,0.0255006598954088,0.0935952291863706,0.010316506049625,0.0969292461957415,0.00351136583637097,0.0307738139162103,0.0180535114720382,0.0577758848786163,0.0321919399412558,0.07561865843639,0.0283844640249545,0.091333841448909,0.0134225605420605,0.0956101525661796,0.00455447663951652
0.0175958687972441,-0.0220158884208214,0.0361237036939012,-0.0252143747948618,0.060385019316972,0.00534809882807341,0.081099236732685,0.0211412140673303,0.095219993248667,0.00693725620312405,0.0177572955884257,0.0208541774025766,0.0423585008070404,0.0320253370739486,0.0671570144638959,0.032093608077467,0.0800513528782563,0.0236103046971241,0.0935095048099381,0.00933910651721049
0.0218821964381878,-0.0223577606485947,0.0366694126458383,-0.0290579644982899,0.047290465891297,-0.0237119655686464,0.067987979804934,-0.00246300336590083,0.0905217280110408,0.00929705469540848,0.0187567970985553,0.00137313208945836,0.037098989186088,0.0139306389129691,0.0621440677508639,0.0307486624519528,0.0815304177556285,0.0227861032784274,0.090070487284326,0.0138011260877594
0.0171607712761166,-0.0184607867572583,0.0307817043161913,-0.0229444138405098,0.0454321675221612,-0.004949662607653,0.0697502895363625,0.0200367979743523,0.0923234900427696,0.0122406456225284,0.023383731556367,0.012669513910675,0.0402838135888505,0.030993873750075,0.0622228786948616,0.0259360610327001,0.0775559503521234,0.0289675078123485,0.0930918617065591,0.0128348203989965
0.0307455983182142,-0.0239975559351893,0.0315859786464631,-0.0257123293318434,0.0490245687567711,0.00485301005340803,0.0907547960296196,0.00448872125036713,0.0970336510100234,0.00190944060655253,0.0196092489611574,-0.0131458346203308,0.0409946454649451,0.0109955792267432,0.0702819776840867,0.0365278395649621,0.0878851897771718,0.0221968205418322,0.0957887454473504,0.0038262710178655
0.021038435484587,-0.0184939679836573,0.0352776232600445,-0.0298541854837424,0.0411618601482964,-0.0301918881137684,0.0561753733154548,0.00326844851746007,0.0808280955685077,0.0146248812644994,0.0183323504707875,-0.0087130709525995,0.0372285302295637,0.0127899825682188,0.0662229310308511,0.0263653541001803,0.0711382405175988,0.0307963683201535,0.0920827595944392,0.0100473225133868
0.0221239813513104,-0.0233682041036302,0.0386747982580683,-0.033730473352479,0.0502577886724286,-0.00992694504445903,0.0626371080730909,0.0207945073200007,0.0867408653747657,0.0118153721197421,0.0194373812534371,0.00242746852369113,0.0438972524297243,0.0178730019467716,0.0639718233133548,0.029317538749407,0.0694890879777526,0.0303798499995863,0.0868897884652712,0.0190083308167189
0.0210002629091179,-0.0120062580855926,0.0326929900816953,-0.0285007696614941,0.038305737184974,-0.0257267774034828,0.0558612272749769,-0.0103742118701683,0.0843778556946502,-0.000406046914582277,0.00507523299288073,-0.0030441905721484,0.0249117856734953,0.0143719400249843,0.0580501128167774,0.0293877155316377,0.0779855699389523,0.0307689449932981,0.0919567797133083,0.013517739709441
0.0127700576278562,-0.0108134405776439,0.0296904139114421,-0.024912882369006,0.0548774213822216,-0.00302060381994552,0.0801479246067679,0.00786558092335119,0.096736744403914,0.00403174834305652,0.0152958073539925,-0.00453192168952316,0.0416234386117896,0.0240263201954196,0.0707348488986518,0.0379494240612294,0.0889202861867655,0.0130609569186975,0.0951161984316454,0.00565464612639843
0.0189784090129946,-0.0148026881611719,0.034745882263645,-0.027932632260324,0.0560127088071113,-0.0120916048798371,0.0774221103799902,0.00377566372889324,0.0925381395500827,0.00598742086504767,0.0195541570040537,0.00741932182629938,0.0432632399163872,0.0223720060567395,0.0630919827362706,0.0288027733443394,0.0803475300209527,0.025032151273042,0.0928484591342373,0.00939025951652334
0.0161270282336903,-0.0225883770292505,0.0327337796236967,-0.0287883507584127,0.053512471101319,-0.0052362003275908,0.0730203797411641,0.0114674848857121,0.0931845732332489,0.00722426190634576,0.0165915321045365,-0.00124516966028744,0.0396771562630524,0.0111694815388901,0.063990000593417,0.0314731505752553,0.0814195731138417,0.0246059667407466,0.0945827868950855,0.00904460716072647
0.0152116063028016,-0.0167750968030438,0.0284984308591169,-0.0291144628600847,0.0478810109456531,-0.00195521124832003,0.0737636046355412,0.0209673775892987,0.0933083971828992,0.0100533060616565,0.0109082996499744,-0.0044990276296708,0.0317882176420294,0.0074207242078129,0.0578092438525756,0.031714175773345,0.0748270358003665,0.030236454928952,0.0916528279669713,0.0107207015144294
0.0163459095462898,-0.0122764378117832,0.0281141932465358,-0.0280038603168794,0.0427431748167506,-0.0168927305801108,0.0571340528342873,0.0164044777440143,0.0812916205729476,0.0195495561092502,0.0139099001547992,-0.00277442741379253,0.0332642293734206,0.0144828024201327,0.0568136006708006,0.0350273257471714,0.0690110635109213,0.0293105054197411,0.0880852971355616,0.0162184144467925
0.0130850570890831,-0.0147455703228825,0.0304344564451392,-0.0260512955735761,0.0355463319663283,-0.0298470287492995,0.0482229023315036,-0.0237727848084141,0.0822218621288457,-0.00470333309817927,0.016077670677582,0.00396964403635425,0.0318893555198772,0.0152720332119852,0.0622912990557514,0.0313882486451747,0.0870774290453022,0.0228101601542511,0.0949675249161292,0.00603106941894957
0.0165096880640678,-0.0118973412307374,0.0344984066800289,-0.0229256964545538,0.0501803686780547,-0.0225405631121307,0.0758664466910661,-0.0116113822919938,0.0950748416525893,-0.00298432935713538,0.0172698365832996,0.0200377400720256,0.0487080873147757,0.036242889409278,0.0732212204038547,0.0288896738617275,0.0868101029155544,0.0175970233574859,0.0938334558959372,0.00978882665795867
0.0184409141321352,-0.0143907354179658,0.0404035446854553,-0.0310919226946253,0.053974578152778,-0.025849022157501,0.0698520686947802,-0.02028693500141,0.0897276007323717,-0.0131976252831898,0.00962447487737394,0.00223456735090743,0.0451814217821981,0.0239634090168197,0.075999626455341,0.0229611245385702,0.089935887363203,0.0178648185517222,0.0954296028395461,0.00432043403242422
0.0213204337912001,-0.0117143757755007,0.033027289693033,-0.025450014855789,0.0522863913656145,-0.0204539230412,0.0742133456508145,-0.0123060649366921,0.0909625169895188,-0.00554843763816148,0.01275433252884,0.0074421190234566,0.0356373003165704,0.0223222573682738,0.0611087301521293,0.0361435388063416,0.0795626358448837,0.0269278217689576,0.0935684048111027,0.00775015119844767
0.0254585063478811,-0.025855314607111,0.0427148818547323,-0.0275055545255283,0.0678225788330094,-0.0159681653428109,0.0922621824596722,-0.00392969648749215,0.0944051951379106,-0.00098742374001425,0.0115306254280442,0.00143509790361482,0.0349863608819026,0.0226005810311634,0.0634931730474623,0.0368413310721778,0.081213376033042,0.0247994086617122,0.0954599807122119,0.0114000255754881
0.0187110880707469,-0.0155245727298959,0.0326275575796025,-0.0237534345707834,0.0469748462124645,-0.0234123785341058,0.0722632789517417,-0.0123859400958429,0.0864596647574583,-0.00428591342553321,0.0139295082950222,0.0151690660886745,0.0367783957311899,0.0348371379734118,0.0588803827621144,0.0335413287675061,0.0754243999215677,0.0272262679567998,0.0911101991611745,0.0125228284212534
0.0166910063646342,-0.0192740086254414,0.0349477604999226,-0.0286256656251424,0.050250113569541,-0.0214539446529729,0.0692496159879089,-0.00857525284148638,0.0886015861497832,6.87233504736503e-05,0.0207181943565593,0.019113742110842,0.0381936253937639,0.032337356793123,0.0650343887620573,0.0320107010982078,0.0850782666760978,0.0185584357316157,0.0932811697246694,0.00801736634295913
0.0215734898933818,-0.0220552023799241,0.0375785612749106,-0.0288037348070975,0.0468133398077057,-0.0267053473593999,0.0700607315868563,-0.0178320975401349,0.0908225200111483,-0.00669016451646426,0.0135830644281901,0.00605765018726388,0.0328573860890322,0.0187505081754852,0.0591151798973441,0.0328511375757186,0.0730268930340432,0.0298880609048001,0.0906497087145675,0.0150651095881611
0.0110237092182423,-0.00912151684054686,0.0324967183962733,-0.0251599228148264,0.0480150064648879,-0.0272552635029276,0.0694875181911909,-0.0148870212864477,0.0879362606000522,-0.00742694242609708,0.0164373433056147,0.00930423657958069,0.0376348607809049,0.0182805349346574,0.0637335714534668,0.0296587191589526,0.0803964993432777,0.0276833810959428,0.0911600981112666,0.0143447987126371
0.0171903387187106,-0.0200031501411352,0.0285162568391278,-0.0285015032407265,0.0487431041985738,-0.0271120933558443,0.066270144598758,-0.0136962202612222,0.0828623037090343,-0.00444720780659391,0.0234782017639792,0.0219625053680276,0.0439680058007586,0.0348274016102337,0.0723982866065226,0.0285369820642188,0.087439614328257,0.0216833840243924,0.0938536779724207,0.00856515389851489
0.0174352739137277,-0.00987722033537025,0.0322281565769338,-0.0281821806403745,0.045322631256769,-0.0257934953369837,0.0604180522099989,-0.0145415047791757,0.0824371805188611,0.000992771694852923,0.0193930782822461,0.0137038066422576,0.0407406899052425,0.0220966176941009,0.0677972980757463,0.027001456960071,0.0832392728067523,0.0245187092696885,0.0924449613496446,0.0112177651273171
0.0237740548762255,-0.0158561270086069,0.0358763948952378,-0.028432976319767,0.0473725343295398,-0.0235485111757997,0.0572537858492548,-0.0212039134217552,0.0857123386890312,0.00083789016042396,0.0145919864471638,0.00314844731406292,0.0345127671584183,0.0217158872204223,0.0592591011644545,0.0277037590455673,0.0731224601075936,0.0267768510357485,0.0872847808948829,0.0176504197672127
0.0133192804885613,-0.0143716146240839,0.0281855756350188,-0.0230472234332481,0.0354963431714072,-0.0264162201652909,0.0602529759480371,-0.013311903266377,0.0870021103841039,-0.00692428903459333,0.0168666997669006,0.01504660026437,0.0376032019164209,0.030811393444614,0.0618900153876447,0.0352980744194834,0.0802846130372257,0.0229854829679292,0.0849636238773448,0.0166510600109492
0.0152957832598358,-0.0175936326053117,0.0275199063738831,-0.0247535111329247,0.0454876219134556,-0.0241129893986101,0.0819043968994727,-0.00894657077493018,0.10089688701022,-0.00656960708626617,0.0179849889221743,0.0206199907309626,0.0366077793660312,0.0269405868934292,0.0509841865847601,0.0320870411936469,0.0720846795648651,0.0245086825938805,0.0863274752003805,0.0169906710507864
0.027025090250848,-0.0218945587260442,0.0405960709031549,-0.0271329659982039,0.0757702191168924,-0.0155627373021675,0.0895415389805854,-0.000517180060273333,0.09471206889888,0.00515817172150693,0.0171908423752281,0.0172348549569261,0.0306751033017016,0.027468804912459,0.0525006643283387,0.0350150876402546,0.0719566582336301,0.0287823653298274,0.0857372222381782,0.0209793419861878
0.0257314366205293,-0.019066481804354,0.034748294019984,-0.0279297580844129,0.0553214827661211,-0.0182902590135158,0.0774461208513806,-0.0132154099235727,0.0917812256434159,-0.00017354233981095,0.0270499169760851,0.0165677334489998,0.049015519770434,0.0293438811308627,0.0711332606462544,0.0273462957284766,0.0831932659341872,0.0224465764388292,0.095477975018863,0.00513339357561456
0.0183630762985476,-0.0179342281959029,0.0308448078956038,-0.027086108762878,0.054072885857958,-0.0263380339362821,0.0816757095066535,-0.0155308373856953,0.0975534627895829,-0.00458572395340378,0.0188828235844643,0.0175998099587888,0.0397924702009372,0.0306259135194351,0.0612690237081211,0.0301331331435987,0.0825730364890511,0.0229640739494188,0.0920830042552726,0.0139576400653819
0.0160746617749844,-0.0150216184284878,0.0305220538791332,-0.0259673258096374,0.0429948027003355,-0.0241642526336892,0.0630410612633306,-0.0117264950280293,0.0842094458762744,-0.00316619953214484,0.0165521017054892,0.00740592989426368,0.038468075101107,0.0254916994561817,0.0577280067383531,0.0421548854621172,0.0772009270346205,0.0313973931775584,0.0915366283512316,0.0141361088530552
0.017434031046916,-0.0136131247724569,0.0290147236976477,-0.0326339154373363,0.0465587892649081,-0.0250852432068136,0.0717427191515228,-0.0166130395785076,0.0938307144944164,-0.00654607145334054,0.0219298531702005,0.0149566387622291,0.0459112615992106,0.0191032434040398,0.0693646945708167,0.0322110130205459,0.0855894860909562,0.0284695485809463,0.092213098714454,0.0133198203333486
0.0134385614419953,-0.0202074529559294,0.0280002924375821,-0.0261541370143323,0.0488514997336645,-0.0245387835510959,0.0789842158254906,-0.0172777181287656,0.0909509262894152,-0.00531891191212535,0.0146488385185686,0.000674382828215119,0.0413633997704063,0.031284991628344,0.0638715253790689,0.0351694765304441,0.0772389346255238,0.0300230402274677,0.0926329258209827,0.00998868980279275
0.0170023997404915,-0.0180065858948762,0.0354569666858371,-0.0286608387970436,0.0602754737547097,-0.0149953794430274,0.0721470363527146,-0.00449021370510984,0.0842381057677227,0.00351504210301073,0.0222964500770587,0.0209866634476789,0.0389505163203872,0.0385813721732795,0.0595550802508149,0.0335845457507377,0.0770149418194413,0.0274508505285635,0.0895587770836526,0.01172196629066
0.0246647612459051,-0.0215242986542403,0.0393044424816265,-0.0269746024500552,0.0707439201583175,-0.0216820438090018,0.089389238143559,-0.0149070662350056,0.0998649649863778,-0.00536107478098488,0.0183579451024829,0.00177175550246365,0.0402860532883827,0.0170896001631646,0.0606276154644518,0.0328312453747585,0.0741582775188591,0.0269546923462995,0.0913682770631531,0.00884312122370987
0.0158687907844526,-0.0105246158941297,0.0331560449665549,-0.032725295332502,0.0456933177255397,-0.0269862156514937,0.0763011575390524,-0.0227812951602775,0.0922324596577503,-0.00875944515599907,0.0137794213011976,0.00599391476398869,0.0330472547143604,0.0281109682084715,0.0531593623815395,0.0330630921943294,0.0749374743297919,0.0272016023884496,0.0939189385041902,0.00692111903903201
0.0220340606566315,-0.0149074054048045,0.032905893265726,-0.0254363063986961,0.0421764596644976,-0.0294957990359735,0.0599258246948445,-0.0172936613650927,0.0798495300387721,-0.00334990707453274,0.0267303311188754,0.00510562278457031,0.0456835060499588,0.0127855729549197,0.0598183028127684,0.0222365559079793,0.0724852921435619,0.0224260524881474,0.0857790050584836,0.0161888218054157
