u1_1,u1_2,u1_3,u1_4,u1_5,u1_6,u1_7,u1_8,u1_9,u1_10,u2_1,u2_2,u2_3,u2_4,u2_5,u2_6,u2_7,u2_8,u2_9,u2_10
0.0255682249585377,-0.0240719471541803,0.0321588976474893,-0.0284924386984261,0.0466398573576374,-0.0290323418180661,0.0994467054274855,-0.0063958689564877,0.0983842699468023,-0.00228789052772274,0.0199155173336551,-0.00179450344390515,0.0435495397940317,0.0164293856190345,0.057295498164275,0.0212312600344631,0.0737482841292389,0.0286904248572377,0.0673387643209004,0.00880357865000275
0.0211201374962879,-0.0201326767560035,0.03595386491434,-0.0287171088552376,0.0418455660815513,-0.0293915753272767,0.0529588040076963,-0.0264720492046697,0.079908187684417,-0.0156161305714069,0.0289025546414742,0.027511814350349,0.0403208879759189,0.0317012600061473,0.0540900605315021,0.0338278628893806,0.0734808667172554,0.0272953860666209,0.0905383318963699,0.011856754469938
0.0143182864135826,-0.0197641457427842,0.0303511375156618,-0.0289827359874195,0.0301027089944262,-0.0292089561525815,0.0299585768697367,-0.0293678600874382,0.0709573262923363,-0.0202007035788996,0.0143611333145605,0.00905081190281306,0.0674930926634159,0.0215937054224553,0.0684470120941115,0.0269629966572514,0.0699732229609174,0.0264521017205371,0.0890327924449717,0.0066512492243383
0.00519258685662082,-0.007949772353554,0.0153878052593164,-0.0202422734219759,0.0459527103715911,-0.0285334103736474,0.0698616488502376,-0.0176897396425308,0.0899632473962921,-0.00750917162227439,0.0170280796886478,0.0136536674108468,0.0347675885220529,0.0311010508612715,0.0534974036371319,0.03495511641311,0.0683136184471675,0.03087008962565,0.0833838009300422,0.0154572855250875
0.00511654808193918,-0.0109270353085124,0.0212050680675917,-0.0237591089599386,0.0404847965764716,-0.0321262462305767,0.0617500446245814,-0.0297330463619973,0.0896340428896134,-0.0163199074787411,0.0158262660969225,0.00540147941057251,0.0248058030939371,0.0166028251585176,0.0480253962313383,0.0325669273556726,0.0762398737777625,0.0276356146700873,0.0915960529618462,0.0120600045843524
0.0247794185225032,-0.0254741103952396,0.0565923126628623,-0.027853374443997,0.0563864841359086,-0.0264571675466325,0.0683519196048279,-0.019500976011496,0.083796078748899,-0.0096434291803621,0.0201601251659722,0.0212395439676924,0.0457515880426749,0.0361026888354794,0.0481507086713881,0.0360636034091971,0.0642942931849713,0.033576761431837,0.081730579191167,0.0181975546722097
0.00987146900048438,-0.0143295933278628,0.0315578570355049,-0.0288484595758703,0.0486435445083221,-0.0359489906344594,0.0861606660916519,-0.0205828584705855,0.100480581151663,-0.00675739694905774,0.0144021908051085,0.0131156835609543,0.0368178423225231,0.0277220908698606,0.0506746772803991,0.0320031198244113,0.0736198311974319,0.0300834365027576,0.091567629552799,0.0122128686661836
0.00477566441699337,-0.0153604261347442,0.020557710566858,-0.0353992958857123,0.0359569733500279,-0.0420100027394057,0.0627570833659919,-0.0302687945446558,0.0842117372538534,-0.00783615003793397,0.00793876983777481,0.0120792923445718,0.0279481594803332,0.03612454214105,0.0541183132344952,0.0409058784747372,0.0744086648189703,0.0271159448957037,0.0886056670969508,0.00965874591999282
0.00503727203356109,-0.01529014231955,0.0191835666520995,-0.0263697092461597,0.0468297013793579,-0.0306882428041507,0.0754832589153339,-0.0240320300629675,0.0937855761212017,-0.00865290371627825,0.00915339289294417,0.00838540966318992,0.0373044410443647,0.0302016520283404,0.0567582124403271,0.0338981331934184,0.0789876696925462,0.0288230922594063,0.0923361350237862,0.0121090589602362
0.00490181409265156,-0.00791896021192751,0.0207411891518321,-0.0245316527877549,0.0397527664670249,-0.0294656822434693,0.0669881536311406,-0.0232770212689724,0.0885837252415321,-0.00983553633574527,0.0161614636956716,0.0132435220280757,0.0381776054617606,0.0304990744114628,0.0534225814647137,0.0329843018191867,0.0735421215243034,0.0302591389362232,0.0912457753888974,0.0128725057577729
0.00453169576393047,-0.00914947276668529,0.0131691664184776,-0.0212045478753014,0.0364432641873189,-0.0293464086482284,0.0640454001949074,-0.0232533685788946,0.0844136875358424,-0.00605321685079773,0.0114412364621977,0.0134695151684559,0.0330933868239912,0.0378659837917129,0.0539038745840355,0.0419305264247503,0.0763584355853407,0.0310311050362484,0.0954460971762948,0.00958125245470687
0.00731054175039209,-0.0128520245999061,0.0286115137401348,-0.0297618742500339,0.0480259077998576,-0.0276520316345793,0.0731833329970447,-0.00993738355297415,0.0907779083397261,-0.00269210338555633,0.0207867150714039,0.0226447898353897,0.0408875472314795,0.0367521388564343,0.0676114592420127,0.0388126809244242,0.0896584946063917,0.0184078153273046,0.0956516337112863,0.00564847398434802
0.00537880645189562,-0.0138496678988995,0.0174518951913935,-0.0239767367634328,0.0316623055431166,-0.0326381616746596,0.0504999025037065,-0.0364044538700993,0.0887987696643166,-0.0215922373439795,0.0171301398893127,0.0154217775155274,0.0430956660864434,0.027151743790305,0.0587545299410476,0.0302142105155687,0.0754021832417148,0.0266660363255162,0.0911873672856589,0.0160708360414369
0.0166985894361969,-0.0203005913308658,0.030452408242641,-0.0325236305918877,0.0401356361927162,-0.037709507574002,0.0483750891844276,-0.0373703890396384,0.0796182265060229,-0.0162948003950707,0.0184301045917444,0.0142530479776831,0.0438560435479769,0.0267812862760643,0.0599997429127764,0.033958082702557,0.0731317208177625,0.0266532379191619,0.0871376067033499,0.0139282129332864
0.0118068975855875,-0.0221424040434849,0.033223412100035,-0.0349496963425462,0.054822318367591,-0.0394659925390356,0.0616593018093348,-0.0388785605494534,0.096355771935465,-0.0204479582392227,0.0140560766455184,0.0142712908207394,0.0421739818858703,0.0276560070807004,0.0642080393441766,0.0283597097007705,0.0759336053523937,0.0269003337722451,0.0947563877956725,0.00905146029360777
0.0182227146712581,-0.0288668538049988,0.0293259440013068,-0.0313484606386771,0.0304932716761783,-0.0267202047502315,0.0572700102944892,0.00227477377993334,0.0933245209758801,0.00937792113064557,0.0109596818252295,0.0093181686819775,0.0299617712521865,0.0228869583799086,0.0294745369855208,0.0212356659621149,0.0494395224853769,0.0129574237156147,0.0933090252517696,0.0053725347782668
0.00909698640067741,-0.00842302476449823,0.0203572193547134,-0.0170583755533107,0.0311842069938825,-0.023452314417154,0.0376308297845609,-0.0231935679762375,0.0719138996657738,-0.0114318013537645,0.0105108743409807,0.0074647441860654,0.0233714374555711,0.0139841730135048,0.0397648091392848,0.0172854066770165,0.0555442121418493,0.0221708769978994,0.0847169388880155,0.0132461341298678
0.0109538900269868,-0.0197803056344972,0.0258754797133855,-0.0169165304094175,0.0279900892951199,-0.0183939945232248,0.039379958516356,-0.0219397752123,0.0795672930800903,-0.00712157810225157,0.0271048254728269,0.0137182198908225,0.0297109703734788,0.0134280018927234,0.0321976295701587,0.0143048423098036,0.0532615831731849,0.023290812222814,0.0870250706795869,0.0209304154003995
0.00782846928410277,-0.0123869637901939,0.0192864018410191,-0.0191940561094315,0.0357868214342848,-0.0209476629859321,0.0446817255647187,-0.0205807762564888,0.0677450573222022,-0.0114112505107551,0.0183578480714399,0.0128447126095258,0.0318450217770837,0.0158011823622754,0.0507306574955149,0.0219960683081661,0.0676896085330438,0.0224465079130447,0.0818251602885808,0.00981537858779548
0.0114442518725614,-0.0111599573664881,0.0406555953602208,-0.0204558799147627,0.0480020281874698,-0.0227115045080543,0.0723000721671387,-0.0174200668400154,0.0901684187367786,-0.00520443073414749,0.0178670933058134,0.00478273863761864,0.0460076498159697,0.0131693237453058,0.0572211811506522,0.0195983482661661,0.073263655365472,0.0218323531105402,0.0881686203390416,0.0168070637357146
0.0208165603624887,-0.0183283175293518,0.0387618442351747,-0.0240207789180669,0.0546583389606553,-0.0158921437699909,0.0735878277410641,-0.00148937335139764,0.0953211521003688,-0.0047489562151363,0.013504239285497,0.00245468008105673,0.0401409646208226,0.0118906143098204,0.0496382983398375,0.0160934221136321,0.0664903378946975,0.0247754403698034,0.0933107940801311,0.0137106333873793
0.014945032231993,-0.0135889019325773,0.0327077384649886,-0.0226445149789611,0.0488138689844028,-0.0202454402645841,0.062844169620335,-0.00984747178862731,0.0862634036014512,-0.00385387241180852,0.0164752822630048,0.0101716231805874,0.0376130377194558,0.0183117674338743,0.0560611240137047,0.0226656691005417,0.0679571100224708,0.0262445308035136,0.091292096642035,0.00878296210333932
0.0120359492910758,-0.00793120058814619,0.0398787840932572,-0.0165237938148472,0.0614506301645785,-0.0142566502322263,0.0815154758039899,0.000645755388310139,0.0970450023113925,0.00208778244869836,0.0131903698390614,0.000898000109174673,0.0402987718628986,0.014557826825035,0.0626858217098119,0.0213608127906593,0.0751784018117821,0.0220533121284608,0.0943895601154431,0.00752574572275871
0.002595052265173,-0.0289596337385768,0.0037376353699481,-0.0307148957665274,0.0236238929683442,-0.0364276921073621,0.045194192993146,-0.0276568195866939,0.0767301226429907,-0.00740928405407267,0.0327264995014954,0.0250637428473282,0.0400175167584489,0.0252786368156716,0.0625308333856484,0.0337382846447993,0.0835612287358615,0.021826148730908,0.0906476481470404,0.00419206057444679
0.0230574200332703,-0.0272360788744767,0.032367082230414,-0.0267874842098592,0.05074953177065,0.0228255652376656,0.066961280028428,0.0300276900380242,0.0874413547697585,0.0101150757740458,0.0204909650449345,-0.0187075507294729,0.0331391939524899,-0.0184717235116336,0.0457559333234754,0.0149426487848545,0.0654204755562608,0.0357301859410626,0.0867179577842009,0.0105061618299132
0.0117172703429098,-0.0139731586496989,0.0241046039281869,-0.0221811979467295,0.043385917313008,-0.0214652064326449,0.0746781871737876,0.00639356486008644,0.0926219493387285,0.00947873320791398,0.0168647490832039,0.002242021945836,0.0348486773566452,0.0121929062532962,0.0594220106946666,0.0271505925531458,0.0764927601377579,0.021312307270474,0.0962140031796049,0.00457583762554052
0.00504709518404773,-0.00985624632301637,0.0240598400541221,-0.0205787359193527,0.0404677513225813,-0.023636565569536,0.0629110061268222,-0.00458861458552862,0.0867257416368627,0.00658889949708507,0.0116366828540814,0.00494940466802198,0.0282574331342749,0.0115142717008545,0.0477437911657164,0.0197304509615076,0.0665646448002402,0.0309943637008109,0.0898261663024782,0.0105825597768633
0.0170246878799399,-0.00798520392725938,0.0298514641344323,-0.0153492129983403,0.0354026613873006,-0.0143794578467889,0.0460434014693133,-0.0115293158162316,0.0818478630073556,-0.00677048579722024,0.0158589322840722,0.00466182236184843,0.0296378698483223,0.0124689572001682,0.0410062070409407,0.0196482205560173,0.0572633081567363,0.0205023168795507,0.0823214614920815,0.00757741646705925
0.00730690664924948,-0.00791861713962948,0.035282906527408,-0.017888205725502,0.0398997492547062,-0.0213622048129183,0.0444488902872858,-0.0228617430218778,0.0793462618047025,-0.00889953024543294,0.0140260398943867,0.00793908503287015,0.0165904597731417,0.00790652773255566,0.0410288101173375,0.0205182934506234,0.064382349423315,0.024002472429702,0.0867015310972906,0.0150989656106989
0.0147812914333748,-0.0101743084844947,0.0293553492030555,-0.0148989060946738,0.0372374135018981,-0.0150325967074774,0.0577557850867388,-0.0103385781455223,0.0871664508441693,-0.000573820943365662,0.013997187548699,0.00405446089245945,0.0292759151462375,0.0131632332585288,0.0493697144660205,0.0210995645759536,0.0665762792565624,0.0194308674064048,0.0863125015596359,0.00553805980828989
0.0139316269118978,-0.00990680518523072,0.0320428030597125,-0.014880170121033,0.0450006109613834,-0.0163956079822085,0.0646615727661324,-0.0116580951743646,0.089181473650772,-0.00170475687600926,0.0126196427581519,0.00419394684372876,0.0342367328825444,0.0206445944113974,0.0501342607346378,0.0217472419535213,0.0707386315435206,0.0178728646774108,0.0896501385439737,0.00435943007147097
0.0120562953617486,-0.00910614808087026,0.0282840462389263,-0.0143279191478939,0.0466468455967477,-0.0167946075036254,0.0644575526947198,-0.012304086148233,0.0870620878993545,-0.0069378930899162,0.0122807680108083,0.00305186677366885,0.0319868491510543,0.0153951388535493,0.0526801448936958,0.0224975726726125,0.071403646225036,0.0163227715276951,0.0922745804045603,0.00157488675481077
0.0041483419836118,-0.00508112703465303,0.0233847882012138,-0.0146987925928605,0.04548242288087,-0.0192203135774372,0.0615254959987774,-0.0154632696341446,0.0873284739556031,-0.00553091514129461,0.0140469196091381,0.00498748580999156,0.0379981429912076,0.0166947506179686,0.0546286294772903,0.0210301267465351,0.0737077346793046,0.0144807092788569,0.0903568852105546,0.00257034240491422
0.0104230156996951,-0.00784291841444863,0.0300386007408332,-0.0180661897129413,0.0485547408317014,-0.0211935666692098,0.0686651820901149,-0.0126138536598589,0.0877761063614534,-0.00547227354340917,0.0129606886754707,0.00633287046756409,0.0319128232216412,0.0133839401878806,0.0528239137439846,0.02112445515229,0.073637877504225,0.0164386475089419,0.0905153663299286,0.0039089209431054
0.00822097988320314,-0.00815663974708987,0.0273625726788092,-0.0155980079265868,0.0403968989203207,-0.0197118026491256,0.0577910102441703,-0.0211431413107691,0.0831116063776756,-0.0086234229452776,0.017268667625432,0.0173710809609011,0.028121426188905,0.0186654984391036,0.0551765012046359,0.0271306832922452,0.0804034848587431,0.0183272733491019,0.0945710265538401,0.00549432580871123
0.00893597927076865,-0.00897608242184807,0.0243519782780182,-0.0148781044989156,0.0465046266867714,-0.0217739085246602,0.0647445104201309,-0.016900179706985,0.0876617863929416,-0.0035442481998223,0.0121138145603385,0.000393167669918865,0.0346341550304331,0.0139977870196964,0.0568506078999907,0.0185138241392507,0.0779161170955869,0.0170004569721799,0.0949406387472789,0.00381130450722259
0.0179668556466578,-0.0130347564957744,0.0283577606923575,-0.0245667229963389,0.0312167134673698,-0.0272646386380678,0.038231211607957,-0.0275551613569814,0.0750881095341796,-0.0218550322491109,0.0198487109425663,-0.00782418095953508,0.0283186769067529,-0.0105383018398485,0.0331282783719593,-0.00858849804213717,0.0609825796765818,0.0164210760412312,0.0901297571352028,0.0221964897468428
0.0220276380766179,-0.0311190854867434,0.0265928808126576,-0.032995748520331,0.0665571979541531,-0.0113724691622059,0.0923848566475345,0.0111294183001326,0.0977060949898958,0.0027802721135434,0.0123846515966859,-0.00713869390217543,0.0236296749956476,-0.0244128167727035,0.044325124963176,-0.00156489897701105,0.0701228483453431,0.0275583518934721,0.089510452408659,0.0112943603164302
0.00427535537715065,-0.00953444184976774,0.0188708106105578,-0.0256892709517426,0.0391403787197101,-0.025238413949034,0.0568136233476873,-0.0186728726846913,0.0856768820387125,-0.00746875496287895,0.0112998801440353,-0.0074582250275626,0.0193183029131199,-0.0188943413794773,0.0431498534638651,0.0223749822782137,0.0695777135970495,0.0322028003857251,0.090109752133084,0.0154110001995912
0.00660428864901694,-0.0134974076452139,0.0191250033606883,-0.0266549552319783,0.0341352975134964,-0.0312023663892155,0.0627259384923561,-0.00374302507489205,0.08149395015271,0.0169215328208904,0.0112127860759707,0.00441985662777814,0.0246349403302048,0.0170355811176917,0.0471554960452815,0.0239347576912069,0.0664580692066658,0.0263756443314621,0.0859400689857395,0.0109012847380195
0.00418218080288634,-0.0189837766767608,0.0144711219539598,-0.0267769996833129,0.0413814400662104,-0.0204553234383894,0.0577316502472158,0.0157814935393589,0.0705359321282958,0.0221924198992918,0.017017367154389,-0.0144754735814531,0.0349498926532546,-0.0171132828578936,0.0517671307454242,0.0266607560050297,0.0819483082882593,0.0134349708811909,0.0900433594937834,0.00469563969598465
0.00820303736283882,-0.0203072333389186,0.0245482952854911,-0.0310883573008561,0.05025419560143,-0.0266152149024568,0.0745946227990578,-0.00335198831892147,0.0903736840226829,0.00260977424830412,0.00902751129311619,-0.00628594462654174,0.0361082038788544,8.09764312761417e-05,0.0517585612886571,0.0200092920392794,0.0679604016252024,0.0231886253757034,0.0870321004706208,0.0121008676643919
0.0145021476525795,-0.0168562580574297,0.0278275425051483,-0.0251754415939957,0.0452638562218357,-0.0215226702750914,0.0682533946347703,0.00684111580694569,0.0732059258397301,0.0131172923954946,0.00876230776439108,-0.0133425456528208,0.0287584508500979,-0.0207081723916966,0.0436533037057011,0.00876951753179499,0.0652758285504557,0.024238460166445,0.0807391382685323,0.0133582041395938
0.00729133023088942,-0.0112070665966991,0.0282179569276698,-0.0255865441968805,0.0445712259039842,-0.0230691981647256,0.064835839653307,0.013914782693124,0.0838825944987405,0.014446530268643,0.0111291313621296,-0.00344314984089649,0.0304553141345732,-0.00609181608529151,0.0426851626597011,0.0121107834488893,0.058978126228384,0.01912834981875,0.0793496337112738,0.0115846387308588
0.0338185070910216,-0.028770701602992,0.0369140550574673,-0.0287619865789241,0.0368965040486892,-0.0287028399161201,0.036889226707347,-0.0277994944142105,0.0592464160060251,-0.00379562047123031,0.0336571844310013,0.00907002177837308,0.0417601513940209,0.0117829185625048,0.0420883603606592,0.0126190502251426,0.0421205120245229,0.0126493005497114,0.0565382639541457,0.022919810476921
0.025361517927332,-0.0157029410838556,0.0310986265743431,-0.0173938968584323,0.0310755158796729,-0.0173069207751257,0.0337659496233048,-0.0192771871704755,0.0608016450635839,-0.00798918089160587,0.0282295368945051,0.0113307765990495,0.030204806351707,-0.00608766018404649,0.0332065372131765,-0.0157453156497386,0.0519058304192298,0.0183596123058689,0.0754354895778422,0.0271873492338108
0.0256905810695713,-0.0158647361537498,0.0243930023949603,-0.0196381742730865,0.0231281307352322,-0.01996721448639,0.0261569325437697,-0.0195332190808707,0.0468516157659776,-0.00478422314008326,0.0388618092525965,-0.000733050083246691,0.043167326695428,-0.0011267167015996,0.029764581374661,-0.0139819009580395,0.0399533521860357,-0.00861226193856721,0.0732268860765009,-0.00294734809921407
0.0245243562641881,-0.0189916995463907,0.0261522946393354,-0.0193782215437761,0.0461801493934799,-0.0109716405543423,0.0683356732822526,0.00963690053844888,0.0922050668331543,0.0141421357211145,0.0116923145770801,-0.00997824793209814,0.0278653736063891,-0.0222717611572849,0.0369398616741159,-0.00644880992243749,0.0568660645125634,0.0205660096143526,0.0827922684572191,0.0150662937339047
0.0103643749841379,-0.0195368562309035,0.0250859531661451,-0.0244766285134826,0.0260081268519973,-0.0245266461386881,0.0286669366760862,-0.0206738210307704,0.0942719602524279,0.00445771440845901,0.0256458546862374,-0.0133844999203048,0.0287704506472331,-0.0110869604758774,0.0288487919425713,-0.0115599639251415,0.0422477848880752,0.00567756259251268,0.0925262509712976,0.00636753815850507
0.0231390637414359,-0.0212213126171055,0.0349825358307424,-0.0188141661122769,0.052954231764657,0.0214789739282887,0.0752144010199343,0.0234911947801468,0.0886406523590047,0.00728318663782953,0.0142412812837476,-0.0110295577225596,0.0344735581288239,-0.0161607685493746,0.0448232327587992,-0.00166833964635252,0.0599009335603811,0.00783953325920844,0.0841308896362539,0.0147194418080954
0.0125309467263659,-0.0119335058645645,0.0302905095062845,-0.0212522337381128,0.0427194829354298,-0.00873036070674859,0.0600251030642678,0.007206318287331,0.0854779456591552,0.0172870821197709,0.0268985281273352,-0.000919431732160819,0.0352663438396381,0.00755772592524632,0.0531350301973808,0.000812081663228537,0.0648388871419948,0.0198495558789752,0.0872026426951326,0.00980645347812191
0.019806567728078,-0.0137842232342709,0.0371213176252234,-0.0129291760158219,0.0622957794717517,0.0200559956868361,0.0782219632031133,0.0221607791719126,0.0940144574225514,-0.00269471187300955,0.0146493103116212,-0.00947365104477227,0.0312904143184855,-0.0145605282472652,0.052192931101186,0.0123129208759184,0.0707221884508991,0.0213818669104797,0.0856019958739882,0.0142266694859162
0.00915846861030767,-0.0121428346258606,0.0275994505538699,-0.0173658492252238,0.06209095648502,0.0092963295970194,0.0810740109698831,0.0139185828651779,0.0893275125425873,0.000482778959007307,0.0136232899988701,-0.00801414102431436,0.0260333705935787,-0.00570031608117649,0.0513945413894834,0.0216664105624486,0.0782604885333142,0.0127204635434897,0.0893070080586911,0.0066976192707103
0.00702336823231627,-0.0111400965097515,0.0320320604108709,-0.0193888288834312,0.0370202042280815,-0.0155626515328272,0.0568567508953847,0.0173430422596163,0.0866214331158871,0.00710272234311431,0.00583562636653333,-0.00592189813404056,0.0277326356841947,-0.0113624720756792,0.041192092593411,0.005701934908422,0.0570365623199528,0.0206401483934248,0.0882993586065282,0.0112893986878295
0.008026639092991,-0.0138797391156074,0.0234228027057376,-0.0270490636918628,0.0429943258277358,-0.0152396966323116,0.0559327621252092,-0.0162638643189292,0.0733991561656579,-0.00323087487579741,0.0130953102755715,-0.000150747325130335,0.0320023576858607,0.00792502699527269,0.0489676276731486,0.0141120459246171,0.0700663778438242,0.0212542785776317,0.094620638464392,0.00494350469257657
0.012767573730415,-0.0127225280367198,0.0370119730804526,-0.0220043723803229,0.0541345027292312,-0.00941949155473865,0.0639717900679687,0.023969178739472,0.0867035005112461,0.00476156939925186,0.0127330078822617,-0.00329384741551612,0.0376817530247283,3.26259929052808e-05,0.0529855326566119,0.0109447742797946,0.064063251099078,0.0228683204443612,0.0885904000885787,0.00522493592906636
0.0096653368845026,-0.013104713100486,0.0304084780145969,-0.0206146125940304,0.0335733518807625,-0.0230791051148344,0.0486556491565809,0.00829782745108209,0.0770119893857132,0.0111581486964595,0.0111107328516666,-0.0119025313650002,0.0346787357426617,-0.0162953946447518,0.041345566203776,-0.0100125429781382,0.0570893350321922,0.0179677953604994,0.0793363439223018,0.0157372443004144
0.0148381739487227,-0.0194308908153178,0.0271456886019519,-0.0257185673391656,0.0434338672506411,-0.008916772353227,0.0617866434739211,0.0177142697472253,0.0804427416680618,0.0121537897484156,0.0111849500229236,-0.0107932218099618,0.0283044905124925,-0.0195611607850396,0.0413089176239584,-0.00962311543189618,0.0624207211475858,0.0172213143151775,0.0769943315646634,0.0156937962777092
0.0156881546475318,-0.0189489611092444,0.037035443034666,-0.0231450063598089,0.0659068802491561,0.0172172049034129,0.0860197065404583,0.0121115330723858,0.0961340922232949,-0.00131865531643887,0.0280558074742252,-0.00976741369259596,0.0505192369779063,0.0113222666152358,0.0617700920408002,0.022146660098343,0.0861576932592321,0.00351753575963483,0.0927661707820482,0.00129231888682812
0.0112474872906079,-0.0135998022898088,0.0303439472087147,-0.0219413622900631,0.0490736499282438,0.00169470471242871,0.068337855270953,0.023257172023119,0.0811258605936931,0.00943871909956647,0.0145000089608423,-0.00954240656730533,0.0349786485084866,-0.0162608200705322,0.0499519030687042,0.00812428128949655,0.0676514300780781,0.026573121664176,0.0834147147843352,0.0130295801925126
0.0145407215027821,-0.0123814339421452,0.0353476030835011,-0.0238893754224568,0.0365558463645229,-0.0243038606369801,0.0562750024118193,0.014253387887562,0.0716127822793641,0.0194459705583722,0.0197594203643501,0.00749309510477338,0.0319288504325765,0.00132410994199616,0.0430851809267932,-0.00934879984165745,0.0674917463439355,0.0306290433940907,0.0886807164801973,0.00887065336529295
0.00973658964815844,-0.00808136917982876,0.0306862923494251,-0.0191130117421128,0.0521036533903262,-0.0016967627349909,0.0693280586997036,0.0200446351917213,0.085950466160295,0.00591504310401318,0.0116405127757607,-0.00673679600608121,0.028927748162709,-0.0145873870621858,0.0585175133142182,0.0126042160716535,0.0706231802974474,0.0163507825218236,0.0850557298592584,0.00668114334740204
0.00548016845181273,-0.00600572944230407,0.0236728967853158,-0.021482678078009,0.0413504092839509,-0.019322604131688,0.0596395244837756,0.0221018360926413,0.0816046304006096,0.015910058797254,0.0119894415667077,-0.00745018542103463,0.0260455360355215,-0.0205594877578994,0.0459191405971482,-0.00932240082244553,0.0634066727064857,0.0185542599079482,0.0843790441914481,0.0112878808987209
0.0063485143355773,-0.0115338284065649,0.0218718091316454,-0.0202772317162736,0.0399302071686308,-0.00663363007363994,0.0609041638482112,0.023110375343143,0.0864588178613294,0.014648503215005,0.00945064439989483,-0.00951257160583859,0.0245672472026012,-0.0175089065851734,0.0421149999925536,-0.0051236600461804,0.0607644347257622,0.0190136634489469,0.0831240348722512,0.0151490477920009
0.00426957303787764,-0.0109791798112951,0.0201103736583124,-0.0169025631587617,0.0387922461042677,-0.0110126564935446,0.0645506108440337,0.0232708566704806,0.0795013933836802,0.0125196851361964,0.00710548283257691,-0.00626311760382762,0.0208376501467568,-0.0158156530359211,0.0401487074087356,-0.0163282029303929,0.0624165375494239,0.0216866916145469,0.0815699604723801,0.0108365053173288
0.0123505496594748,-0.01960341202541,0.0240304097292705,-0.0274665090316142,0.0504528810738228,0.00337799978990389,0.0671625500311862,0.0237391746134928,0.0781932453352483,0.0156592563794782,0.0244185845023712,-0.0172701316365196,0.0403498139950077,-0.017294201119409,0.0514616585489504,0.020073917980536,0.0683344400984663,0.0275920848804656,0.0892684303708626,0.00883653014476733
0.00937728729539742,-0.0130616849527542,0.0258568336419288,-0.0240322567733982,0.0477445090323805,-0.00950489068562021,0.0685829087658743,0.0285104036291129,0.0798386341879813,0.0135664423075918,0.0143611732283173,-0.0115836003203657,0.032589964906492,-0.0222735523750356,0.0556907084604586,0.00715611426705962,0.071964107020424,0.0239511289311975,0.092523883307224,0.00701672634046729
0.00679422216143003,-0.00781571831140993,0.0292401935035412,-0.0194136782118621,0.0454051613416748,-0.0116055491512087,0.0651483171989012,0.0244096394934378,0.0781234608553756,0.0152234018348758,0.01105827583861,-0.00900013639205064,0.0340192537947782,-0.0204126854269043,0.0502447262818127,-0.00705934520441136,0.0680368270449316,0.0273911553820359,0.0838586198070325,0.011830579276218
0.0127234460311162,-0.0164970047329227,0.0369440695194663,-0.0249472746663995,0.0528015064695648,0.023653182392985,0.0802163526141498,0.0159875639300634,0.0980941652196767,-0.00145156835092589,0.021952808424241,-0.0198774498119524,0.0444969250172082,-0.0198176217751986,0.0624152684969318,0.0225929330759093,0.0782072654334191,0.0118525726954373,0.0918331609739743,0.00433784667771646
0.00996889022082624,-0.00966248406192693,0.02992794566114,-0.0202293012205351,0.05313911941373,-0.0100110761441419,0.0757170529466946,0.0158441384014548,0.0942150830141079,0.00439299003463645,0.0128484174485568,-0.000841855484545709,0.0304003784614076,0.000753538775236273,0.0522325520123302,0.0132276007538131,0.0797301911236998,0.0197444317578706,0.0927201556509386,0.00696767410140006
0.0100923895481155,-0.0106744962415814,0.0294970023600408,-0.0179447641530117,0.0442794734186981,-0.0103313609959636,0.0652160363446901,0.022449869777842,0.0848575350666801,0.0103461331982343,0.0108051581260513,-0.00849213609884724,0.0332533444418457,-0.0160963227464338,0.0470482620569719,0.00404356742175405,0.0657335625508071,0.0238080333318838,0.0880490713094881,0.00754236204263421
0.0114137864414899,-0.0164717271034248,0.0269656626398753,-0.0261833066556527,0.0432113244739312,-0.00464066706594629,0.0654146408354961,0.0283132213682142,0.0857722011414546,0.011416396787768,0.013250362443585,-0.0152316230799196,0.0308066634185151,-0.0266553405994681,0.0473164257752788,-0.00557004418412471,0.0672985466873984,0.0261682128922494,0.0896214402442129,0.00840987288930426
0.00680364411490054,-0.00767700555193272,0.0212046918383275,-0.0188471933835195,0.0372826977135374,-0.0192983201734411,0.0622786463910198,0.0261133786157889,0.0892431361944837,0.0086370541309412,0.0133300068712657,-0.00792379918914458,0.0313772421496698,-0.00295995523470301,0.045518223110158,0.0111704011926657,0.0694234571433629,0.0318344133570405,0.093341376915589,0.00775821673087712
0.011923044583602,-0.0153332746288225,0.0271264912043825,-0.0256635968692688,0.0404864097971934,0.00576823311990817,0.0623913608675996,0.0339723393969417,0.0830430862551852,0.0140007857625164,0.0123601098270231,-0.00674640488304908,0.0390569632964177,-0.00818398666248312,0.0572916660086439,0.0132526489599703,0.0678576437138487,0.0221373468259387,0.0888806452331809,0.00834775263370664
0.0078245908029342,-0.0105904515338498,0.0207089402686137,-0.0185401294884475,0.0353669641022132,-0.0134568209178807,0.0598335884430772,0.0241034491042756,0.0863904352030291,0.00866859109817962,0.0121034181165917,-0.0108271745781244,0.0282154823906107,-0.0161747075213255,0.0448664844998388,0.00460876125571622,0.0647856202067369,0.0251356291303436,0.0915488784757134,0.0090585935415752
0.0112148325524872,-0.0130676851492658,0.031496069534706,-0.0203440150238145,0.0424354695372923,-0.00757782597380729,0.0627232604285693,0.0256204500898474,0.0811232465778912,0.0142143393261916,0.0134869990225596,-0.0116773888634664,0.0354190986156303,-0.019411329444759,0.0454053539269882,0.000193226506982307,0.066670394076311,0.0287832127130638,0.0845949271066879,0.0131109293465522
0.0125173441707131,-0.0121185869277284,0.0319087914773403,-0.0194715985646389,0.047891029845977,-0.00947526174569464,0.0600557752380254,0.02181558340299,0.0839714340144299,0.00470953282912092,0.0143890593728206,-0.00921718406076157,0.0341291843952648,-0.0186037204373331,0.0485840602836753,-0.00484705755156988,0.0593906235205779,0.024591658286557,0.0815182862576949,0.0103415824331604
0.013282411292708,-0.0144754776053823,0.0319380294788104,-0.0209349255789592,0.0497091285445859,0.0103247102809432,0.068838745691617,0.0232600396158914,0.0904875104816433,0.0123587958920865,0.0195046410464188,-0.0156173942752693,0.0407975914849695,-0.0200651166087982,0.0540467847862997,0.0177006470852159,0.0652134965990692,0.0279543231275834,0.0846045662219167,0.0119560228810785
0.00845490601953992,-0.0130779679826625,0.0227638091867003,-0.0217561683465101,0.0481906730949987,0.00253378010100991,0.066056032769969,0.0302824486072401,0.0846283978046566,0.0162354302912291,0.0125189283531585,-0.0136173079984881,0.0283414093662907,-0.015011871760381,0.0502392969768949,0.0130012907964044,0.0695287303815407,0.0269597385457357,0.0881165875236399,0.0131331240659995
0.0110948261710537,-0.0124779723488555,0.0344008243704452,-0.0270963277503338,0.0411459516978443,-0.00686181477871923,0.0646060781729386,0.0270575838359562,0.080735830386899,0.0162591836048268,0.0170520586036802,-0.0087563834811993,0.0369017720493839,-0.0202223264510711,0.0457723958415919,0.00225328640844754,0.0665059373059628,0.0309945667750294,0.0846199882233507,0.0165617449052179
0.0104599661358611,-0.0160097399672729,0.0295309180667975,-0.0270034952619701,0.0457677347030286,-0.000518400780414756,0.0674763060046617,0.0259441128991094,0.0791914507698919,0.0169089400130991,0.011712906203119,-0.0099261012162183,0.0298365236652612,-0.0233767607260277,0.0470266600763159,-0.00310439303563262,0.0678878071366149,0.0270100898980463,0.0796626980461898,0.0206723057327267
0.0162274860745636,-0.0182378340320981,0.0336704889976062,-0.0290018949041352,0.0457698836999712,0.00684265224359739,0.0661584734759286,0.0321525026478441,0.0847130638462159,0.010979487748002,0.0155579754589489,-0.00923095662193326,0.0334277225905352,-0.0173012451447648,0.0430043454673377,0.00163730000991867,0.06395670419866,0.0293671194459987,0.0805075029534456,0.0181439753640126
0.0102819199126151,-0.0105062532544689,0.0171505975020579,-0.0127374369167322,0.0342913948327677,-0.00539512211957716,0.0576787613603939,0.0297285650179954,0.068965999539044,0.0147582743783135,0.0103304838853945,-0.0145962612078822,0.0237718008746511,-0.0214845839189503,0.0430651626838858,0.00526327085677997,0.0668559343426384,0.0350085500364792,0.0821782135382274,0.0138437702481828
0.00753919965141008,-0.0105471634524374,0.0245006714495516,-0.0304291928897518,0.0433106497572114,-0.00251495028243906,0.0666096613097332,0.0299818156513412,0.0843933424793009,0.0106357336388758,0.00822411804768047,-0.0166336624751254,0.0289888142174132,-0.0280628295920828,0.049668749123063,0.00707161828448583,0.0712047910785343,0.027333270505985,0.0887659283245055,0.00885416695882806
0.00695309878022729,-0.0124593555635642,0.0278218554024493,-0.027901124098081,0.0446873473104993,-0.0115539174552766,0.0694444715682851,0.0273851736479513,0.0798799858554341,0.0200030709943579,0.00409023009489285,-0.0020102065381163,0.00425785822504627,-0.00203768931816511,0.0256610908407735,-0.0232987771008953,0.0503911769538745,-0.00130530331402935,0.0753075921205412,0.0232703424191998
0.00638702650729125,-0.010724071128772,0.0225476460338096,-0.0263763146341129,0.0378537358447523,-0.00655279256748204,0.06230158335509,0.0324556147022266,0.0803069213545801,0.0229357523225698,0.0181544333081567,-0.0139876556966939,0.0378366127392216,-0.0224262334850902,0.0656073050520487,0.0198294725717407,0.0683423932686588,0.0243427017333924,0.0872852253272391,0.0088402967519663
0.00447825801206176,-0.0080537704267865,0.0214694455585841,-0.0256787025498142,0.0381086716863157,-0.0149851327835692,0.0622044863927508,0.0284374791513895,0.0820072168403892,0.0151436936084126,0.00960236878528477,-0.00766166480153722,0.027393672453531,-0.0237684458902278,0.0453914396557231,-0.00090121674112586,0.0684662677360128,0.0248914841965286,0.0907577780675235,0.0075163787708387
0.00467986526648675,-0.0193669056069703,0.0274847118382701,-0.0291624576024593,0.046782905960311,0.0127687802739787,0.0707943954636567,0.0242736010942052,0.0903671126824576,0.0160462276744801,0.016406135308444,-0.0130546206804236,0.0307731007448015,-0.0254013797129471,0.0593192002702498,0.011339005258251,0.0666738233549687,0.0258544910328105,0.0898059841505221,0.00638139065645537
0.00735238654259537,-0.00733477496036146,0.0235409731560781,-0.0206018701774574,0.0429149086685064,-0.0262719153580667,0.0690812063635078,0.0190086168866401,0.083007893657457,0.0175266182704633,0.0122511337018413,-0.0156995456958265,0.0363886959552942,-0.0273213557111582,0.0530263537100216,-0.00735849817549694,0.0740231728396929,0.0249917309498897,0.0903107309840979,0.00927667674606379
0.00726225649087854,-0.0150205373277237,0.02268587360945,-0.0306887982744506,0.0448280948429908,-0.00875857203212873,0.0640027284144703,0.0318708827573707,0.085527617666151,0.0122340703843003,0.00934838112164021,-0.0113936661679084,0.0224157766518776,-0.0306766235407299,0.0438323847467252,-0.0144000463170808,0.061746590849034,0.0291228062002735,0.0848775151133746,0.0133722202753854
0.00361360863399348,-0.0109544910094245,0.0185988383349766,-0.0242089037826369,0.0388056010023094,-0.0210183972301527,0.0653570880520177,0.0238028655063937,0.0845548672447897,0.0137472224087569,0.0134048791375622,-0.0188415210843214,0.031226739226447,-0.0254564160437326,0.0533415091608888,-0.00135979009805383,0.0726131568294628,0.0275885270505091,0.0925527432254793,0.00909571980112641
0.0106524797126734,-0.0117885148056215,0.0362509868253681,-0.0262292095035448,0.0509076045908708,-0.00694782846311408,0.0688976372944295,0.0272558266057679,0.0889549348432271,0.0032461265430768,0.0100498671589371,-0.00949427273349195,0.0346361157132453,-0.0240307377547625,0.04981347850146,-0.00788788886591731,0.0689236432338271,0.0316273952159076,0.0909417251830356,0.00644942096259434
0.00884975213865448,-0.0161013455668514,0.0277343738382787,-0.0269517745944947,0.0456473605160947,-0.001533094144497,0.0643879611393817,0.0289453021289628,0.0860085866767076,0.00395414253819759,0.0125770925798507,-0.0161522155167986,0.0279152459367284,-0.0273787144414009,0.0462870515606132,-0.0022875493653673,0.0654097848494558,0.0297132813991609,0.0876997284821965,0.00809925075768553
0.00749343717095371,-0.0087753720087535,0.0273784800969906,-0.0254224856671476,0.0417417787776146,-0.00769960374000919,0.0661531871420211,0.0306048619048927,0.0749175262229372,0.020131347858511,0.0109555592486666,-0.00217505567138768,0.0242983744456179,-0.0174725687949696,0.044873836872359,-0.0198507787821519,0.0694158043644157,0.0171808590732905,0.0823397959356122,0.0222883424653968
0.0127341163255232,-0.0181444672792971,0.0287811455326939,-0.0288491782919272,0.0481398985934523,0.00326952551577909,0.0680107825343903,0.0264224047035437,0.0862493960250788,0.0129950888033167,0.00837330446194683,-0.00419702272902927,0.0231832043848043,-0.0264467911790159,0.0431358918656578,-0.0119686841594441,0.0649229934702287,0.0266547858543407,0.0844243973401393,0.0149114042534384
0.00612287199605857,-0.0103275196243291,0.0267507244154439,-0.0284985895132804,0.039150410032632,-0.0170458956769887,0.0520903301150029,0.0302703240768213,0.0802151894421621,0.0204165491832346,0.00794881124326514,-0.0133539140098605,0.0289884418562185,-0.0282625317706893,0.0440082935869615,-0.0131658912728694,0.067333709019199,0.0279650750122195,0.0842132508513232,0.0148441797062241
0.0261490602537823,-0.0317490118292524,0.0428548864515837,-0.0131253670334614,0.0678215581402361,0.028530682446192,0.0797599605177043,0.0216909940265999,0.095195177053205,0.00645939002866213,0.0238373596917866,-0.0244207315499527,0.0382342971633517,-0.0156349332019417,0.0626443765042191,0.0284201705252241,0.0766291848138357,0.0232211928724388,0.0951995850079237,0.0051739454897254
0.00552131792837944,-0.00726795152953606,0.0266601320917699,-0.0222144396029931,0.0520364758517593,-0.00643103822836498,0.0691480267988735,0.0281493587289396,0.0829626438217816,0.0169542708597121,0.0115653761946491,-0.00846993457317008,0.0325320631272429,-0.0263128010262457,0.0557783463403379,0.00443162810089422,0.0660418954292952,0.0266623795529841,0.0848852422198403,0.00961245680142834
0.0151837577299786,-0.0182813735587672,0.0292055147905743,-0.0321727039389728,0.0404899554035626,-0.0110340185129964,0.0620192262224543,0.0321678301146376,0.0831027215404781,0.0142895654941756,0.0121839580991622,-0.0152138391826114,0.0280447478073926,-0.0317844510630985,0.0386591523683762,-0.0129691355166059,0.0595159342391583,0.0260829546782833,0.0811226948958279,0.0152748873332072
0.00939024553632933,-0.0143525572714437,0.0260902671181871,-0.0266831490385645,0.0478721508683922,0.00276962958313645,0.0677464507173104,0.0344997085691243,0.0869953403248298,0.0125082151453746,0.00848337135650068,-0.014284761472102,0.0266830303798791,-0.0293586246687614,0.0531825735159832,0.00426546528911303,0.0698739325505073,0.0300762478724183,0.0914153005222849,0.0109794259433807
0.00705973679268796,-0.00686350818459487,0.0278629469414244,-0.023611092479585,0.0444577734926244,-0.00860853806635598,0.0682717276265618,0.0321851600034437,0.0867564438283903,0.0107094470811308,0.0124277423856532,-0.00638521635359087,0.0311676022773709,-0.0223180678581139,0.0479974474057023,-0.01050012827235,0.0669316633583905,0.0306829222974734,0.0891266027943194,0.0112339572664739
0.0142637633372382,-0.0153864492704232,0.0370722939295062,-0.0254150757338516,0.0555359712957539,0.0157122222564369,0.068255571342444,0.0325287625295521,0.0848700857226335,0.00826650199806488,0.0151995652744013,-0.0117261662252976,0.0393454637603608,-0.0254179064779811,0.0546422214532766,0.0103400009186095,0.0692931786921146,0.0316663885242878,0.0856364898219355,0.0118986351719451
0.0163022026606891,-0.0160466226703673,0.0406502701092407,-0.0245948516742186,0.0640870022018402,0.0199868183386887,0.0717284258653733,0.0262302649912013,0.0900932283689006,0.00243125037778355,0.0140431256682323,-0.0116773030913603,0.0391348548618846,-0.0235226914329962,0.0617592035551887,0.0133318389723159,0.0722676199593779,0.0259391748936217,0.0910596908463668,0.0055869095694063
0.0121314439510508,-0.0209243469743744,0.0363777128054785,-0.0325510980155211,0.0584324578438295,0.01397629275423,0.0694798667026252,0.0274618187892454,0.0933626691801259,0.00901002462227656,0.0178428115693743,-0.0152641305463715,0.0426983005538731,-0.0279777969457587,0.0654374387540413,0.00808951744277444,0.0743858179048644,0.0196451894878144,0.0903968916983232,0.00487155002003963
0.00710423439868001,-0.0111821458023653,0.023613962161466,-0.0224895195461624,0.0472846931725338,-0.0164885087795469,0.0677334918725572,0.0207294794822825,0.0780531668316916,0.0258919678845217,0.00959391006781729,-0.00806214189673942,0.0251159833565921,-0.0218691060623208,0.046755472989737,-0.017819571434466,0.0657412648777136,0.0211886479944604,0.0821312218124103,0.0153881007980711
0.00851940999199827,-0.013782149047003,0.0232767760714154,-0.0266230855221815,0.0472314162325393,-0.00928840681444364,0.0663276559313353,0.0316843605631591,0.0813461511801635,0.0145828661462414,0.0107727612186382,-0.0131804140504856,0.0231198678577333,-0.0258417044551959,0.0429867529897013,-0.0174909424779989,0.0636300811747488,0.0276726109143301,0.0781065180979068,0.0209187799448978
0.012153290797784,-0.00685523991001132,0.0353073831902663,-0.0341719606753951,0.0614387267182511,-0.00131743149076489,0.0745082833245741,0.0258806454945172,0.0760752806694855,0.0278001900902757,0.00908872595010438,0.00251701308785916,0.00853616050813538,-0.000838601359888868,0.0351275120085346,-0.0334621199845163,0.06489892946309,0.0154997772477795,0.0670174551414187,0.0290852644741376
0.017285960150591,-0.0241424696137911,0.0276366255710172,-0.033190441909166,0.0426486748657673,-0.0010904165875414,0.066927052898917,0.0324801391540575,0.0835789257433003,0.021119022188346,0.014491112754273,-0.0167734758976671,0.0316762397495827,-0.0353220045936926,0.049141255801821,-0.00560188839848495,0.0607190608034252,0.0342085288940424,0.0787287908956082,0.0174091447156569
0.0172931560034723,-0.0199256278016938,0.0256247422076226,-0.0305231615690747,0.0409669243558864,-0.0180854614500879,0.0564449354094232,0.0307554217004275,0.0710126137129905,0.0264275399905884,0.0191185026694737,-0.0196453844125409,0.0294401354438999,-0.0297808761326492,0.0443394517124559,-0.0107878338056299,0.0619155991347277,0.0293370514337744,0.0767443294727064,0.023347113570483
0.0120449110270811,-0.0123478521529842,0.028296081273229,-0.0290848174690353,0.0426652078659791,-0.0212062369496913,0.0635183776437939,0.0281957313435906,0.0797895303701588,0.0158297019396157,0.0142186349590985,-0.0133450484519892,0.02978995454896,-0.0313267611965176,0.0466689469419385,-0.0206890038097292,0.0644358477159871,0.029613466853911,0.0858375012660888,0.0142312225222068
0.0124181653594928,-0.020612050405951,0.024466917983169,-0.0264650734855577,0.0461201636850702,-0.00698940670651254,0.0674700902458148,0.0289410431581398,0.0773338351937541,0.0222580650030955,0.0136272602700465,-0.0149118610776719,0.0314010402919126,-0.0253133622332882,0.0538950654873386,-0.00283538471725089,0.0632126869840876,0.0289087774604044,0.0823088071118507,0.0124677138148087
0.0167217387111308,-0.0178308440852528,0.0350512191968803,-0.0291115274403978,0.0463320042501157,-0.00678369972702265,0.0637945309720933,0.0222909602062011,0.0764766523874476,0.0174155696120063,0.0189223166572648,-0.0181537806440273,0.0308694164095455,-0.0268418869211995,0.059754851088573,0.0213495921118823,0.0740605332385371,0.0251523134376419,0.0913285747417192,0.00813845329616082
0.00939843320258477,-0.0166096601375763,0.0303572787293475,-0.0275285935142895,0.0420419577109376,-0.0221899588647915,0.0628663943188477,0.0264868134056576,0.0823027554215168,0.0182837747680689,0.0140192553520798,-0.0161475979426114,0.0319184056987398,-0.0278735569752183,0.0423872210140375,-0.0165515675689341,0.0632878255746507,0.0283554146172127,0.0824200805511982,0.0199698250633457
0.0108882189095071,-0.0173284337054983,0.0266430403255678,-0.0333488386204264,0.0450125997902027,-0.0144220010943051,0.0679395570260189,0.0270090203007468,0.0835898075170427,0.0136045761822163,0.0117207914361829,-0.0144171362120318,0.0279365861295513,-0.0318778074311866,0.0425439342341258,-0.0140876449366679,0.0656222503975743,0.0270354695654209,0.0801740043280742,0.0204462925434753
0.0129959947826512,-0.0201490006786834,0.0273608914176324,-0.0326378473185555,0.0479798066607355,-0.0130957974477768,0.067811098922453,0.0287517906572167,0.0870793851888392,0.00843872761619134,0.0123670438884481,-0.0167339497352582,0.0277201020882449,-0.032062795415152,0.0425559660573473,-0.022067514191901,0.0646691266956216,0.0251070601246591,0.0818679372101186,0.0187583021188032
0.00790345077652984,-0.0102064787176838,0.0273969286202326,-0.030116958260297,0.0419505980799673,-0.0178633606113383,0.0631863068752164,0.0323947862669035,0.08130939547816,0.0166532766606972,0.0134660628756271,-0.0132425838404683,0.0314080716542455,-0.0307540664549145,0.0450897389336695,-0.0125865229081543,0.065250065204729,0.0334728569903081,0.0849513898317505,0.015623287761103
0.00630767095499401,-0.0115922144412134,0.0253174970736637,-0.0320273713915496,0.0423633073775098,-0.0180046329668847,0.0618366960096397,0.0224628746002233,0.0791998714374196,0.0263233854747407,0.0103207507764161,-0.0152461771962724,0.0302886839646054,-0.0316111796995124,0.0448304308933558,-0.0141381292048908,0.0649296854026519,0.0260468051662736,0.0855325491867548,0.0198875536572541
0.00928413264796804,-0.0200108410250919,0.0276685073115458,-0.0276746099793153,0.0508922517918363,0.00616450783715202,0.0675365339156405,0.0314265621805041,0.0873415997601713,0.00814524424434129,0.00622900595017256,-0.0173284111658357,0.0281768591647527,-0.0266874060974465,0.049924101099472,0.00562150097191111,0.068748762717112,0.03231805703386,0.091091802729277,0.00816060809609422
0.00926835715167063,-0.0199125358599626,0.0259869449086399,-0.0355404943457748,0.0446170678613878,-0.0121540597131269,0.0666964115968653,0.0275195880772184,0.0862705223258275,0.00794145577008482,0.00971764808553164,-0.0193515420191949,0.0292243191570582,-0.0338360840985168,0.0449691583334013,-0.0124239197018484,0.067775039737131,0.0299696570170862,0.0862694244104352,0.0156970646160465
0.00990020144174006,-0.0175740421384959,0.0244715941426479,-0.0288295522527778,0.0496668584043833,-0.00976792491678023,0.0708879540277315,0.0291785210459595,0.0808761047050083,0.0213464124549283,0.00977657389364264,-0.0169068193878574,0.0273710728949394,-0.0291130632845134,0.0537706292101612,-0.00904802044758494,0.0723422625061409,0.0307672546294389,0.086271287184063,0.0183880579913514
0.0125007479992223,-0.0148662603952546,0.0321749097181662,-0.0259373752187228,0.0568152885964014,0.0196622430989874,0.0705885536693169,0.0384175356515398,0.0922520391632702,0.0125279698754156,0.0111995362817839,-0.0254355993623467,0.0364726035658409,-0.0350002929054219,0.0615848270104497,0.00889683928089671,0.0774434075936598,0.022116562949464,0.094881419794101,0.00880798075035222
0.0140601210075837,-0.0156438913894787,0.0301813141132583,-0.0309969841037568,0.0478599171090188,-0.0120910756034959,0.0649311130656925,0.0316273442563492,0.0890998864766831,0.0158541339643864,0.0110541257684109,-0.012386006233709,0.0283975836833403,-0.0298932814677648,0.0440997046180846,-0.00717377442652545,0.0595780476421036,0.0323419291917373,0.0872502463537,0.0132480630172221
0.00655095176036022,-0.016876496081409,0.0272480106401561,-0.0267331214428383,0.0547536505335805,0.00800777472600883,0.0692097859288242,0.0296654272853242,0.0937507734991868,0.00799187890482599,0.0107654107983187,-0.0194625917963555,0.0309487236665527,-0.0277781965674967,0.0581954312324206,0.0143625697499953,0.0763788844408746,0.023664811300898,0.092578015742716,0.00793038326518138
0.0117629503243217,-0.0114583476020568,0.0339669491349578,-0.0271102159654054,0.048345310748371,-0.00141874693018187,0.0646337439279539,0.0318806336699907,0.0808220966602873,0.0161869171915694,0.0114292569752437,-0.0105157970577721,0.0266661193666254,-0.0264935790312839,0.0426463733453253,-0.0222152471217625,0.0641855588655048,0.0178409332074591,0.0752969179989844,0.0226419811477946
0.0125749272078358,-0.0154038683017039,0.0309194111172048,-0.0244741749466647,0.0495107505591992,-0.00271888668335588,0.0679437246592307,0.0291240398258433,0.0842759085486499,0.0136072111923199,0.01084086048214,-0.0147182871914857,0.0321995751367352,-0.0247493952493371,0.0487073038937863,-0.000829672778010616,0.0664648377355013,0.0305098164122866,0.08507570672246,0.0168027458136329
0.00965172279842401,-0.0175067470962996,0.0336089123220761,-0.0287673653246736,0.0498511218093179,0.00237477952784137,0.0687666986364359,0.0279818041257551,0.0815160885817275,0.0176087846118593,0.0106873588334071,-0.0202459360590328,0.0354027983008967,-0.0276341310287085,0.051503701593129,0.00749457635256035,0.0721525406799228,0.0294903226916515,0.0888983094007706,0.0132496353273436
0.0134257093976484,-0.0204799118821579,0.0361064344635478,-0.0229987631084546,0.0598407023781398,0.0203644540640857,0.0751171082237548,0.0192070559644868,0.0923391611731705,-0.00305603574013387,0.0116380807602783,-0.0187076844952816,0.0350057459682692,-0.0269976025079576,0.0569154952736862,0.00936083092923908,0.0733059998076051,0.0298754291871296,0.0940991250754022,0.0034689311126085
0.0146730144548864,-0.0179213567683583,0.0405117974619901,-0.0258473687480484,0.0573979993246988,0.00523471633856098,0.0704378932521054,0.02732218374175,0.0860529899915752,0.011708087952232,0.011103529086508,-0.0168155638480017,0.0389143201987095,-0.0264956632466753,0.0545928893856831,0.00397405646132151,0.0720418810347257,0.0317466028445473,0.0881438048736294,0.015980756171983
0.00716834333933746,-0.0156291233968364,0.0263867260789449,-0.0261617326589487,0.044100671340246,-0.0132143070236975,0.0624536654829536,0.0254578135636139,0.0858058380214653,0.007670785889646,0.00741906686882988,-0.016305556495737,0.0275952636387031,-0.0270976606911319,0.0430749928307158,-0.0171505616785155,0.0627593563553419,0.0241242015620528,0.0848073920158014,0.0168125574451406
0.0137716662118565,-0.0159573968398129,0.0333871797466818,-0.0288020129770238,0.0528058975523157,0.00306500206879408,0.0707876185872987,0.0309288005003917,0.0872010717963372,0.00495547583666298,0.0150638274176527,-0.0149654928248406,0.0366553264861955,-0.0290752234335914,0.0541856356558661,-0.00851998539472797,0.0725686566626347,0.0322604371558805,0.0914866829515372,0.00857817436846889
0.00268438150466532,-0.00771585810708963,0.0224705776321569,-0.0261166060920956,0.0389487116884624,-0.0203664213464647,0.0569222553282276,0.0261612261745088,0.0837574678835419,0.0101373253733505,0.0100077937301593,-0.0118745104267579,0.0327958478167465,-0.0275813578273692,0.0441251821694698,-0.0131295432764197,0.0613027960577882,0.0281754294618527,0.0861299482085374,0.0163170748893596
0.0174482411083624,-0.020430942285551,0.0337819524825948,-0.0292160709767038,0.0515067800349198,-0.00444318330984956,0.0681656455255853,0.028992586112856,0.0854318488282906,0.00668528915273327,0.014158696653506,-0.0132009573134019,0.0343868619316121,-0.028024148800177,0.0531883353569576,-0.0102396156329872,0.0707574575376812,0.0315284936003875,0.0843426065182048,0.0182707902938657
0.0180367554431855,-0.0196883065107818,0.0412525112251615,-0.0224809018919104,0.0674432722160391,0.0317848224972113,0.0935956903660318,0.00342644445151432,0.0994392992592948,-0.00325667838450273,0.0204626193996473,-0.0232893842584946,0.0445172380822287,-0.0106744203935098,0.0661978570587797,0.0350656003442062,0.0916105535137043,0.0136578212299723,0.0901339975887504,0.0165157392314966
0.0203751538202209,-0.0209924825174476,0.035338104871099,-0.0288803017198778,0.0569057861109327,0.0252370649892014,0.079681279771915,0.0180931487597073,0.0911038411903466,-3.11809204979141e-06,0.0185045767753863,-0.0164748801821515,0.0341146739540237,-0.0251904921984689,0.0603128715601389,0.0221330499414201,0.0791443512080491,0.0226299166032005,0.0966123784784059,0.00725617188533695
0.00727819192505192,-0.018017470048857,0.0412684703851255,-0.0341865408666151,0.0667690814715298,0.0131581703829084,0.0716215515866917,0.026553330263963,0.0873028610970906,0.0134257717193942,0.0121213233936284,-0.00100983738770276,0.0230856696865615,0.0104476846524087,0.0537763623331544,0.0320596025047073,0.0804348286973006,0.0163477009776601,0.0903157229427392,0.0073908791472972
0.00711057086741194,-0.0154346518986282,0.0273467489605325,-0.0274256541400563,0.0578769572181996,0.00794865286167696,0.069421428435464,0.030406913760345,0.0823493874534038,0.0172132753888609,0.0223789507882562,0.00594230922227705,0.0517442067802742,0.0281516289944933,0.0654390937895688,0.0259347216962219,0.0807015236620757,0.0124316731608541,0.09054842236495,0.00513491746812715
0.00946898629762184,-0.0215237498174916,0.0325915095274146,-0.0311334966910504,0.0531469570083053,0.0136369466903195,0.0654004719914799,0.0334642255300035,0.0853980021908261,0.0195020990496009,0.0152405157582655,0.00316628216600047,0.0400862324666462,0.0226602795741427,0.0526286984593585,0.0278154327096711,0.0702256284275547,0.0227234717498504,0.0858081687470388,0.00952704508675582
0.0211688257751154,-0.0275749958057391,0.0494898664735802,-0.013509190866576,0.0690188103951099,0.0298043604367207,0.0874825726794546,0.00606224800081626,0.0989060322713639,-0.00328972420890736,0.0239847703915559,-0.00570545026108103,0.0493679214350294,0.0208412286332848,0.0664820018059366,0.0185473774448093,0.0856737474487504,0.00564352444534018,0.0938145643410803,0.0015068641376442
0.0123040413300501,-0.0207876944835163,0.0295261677278685,-0.0313804452826514,0.04634047706511,-0.00939324553311749,0.0728510708324258,0.0145666925928626,0.0856740082420647,0.0151462430402703,0.0108232866764476,-0.00200679080814777,0.0355442484778269,0.0206291521880406,0.0628499720562166,0.0323969241859878,0.0827615188825427,0.0153466282026308,0.0892219459670454,0.00710012454274565
0.00932226145557326,-0.0153220882157471,0.0293993413538802,-0.0324010165354021,0.0510906332636431,-0.00281400070557273,0.0662816102562475,0.0252604498751108,0.078339591682288,0.0201761270821035,0.0127594524466872,-0.00788929511836961,0.0318812658297416,0.0120273596906586,0.0536096098555444,0.0296215068897054,0.0659589036728305,0.0224194620462079,0.0839433349391714,0.011508058456551
0.00368253148646264,-0.0160907990130428,0.0174348120141943,-0.0295502377725306,0.0467987759208216,0.00497563677739069,0.0611444301511317,0.0322961704127495,0.0855117365596369,0.0198846043498987,0.0128907828366036,-0.010546187421168,0.0297909169813947,-0.0271101582927662,0.0455019329172252,0.00170140132305544,0.0628441608242097,0.0270948042335362,0.0863377477047386,0.0150824048385144
0.00761345349676604,-0.025361285423127,0.0319808243356691,-0.021388687945931,0.0623159067789196,0.0203452289660925,0.0713091130549646,0.0255858726707917,0.0930061658902707,0.01191964152572,0.0171142692641486,-0.0144354832007774,0.0399613249817639,-0.00634283971804538,0.0593211856792506,0.0289529746241278,0.0721660170284995,0.0189201175633157,0.0894534868907992,0.00576743159532625
0.0087199628241652,-0.0247736388189524,0.0308304009524246,-0.031333600638339,0.0551107768841565,0.0154066124734216,0.0723389009242934,0.0278766667487199,0.094283117329294,0.00909066357762855,0.0153303521088678,-0.0132252817976379,0.0411740185211618,-0.0132340793112134,0.0611932776503765,0.0284789972276954,0.0703210995050784,0.0237561558417442,0.0896439125291451,0.00677994635152592
0.00976411932080042,-0.0262321789488039,0.0335716202112852,-0.0297206395468745,0.0593407685918733,0.0255776209242535,0.0756094404946534,0.027893973609896,0.094412902899371,0.00792623831969539,0.0154414347814859,-0.0125249218287129,0.0421121302795233,-0.0174394828691346,0.0637150022163524,0.0245994521763316,0.0738989734046938,0.0235660267495456,0.089626272194991,0.0079698404129206
0.0165968728619209,-0.0195531212369779,0.0346511744690789,-0.0271277048450446,0.0426477662596718,-0.00772995777931047,0.0613893605782127,0.0244527969472381,0.0763901692870479,0.0312410487745102,0.0103446433347591,-0.00495241057205151,0.0282358258474153,0.00505672718149662,0.0583044998498123,0.0330519010953885,0.0687216305862394,0.024470698807424,0.0843819622890123,0.0116657720472686
0.0148050089781441,-0.016332683181183,0.0347462880616554,-0.025954445554511,0.0578235175814496,-0.00731636119757819,0.0885643241839557,0.00495650929373753,0.0956819652538397,0.00414612913397446,0.0134205422329052,0.00378425063539912,0.0337089125126208,0.0161053253515285,0.0625057331491194,0.0270920981213576,0.0799977614603742,0.0215185266002941,0.092556033755075,0.00723911821901312
0.00721682059652631,-0.0107509240321855,0.0243829841470523,-0.0215170798749997,0.0430147364349756,-0.0233775732577598,0.0645349422672776,-0.00463303235166698,0.0842392073552094,0.00570627967652398,0.0128464187428229,0.00194984743697309,0.0393655735165027,0.0183299262940045,0.0628800464301333,0.0223857503452994,0.0819158401645855,0.0173152794996342,0.0917342084402132,0.00573373547311274
0.00862373951167864,-0.0106638907602406,0.0232751525751808,-0.0210359874990788,0.0442999839514296,-0.0273749033022166,0.0604108156517812,-0.0174651047484014,0.0850990202825826,-0.00559440470682874,0.0201177135263223,0.00574312768700423,0.0449779550781479,0.0217763761665863,0.0590565377001548,0.0291596841173051,0.079407761829369,0.0232967022723372,0.0926874608656515,0.00602087595208499
0.00544054136110912,-0.00835646988272987,0.0196200853629572,-0.0217912164280469,0.0393594504432364,-0.025127540786466,0.0595860077282391,-0.00894453204407359,0.0822364278081634,-0.000705352916219773,0.0173711839902639,0.00802488341368613,0.040520455717457,0.0278513286566834,0.0595815739019185,0.0338058184797908,0.0794893709730081,0.022677744862833,0.091939896850991,0.00854327783147128
0.00672421494495343,-0.00886133048562515,0.0224782130046596,-0.0225227835811333,0.0452695378653254,-0.0278796879948759,0.0694596770364977,-0.0142955203426251,0.0900475742507078,-0.00460648719499578,0.0131106028375371,0.00710044910561739,0.0389547908120567,0.0324941422554211,0.0615373955724016,0.0353207537608642,0.0808373082944197,0.0195317771158745,0.0913241061561154,0.00601790971919278
0.0134555825582316,-0.0178820166187094,0.0377450341128926,-0.0275969676595148,0.0625149374199247,-0.0136039651640761,0.0885728798835525,0.00325892536981138,0.0961871478390009,0.00279913664058315,0.0170536298641224,0.00977262721056661,0.0420389983205105,0.0296498474355967,0.0612319821777866,0.0310795004115834,0.0767472506732722,0.0199217465842775,0.0892183564224061,0.00521308778677577
0.00449091669457288,-0.00793729106638372,0.0197209466848289,-0.0232216047388634,0.0392513498812271,-0.0288563253231844,0.0592604831085289,-0.0219468265175996,0.0918103785524269,-0.0119554496173759,0.0153735676218149,0.00766326880087983,0.0384079299908354,0.030175651371904,0.0610849244661939,0.0343113419245851,0.081061666317392,0.0223190912672693,0.0957210510746216,0.00502894526012262
0.00968718128070142,-0.0106055323168942,0.0261446294126637,-0.0254677099675823,0.0431283829974361,-0.0307672577368042,0.0642242401070298,-0.0201643291110739,0.0911166915315127,-0.00834484432090654,0.0173241980377291,0.014869531911976,0.0350554130410413,0.0295109061161115,0.0591402005200787,0.0333735870300884,0.0786462293281408,0.0238161248271372,0.091350316923995,0.0105329708316273
0.00982604869219173,-0.0126113691898077,0.0244598771286576,-0.0246817328270134,0.0429135664054793,-0.0304535044122499,0.0642127610436413,-0.020848959025203,0.0917345884020557,-0.00930601775368384,0.0170913764150303,0.0147334834306209,0.0423924941468912,0.0334917221640159,0.0628203444270594,0.0339745613714763,0.0812464171805353,0.0200475884362867,0.0910159281846628,0.0100951956972691
0.00657466959739825,-0.013667194584617,0.0242056461267771,-0.0222146817240767,0.0421447919014052,-0.0286334897271892,0.0649886771404523,-0.0190286522419206,0.0846143100256763,-0.00579560285996071,0.0141671722638246,0.0135255801175248,0.0387131736994258,0.0326217373486331,0.0568284609303311,0.034623720133922,0.0786465845878454,0.0207567143931678,0.0923934669763944,0.00515177345511022
0.0079643766733496,-0.0195351098021581,0.0251924719982244,-0.0298362492488847,0.0386214426879486,-0.0328118052267204,0.0629635864414848,-0.0189131149538109,0.082884945795089,-0.0055640195086734,0.0161142774798679,0.00860455482249923,0.0391648227091386,0.0312481785820653,0.0578211013745308,0.0341885327308597,0.0735319187462576,0.0228815095930098,0.0896820630879964,0.00531788910581503
