u1_5nodes_1,u1_5nodes_2,u1_5nodes_3,u1_5nodes_4,u1_5nodes_5,u1_5nodes_6,u1_5nodes_7,u1_5nodes_8,u1_5nodes_9,u1_5nodes_10,u2_5nodes_1,u2_5nodes_2,u2_5nodes_3,u2_5nodes_4,u2_5nodes_5,u2_5nodes_6,u2_5nodes_7,u2_5nodes_8,u2_5nodes_9,u2_5nodes_10
-0.0408722204261005,-0.0135864872322021,-0.032884606915249,-0.0174641916753801,-0.0233697956930125,-0.0239758918731944,-0.00421399763209294,-0.0278362178012555,0.008287761955325,-0.02561925811001,-0.0377356299904236,0.00228041846807211,-0.0307375456777915,0.00920553775817308,-0.0119875483498773,0.02127374435616,0.00718009017736559,0.0246591433276452,0.0232054507437893,0.0207223592861083
-0.0269608940994632,-0.0173904295223373,-0.0199534665536751,-0.0272689568511839,-0.0178438699483875,-0.0279052946226446,-0.0170973547529043,-0.0279209255451869,0.0110524023325883,-0.0197475945337238,-0.0299786375376537,0.00655570518678766,-0.0231690141983182,0.0099743495025222,-0.00960738296488133,0.0170882457869504,0.0143047965605595,0.0242956675431972,0.0365952664454319,0.0248924366790424
-0.040463914149139,-0.0139625948568373,-0.0235310790706759,-0.0223593516123701,-0.0100723147737022,-0.0262204387025311,0.00107721871778505,-0.0277950474811993,0.0234323152139308,-0.0203076484864732,-0.0349876603936637,0.002172973736775,-0.0182984432734214,0.0151120648762094,-0.00252407123310246,0.0216606392616546,0.0147739396674835,0.0232573567872233,0.0304067365998613,0.0250223347472364
-0.0335452622566553,-0.0194119340170979,-0.0334376655181274,-0.0193772487504421,-0.018783998777677,-0.024353590382259,0.00287482181201341,-0.0275925952450226,0.0359469939356407,-0.00219190927989635,-0.0107902362411406,0.0185998245487348,-0.00264606228045746,0.0212431150978022,0.00533852401988113,0.0220997337365623,0.0205422963537142,0.0239342928680768,0.036742309954332,0.0211135362480922
-0.033165196968614,-0.0253553244102964,-0.0201046123453274,-0.0291433111919017,-0.0127545686618704,-0.0293123278227257,-0.00638263042997982,-0.0280434679714235,0.0180800354212798,-0.0164307324339035,-0.0343246188630933,0.0070071749624963,-0.0143488423791646,0.0157552395322371,-0.000721900177044214,0.0204284820702625,0.0102776091841673,0.0208227185096969,0.0361320389001694,0.0131269783369662
-0.036140963320689,-0.0186978055120607,-0.0231568665511754,-0.0243250439442355,-0.0150560890422145,-0.0266640641258045,-1.20873668851542e-05,-0.0274731186190635,0.0237258919879658,-0.0165309417807929,-0.0275208876655685,0.0113887488301805,-0.0055931976486545,0.0257352275453791,0.00621272942572319,0.0268680480904227,0.022245867781183,0.0283450662709526,0.0383633395175575,0.0169714286680243
-0.0402243067875881,-0.0187336043659301,-0.0257322808158027,-0.0258908195685659,-0.0156075291656547,-0.02897034617008,-0.00466006104332428,-0.0300437600151519,0.0188056467978072,-0.0211746526080942,-0.0265697511010899,0.010382707926129,-0.0063574987103327,0.025177859934205,0.00435585329424981,0.0270698069342554,0.0243469864654548,0.0272745855854043,0.0413417667723259,0.0142747092364895
-0.0441292742470942,-0.0211484863451543,-0.0331441595487721,-0.027064635335452,-0.0227036176815578,-0.030339779521366,-0.00953769225088476,-0.0291766223199754,0.0146717645977625,-0.0171653446568139,-0.0358517836481203,0.00700973779036011,-0.0246655850521013,0.0178735732839403,-0.00400128733327762,0.0269987616668908,0.0136541246664745,0.0276323265355288,0.0378402900714728,0.0203699321102056
-0.0399196992746431,-0.0182926062611036,-0.0201176664987085,-0.025667362671581,-0.00758023720122863,-0.0292763778887257,0.00649701489380893,-0.0235827937763499,0.0280765346814683,-0.0089746707005723,-0.0288683098587898,0.012930430841264,-0.0067463409996484,0.0249025989812381,0.00677023413379705,0.0261780864903639,0.0271801326989254,0.0255578150741033,0.0421298547966433,0.0143027169071587
-0.0408843219752591,-0.0126346390855116,-0.0239721871863897,-0.0213899367660306,-0.0110589864125575,-0.0255525049031285,0.00335479054596974,-0.028128321659697,0.0242216915777987,-0.0178544631848664,-0.0329122173768767,0.0100037296216044,-0.0082569395744369,0.0267724607016717,0.00786409422869647,0.0290890876728015,0.0233667332394682,0.0291284940256464,0.039044904948872,0.0160532205756215
-0.0450995710031182,-0.0132322766022283,-0.0318514681037391,-0.0238145156948667,-0.0170906126266467,-0.028452678389513,-0.00327526563118381,-0.0268263801648076,0.0194039456544673,-0.0124233269104533,-0.0322948223678599,0.0125574148445659,-0.0123796912042306,0.024970412016565,0.00833007426504791,0.0281504839576614,0.0273022893084621,0.0269281294981965,0.0413335707634836,0.0144902202293001
-0.04249027079125,-0.0220702683584324,-0.0259367512691169,-0.0309118862850228,-0.0180685266035786,-0.0328345192106805,0.00254045503975101,-0.0273095303010343,0.0319033414437081,-0.0165203298903684,-0.0305257133071252,0.0178988219302366,-0.00699799072673364,0.0301918511962861,0.0130961669205273,0.0321908394894401,0.0313606760936797,0.0308602653232364,0.0466407885504144,0.0152718559109622
-0.0327372698939564,-0.0223680861460107,-0.0270890900220084,-0.0251897738780543,-0.01454638523013,-0.0270878874371328,-0.00730104975483841,-0.0269264803867995,0.0145084718349486,-0.0234563641374858,-0.010423791103143,0.0161030692664356,0.0048124945440957,0.0299204566994062,0.0157520571791866,0.0301871714563606,0.0268617758759536,0.0262127608985356,0.0402990964191955,0.021003970181207
-0.0291275442344904,-0.0198270751523171,-0.0157287230681361,-0.0254654922822907,-0.011828790323131,-0.024279613981142,-0.0183445721874374,-0.0193155579178256,-0.0150467423359972,-0.0294746062703649,-0.0288388858264957,0.0124181550018355,-0.013964992449737,0.0194148678094244,0.00384247146044974,0.0221320465665506,0.0112966902187979,0.0274678681453682,0.0184401149634646,0.0268805644884164
-0.0307628738003658,-0.0270777093281598,-0.0198880151763318,-0.0304419919523434,-0.0158662474976741,-0.0225717103221437,-0.0142502313075313,-0.0193974540717627,0.0164185859438202,-0.0159761867247795,-0.0235362771722804,0.0094164279174685,8.28075654929547e-05,0.0152313274722974,0.0182152761799276,0.0253460637824334,0.0322910965555681,0.0195872363304116,0.0436267460131021,0.0114379978613795
-0.0363987321885492,-0.0196070646837273,-0.0210549417443792,-0.0311186885716546,-0.00715905588939613,-0.0303105190330495,0.0128536319229908,-0.020427422768364,0.0282210569617366,-0.0112869285767968,-0.0340685442260285,0.0160005113453245,-0.013560112690825,0.0186813992914249,0.00323708321680163,0.0222581754027028,0.0200506958792907,0.0192997870526233,0.0394721567359659,0.0188360529641906
-0.0307021908101527,-0.0250115622095998,-0.0147809957466285,-0.0316312208567063,-0.0123417580851522,-0.0331157313883041,-0.00639385200788409,-0.034392688645475,0.0181640659589945,-0.0194652904422045,-0.0275601284676127,0.0182924754120553,-0.00546706712849105,0.0255272168807025,0.00517709594578961,0.0307508932622138,0.0234483445708397,0.0239953112080853,0.0344958309021237,0.0197538721280535
-0.047284589800907,-0.0170208028880912,-0.0299053731732915,-0.0226451120341367,-0.020351908640234,-0.0256151909247597,-0.0182172641135628,-0.0261609264193199,0.00187106767172503,-0.0186156784254935,-0.0276236925111181,0.0330302148704715,-0.0240850875218091,0.0320039633320352,-0.012674868540831,0.035099021571427,0.0136149924444457,0.0339072530116896,0.0415997133973806,0.0146522133221727
-0.00990489867476396,-0.0233891719228964,-0.0151359200789852,-0.0237997810396336,-0.0168111376913557,-0.0232118835814418,-0.0138272091219487,-0.0232480701340517,0.0197983163496342,-0.0264283860250937,-0.00596198971137595,0.0128771068334436,0.00575198072538876,0.0227409486112675,0.0143323883679021,0.0286638226173407,0.023440534240959,0.023289991993532,0.0384515325322505,0.0147639737812148
-0.0325148854967439,-0.021155210413504,-0.0118037171742833,-0.033577527761203,-0.00909768157886828,0.0113943161377316,0.000494431090798041,0.00525399933560242,0.0223149608823496,0.0118018263762131,-0.0367455460027045,0.00938076045506981,-0.0341720337386069,0.00927658627718042,-0.0194877721886486,0.0264207812875531,0.00785697328287554,0.0227259988494332,0.00826408363079059,0.0109604411496208
-0.0367301912788075,-0.0155278666138283,-0.00510661284909263,-0.0278051359684439,0.00126751658258306,-0.028919374351614,-0.00326525399433216,-0.0165576781711191,0.0118994516711461,-0.00614825250465049,-0.0343079283423425,0.0177584230098744,-0.00301099123702311,0.0227523884650325,0.0193142594074929,0.0231866931425483,0.0275744760623315,0.0230837321349108,0.0357391805971157,0.0244405554621943
-0.0321809645144069,-0.0248644831420564,-0.0181306082628235,-0.0299627162931603,-0.0159716818105431,-0.0288034575292257,-0.0127412957519604,-0.0290047096693786,0.0168498178865294,-0.0193903903465643,-0.0336332061876068,0.0149968704248516,-0.0135629022302702,0.0225002038088097,0.000913475058177636,0.0270844699972546,0.0152772039363601,0.0277373634146028,0.0266389872244684,0.0250245356777721
-0.0323206511909795,-0.01887058596782,-0.0169637773476033,-0.0265211776756448,-0.0166495805985816,-0.0278915906453766,-0.0124044418111426,-0.0290734194710134,0.00943335427238817,-0.0212505912737632,-0.0308049534405106,0.0176538451121164,-0.0115488550646489,0.0237781262582281,0.0034388198566572,0.0278650411419107,0.0166270706857276,0.0289786315924791,0.0267707202484847,0.026343379488094
-0.0466131367436832,-0.02269901712053,-0.040342522006587,-0.0282109076231091,-0.0215644822656679,-0.0297943039174065,-0.00673036271571869,-0.0220705738743327,0.0195542872248799,-0.0110445340495387,-0.0233996699366785,0.0312197218054892,-0.0180894633270403,0.0329836823081745,-0.00897876564744788,0.0317418980813356,0.0121231075580917,0.0301768968526563,0.0386890708042581,0.0149915353570648
-0.0294762376451355,-0.0194583377532424,-0.0162468229952127,-0.0254269504161876,-0.00959312708377601,-0.0261692173062424,-0.00481952816517702,-0.0244801650845341,0.0175099481765891,-0.0181702852026716,-0.0342271923258117,0.0150342432914189,-0.0221017662540652,0.0204013108926756,-0.0136293270717033,0.0226207720366461,0.000162226340695898,0.0269840369247784,0.0187502977748791,0.0324183988059231
-0.0327318793243174,-0.0145353035990033,-0.0224373652348377,-0.0263487139564221,-0.0153795590062889,-0.0312919286205677,0.00501504309633037,-0.0321275374041617,0.0332676187411813,-0.0231686470709269,-0.0323253893338677,0.0138396068922709,-0.0193151118967402,0.0144951019238752,-0.00525921782818877,0.0165574004920792,0.0182874523276233,0.0189683247889059,0.0373771997429911,0.0135788048113421
-0.0281295894814156,-0.0252618824162314,-0.0174639212408669,-0.0287639690102471,-0.0171992226633963,-0.0280461739353899,-0.0163556803773997,-0.0275514629666847,0.00439995348974011,-0.0210908970578554,-0.0160202468474661,0.0184141397458554,-0.00116372293044673,0.0260532562757277,0.0162001585322218,0.031021958361323,0.0250457966157708,0.0274041164589978,0.0396212433591834,0.0203017299660258
-0.0288388357273256,-0.0235735152236912,-0.0155303528525142,-0.0289778004790541,-0.013448312222092,-0.0293706342928239,-0.00293086121966428,-0.0295847876900697,0.0270586860563926,-0.0166128666330157,-0.0328333644014467,0.0135221633784854,-0.0134144836995769,0.0229379737323861,0.00761328113651883,0.0306143149296722,0.023486019484758,0.0249856846211414,0.0374958313070927,0.0240787986745069
-0.0341263808878557,-0.017332627153657,-0.0183224604337094,-0.0262644245903971,-0.0100211531567748,-0.029426141530718,0.0117182855101812,-0.0229944203805073,0.0310557053280493,-0.0112719068312346,-0.0291995379925454,0.0169690306979741,-0.0157086650645551,0.0224960971254478,-0.00399174323060187,0.0273535989766441,0.0157118962139339,0.0299523767361596,0.0356584365407901,0.0234954719074377
-0.0390175291370339,-0.0217857299939057,-0.0192743778028892,-0.0290112615264643,-0.00789119471243065,-0.017314020421271,0.00313718736001315,0.0054274471061388,0.0339456933993259,0.012633657172729,-0.0258974124647665,0.0168527625799888,-0.016654153956664,0.0148653554672156,-0.00824676933965934,0.0176916613071162,0.0115002130711878,0.00850620740017039,0.0391681502688274,0.00870217559124447
-0.0208336177793006,-0.0274608811753559,-0.0139603559697576,-0.0295742691662792,-0.0128145094999942,-0.0282418410442736,0.00796776711313012,-0.00971779546744079,0.0203524094679687,0.0196715613245891,-0.0239561807755182,0.0182134352322862,0.00240655108295364,0.0293514405513961,0.0118461177676419,0.0286349827728229,0.0190206449470726,0.0247398617244902,0.0202068798528936,0.0262180857200824
-0.0337938514925003,-0.02344919977592,-0.0138190072968165,-0.0296403349937768,-0.00477690922164045,-0.0293960818440928,0.0103834863474165,-0.0227967580329773,0.0245872454762042,-0.0114971455967021,-0.0296402424179485,0.0160010631574382,-0.00627013169137885,0.0246241960890948,0.00455522545290141,0.0266640641464925,0.0219460907218969,0.0305885394944235,0.0338271557972754,0.0225924803502988
-0.0315883742607159,-0.024428131246551,-0.0136254225746417,-0.027469201384731,0.0120542380363606,-0.0196201739543641,0.0313487346149684,0.00473022306407572,0.0413952905924405,0.0129516444359381,-0.0303590342904702,0.0141378628138071,-0.00798719816002194,0.0245392097341582,0.0148520592778511,0.0278667251160846,0.0346374247245121,0.0225183303473478,0.0412083807297281,0.0101668221692391
-0.0235042665148762,-0.0252367941925106,-0.0105959395418941,-0.0278489850504227,-0.00585967606964441,-0.0274512075224189,0.00226944511572919,-0.00168016849654826,0.0222119608377838,0.0251275884872207,-0.0288489211590152,0.0186984520186169,0.00382497635071201,0.0352681818536109,0.0172294239027511,0.031637909323854,0.0212345190313187,0.02576476795762,0.01494212593779,0.033937108866091
-0.0433440362007823,-0.021783520232639,-0.0282753298554697,-0.0289857834094492,-0.012159536107868,-0.032150365556839,0.00190994926441215,-0.0277822619595242,0.0280255758944194,-0.0160366397483637,-0.032221350565024,0.0253658081178533,-0.0186793729069016,0.0358715323388667,0.00321650701578319,0.037954270144008,0.0177810636793121,0.033572788593105,0.0362031463148707,0.0185419150713102
-0.0440211837490846,-0.0104738656845033,-0.0296087507703955,-0.0291084464333563,-0.0235426534765315,-0.0273791207324097,0.0027375299275424,-0.00701410094704848,0.0348406486721947,0.00744322296166567,-0.0335004456162152,-0.0116044421043608,-0.0298087498114388,-0.0188475621315236,-0.0178061202291757,-0.0254265015821794,-0.0150342615912131,-0.0257592253632532,0.00453835367729633,-0.00884936248155531
-0.0288044436113656,-0.0208826419932217,-0.021275921338213,-0.0287251463574571,-0.0201940397259477,-0.0290234214703093,-0.0150317938149673,-0.0294057548130172,-0.00207957138968932,-0.0242642537472781,-0.0298708507106474,0.0189905239999701,-0.0238841586106086,0.0197827953253391,-0.0144791670141202,0.0225294415775886,0.000754056314259789,0.0277834068843054,0.0270592543145804,0.0283617002869259
-0.0363772511121934,-0.0179150987273538,-0.0193643471597232,-0.0270987819409563,-0.0077915605703465,-0.0264435481355101,0.0214624037469191,0.00296946633431934,0.0294418581608988,0.0269948537299383,-0.0326267507396084,-0.0173768730997903,-0.019990529115532,-0.0245315277170053,-0.00548661542603114,0.00216644052491302,0.0162098748399369,0.0213715845265224,0.0326468163523274,0.0201499782935966
-0.0272258472223037,-0.023715279066562,-0.0175648924181359,-0.0302341738082634,-0.0147268532028639,-0.0189678394227848,0.00623242349586536,0.0187904017740663,0.0219931680389432,0.0281288992938706,-0.0385120829937627,-0.00595185121613642,-0.0203591555473389,-0.0159483741109175,-0.0175931141206588,-0.00626173430649771,-0.00670232436124662,0.0117466261681479,0.020649427392607,0.0215167640243365
-0.0240458086730321,-0.0192896892603011,-0.0222871737462359,-0.0320155898745389,-0.0155711466011482,-0.0225049954902549,0.0181615958819051,0.018398694458739,0.0286679360983595,0.0306800819551059,-0.0322495869602017,0.0123721636558239,-0.0247076393151829,-0.021662224228165,-0.0173311006272328,-0.0219512287199585,0.0129277163050547,0.0147802112959759,0.0234897399925738,0.0237077307970956
-0.0362918485517077,-0.0254883131666451,-0.025624758746648,-0.0155972882461071,-0.00330910860082455,-0.00213703706014419,0.0189789969106067,0.0364003195317678,0.0302495116016851,0.0318303049960954,-0.0335413912164839,-0.021104723425722,-0.0167113818782108,-0.0283682685517793,-0.00854980465426902,-0.0141469611083745,0.00507554624290832,0.017733163455577,0.0155947513438702,0.0118146205149193
-0.0406212303440721,-0.026189488993799,-0.0212353189281699,-0.0292357607005015,-0.00164358674275183,-0.00269729201801496,0.0156902409607114,0.0296797478995784,0.0280440443412054,0.0255456512668963,-0.0226068666813358,-0.0173934055663554,-0.0118755972322792,-0.0208210910993305,-0.0142124872218769,-0.023772022598556,0.00980616130971023,0.0201642364906814,0.0138024552289247,0.0267847382189887
-0.0413656137767728,-0.0172576882278121,-0.0180086790433888,-0.0313882091400822,-0.00288120111640289,-0.0246065387786794,0.0145362441665938,0.0156305780478327,0.027802384149336,0.0225726377213723,-0.0331700280112709,-0.0159529725822015,-0.0155562919230652,-0.0196022976545846,9.7320270227545e-05,0.0198546079087927,0.00921396453300617,0.0203719289200833,0.0279837506424943,0.0208064730639067
-0.024220839071678,-0.0273493894578261,-0.0173273790681495,-0.0271489704240179,-0.00553817908255918,-0.0066469818035836,0.0117991528041871,0.0305907268481312,0.0292048774174191,0.0222420003675402,-0.0212241880753733,-0.0196737760051559,-0.0095841594477326,-0.0219390528311447,-0.00966415072183098,-0.0200744357745284,0.0109598414912546,0.0137968484757547,0.0200756911954116,0.00578256547906601
-0.0284008627289073,-0.0268018481228614,-0.021276979549092,-0.0197791126737431,0.00426431502958265,0.0197204276088215,0.0196626129480867,0.0175145879791099,0.0390840131847295,0.00450764672871838,-0.0258973836428923,-0.0263460207563003,-0.0152035536021335,-0.0254290461250453,-0.00616936810708128,-0.00975737759355884,0.0125140971563884,0.0286472678232967,0.0300824750496614,0.0196611037964216
-0.0360341186015046,-0.0242937426006019,-0.0234990439863314,-0.0316511595214818,-0.00470808472940185,-0.00977438301967894,0.0213181653712656,0.0285162218342858,0.0307551719901612,0.0167739857265153,-0.0351665118111995,-0.0226541865626152,-0.0208454365090279,-0.0224823291697767,-0.00292860123443462,-0.00695437978484385,0.0181988729713631,0.0282087350957787,0.0288023853350493,0.025433825155276
-0.0333710859658979,-0.0213987388900199,-0.0190914574439906,-0.0298884035481211,-0.0101694588531219,-0.00116697876918739,0.0102114307728995,0.0251751706476866,0.016356551073058,0.0213297299389048,-0.0281255943114695,-0.0200639329770386,-0.0160742899647029,-0.0284392560811076,-0.0121699252081512,-0.0180046162427947,0.00670642763524062,0.0386236399718319,0.0198311025320608,0.0281110793605255
-0.0366225101092496,-0.022191732081905,-0.0191711370533637,-0.0100498312523823,-0.00289142983662799,0.0150834854299694,0.0270439607600216,0.0277440297687811,0.0313297189744708,0.0221845034165672,-0.0312074362087012,-0.02034279223123,-0.0131119575599994,-0.0267004968951321,-0.00689480007973439,-0.0210338439415645,0.0168592356264244,0.0149103908840633,0.0286072180633558,0.0221767306205086
-0.0352482500250579,-0.0120177938663458,-0.0219601049943032,-0.0331581215129767,-0.00437935655621105,-0.00165746681584639,0.0185942887050257,0.0330882910247652,0.0304551189472132,0.0215341747179198,-0.0345627994037127,0.010440884532292,-0.0209951966027878,-0.0239970689584012,-0.00693317842736388,-0.0131343613427962,0.017396217109577,0.0138082139617044,0.0271522812758148,0.0303826834321971
-0.0376636043321632,-0.0189081106635819,-0.0267802682801938,-0.0308631175756433,-0.00538445652605726,-0.0188163325954307,0.0235903126019223,0.0329647605523381,0.0280844816295073,0.0216472640003592,-0.0333854471170049,-0.0167655929627527,-0.0249879904781799,-0.0246074550996411,-0.014056710980268,-0.022618004271332,0.0150426385076396,0.0306128625053842,0.0267074949557401,0.0272776197507974
-0.0389402546415564,-0.0134480646121008,-0.0217475247522697,-0.0274163446772304,-0.0102399315475831,-0.00802757207909875,0.0119885906424176,0.0277199249572865,0.0252251695597263,0.0177669030194558,-0.0243540680327627,-0.019739765501198,-0.0125358286560886,-0.00848720905718216,0.0144841073295597,0.0327017330465391,0.047312965836053,0.00988151725488229,0.0474076549816096,0.00728774945958654
-0.0393091049814883,-0.0132108174771058,-0.020214975304021,-0.0324780021382425,-0.0134180920722246,-0.00193767246800187,0.0142181644814822,0.0272285978743765,0.0163513952848075,0.0229471533689043,-0.0307119407433603,-0.0191633446009399,-0.0171791917514308,-0.0251656454886347,0.00572718369098768,0.0102809439902725,0.0228373094499085,0.0264008147131718,0.0462389212153497,0.0074725074976832
-0.0310135524643472,-0.027198904243732,-0.016934909239519,-0.0100104677192847,0.0106102217554101,0.0287526801216126,0.0156499649878526,0.0193856540595878,0.0276668091678805,0.0264214083584955,-0.0296624946607163,-0.0277942661377202,-0.017704897770147,-0.0229235531992762,-0.00904043499778001,-0.0122358842730176,0.0112446084984433,0.0289490328825383,0.0235409200362515,0.0234128207409295
-0.0240408319464236,-0.0273027269629943,-0.0158833396300876,-0.0307633624922933,-0.0172870182310951,-0.0249760622534148,-0.0167108642855979,-0.0210465280749042,0.0159886349982711,0.0173592985685486,-0.0262233198139568,-0.01090993708281,-0.0206267439438593,-0.0158781236007166,-0.02028205035354,-0.0148703297969139,-0.00785773545121136,0.000774571950063185,0.0176410651572224,0.0252119707697828
-0.0210048356625626,-0.0254557137476141,-0.0167263581133448,-0.0240633776050892,-0.0171660093132054,-0.0243673786564415,-0.00202042174848123,-0.00971633039200841,0.0398781665474055,0.0186194847327065,-0.0312838450054712,-0.0169167540052599,-0.0187900406377756,-0.0209737475747749,-0.0144572593735363,-0.0191961270537658,0.0108116282217155,0.0174933425612341,0.0282594847590302,0.0240419881570714
-0.0301349917080043,-0.0226318475025441,-0.0200281906234486,-0.0306890045688913,-0.0176805229487703,-0.0260426809041197,-0.00643234603502858,-0.00422208798656094,0.0182598985171661,0.0326287954489591,-0.0173242376029311,0.00238691675854078,-0.0184612495939559,-0.0178820225238502,-0.00720710108802779,-0.00258970240584082,0.0161840664119865,0.0279142810843688,0.0211525513984356,0.0269879707630419
-0.0283512176587941,-0.0216123568994348,-0.0226636618032281,-0.0270835976455825,-0.01977308956372,-0.0318759591361923,-0.0133832629306535,-0.0136984340950101,0.0161147893854063,0.00775502333217984,-0.0239146680962496,-0.0169774275552784,-0.0223169102067731,-0.0187523265912679,-0.0205840195213398,-0.0176442003694738,0.00908286159531013,0.0149102147050852,0.0284268448220526,0.0241854779921685
-0.0275839359618522,-0.0231826467507006,-0.0213650367088533,-0.0318095642756186,-0.0188814592638615,-0.0301494199132101,-0.00124829940817973,0.000374840334380324,0.018568746412881,0.0308953818591103,-0.0238047181749095,-0.021220736031889,-0.0219828486129967,-0.0165480857289362,-0.0167084847551158,-0.00859001604719619,0.00236084225058051,0.0152432515899312,0.0190337333090387,0.0298081134608061
-0.0399294617447612,-0.0321978848268449,-0.0292550075133572,-0.0331482359267344,-0.0156921878617409,-0.0138083047295007,0.00329831029237893,0.0171081216673758,0.0183010798633663,0.0178505222218956,-0.032881715136448,-0.0129146838762958,-0.0245086978557104,-0.0215382812748756,-0.017879384200938,-0.0275947746242532,0.00152837324247322,0.0166219821934037,0.0197102684622339,0.0234316450539209
-0.0363759638386056,-0.024486158254599,-0.0210378254029201,-0.0305920503734575,-0.0154079115994484,-0.014061293021796,0.00440614201283258,0.0186791269043474,0.0167560141190526,0.0258485907972589,-0.0313526868638519,-0.0258272922999112,-0.0152749751088993,-0.0287284274252137,-0.00780589646141349,-0.00715806505569597,0.0139828600617574,0.034738687359328,0.0348662666628255,0.0148979837446742
-0.0273392186580587,-0.0262084996901065,-0.0219796680282258,-0.0275992596964132,-0.0175839749175982,-0.0259702023159647,0.0122905636030665,0.0225294971663223,0.0296089456520609,0.0233704781281794,-0.0257780605088037,-0.0209337153152742,-0.0169215990102727,-0.0244340557298255,-0.0155740865985463,-0.0128192681359648,0.00955003287076898,0.0215630066813187,0.0264824168325963,0.0222577857753986
-0.0232239670332839,-0.022703098507694,-0.0179021874547968,-0.0276216796453076,-0.0180842472609847,-0.0269961992034342,-0.0182215732402879,-0.026846337180645,0.0274671347460863,0.0272048063925776,-0.027921625339239,0.00735654951643684,-0.0165524821846633,-0.024997547915588,-0.0160668388255704,-0.0248356489042456,-0.0158052279700131,-0.0245419492475158,0.0243702751460151,0.0257849737044236
-0.0374630060881325,-0.0204997570396037,-0.0163940287762044,-0.0295472047449084,-0.00605396029945628,-0.019476068855912,0.0127193895110392,0.0271911590659978,0.0264113915549431,0.0313847169762577,-0.0317517859469479,-0.0171457372650724,-0.0100376605502015,0.00643756112476958,-0.0056246512739102,0.00555658480244483,0.0131547496863039,0.0274465762024458,0.0257159691080261,0.0272088020634843
-0.0352746700401216,-0.0164949366879311,-0.0143872619064984,-0.0293485205752453,-0.00981497282183244,-0.0201358154447562,0.0161746688383546,0.0327259352048834,0.0311211139230005,0.0268229567229638,-0.0330958561738026,-0.014613396603455,-0.0143241506221703,-0.0239553166498122,-0.00786435398348585,0.0011550561785396,0.0130872785444852,0.0404016350907914,0.0293134974006483,0.0250243554890752
-0.0408322693759494,-0.0179764311009085,-0.0204294605028697,-0.0294633774217366,-0.0139773610683726,-0.0110997785804309,0.00499756952368414,0.0325889076671659,0.0225496176555054,0.021415284920556,-0.0346877647742385,-0.014900447534476,-0.0175855207641535,-0.0270291525738687,-0.00997432851043871,-0.00448411798453379,0.00871077716812901,0.0372699828325136,0.0297979339011973,0.0198697511120871
-0.0416460386699049,-0.0248136897964029,-0.024227957916349,-0.031958421719429,-0.0184144427781746,-0.025617108704867,0.00930948291749836,0.0192363249950909,0.0263006594549334,0.022201083839155,-0.0281276064744744,-0.0210419833701351,-0.0184179345472628,-0.0299149959278085,-0.00404388694502906,-0.0220673757313553,0.0100209003333289,0.0370119832812135,0.0228815248414809,0.024248685126156
-0.0349341066578714,-0.0191751725120236,-0.0201854908792592,-0.0298523204302236,-0.00614026098462528,-0.02144814241855,0.0171801460470022,0.0314925391982207,0.0368289342415626,0.0148613428034352,-0.033031958432105,-0.0205292542455328,-0.016301254417603,-0.0318712694880259,-0.0042919185378608,-0.0163324301445742,0.0169263335702597,0.0338698624284399,0.0372878868525456,0.0179256546384725
-0.0379667352138443,-0.022140721826011,-0.0284066935016109,-0.0240215658949802,-0.0151852612074726,-0.0243031574834661,0.00579132592946086,0.0384667456044022,0.0197988078089067,0.0296317143889735,-0.0330691706556107,-0.023219457150315,-0.020274189625964,-0.0246789036007456,-0.0101000866724308,-0.0229033371614924,0.0103649595937462,0.0327107351710543,0.0258966582267261,0.0249665138545428
-0.043218520563539,-0.0212280793774439,-0.0230220205249045,-0.0299110250645437,-0.00870184670655495,-0.010731647300264,0.00796037004562422,0.0269658253712851,0.0339390837334084,0.0153113528472809,-0.0363621838744883,-0.0194613964379696,-0.0255083382800115,-0.0296957953839712,-0.00307961292846653,-0.0162647409642301,0.0164928327690959,0.0317987553488923,0.029667691530576,0.019095827010469
-0.0343362275741604,-0.0187445991001126,-0.0215337324676151,-0.0243004652515717,-0.0128789414917537,-0.0257481271854009,0.00341436094070985,0.0159371497283626,0.0246300440310045,0.0282177510624037,-0.0297881645709269,-0.0111079115208164,-0.0174264300846335,-0.0228202270727588,-0.0102644804689545,-0.0124651128402357,0.00710073613558285,0.0219901463539567,0.0277743094342003,0.0207098668753612
-0.0431250081279402,-0.017458994634173,-0.0208075781300337,-0.0300756876504934,-0.00829320899438335,-0.00263207844999297,0.0057578601681357,0.0408159966461373,0.0321326874588202,0.0204153658446941,-0.0352654258039272,-0.0183453927993903,-0.0146988935773554,-0.0268544461383993,-0.00386829807713888,0.00517468872884014,0.00388653540609651,0.0401883651264418,0.0298818986717058,0.0173631074031506
-0.0385917220951177,-0.0258026251713791,-0.0196489546012126,-0.0278485556151843,-0.00326883304210555,-0.0054391988132018,0.0145746868840019,0.0337198737343514,0.0286016781149791,0.0225499907823481,-0.03129055169094,-0.0217598052256914,-0.0154944618142934,-0.0276176993644377,-0.00267254819154111,-0.00931165940240116,0.0140385956961654,0.0291652994816275,0.028798004871255,0.0221154286882611
-0.0354365497748577,-0.0178165717524696,-0.0187554204440564,-0.0310998862912932,0.00174131621661928,-0.00626245911618921,0.0131021083623288,0.0262304149155583,0.0250675877320031,0.0266044891402649,-0.0356640519356994,-0.0147186727512643,-0.018143356929466,-0.026687271387032,-0.00281027161528784,-0.000210967966053862,0.0113733533506392,0.0338810677006293,0.0274262474647292,0.0269590651984736
-0.0425899960730063,-0.0133744470998795,-0.0237946890329594,-0.0275504964801375,-0.00973963834679716,-0.00375668641666667,0.0128587728952031,0.0375320654778749,0.0294255353500154,0.0297725748223969,-0.0343546336960318,-0.0093377452439036,-0.0166032001856699,-0.0265941573356307,-0.0112889950131328,-0.0138148142946836,0.00220692848947057,0.0322224574293383,0.0152413309103387,0.0196542390917579
-0.0407139437695943,-0.0144216829132225,-0.0180278071846989,-0.0270028750411886,-0.0052365466385594,-0.00546615326650546,0.0137369812390911,0.0326936546309929,0.0330094520675872,0.0259356228220842,-0.0334649990403979,-0.013029751375833,-0.0140068032713516,-0.0241609751380104,-0.00380739268381428,-0.00528948882705656,0.0129219252603471,0.0306143478824513,0.0295268838865524,0.0217299535919176
-0.032417341857272,-0.020118759456782,-0.0133462683566519,-0.0267148818621758,-0.00493133296080501,0.0219158703613084,0.0158900487349734,0.0406326996552939,0.0369106955196841,0.0206425563710224,-0.0316648209522685,-0.015601801655786,-0.00968074807472355,-0.0249822976463801,-0.00793122995023549,0.0045223172407142,0.00815863459086202,0.0354626156926348,0.0285072255930267,0.0219478792606105
-0.0323145630242277,-0.0233960298711771,-0.014102690758871,-0.0331809752888128,0.00378438142251491,0.00297116485988732,0.024775135474784,0.0317044534417395,0.0390027175851912,0.0172944264993146,-0.0354978220320032,-0.0151619487741933,-0.0134040326398894,-0.0323934458477541,0.00292238929587988,-0.0120172818433479,0.0209666914962083,0.0264673020335857,0.0368425444869407,0.0178496097224308
-0.0374245462259404,-0.0266225376044645,-0.0211310574190728,-0.0274870147367694,0.0121860220016629,0.00991956070825999,0.0294681925860127,0.0350913952345479,0.0328369819583559,0.025969577516163,-0.0337756653800887,-0.0142159125095916,-0.00690530648802463,-0.0240437174687951,0.00495718752502705,-0.00523713127056154,0.0142403198755273,0.0226673902894577,0.0217874282760965,0.0222235487886304
-0.0392196048774171,-0.0170412621991874,-0.0171317666208298,-0.0325512675056603,-0.0026272402331383,-0.0145568712345456,0.0179219965391953,0.0281549425477224,0.0310377999684278,0.0205424792297461,-0.0341796239847034,-0.0155226141430339,-0.0135587759427006,-0.030647151600242,-0.00109883196412377,-0.0101633010625251,0.0161842149647079,0.0290124716655347,0.0297639357222335,0.0187086546432308
-0.0356048682421797,-0.027689879012767,-0.0231473967391442,-0.0300728694902334,-0.00329061959702735,0.00564823225973157,0.0120686684498785,0.0311994276004696,0.0226359243258549,0.0287985835574889,-0.0333106641443862,-0.024080646370186,-0.0160183104526267,-0.0252218343182799,-0.00420805202263404,-0.0010431201582512,0.0114263165105586,0.0342431308530131,0.0261116056008158,0.0302550542564525
-0.0360424357893238,-0.0282259233159506,-0.0211214900413398,-0.032743233481791,-0.00891773532695156,-0.0152572539844455,0.00938819102609854,0.0267797747571925,0.025795552149733,0.0193819387537075,-0.032324118536667,-0.0228353403103136,-0.0177188459072168,-0.0257266596299246,-0.00762950442135251,-0.00203821797283847,0.00835547138185653,0.0299964333293533,0.0294396122275848,0.0140274946656174
-0.0419447305524128,-0.0256171023912295,-0.0211090727198734,-0.0305944175629009,0.000604664080799027,-0.00817769068249881,0.0139886874929511,0.0358283014127171,0.0303231183716833,0.0270789888223578,-0.0375523854574951,-0.0226615150510514,-0.0155728004727663,-0.0264200139375231,-0.00254400561362071,0.00392153595562131,0.00992859493036599,0.0383955619301968,0.029475103097985,0.0235525060120834
-0.0358907335013548,-0.0238794389877535,-0.0139185925444923,-0.0300505446739031,-0.00637280377828327,-0.00514056042650224,0.00612587716296193,0.0380654941980077,0.0305665569947103,0.0219331456877236,-0.0338128619601123,-0.0214362828630737,-0.00959648485386513,-0.0232190138154341,-0.00762295924310633,0.00963508032597259,0.00396634919272869,0.0354882978374344,0.0259133272436971,0.0249002845974547
-0.0353807582702943,-0.0247547089207286,-0.0160469627702946,-0.0316962740980321,0.000795768431107266,0.00243562868193041,0.0172317832802034,0.0290570885962361,0.0275295313657741,0.0216771773325306,-0.0308167498119545,-0.0204453433825925,-0.0148038774664669,-0.0266059144726577,0.0021988221489785,-0.00423142276593836,0.0174208118670574,0.0283444889960956,0.0297858072073644,0.0202836369417581
-0.0253995591851328,-0.022036110497916,-0.0168961891616941,-0.0254472296370588,-0.00260389581887866,-0.0009412726258147,0.00637556561501848,0.0336665327521361,0.0219574921503745,0.0235106734295931,-0.0231137765511131,-0.0238136266752706,-0.0165901030983517,-0.0271875749865203,-0.00326390775361703,0.00565507736004981,0.00835756320764483,0.0344296069559896,0.0280105146239738,0.0218471937666453
-0.0349641351122987,-0.0167951226542847,-0.0244006279210289,-0.0269737903850578,-0.00985936045858827,-0.00874579374795535,0.0104771826017057,0.0330219473160971,0.0236238426108385,0.0278675809802957,-0.0240167378788891,-0.00879713475522655,-0.0182000100765235,-0.0268980792365188,0.00992748730076253,0.0227283984831974,0.0262330048374435,0.0207709726606783,0.0408168775560667,0.00700813635496207
-0.0355597378135873,-0.0178816507294588,-0.0233907423102706,-0.0266769815690735,-0.00863718621125438,-0.00990606865625909,0.0171006886973487,0.0314830224804838,0.0241255896267173,0.0160248733123907,-0.0324944491647268,-0.0159437886207899,-0.0207288631242815,-0.0283376404963925,-0.00327900221797396,-0.0154344132941639,0.0162736004715287,0.0341062607765996,0.0294365138252881,0.0195359623767847
-0.0381759110233478,-0.0156696627018717,-0.0217248748515325,-0.0296277828985846,-0.010338353122594,-0.0218688190843822,0.0152258412203433,0.0273147086002669,0.0204916688288119,0.026995357982301,-0.0316618589381283,-0.016195550215467,-0.0197105356146177,-0.0292720191542395,0.00362883343217766,-0.00775652607590894,0.0137821849237903,0.0263396647961694,0.0352496004155527,0.0117802464224227
-0.0392982992629739,-0.0198299113426767,-0.0206951565400614,-0.0308940546133643,-0.0115838065473015,-0.0244526985268208,0.0124612441935982,0.0175389266342599,0.0262561205189182,0.0283758558926578,-0.0385819120110417,-0.0179562506070633,-0.0197689632812618,-0.0249788443873603,-0.0116368635966821,-0.0143192567737605,0.0117873821001151,0.0236420026990603,0.0305543880910418,0.0215113159224532
-0.0416292944211847,-0.0170450619448642,-0.0238774991947536,-0.0303533282879151,-0.00938644051733583,-0.00652731923637927,0.0109777123226087,0.0368700828023793,0.0276355052923115,0.0283818438219465,-0.0374001627260243,-0.018395990441525,-0.0211841748931211,-0.0300633655893544,-0.0102889116686228,0.00249215485652562,0.0104993610986851,0.0369560397537548,0.031465893846978,0.0231619758200586
-0.0424746062854754,-0.0157545247025678,-0.019916180640505,-0.0281129376929057,-0.00534526583547601,-0.0113226967304594,0.0137694921247089,0.0264853757810617,0.0219567838776247,0.0276143552006866,-0.040927937985746,-0.0129376846433398,-0.0202441364564837,-0.0277615884992929,-0.00421521350372973,-0.0124846334186859,0.0116948510179348,0.025860998766356,0.0256989103587693,0.0200513782433369
-0.0379356818889045,-0.0185993723773696,-0.0242284949457259,-0.0297471464515523,-0.0118918058892897,-0.0236560195208042,0.00775650042678444,0.026138313023167,0.020156569864922,0.0318410486700582,-0.0335436780556647,-0.0153614959918422,-0.0216265156787127,-0.0180032033944766,-0.014457714972399,-0.00192169570772447,0.00814919279246666,0.0304245462573696,0.0272010053495146,0.0215897654534392
-0.0373948253202683,-0.0197467560668334,-0.0163428100404099,-0.032725549418885,-0.00314670200630261,0.00115598191133546,0.0170812352068636,0.040144539832762,0.031286357516865,0.0250440924738376,-0.0324970084436243,-0.0189131104073699,-0.0162177353623501,-0.0257947775094888,-0.00134579689147524,0.00459298819484747,0.0109236111018914,0.0331388406841283,0.0299913938906192,0.0211639857038121
-0.0332016452594194,-0.0236371161590434,-0.0149377180087443,-0.028895959380078,-0.00257537913591023,0.0324852277713605,0.00989778027100437,0.0422232825146929,0.0247602382808393,0.0261333696452906,-0.0342717504591636,-0.0175018143902292,-0.0122049030725521,-0.0238592417376891,-0.00303262441275715,0.0229775645646572,0.0129334285008773,0.0470487841388007,0.0273279613079116,0.0312591940901943
-0.0346159608672118,-0.0204278257918424,-0.0139395741375784,-0.029115814831843,-9.94671328666507e-05,0.00765208258937575,0.0170509064708185,0.0339945857759032,0.0290399030588925,0.0192652826939928,-0.0324333687801484,-0.0178221010674896,-0.0114312114766799,-0.0219023872392738,0.000214156459980079,0.0109961953041957,0.0146300920939312,0.0351760169002415,0.0285969963729634,0.0225945690610884
-0.0395480988020287,-0.0191206460772739,-0.0172509657241733,-0.0359382894448899,-0.007328121792004,-0.00713769545557933,0.0107210656379885,0.0299430006905948,0.0280675490802199,0.0193363009701933,-0.0381374952266841,-0.0157709621359819,-0.0154022414754456,-0.0258590752919354,-0.00863027846674769,0.00187485418347479,0.00923818030098938,0.0325620235885028,0.028674250618195,0.0189749220811647
-0.0302975190148706,-0.016293991503223,-0.0187959053989315,-0.0226908385944411,-0.0203719595265116,-0.0332389644573536,-0.00334745621129116,-0.00282697911381725,0.0182404083683989,0.0321241162118638,-0.0269833522115681,0.0138443538073128,-0.0219152866054696,0.00291861388120571,-0.0188225346118401,-0.0243809820621856,0.00221626639244262,0.00464508763176959,0.0207859706460868,0.0270874382673817
-0.0405303176325932,-0.0225744988894492,-0.0250267219079966,-0.0276143491367216,-0.00637473134583668,-0.00654387020153002,0.0109139473428181,0.0331117250896936,0.0248662183911869,0.0258508403587896,-0.0354402935538401,-0.0208455643113564,-0.0177925844872254,-0.023801898830668,-0.00567857970671181,0.0059993490276375,0.0125972318785135,0.0302708261423446,0.0305155500965934,0.0214416930626005
-0.035828763320038,-0.0170997181132053,-0.0162585376679671,-0.0275084172315992,-0.0113914913034909,-0.00712778383254,0.00968532368030361,0.0307964949856879,0.0228173617459443,0.0257492701686917,-0.0317707976977954,-0.0153368664143973,-0.0149577743878542,-0.0245682261525303,-0.0080843682993026,-0.00406504822335227,0.0110662734380696,0.0323314933310143,0.0260864334527995,0.0226858201333047
-0.0313972027288843,-0.020677214967222,-0.0157386777394946,-0.0295147235978433,-0.00526467926105279,0.00787471551377259,0.0109177038619452,0.0390755767834071,0.025353558948517,0.0255940071257484,-0.032061275078167,-0.0132550677355349,-0.0141850654594185,-0.0245475973857523,-0.00647133495284345,0.00869485207295612,0.00584695783723562,0.0390972665867106,0.026340048628655,0.021425590425266
-0.0332825670707755,-0.021105460052636,-0.0164214547355219,-0.0313730126544712,-0.00377965362162588,-0.00557981379794036,0.0122600057140126,0.0345858893994054,0.0287820741488186,0.0168927419464292,-0.03402299949523,-0.0178331241174621,-0.0117453405034189,-0.0273883861301616,-0.00752352969715062,-0.0045995148733577,0.00915480126607875,0.0303771157337465,0.0271623448534932,0.0209810807112202
-0.0325417264280637,-0.0281820119747818,-0.0198808528113318,-0.0261819629678073,-0.00585706982371131,0.00162906806378248,0.0129429611120212,0.0320786288609848,0.0224525815563916,0.0264122667164796,-0.0317816306078829,-0.0270147454738203,-0.0168956808911846,-0.0289807758895359,-0.00379629302385677,-0.00196909988462188,0.0116947568362358,0.0322593037483862,0.026531856450119,0.0259764331211315
-0.0395975848735778,-0.0233745347713168,-0.019436064999,-0.0226406661009227,-0.00137088943172426,0.0151623977391304,0.0137615313449943,0.0360621152932822,0.0353491508805596,0.021258941260713,-0.0382997746260673,-0.0199131735875086,-0.0178590676316954,-0.0265192771228357,-0.00244790151638967,0.00702344084986031,0.0103162372707917,0.034663512429851,0.0299078569238763,0.0241103938550135
-0.0378942909591668,-0.0272108483549019,-0.0213280860009275,-0.0239183074732521,0.0120064721096917,0.00410155650202017,0.0168080390970911,0.0361819195055556,0.0201881441001721,0.0316734251055813,-0.0223682348295316,-0.019666258274819,0.000609708735744576,-0.0156156489298449,-0.000472984629726294,0.0193563160710053,0.0114208659917243,0.0323029097928685,0.0355684618480723,0.020480968093024
-0.0364035915755597,-0.0167532930612023,-0.0174329995551985,-0.0275891871246435,-0.00786050611387916,-0.0138668127899173,0.00985519015010132,0.0290073644433493,0.0200146642972643,0.02596716043513,-0.0306452775443232,-0.0196017048587714,-0.0151426533570614,-0.0269590740665051,-0.00304472133009441,-0.00682989366982332,0.0117038036661378,0.030640594175465,0.0289425960760019,0.0182341134300522
-0.0425681973960971,-0.0115577022375637,-0.0244680948782298,-0.0239333172157459,-0.0118516692958607,-0.0298971235078254,0.0115893088193392,0.0236841557182931,0.0237242987761542,0.0259621692501949,-0.025737351939504,-0.00940339156793873,-0.0165512756359831,-0.00700987523019013,0.000892703723912328,0.0207247639582105,0.0178453740984328,0.0367755530753631,0.0302068154106479,0.0233761403595433
-0.0420744313430295,-0.013709677109005,-0.0178176659262379,-0.0315276597655876,-0.00512686472091903,-0.0122404572662189,0.00966679406354515,0.0300682588763043,0.0255095404579518,0.0162080628214805,-0.0358158484787119,-0.00669013563973076,-0.0178272111189457,-0.00877079467536561,-0.00479461893839016,0.00941434352453909,0.0125135959601356,0.0350325245346459,0.030288904323417,0.0183127049666019
-0.0393952629631282,-0.0229065546281053,-0.0233807268624893,-0.0299672032549898,0.00240556271578962,0.0138165144480829,0.0134073503205236,0.0369050243026614,0.0292584137128355,0.0230348482082074,-0.0311106802128258,-0.0212122631144418,-0.00571042909925687,-0.0207632823364847,0.0106512623354603,0.0243186789084549,0.0167045472930736,0.0282005548219381,0.0368717058610402,0.0145506884613915
-0.0415729977922211,-0.0176568635437468,-0.0309914003134598,-0.0262024793904463,-0.00400901105080753,-0.0226118009392338,0.0175870592463808,0.0231628360666232,0.024866588431388,0.0287949909152797,-0.0389780790198069,-0.0196903099046752,-0.0295078802723302,-0.0299361600594767,-0.00525908642575377,-0.016323155699621,0.0159506288388624,0.026963102754877,0.0273844161794611,0.0223902957658493
-0.0433085783997188,-0.0117585352596311,-0.0287350045763611,-0.0280001543184826,-0.01174934038154,-0.021700415512855,0.0163988457751463,0.0296328784470177,0.0271231120947557,0.0242353124104224,-0.0414136115223157,-0.0107032673003869,-0.0276825843224575,-0.0260867052933665,-0.0114098221830387,-0.0192658393872075,0.013353250501356,0.0274847706666743,0.0263865966132281,0.0215188244502127
-0.0355621979519706,-0.0221830494733266,-0.0232363786495055,-0.0292551246739762,0.00254408247721347,-0.00888700401092613,0.0164795809236844,0.0305768542870255,0.0308091643858573,0.0238351092480594,-0.0337917472304078,-0.0129685432590188,-0.0199343176102669,-0.0224327034336797,0.00464768876322293,-0.00770959872793238,0.014697345555462,0.0270341981047614,0.0259066954008137,0.0223128980700229
-0.0335953420516601,-0.0291860872106515,-0.0180132515675633,-0.029749408571063,-0.00125056955003811,-0.00237380044531012,0.0114583777585154,0.0331627077314449,0.0224149602483811,0.0293144018295137,-0.0345392919684959,-0.0141158777471385,-0.0184742730598642,-0.020027629177161,-0.00295475591627626,-0.00537062539504934,0.0157721643117736,0.0287115133439018,0.0282308679500494,0.021227985396181
-0.0297481022738508,-0.0241013678902346,-0.015332567012628,-0.0354310439829219,-0.00622967167474961,-0.0212723694727416,0.0152854990975954,0.0247723055069583,0.022027653574287,0.0268176018118086,-0.0317127626134351,-0.0167879518366838,-0.0149475049205976,-0.029544960876266,-0.00620537522709809,-0.0109426769030724,0.0155134465732239,0.0268978078499388,0.0251398279037904,0.024707008946032
-0.0343822509802118,-0.0246005640545858,-0.014277566133933,-0.0308244089111696,0.000826572768895234,0.00829301034657493,0.0165864315513469,0.0332489472654595,0.0249399194171382,0.0228647479167645,-0.0317198509402923,-0.0202563790488869,-0.0132738272837523,-0.0231197141958592,0.00154856491013805,0.0105935266880392,0.0164123026347795,0.0317542022858391,0.0269433525584782,0.0225805997591532
-0.0306840703378936,-0.0237441320901008,-0.00947365198951902,-0.029124765421952,0.00548894153141444,0.0147600436380264,0.0193874245653312,0.0356909584801679,0.0316944281982768,0.0178447908186524,-0.031628778545297,-0.0213882328965519,-0.0109561772764099,-0.0208403242330134,0.00446543123911989,0.0120582032719183,0.016172518431401,0.034657107804416,0.0281187650317761,0.0235266333797948
-0.0363977356317806,-0.0206706512982477,-0.0143397201950763,-0.0305485847946268,0.00100199128934365,-0.00334290258734714,0.0188347347651818,0.0344838320014582,0.0273207662554462,0.0215358018924426,-0.0305423515513126,-0.0180981598435423,-0.011280327281384,-0.0222383204088053,0.00184326863891021,0.0090212054827104,0.0193746634542835,0.0360058506934414,0.0329488882474027,0.0218403045114039
-0.0437510827492481,-0.0120852769243048,-0.0237478834082913,-0.0308627232708282,-0.00788129967561888,-0.020817905916779,0.00651666188758999,0.0293821978921592,0.0218931710827562,0.0300640445147068,-0.0386920231049666,-0.00924597589922309,-0.0178686615871255,-0.0235310865005706,-0.0023331207946027,-0.00390814051210599,0.00672424389225278,0.0353147190087784,0.027776809392461,0.0257886558205539
-0.0391514567965762,-0.0224781803519857,-0.0166202095890924,-0.0334517340131375,0.00349390614081871,0.0127576262335637,0.0190315744512386,0.0306845914358628,0.0363561603189628,0.0124940896047246,-0.0322519089147227,-0.0175632045931965,-0.0123949950614682,-0.0104204282531697,0.00280799025824643,0.020796981454635,0.019977629056731,0.0326039047646155,0.0375369345515011,0.014829242125398
-0.043629845936668,-0.0177782341569241,-0.0188656833771285,-0.0323849281550386,-0.00656751136111611,-0.0126044709744168,0.0135281304090183,0.0275767915281668,0.0271565234695502,0.0188895785412957,-0.0393115788630794,-0.0161182114238592,-0.0164491321205876,-0.0255142827203993,-0.00674711629462967,-0.00730929258537016,0.00975678239488468,0.0277343317853131,0.0252526266881982,0.021033062108354
-0.0384512193263284,-0.0220414562870573,-0.0161775983237906,-0.0324036855347535,6.74269016912602e-05,-0.0164109173475743,0.0112768012098889,0.0242408689285711,0.0316129994000663,0.0162300714206027,-0.0350676147725002,-0.0199930936597473,-0.0105695410252252,-0.0222316827323758,-0.000422573834810247,-0.000410337027652912,0.00918063445603376,0.0291757204679258,0.0325362373241979,0.0168103685986661
-0.0405696033055959,-0.0217244130518677,-0.0182851811711825,-0.0309370550321361,-0.00340384275809826,-0.00145588975254351,0.0136914784935136,0.0333164457055195,0.0360244415751724,0.0249942487272475,-0.0300336518452308,-0.0176464046710767,-0.00868459133368498,-0.0198168179897596,0.00761485673239791,0.0229129838548776,0.0276502084368792,0.0213119955094232,0.040811686872681,0.0124113279195726
-0.0340730541095248,-0.0184599123884439,-0.0207350895963547,-0.0290807713338167,-0.00460134709871103,-0.015437466969189,0.0186931857564254,0.0240421953033991,0.0279805921773597,0.0296220156708255,-0.0325966979501601,-0.0112388894267966,-0.021809421030897,-0.00638052399773514,-0.00836004822403278,0.00752040758557821,0.018769970711366,0.0321420944142236,0.030741579914357,0.0223193153286775
-0.0407317851268113,-0.0197841849467251,-0.0209097203935275,-0.0272499348635988,0.0011873919423427,-0.00698672313645911,0.0125677552557556,0.0326977910771318,0.0222964129617049,0.0356911338794281,-0.0367858352261951,-0.020069561685899,-0.0153263832530182,-0.0275477464058787,0.00162308569966174,0.00506619410177543,0.00662774504166704,0.0420737493582564,0.0238743742336335,0.0342418020918165
-0.045057785643194,-0.0194882427216467,-0.0264090595400647,-0.0310909480107609,-0.00413527523698678,-0.0155365961678903,0.013446511739825,0.0221010107796353,0.0252913088152322,0.034421845535607,-0.0300089105398799,-0.00212572665830565,-0.0151108813565564,-0.0195844215230446,-0.00994446303998167,0.0031696540302932,0.00486406596896204,0.033841169753018,0.0298424125123109,0.0133101289371416
-0.039056729942588,-0.0201341244476811,-0.0186607119815018,-0.0292509517683464,-0.00192275463844172,-0.0057692251795191,0.0168180247876748,0.029227769909495,0.0275586029522215,0.022031701268811,-0.0339112333238423,-0.0177143856050356,-0.0143187347043383,-0.0274702544518283,-0.00170478177420848,0.0020029254912331,0.0128404010218472,0.0349039291088358,0.0292849515315332,0.0238830950158278
-0.0300026169446601,-0.0183629992445873,-0.0176696349505218,-0.0287528013152554,-0.0144289777445221,-0.0276009470638394,0.00929224806251181,0.0222097016982066,0.0239813276205784,0.0325288001561917,-0.0359184453164426,-0.0131718236783982,-0.0175796583958803,-0.0229053096013203,-0.0154314938202764,-0.0225093946433744,0.0062638875927653,0.0208712286608148,0.0227144125255043,0.0316864725509576
-0.0433000844286422,-0.0169137746155062,-0.0313628478244612,-0.0327818087700057,-0.0111383717858007,-0.0186420615657631,0.00697697148825323,0.0220203557185676,0.0204534322634757,0.0285238119403324,-0.0382445489221369,-0.0158456325703498,-0.0258331118168525,-0.0288882710872618,-0.00712088743363909,-0.0118272683156137,0.00784173264302678,0.0295950391077283,0.0250190834359435,0.0297026862904946
-0.0420947745724523,-0.012369858273694,-0.0200880861522896,-0.0271238280747248,-0.0104270199539922,-0.0305932687882151,0.014879045476098,0.0159606585170813,0.0317873935334992,0.0211671332039488,-0.03642664926803,-0.00676765842540791,-0.0154583554036027,-0.0133909660489644,-0.00874443804168028,-0.0133557723180338,0.0136944419002988,0.0277999801712113,0.0317179732762834,0.0262538931796429
-0.0357273945378525,-0.0200121569239052,-0.0239386704275632,-0.0299767770007552,-0.0101453363879771,-0.0218084267080764,0.0085874275577854,0.0296400987548097,0.0264261043949113,0.0275025235963432,-0.0299460909654614,-0.0166858185040674,-0.0198347533276667,-0.0243773069918762,-0.00709153136201877,-0.00880888666231941,0.00695719675793372,0.0384669919164419,0.0287105563951814,0.021128894274926
-0.036280637546961,-0.0206051438071974,-0.0211817180239429,-0.0293595767818069,-0.00913333042711859,-0.00748405105662092,0.00455850201842933,0.0391707865535763,0.0242461013091538,0.0204693269115037,-0.0345289002793038,-0.0157008674063511,-0.0186905133460862,-0.0257153514814601,-0.00841376939561647,-0.0031216263901181,0.00231327813462896,0.04249494973589,0.0298360139068178,0.0216571844152134
-0.0308812148032031,-0.0211240589606397,-0.0180687711126031,-0.0305624569281974,-0.00211314928929481,0.00252663000678953,0.0147547778967283,0.0368507809823547,0.0317377310686877,0.0166504473489785,-0.0283510830583997,-0.0192646869075263,-0.0155994084443605,-0.0280099844703496,0.000648927717541245,0.00367966687513844,0.0137651314832239,0.035538431804026,0.0331576780240878,0.0186097481047577
-0.033252720530197,-0.0242593035971439,-0.016249898300735,-0.0322599276101357,-0.00149058827836159,-0.000466516753349692,0.0141361741289128,0.032173960385628,0.0284412231000898,0.0162103792267633,-0.0273046674200584,-0.0248942215061787,-0.0125169621247046,-0.0304395721291671,0.00397231954697914,0.0091409903022075,0.0161450790617081,0.0330492896972333,0.0339183544424751,0.0167567471333286
-0.0327240115380096,-0.0191061256522822,-0.0154531370436915,-0.0259074143497614,0.00223593410788716,0.0144346237931006,0.015545686668222,0.0315336388977146,0.0263863882816109,0.0251085875313494,-0.0277762235681384,-0.0217615769325131,-0.0146686263855345,-0.0308440436450524,0.000650591489474537,0.00597370840305892,0.00743953554439763,0.0255496629262119,0.0270169843512813,0.0199547713110039
-0.0347206661182099,-0.0162770286781484,-0.0240267355864122,-0.0260638634964697,-0.00905650743156916,-0.0111498673507811,0.0104400281247719,0.0293363417214337,0.0223062772841296,0.0243639539071762,-0.033289362848521,-0.00893768380289491,-0.0231368114445262,-0.021753912192424,-0.00391260162529953,-0.0117419802631633,0.0103770499146301,0.0323433003091592,0.025833341476808,0.0220296506844517
-0.0352052019207046,-0.0165673751110064,-0.0127768331877543,-0.0278003619413245,-0.00371231437520497,0.000940335994888229,0.0144469168622197,0.0237858053144049,0.0214058607782444,0.0223304077686593,-0.0321411852904088,-0.0133582385158358,-0.0175096439314995,-0.0251580448099381,-0.00606420290682168,-0.00163859036432169,0.00900864798985971,0.0303375144727452,0.0269928519010422,0.0221846898572073
-0.0291001199873589,-0.0205671815615961,-0.0205293305095442,-0.0282957179671537,0.00287204263500947,0.00241782414150391,0.00791334632970874,0.0163797999595532,0.0194701928121656,-0.0141204297400969,-0.0297207874566194,-0.018731924402227,-0.012005729384511,-0.030007264340511,0.0142370159166965,0.0242331004187081,0.0162534008921059,0.0270947763326524,0.0316756269053,0.0203061811326557
-0.0399861095557693,-0.0138143899314778,-0.0247392771285599,-0.0218096109560995,-0.0162647097870765,-0.0244892649631307,-0.00422677104598748,-0.00870409076871764,0.0171146252355318,-0.00577192434756689,-0.035597699702621,0.00899253253867238,-0.0211418643484588,0.017930544751278,-0.000310717195825796,0.0229063067095159,0.0120530539957712,0.0223013285493846,0.0233920760713231,0.0240461272049024
-0.0341476655345885,-0.0171870723896806,-0.0197954629343917,-0.0254262400822296,-0.01229668794301,-0.0295641948977549,0.00786890390423435,-0.0164532728265124,0.0296969430805725,-0.00228898483734929,-0.0347179599372071,0.010805455194188,-0.0200260400209632,0.0225376295887121,-0.00839818250809232,0.0272699921680404,0.004678007516999,0.0282822855510481,0.0229267966417272,0.0271745625321058
-0.0453472213647799,-0.0124585721972409,-0.0240999049661815,-0.0271968903038962,-0.0089164528544024,-0.0320752878572523,0.0112854228441065,-0.0170154622445368,0.0342526849237401,0.0176228569486377,-0.0350096175176929,0.0125754061333616,-0.0226310295281386,0.0217418207309425,-0.00651897616803027,0.0286869719623341,0.0174109899127525,0.0293569175771117,0.0253226701386221,0.0229402989536356
-0.0425387264275037,-0.0160192646414851,-0.0303276098955796,-0.0235958507973306,-0.0149141052148812,-0.0288248086245932,0.0047614782914315,-0.0244539179739595,0.0280066193332179,-0.00629957534947247,-0.0331893675542571,0.0135797984104389,-0.0210377702884236,0.0224642414769332,-0.00549248889460403,0.029625828849952,0.016964082943769,0.0291425776448196,0.0339333282221995,0.0180579760393653
-0.0446889720364147,-0.0156275160334098,-0.0296498987776285,-0.0244575564328932,-0.0189539233485647,-0.0281510816854495,-0.000375788494977665,-0.0268357066748476,0.0240416870823668,-0.00872609781081931,-0.0355410188599375,0.00937839655703836,-0.0165022921400675,0.0269938458070787,-0.00839262441336593,0.0323450878210869,0.0151878490625909,0.0336168782416225,0.0339467537566927,0.0187358639391089
-0.040606307209061,-0.0194788711148367,-0.0405521657719975,-0.0194543507264895,-0.0381225832971676,-0.0202633301173841,-0.0205272735986327,-0.0294535621489916,0.00862199714878003,-0.0223426962129089,-0.0324150673708778,0.0228341133793968,-0.0320362315206636,0.0228826696037432,-0.0294519763638973,0.0244688290568928,0.0108089043233907,0.0337678233028684,0.0338651673639827,0.0170718987440009
-0.0448243282512305,-0.0151956273347191,-0.0299035486581789,-0.025149436545443,-0.0143799828128422,-0.0297807379680996,0.0035922420135826,-0.0252614529136258,0.0286310064222919,-0.010487473391578,-0.0358938573586685,0.0162127168706573,-0.0127080778171666,0.0350091612942775,0.00529724334986221,0.0383429345806505,0.0239780297803963,0.0320974717290321,0.0419502580803527,0.0125800848084484
-0.0425657675529864,-0.0178206884549084,-0.0276348600582865,-0.0245961838950659,-0.00925359977203626,-0.0301202511745912,0.0198355146725024,-0.0220839284748181,0.0323689138532954,-0.0122457975750487,-0.0331552318661445,0.0239507928051229,-0.0135135816285599,0.0384091200646062,0.00547540228555536,0.0422044537323546,0.0265919530826485,0.030196155987011,0.0382290800535146,0.0157322560348356
-0.0406707995220571,-0.0108723863115046,-0.0298928543309116,-0.0225168359789673,-0.0167176927313883,-0.0299743490079194,0.00339917760268716,-0.0286509336457072,0.0247213908446386,-0.00913574172978668,-0.0326754120807635,0.0175268302828436,-0.0129048119119555,0.0304059019899159,0.00841297933190902,0.0321935590412459,0.0261326662951814,0.0247143754950316,0.037619821956387,0.0145286216525195
-0.041977885803641,-0.011967945698956,-0.0288579044085339,-0.0236127639592745,-0.0137954515161125,-0.0290002084538746,0.00615918263963905,-0.0236863284240607,0.0269786610728315,-0.00881424479008562,-0.0360589833484679,0.0150318544706506,-0.0149073347717757,0.0310130840242539,0.00689657802347436,0.0348161019118403,0.0263599853576139,0.0318912291505991,0.0355616687940187,0.0180667608500632
-0.0373879012872368,-0.0178303514147015,-0.0301677022827572,-0.0235749311337022,-0.0137105658016086,-0.0292346372790699,0.00367135676405865,-0.0284792272585772,0.0289965062151217,-0.0159745780524983,-0.0388161622555351,0.00783166807577311,-0.023479259176382,0.024012747066672,0.00254311600202295,0.0323292650430091,0.023468940706405,0.0294095736991588,0.0385362678607548,0.0140115496812674
-0.048247411926674,-0.0144576079780586,-0.043625645938765,-0.0188740276669943,-0.0275279554305393,-0.0279190268766072,-0.00410883011019439,-0.0291875951979573,0.0251935664589188,-0.0107851786427897,-0.0383329237706894,0.0123485642708592,-0.0303685943749959,0.0184714722583522,-0.00290673805872619,0.033271275151225,0.012779212586505,0.0343776042847485,0.0318575426824708,0.0220588412490118
-0.0440006011821738,-0.0166552202257949,-0.0272549992693664,-0.0234939488091565,-0.00924319136606866,-0.0289806848839821,0.0136350323333565,-0.0290699352097222,0.0380364217264996,-0.0181411073616968,-0.042619631470472,0.00790149099269996,-0.0300315640859928,0.0255141019601964,-0.015161260936717,0.0366669468175196,0.00338656047656893,0.0373695224663121,0.0326149944098107,0.0263599081397638
-0.0458168821091929,-0.0138560612859605,-0.0341617559524657,-0.0235522130687378,-0.0153221718883961,-0.0296325247244796,0.00305232472682472,-0.025532744840056,0.0254834560048154,-0.0126594725007409,-0.0341508484587236,0.0151483415787465,-0.0125954022627779,0.0326766993104779,0.00632618989299177,0.0362747799121649,0.0240529459567212,0.0327396580398641,0.0384247934955208,0.0132288189034686
-0.041858055269319,-0.00904649631682396,-0.0292451583344675,-0.0201490591146782,-0.0166651268283517,-0.0291511754797684,0.00279953467132799,-0.0314341570365142,0.0264309366652606,-0.0122894631541304,-0.0349920267052525,0.0160649006298037,-0.0182438864220414,0.0344389971923602,-0.00378930016391815,0.0380379630712524,0.02188417371873,0.028114087444874,0.0374868350914565,0.0126126899770888
-0.0459544727906385,-0.00977977050551919,-0.0387701830432557,-0.0226567345328721,-0.0214708735906478,-0.027875524896862,-0.00597266630736437,-0.0283794493791649,0.0271929803491083,-0.0166782913957212,-0.0381324669487247,0.014522025879283,-0.0220646635713998,0.0297834628281849,-0.00488503065382049,0.0355994317891348,0.00930936535549076,0.0371055547271609,0.0268485350376059,0.0275466281365109
-0.0446679758252854,-0.0104408498260245,-0.0307711457738542,-0.0206254931898441,-0.0111604879335247,-0.0280696663273058,0.00869747580514075,-0.0276147971987742,0.0355596611858426,-0.0162521555044003,-0.0371933244792738,0.0113794192481441,-0.0174513220949012,0.030015264378017,-0.00261372279704496,0.0340261701423939,0.0169248439813277,0.0325655059824468,0.0349774480177778,0.0182246847112604
-0.0426977554060559,-0.0110106284368413,-0.0288821963277608,-0.0244944463290906,-0.0080984912845514,-0.0307081644751466,0.0117553702912221,-0.0270398931844571,0.0302216522413168,-0.0163908098796704,-0.0386545685657328,0.0111550030488435,-0.0176410102253191,0.0341538906268218,-0.00256408938898862,0.0373964589997337,0.017317625746592,0.0350999439478125,0.0315470254754661,0.0232381216494974
-0.0418543816520926,-0.0165729188209029,-0.0241633303701244,-0.0262185109067267,-0.0101101004027483,-0.0304641184398865,0.0105549596470663,-0.0246385652234132,0.0327076541569462,-0.0110928046830809,-0.0403538025941397,0.0102576074581041,-0.0202559127503601,0.0335754148642144,-0.00502141451431729,0.0381942368483545,0.020437653282582,0.0359364954346378,0.0349755732009996,0.0251424105003669
-0.0410813100304278,-0.0180414805392589,-0.0244123046681416,-0.0296560039678443,-0.00833617106053537,-0.0314489607472161,0.0138946769099285,-0.0217392193292788,0.031117225132823,-0.00898969829926589,-0.0336654076483745,0.0131331491388953,-0.0135640351564031,0.0318400829149292,0.00612294478742983,0.0355099346134786,0.0248691666896115,0.030322262220644,0.0374242753602437,0.0152585450765677
