u1_1,u1_2,u1_3,u1_4,u1_5,u1_6,u1_7,u1_8,u1_9,u1_10,u2_1,u2_2,u2_3,u2_4,u2_5,u2_6,u2_7,u2_8,u2_9,u2_10
0.00721954975003686,-0.0124318498574006,0.0164178113139586,-0.0170800490240613,0.0276653534686585,-0.0245847258280662,0.0479406329257656,-0.0277829304165581,0.0718782484240591,-0.016508253248941,0.0122429776428314,0.00230409138606301,0.0179235051846011,0.00849922341678322,0.0374395683986802,0.021154110362418,0.0585995660829217,0.024908278904812,0.080000307480106,0.0200964211016533
0.0257562416436321,-0.0256405510912862,0.0321544192024168,-0.027904781428561,0.0322001706632408,-0.0279181851288318,0.0587404030516404,-0.020569096416533,0.0884999873759029,-0.00637259189623434,0.0204265692840509,0.00692415831740846,0.0269775330859451,0.0100637528693865,0.0449652902502303,0.0196544456396552,0.0664367354396801,0.0246069941042229,0.0887319664994656,0.0224811303360526
0.0102756414260255,-0.0146614101103558,0.0328740440986185,-0.0243694692743945,0.0461869222060051,-0.027627588228157,0.0734323152139308,-0.0203076484864732,0.0940063097170069,-0.0122848158868019,0.0161051919044226,0.00321716107835782,0.0422104732894886,0.0204449693536276,0.063721595269832,0.0231983892192554,0.0852013756405823,0.0236164370410052,0.0956298700457007,0.0139586879455809
0.016581332655352,-0.0195405994420921,0.0220944363041305,-0.0209035132484879,0.0340215255968223,-0.0284867427055117,0.073770509573235,-0.0161791325319592,0.092413869521359,0.00389315278063225,0.0189726718457756,0.0053345526149633,0.0421867325826851,0.0200258510848115,0.0565807445545796,0.0222207131530423,0.0874674493209532,0.0205641490681786,0.099207917956726,0.00767439239497068
0.0150469583789515,-0.0246835619362992,0.0295494315456431,-0.0290446551591462,0.0373356486071885,-0.0293279043028525,0.0448185012728183,-0.027098291672695,0.0735962362085159,-0.0139900291142397,0.0149388684909925,0.00629383173669459,0.0337531154845842,0.0148998719897522,0.0492937539414123,0.020427320722114,0.0625430715306447,0.0209999853127489,0.089644993018048,0.00939708223008403
0.012425044618095,-0.0179427669691496,0.026623840092905,-0.0242587179471499,0.0358442850966241,-0.0269102349360994,0.0537767039522823,-0.0252882820695744,0.0796622683074502,-0.0145593113855419,0.0224791123344315,0.0113887488301805,0.0452784969533374,0.0258641623758507,0.0601705074565925,0.0268907086718282,0.0790329908778504,0.0256943518085151,0.0935300303000404,0.0123117148534383
0.00977569321241194,-0.0187336043659301,0.0263306319891914,-0.0266358477507148,0.0412063765735253,-0.0305982791675134,0.0620031719979533,-0.0229450021268575,0.100592347141752,-0.00990506468346341,0.022172987592705,0.00968055634159131,0.0438781044698693,0.0252174432385947,0.0569753045063068,0.0272548766297168,0.0774553179248705,0.0256345713492752,0.0954394506186689,0.0109134809731584
0.00579953741852982,-0.0208169468930628,0.0184288486567238,-0.0276861990414156,0.0308376505744348,-0.0312490137839586,0.0546209640107276,-0.0220457099444263,0.0853639706712825,-0.0085503349377825,0.0136272965838,0.00661392063129847,0.0281492507546922,0.0200571686726992,0.0492518623007335,0.0270470090896535,0.0763329188303212,0.026066133645975,0.0950670067325889,0.012461645605669
0.0100803007253569,-0.0182926062611036,0.0308804712520409,-0.0259596171708356,0.0449190772664109,-0.029779963892858,0.0615453069490981,-0.0194284732883533,0.0853505624942765,-0.00696536934874815,0.0226803848372257,0.0140281258911972,0.0465958260767953,0.025324852963967,0.0687564266113206,0.0269275825758005,0.0903938295531948,0.0157600002512007,0.0999087698012081,0.00667924246593001
0.00476443456368427,-0.00753079630903898,0.0247381126538237,-0.0209089851087665,0.0435713375734372,-0.0269094598696679,0.0692375165513986,-0.0206369636763432,0.0917764927042823,-0.00588046709677934,0.00908104872913737,0.00438736303189765,0.0322934788497996,0.0223756672239639,0.0578640942286965,0.0290890876728015,0.078930881531957,0.0254805355997255,0.0953949097234738,0.0105529452056706
0.00450827346242107,-0.0115303697149819,0.0214714084923536,-0.0248462747253087,0.0379555199101011,-0.029684804457308,0.0622177820801202,-0.0153849349131401,0.0895279329145965,-0.0048225595904261,0.0177051776321401,0.0125574148445659,0.0427018216597414,0.0265587135928078,0.0663710950935463,0.029209701651732,0.0879158354746905,0.0180919082573739,0.0963222759588879,0.00944599724639655
0.00888383673226971,-0.0239630247638718,0.0273395303234867,-0.0319220316109355,0.0452050732973765,-0.0304406033237717,0.0827079979818418,-0.0162079959592789,0.0974766903113932,-0.00484003572043284,0.0119210972107123,0.00846269320295998,0.0377509935761401,0.0290495779038778,0.0612341693693383,0.0319364743561288,0.0819120248460015,0.0305233543098404,0.0976205886586348,0.013634231870226
0.0168240562484082,-0.0222337538688611,0.0227736526581356,-0.025180314702487,0.0355618790149213,-0.0270807185354842,0.0440103299657866,-0.02688368035002,0.0707005074237252,-0.0224349989068959,0.0196467346414791,0.00991395060686747,0.0436972884246684,0.0186881370473326,0.0625907032869743,0.0302582956638308,0.07591113281565,0.0266409503869501,0.0926295533789382,0.0188675371903101
0.0230067372703806,-0.0211303814166753,0.0355338564169305,-0.0258629842681858,0.0325335267377755,-0.0183722781423977,0.0314072150714141,-0.0232269473910646,0.0455599794860826,-0.0283350376594859,0.0226433619908607,0.0139576485294878,0.0440747253490001,0.0225555319079701,0.0539444691079298,0.0200849490525304,0.068510671118597,0.0267566368190598,0.0871215467973075,0.0144026760308752
0.0173483103763713,-0.0258856183973335,0.0293096471105374,-0.0302489912465082,0.0342029496936825,-0.0223662427826595,0.0358269521113374,-0.0195465087179165,0.0697589300669842,-0.0137451832694057,0.0238530445142819,0.00723232258391608,0.0463164338056653,0.0152056788208172,0.0667507222787424,0.0254956898215165,0.0822910965555681,0.0195872363304116,0.0941543992250151,0.011047045497462
0.0108209341897583,-0.016048831682367,0.0282564524028263,-0.0309191706465199,0.0445178942578795,-0.0289802905994964,0.064195280123636,-0.0198519670774579,0.0830287658117445,-0.0072230672999419,0.0120232284763605,0.0148079822397222,0.036439887309175,0.0186813992914249,0.056625518580874,0.0231178337808472,0.0798297075055076,0.0190452374958271,0.0927276186644134,0.0132188961049853
0.00473603052032017,-0.0119832373746602,0.0305142943132076,-0.0291460514064798,0.0371817958729103,-0.0329708948123049,0.0430293668760404,-0.0343880358319107,0.0732828449516798,-0.0167508260860413,0.0215392712150173,0.0181989720570069,0.0458601990218496,0.0270398266352952,0.0578888013217655,0.029742398754737,0.0772344413071561,0.0216309421205856,0.0909914214779291,0.0174602960326026
0.00251899161041345,-0.0167135444170795,0.0200946268267085,-0.0226451120341367,0.0297176632032776,-0.0256363305119498,0.0322866832883226,-0.0262106830306674,0.0582100624847485,-0.0154511934854781,0.0224852657076949,0.0329458676623333,0.0261740854161281,0.0320319134030516,0.0394146072412044,0.0356560272971151,0.0741805995798534,0.0297630558253646,0.092636214461238,0.0136779991490089
0.0366691072684578,-0.0200258150936674,0.0348537742495867,-0.0238099102332763,0.0325667034143825,-0.0223858936478291,0.0390843067599541,-0.0260793587514467,0.0881062406219318,-0.0146299741637026,0.0410686802474599,0.0106674222649401,0.0557519807253888,0.0227409486112675,0.0645806526710025,0.0285106184981603,0.0752318716735953,0.0216608440225718,0.0911965740597075,0.0153398630569515
0.0152096847265586,-0.0190253191510795,0.0376169325719597,-0.0333893225261029,0.0409023184211317,0.0113943161377316,0.0523783328206728,0.00517482436173489,0.0723539843201337,0.0097752482676732,0.0143613175588864,0.00898959496937751,0.0350531185334265,0.0306682543118346,0.0601980043515573,0.0217518273487276,0.0582113362745143,0.0110099644497923,0.0882905263136322,0.00546233140650727
0.0099128224627866,-0.0133785826611054,0.0440432635654812,-0.0274509904263252,0.0512675165825831,-0.028919374351614,0.0456866877568975,-0.0139867486595732,0.0687863951629109,-0.00929074223275219,0.0152008217031891,0.0177569473816274,0.0505689547426153,0.0240077671727285,0.0724727048394763,0.0227737521877741,0.0766873374994593,0.0296616762922733,0.0910668407359125,0.0202407539779986
0.0155057905352151,-0.0227021688707136,0.0318693917371766,-0.0299627162931603,0.0344073940370761,-0.0285745983797162,0.0389802437176016,-0.0292407187741062,0.0758232242834203,-0.01775574934516,0.0192634864725637,0.0170351234684561,0.0411658872495449,0.023627080023867,0.0615342718155783,0.0279520550566437,0.0746272503799382,0.0266322527249986,0.0933616204998065,0.0117987588364272
0.0303222734005087,-0.0239151720944512,0.0327555213025079,-0.0275988307967906,0.0346261575512269,-0.0286062658281125,0.0526474209210266,-0.0236106593297369,0.0892736322018943,-0.00846447199346838,0.025412677337778,0.0179100275299204,0.0467115897130462,0.0255309951959378,0.0674656789582876,0.0289951332652544,0.0804567116142386,0.0253887797241242,0.0927998347889756,0.0131400035843987
0.00412831639669434,-0.0260088497736115,0.0204902599815832,-0.0311750658181907,0.0399490389631175,-0.0229921050881753,0.0744718135571422,-0.00861339581927028,0.0926835293286079,-0.000234054083062322,0.02821078147882,0.0326968093442388,0.0350017160913086,0.03299704331347,0.0519492532242803,0.0317938850269142,0.0847365533559707,0.0190084564381862,0.0991747368484226,0.00247318338607439
0.0202134610222646,-0.0191428722068701,0.0337419981009157,-0.0254245207319124,0.0404174147602435,-0.0261668375125604,0.0467695628892671,-0.0238483404561562,0.0727472817927505,-0.0165709705543395,0.016465337479652,0.0165948247482814,0.0329685323732679,0.0223442734200533,0.0551546212967505,0.0288654401797516,0.0823945328719168,0.0266057081829495,0.0940786025578883,0.0127323437458334
0.0101388490669101,-0.00732069064798247,0.0277855016899423,-0.0268451617251855,0.0424515707437288,-0.0325535937132437,0.0807360587039119,-0.0241966292278562,0.0957148197270958,-0.0100463830233894,0.0155961251658558,0.013259446782936,0.0320418457184854,0.0143005038997786,0.0515675578350708,0.017110013272133,0.079563906529835,0.0197563991817133,0.0921733065001243,0.00771464369497114
0.0235213669614318,-0.0259732393324362,0.0325349852277553,-0.0287611004348992,0.0333409238931754,-0.0274697766916476,0.0446610651793521,-0.0223157626228594,0.082102116332644,-0.0128282414327045,0.0234235824556694,0.014737312366473,0.0468360108717717,0.0251660867190702,0.0664791845530101,0.0311221144892418,0.0783113661332398,0.025323125584169,0.0924279507686347,0.0176926712735828
0.0195335580764957,-0.0229002932044717,0.0343859907466873,-0.0289513094398898,0.0367513083243508,-0.0293340204362269,0.0487890606095923,-0.029545077415288,0.08306574842689,-0.0151583586256607,0.0146236265316539,0.0118677818814785,0.0352330289291643,0.0221065610252219,0.0576132811365188,0.0306143149296722,0.0744884332350156,0.0247848438628616,0.0884582703529156,0.022770830706666
0.0108634679531909,-0.0143505643412495,0.0303503264880091,-0.0256965255751741,0.0399788468432253,-0.029426141530718,0.0647159940396869,-0.0216159598188182,0.0844873274681029,-0.0084560021918882,0.0208540990710902,0.016775588303942,0.0378220382251992,0.0249862423840162,0.0517579660960434,0.0282839950675341,0.0805895051617609,0.0273607809684187,0.0963210111690332,0.0102077699780711
0.0105953157299172,-0.0215395676950685,0.0310882540164194,-0.0290211639820792,0.0446770955732524,-0.0142743751827267,0.0628006346749966,0.00667719053186334,0.0919327201683064,0.0130032654789526,0.00867855204946182,0.00666653769846857,0.025814346251972,0.0167215430091131,0.0371999353718721,0.0163034661932615,0.0524384328935075,0.0115051063624772,0.0877694778634766,0.00829125855383726
0.0221216191253472,-0.0243520739621054,0.0360608385071661,-0.0296363984248036,0.0372317884351491,-0.028257860638803,0.0615236899573877,-0.00226142807998854,0.0750278836981138,0.0211945863487396,0.0217116927093927,0.0148086085322422,0.0515878710441711,0.0289726426168907,0.0620267416608084,0.0286690357449903,0.069128075725451,0.0247885135383955,0.0717270438419702,0.0248929009093319
0.0162061485074997,-0.02344919977592,0.0368103360155052,-0.0296684623579246,0.0469896522549391,-0.0285963869608309,0.0642865491001997,-0.0212512459874526,0.0823760892473024,-0.00628201314055012,0.0203597575820515,0.0160010631574382,0.0453866710509176,0.0250309858046025,0.0607057886271535,0.0280572079372676,0.0780008817145168,0.0260553972058507,0.0931741843779175,0.013773141045794
0.0178009718068911,-0.0241632410125024,0.0363745774253583,-0.027469201384731,0.0639433481001302,-0.0176624806958743,0.0829571398941509,0.00638520179919188,0.0914034007182314,0.0129622763158445,0.0172060003941054,0.0126758715008223,0.0414035968766705,0.0243245634558412,0.0653418943180394,0.0280048650395469,0.0858168899179338,0.0210683719292245,0.0919312652329278,0.00707163124000312
0.027653672601339,-0.0256310951011178,0.0419501142854723,-0.0283796485797509,0.0442185216511909,-0.0274677835643645,0.04941155125629,0.0104222580478856,0.076490118071379,0.0234820043639765,0.0359565769334274,0.0280743568700489,0.0648170625092721,0.0340078956162103,0.0702452418924189,0.0289985814153093,0.0571142969292354,0.0363719847779723,0.0767873142086837,0.0231180114179706
0.00558710105258837,-0.0181885861374284,0.0210793938427313,-0.0287973399305143,0.0389783988078055,-0.0320496876618216,0.056594426760994,-0.0255401247588996,0.086744968576323,-0.0106137430845594,0.0181574995382713,0.025826236932227,0.0370069384464726,0.0368255581275483,0.0590170926747073,0.0380145326193638,0.0782126779576865,0.0262723498616378,0.0951809699444896,0.0071993377700854
0.00576147647856835,-0.00983999058965959,0.0196779878023197,-0.0288196130145919,0.0262941825885132,-0.0263638950029324,0.0600662008889857,-0.00474488573581914,0.085993264642014,0.00750468211177835,0.0166871997511839,-0.0126288637378443,0.0233339197104566,-0.0227972887762183,0.0341142560364895,-0.0262278441350144,0.0623516835681686,-0.00269417656496175,0.0879978581816286,0.00483003836027829
0.0012704794904608,-0.000279374758780192,0.00565808117819715,-0.00178055371832793,0.0274783595123319,-0.0283282195336622,0.0313342815141791,-0.0292882275449134,0.0448031199631052,-0.0245608783593733,0.021876937094344,0.0189154737037466,0.0267231639335737,0.0201358083915735,0.03868237522183,0.0232255633263593,0.0611320723891539,0.0292577696910224,0.0887719876883472,0.0203283348836034
0.0117809827468434,-0.0171823183932874,0.0304228591945392,-0.027013754898898,0.0414968030211553,-0.0266509802707029,0.0722460236171008,0.00463272500185779,0.0805760670573498,0.026637199419139,0.0150362450907863,-0.0149757849106599,0.0294375084337852,-0.0243238795719305,0.0439095791017358,0.00145718644955433,0.0662098748399369,0.0213715845265224,0.0838040077313729,0.018722992471374
0.031214685426048,-0.0270126394329772,0.0327490046767187,-0.0319773642185038,0.0425770056304458,0.00204747527462594,0.0652704593376647,0.0278860887558349,0.0775100376595381,0.023605831303862,0.0232863209343023,-0.0156795484431906,0.0323101666410615,-0.0117316595067644,0.0330241489267873,-0.00494007832240213,0.0618103856990505,0.0205931497167531,0.0847990600109764,0.0181533331164754
0.0282563013222717,-0.0214753491794635,0.0311611131459855,-0.0330020402155652,0.046765403404029,-0.00284674221318649,0.0785937081950342,0.0301160306414475,0.0876810429689881,0.0208254334042958,0.0179519630621672,0.0123094111729417,0.0276483405129709,-0.0241379526342953,0.0359770333058084,-0.0180924274289808,0.0646551818509239,0.0224800476779472,0.0860611172537075,0.0152147046868686
0.0119024479855604,-0.0250494625710935,0.0248912768738944,-0.0147953922858065,0.0538860078556494,0.00704562660161091,0.0710514658663868,0.0379821687962497,0.089740403251201,0.0186075416637075,0.0117361117757697,-0.0159881010869647,0.0358771021986376,-0.0293147326807439,0.0549559988625799,0.0139186985503261,0.0710070703651797,0.00856334814209934,0.0876476097062333,0.00134225690420226
0.00906066640518963,-0.0257399050815338,0.028957299236707,-0.0290197056028119,0.0518853858467035,0.00387847549003544,0.0666185836090829,0.0299410838812398,0.0860868517693539,0.020839855948187,0.025014570744215,-0.0164300676953808,0.0356663206310464,-0.0228689340293163,0.0531275174468028,0.0051173283337825,0.0642319439450614,0.0266498343855073,0.0893308535809115,0.00829246814069854
0.0272644178184739,-0.0261940474410008,0.0387287918946395,-0.0318721850029302,0.0547023628219233,-0.00650350942579203,0.0713666920096154,0.0325604900542661,0.0889405842726806,0.00579810182240602,0.0181694070907669,-0.0163845380191207,0.0370507581965876,-0.0123692312806635,0.0537888754551127,0.0218255636707568,0.0673636087531906,0.0271872588730646,0.087616605697409,0.0120390019923749
0.0227304104791432,-0.0247771862722979,0.0326726209318505,-0.027148970424018,0.0456186194127294,-0.00507215951678666,0.0619069032872524,0.0317864580603564,0.0835721350116026,0.0191609649668189,0.0258785513617762,-0.0185154774960612,0.040320373375822,-0.021781211524169,0.0424624643385291,-0.0185985438234951,0.0613929635927138,0.00637093009951898,0.0826705177109741,0.00423252107461004
0.0204057793211356,-0.0262242793245021,0.028723020450908,-0.0197791126737431,0.0552218607206725,0.0207521591029353,0.0713295133065235,0.0140952596372559,0.09106300154836,0.00598939461767207,0.0250993202141667,-0.0264901653754473,0.0346102908205018,-0.0255789212040138,0.0549414679950348,0.00844296962089135,0.0708530080570046,0.0282228239536992,0.0974682289763152,0.00737824595164677
0.0108743743485675,-0.0231067100931928,0.0265009560136686,-0.0316511595214818,0.0482399336650759,-0.00374504825698775,0.0716745714580194,0.0288237788318826,0.0835774269113398,0.0153248823966266,0.00901522336663193,-0.0159058186988744,0.0283096757429461,-0.0223893929459957,0.0451536781546795,-0.00997120231058021,0.0681988729713631,0.0282087350957787,0.08063303566452,0.0238560701653449
0.0104727176278344,-0.0186427151052704,0.0302763340757848,-0.0296931104725131,0.0391253852844167,-0.0029081525494592,0.0604915116981352,0.0254396863939159,0.0695926356590663,0.0179578544444023,0.0203786255981852,-0.019016464546476,0.0343747927339898,-0.0283813814377294,0.0440251866142835,-0.0101834199971432,0.0583903635082795,0.0402407742898073,0.082834735297201,0.00933215089604936
0.00937184059556996,-0.0191407216386958,0.0302854294523595,-0.0106256449532043,0.0483788133754165,0.0164304998508365,0.0795240771425375,0.0261303028174186,0.0837755090205544,0.018821275496047,0.0177295470106709,-0.0193198680703063,0.0368880424400006,-0.0267004968951321,0.0435219033773983,-0.0197853190173983,0.0702188935241582,0.0216147143135747,0.0842235537788354,0.0160690150401715
0.0122044848902927,-0.0108027804251124,0.0281327322980757,-0.0332773617896743,0.0509413172385152,0.00584124206439804,0.0686501468771372,0.0329193021250603,0.0917698437535498,0.0124843490330666,0.0132851323985273,0.0106339152915246,0.0297503118027211,-0.0225846158715217,0.0518418990135072,-0.00338327824606493,0.0743721629106492,0.0268496922447601,0.0926609332371713,0.018767267429811
0.00993806806154952,-0.0155174731582091,0.0228501180965614,-0.0304112115967862,0.0446155434739427,-0.0188163325954307,0.0744907900257941,0.034283377926001,0.0793925186926997,0.019237614723729,0.0110741207975339,-0.00825866109705328,0.0228399164530144,-0.02324519096927,0.034144979794647,-0.0232327637887558,0.0652617687127857,0.0326603511369408,0.080245318541454,0.0231430747581735
0.0182838605038373,-0.0192961268587937,0.0380969942506777,-0.0146096099739959,0.0662495534508394,0.0267898380505051,0.100133767482947,-0.00476532561975953,0.0989908825939125,-0.00741135846358232,0.0197922530421663,-0.0178560199145309,0.0341195800451157,-0.0203415632932172,0.0615748882999904,0.0328771745343692,0.0970335013508032,0.0102690306060088,0.0972594063040139,0.00770695937313177
0.0128283980717937,-0.0159275998927398,0.0312916692141303,-0.02643503906335,0.0638702345149196,0.0275304017297996,0.0723487101137614,0.0206504425920079,0.0945205035768802,0.00577414163708832,0.0140175624591552,-0.010581604344688,0.0323097600217949,-0.0271839283017305,0.0524719183510445,-0.000525059074738443,0.0709225648276544,0.0279504585824348,0.0963225426662161,0.00729430808707893
0.0189864475356528,-0.027198904243732,0.0384176904117172,-0.00153676428210148,0.0633595888589103,0.0266298803129266,0.0728999329819169,0.0207199575495016,0.0924455151858857,0.010816942248941,0.0200796929511725,-0.0268860942663224,0.0338117089605446,-0.0186812002409804,0.0561145857063317,0.0160112223274865,0.0725159608111313,0.0236438461329544,0.0906241606987446,0.00934683822456116
0.0238514514219343,-0.0250694483487089,0.0341776124736303,-0.0309659112279048,0.0327129817689049,-0.0249760622534148,0.033652536456668,-0.0202225162204761,0.0659232914269421,0.0172385473117325,0.0161150146807208,-0.00516295744238364,0.0287636340740756,-0.015973532824103,0.029747156317592,-0.0149485004554825,0.0430500803413864,0.00179364827432309,0.070721152230984,0.0253944901759731
0.0219217651878373,-0.0229058846408831,0.0333399398045809,-0.024204033315829,0.0328368198133519,-0.0242387398686218,0.0545538553750144,-0.00624470420957127,0.0901012008438943,0.0176435501001629,0.0187176983533754,-0.0168493547239295,0.0333780083437298,-0.0207177721835681,0.0385116941034144,-0.0159595034057945,0.0660460607723466,0.02506220413525,0.0854459329591979,0.0190297207683493
0.0293434423133533,-0.0292234617330994,0.032281971447622,-0.0302075555349875,0.0313062362338021,-0.0276327398186377,0.05728090958962,0.0203572101576022,0.070218895259815,0.027978802599893,0.0235530610208756,-0.00297097586998505,0.0303374512393795,-0.00584938493891003,0.0329583646507789,-0.0178575214701997,0.0659794640015711,0.0280924584736878,0.0706630548397453,0.0272158888856159
0.0224662253778657,-0.0221837058071813,0.0298590324851905,-0.0314758884257503,0.0315314302452119,-0.0323042009528717,0.0426549176511468,-0.00930045478247564,0.0707570656085311,0.00971441208328278,0.0260853319037504,-0.0169774275552784,0.0277910454924681,-0.0186891633679951,0.0294431352394749,-0.0175660895809301,0.0621913851417388,0.0189889697207059,0.0805982416293325,0.0226690041859439
0.022056792773356,-0.0223662496887483,0.0286349632911467,-0.0318095642756186,0.0311257813643707,-0.030157531596705,0.0510260116388645,0.00493619811489665,0.0704356728145318,0.0319116428103581,0.027446716838426,-0.0203787438581088,0.0283057590210084,-0.0157599735655363,0.0336266937442772,-0.00870673187677139,0.0585061052791466,0.0218649066441868,0.070130620923443,0.0304526837277471
0.0057088272413465,-0.02267150883445,0.021191981396031,-0.0308859353614399,0.041257886655684,-0.00253241184719409,0.0650071975365839,0.0206358262144887,0.0950514104904074,-0.00334625139180531,0.0127432701038907,-0.00757066301952225,0.0252618897656288,-0.0206795971182136,0.0313548642348659,-0.0289143503349399,0.0515283732424732,0.0166219821934037,0.0731268935742279,0.0217749281037633
0.0128810847423524,-0.023637000946106,0.0289707199250259,-0.0306257859181791,0.0428533269659533,0.00392798040180884,0.0630681177779248,0.0270869904976812,0.0934245917825068,0.00519945063171062,0.0149461245559298,-0.0208330151674299,0.0341557057250771,-0.0290470756672524,0.0421941035385865,-0.00715806505569597,0.0640907442787325,0.0353899029435429,0.0891650796202926,0.0101595153136594
0.0212991469284436,-0.0256799276772448,0.0280203319717742,-0.0275992596964132,0.0329219699834075,-0.025944398373391,0.0646169490742093,0.0250013945415498,0.0830276588998754,0.0212095381092343,0.0213206447879745,-0.0193765045493006,0.0330784009897273,-0.0244340557298255,0.0348795470296255,-0.0102842074479872,0.0627557959626828,0.0261615144939069,0.0825895707945513,0.0189869168495546
0.0316997367585198,-0.0273584223934377,0.0319753099941365,-0.0272009930912189,0.031915974796845,-0.0269969629729256,0.0328896964590396,-0.0209676970124116,0.0798250997395005,0.0275382168004537,0.0212993835373872,0.00811384103743845,0.0334090918169527,-0.0249828436211629,0.033933670600918,-0.0248265670523452,0.0343552193249247,-0.0245315353351005,0.0745194638775804,0.0269402122755358
0.0104865871909365,-0.0190805869306923,0.0333661802037571,-0.029479252534071,0.0443385743860384,-0.0182976601974634,0.0644147647254288,0.0305240538376983,0.0800913522834621,0.0267855338943524,0.0163858965997067,-0.0163680431226238,0.0395977563735897,0.00600441689996946,0.0447312007402187,0.00570337557796151,0.0650504024141333,0.0294674287678502,0.0788936377972079,0.0241769207005222
0.011081024582818,-0.0142544841547032,0.0352848684347043,-0.0291560440456312,0.0406213423961908,-0.018954966502658,0.0679978844388582,0.0370953365229199,0.0883274766498207,0.0186267178705481,0.0140474981583938,-0.0112055589261783,0.0354501889787395,-0.0238390307294209,0.0425851400709106,0.00232379280664717,0.0642510597643307,0.0418694240419787,0.0859534145517572,0.0177011743863502
0.00667538602650206,-0.0136006806713612,0.0288015833096825,-0.0291638284608326,0.0355778816316053,-0.0127314001908816,0.0556720837960795,0.033214012485542,0.0754686881888295,0.0184786019266461,0.0136465976949953,-0.0125445596242332,0.031905015281679,-0.0269142046132192,0.0400256714895613,-0.00448411798453379,0.0595373194227889,0.0371748313950158,0.083656003378888,0.0166827892627302
0.00735781541685685,-0.0237584839525924,0.0254365625822129,-0.0318517146089411,0.0320744059072656,-0.0247041102363376,0.0627052930372329,0.0238558499212808,0.0799992643052262,0.0185746694331867,0.0187833520074391,-0.0178233242483957,0.0310906353901835,-0.0294626767769581,0.0459561130549709,-0.0220673757313553,0.0595800158376869,0.0384358951822728,0.0766787335208046,0.0205054576329852
0.0115333803232961,-0.0164896903004572,0.0293038998704229,-0.0294237060540546,0.0438597390153747,-0.02144814241855,0.0680617682632616,0.032107439726874,0.0884625163839105,0.0130411438856043,0.0157836147962545,-0.0191839422668351,0.0343907824741004,-0.0320617167465529,0.0497259946362109,-0.00606314073766212,0.0709585048243204,0.0334393340025957,0.0918631906269554,0.0116959999950573
0.00942214412037297,-0.020932027065946,0.021185390004864,-0.0239229653842231,0.0348147387925274,-0.0243031574834661,0.0572734798177695,0.0402032676661874,0.0716283523174472,0.0269456853162005,0.0144161607077201,-0.0211351552187135,0.028685607722891,-0.0242461662737946,0.0392718900429985,-0.0237359178854636,0.0610333876949079,0.0336988784438443,0.0772182921078787,0.0232477430569639
0.00516645074490651,-0.0188072692375045,0.0264600379108676,-0.0297663425211407,0.042614549851909,-0.00749701921313399,0.060018817875134,0.0260792104208049,0.0909386750262308,0.012005604555152,0.0130716977716464,-0.0188929619228509,0.0246834069085916,-0.0296094910578906,0.0506771587269074,-0.0087230056330015,0.0662363357434833,0.0344683199658726,0.0883114504007776,0.0098634781391253
0.012388432503861,-0.0175587749447102,0.0284662675323849,-0.0243004652515717,0.0380059823102733,-0.0238257246220486,0.0597884066674071,0.0221336185755752,0.0837014826085271,0.017394757873008,0.0199793119761753,-0.00957261549651768,0.033196837964562,-0.0231112734075809,0.0404530190579951,-0.00870071944741183,0.0622422407717081,0.0275028252400404,0.0843491272421673,0.0137772544970333
0.00357133922497208,-0.00862183975857375,0.0278085176092112,-0.0303221313248795,0.0412356515267182,-0.00426690957349445,0.0566574451940589,0.041394822328298,0.0873242987939546,0.0148115724689839,0.0125599893760345,-0.0155525801265038,0.0351684981802552,-0.0271287413184931,0.0469775499651721,0.0113159775309213,0.0579589740440845,0.0376512485412802,0.0858382847187769,0.0106924646649904
0.0107392733077351,-0.025162055546318,0.0308096569890918,-0.0270985053796556,0.0509720132220372,0.00323536635590842,0.0664102824019071,0.0335980888783024,0.087697090359302,0.0141573775589068,0.0151863100481851,-0.0187066550038222,0.0346844482567683,-0.0276289150474189,0.0514884546488834,0.00192016705151661,0.0672885426566757,0.0287383771948959,0.0927500488336771,0.0101698168504939
0.00959190317201616,-0.0140001121617552,0.0295945653918249,-0.0303972211436318,0.0511255177211359,-0.00826234545999398,0.0631021083623288,0.0262304149155583,0.0777963479980863,0.024286606908494,0.0126701890125941,-0.0134495529909462,0.031856643070534,-0.026687271387032,0.0493203131604903,0.00505796505103322,0.0649836051582832,0.0322078587004163,0.082109767204591,0.0231738316594819
0.0079497110178594,-0.0141094184328594,0.0280695814103762,-0.0265397633259649,0.0567813254658763,0.0290052049049162,0.0767968414296935,0.0318354982232668,0.0940461069251275,0.00649992414167673,0.0180888964668088,-0.0116798494513447,0.0348483871427746,-0.0232952426035154,0.0521402091646035,0.032835705619755,0.0791162705425776,0.00706613517852024,0.092729923747899,0.0039862839393974
0.00772376432346339,-0.012171985659252,0.0324111115245367,-0.0271216814493883,0.0497337755667051,0.00866988471965337,0.0685548346108602,0.0355408952516898,0.0919772339288928,0.0108637936753061,0.0160050897565741,-0.0125104479155864,0.0373128981214387,-0.0234036525216309,0.0514515657937382,0.01316827484348,0.073644179343834,0.0262684592763145,0.0958099738037899,0.00429027427755838
0.0151737760189883,-0.018514938887116,0.0364786438499266,-0.0248158166572515,0.0490355693916056,0.0305698384025507,0.0705569470961146,0.0367027321159461,0.092497163420097,0.0111255243731174,0.0200128402564514,-0.0172976491889497,0.0401211139600936,-0.0201637802706252,0.051880848278908,0.0297983949682558,0.0761562913827232,0.0240953147710307,0.0947209814318925,0.00363942239446421
0.0153934709935034,-0.021770584117429,0.0351161858649042,-0.0335880050376372,0.0537843814225149,0.00297116485988732,0.0755050326047672,0.0318829716299027,0.0909398743606063,0.0143847455324637,0.0125322262878398,-0.0116496309360852,0.0343206386765655,-0.0318751240359187,0.0535022700771556,-0.010468549087902,0.0729710132559665,0.0277803951271356,0.0885839968848007,0.015990954444954
0.00987188433292493,-0.0228687161785956,0.027465209626053,-0.0291946194713257,0.061043510414509,0.00821895093579461,0.0794754846976408,0.0350318401592149,0.0837963225264838,0.0236168799294298,0.0193515519212155,-0.0169859637951683,0.0495874831043181,-0.0164613106299311,0.064239025419699,0.022288006174366,0.0794573098163657,0.0176466303057882,0.0923496080051678,0.00853732882127365
0.00992261415796045,-0.0159913286368314,0.0337680438517149,-0.0330242717491509,0.0515954487837096,-0.00147745887232972,0.0694030782586748,0.0300374300574311,0.0882864180743786,0.0141550802809383,0.0154577178967269,-0.0147862658695886,0.0386603526943145,-0.0305917218409478,0.0544386011036088,0.00139875872995291,0.0723321954869541,0.025997143778737,0.0895115220933132,0.00799558817180691
0.0152440006763397,-0.0279716345427263,0.0291465605248629,-0.0245949934704942,0.052924338595666,0.0216145455641039,0.066004595741786,0.0347028519906319,0.0921422045275426,0.0115559808839721,0.0151741131791538,-0.023113009460507,0.0342309065807111,-0.0241717198949054,0.0478168623901087,0.00221964499823153,0.0633856429272445,0.0408306002232305,0.0900085785214803,0.0157426224952473
0.0139575642106762,-0.0282259233159506,0.0298252557686603,-0.0329698694466075,0.0444860230732097,-0.00830473878922683,0.0618655923713305,0.0292830067013214,0.0827680581515914,0.0135219542256534,0.0160335317054992,-0.0215275267331075,0.0326808252094857,-0.0257724896090182,0.043688047040194,0.00276800435671594,0.0612461101912586,0.0286663478082934,0.0849481873437503,0.00983207909866051
0.00741718069168466,-0.0253148168160491,0.0288909272801266,-0.0305944175629009,0.0519387475892374,-0.00397497015432103,0.0646663526339715,0.0372469217144936,0.0863408612179776,0.0205043626758908,0.0105136078128452,-0.0208676063203164,0.0331711533058206,-0.0265483441369915,0.0474559943863793,0.00392153595562131,0.0615475973902069,0.0381474993489412,0.0814873207005852,0.0218077377218218
0.0124947236272103,-0.0231783955106657,0.0360814074555077,-0.0300505446739031,0.0443111616171708,-0.000269810964627071,0.0573247015386351,0.0390306713954636,0.0872377632436048,0.0149511608406392,0.0126230867054812,-0.0167434458256014,0.0397519773302173,-0.0240461661746935,0.0423602280873166,0.00719197526366242,0.0539663491927287,0.0354882978374344,0.0781603367809857,0.0228151468180147
0.0146192417297057,-0.0247547089207286,0.034190298345254,-0.0314395951822078,0.0528487363329977,0.00680680712550067,0.0677105615023177,0.0293468537280021,0.0835674271299082,0.0159497509112773,0.0168352051383278,-0.0177778362565913,0.0348892982844464,-0.0267031849526738,0.0521988221489785,-0.00423142276593836,0.0675858875501222,0.0284511808486077,0.0805505491593792,0.0197051846466779
0.0246004408148672,-0.022036110497916,0.033097527745419,-0.0254584075081455,0.0515880130010072,0.0106915551692915,0.0579062669233049,0.0326658045163123,0.0823176411849089,0.0172901814458532,0.0250609442160961,-0.0223398888213456,0.033339115460603,-0.0275288265315334,0.0477427031340204,0.0071857533770455,0.0597751733828919,0.0332781243795023,0.082967186971819,0.0181884944892173
0.0157416511848253,-0.0175205275280323,0.0295997560684726,-0.0283592634509092,0.0539906930194028,0.0217029892027598,0.069607738707331,0.0298724864781583,0.093844626168234,0.0012614564645211,0.0252307238800584,-0.0051758001504871,0.0304762659336533,-0.0261050794238963,0.0599274873007625,0.0227283984831974,0.0772898031412534,0.0202649432772883,0.0913007930989493,0.0067389102786925
0.01608398407754,-0.0191239175218342,0.030425611211444,-0.02544029892383,0.0663517081526052,0.0300943674714738,0.077255025015988,0.0130470769632158,0.0894299515416595,-0.00326613224643565,0.0179970276157698,-0.0165479353307305,0.0353391186391605,-0.0285402717976371,0.0650428954000853,0.025159653438492,0.0784585876613495,0.0202203715310587,0.097255893021784,0.00224213531198788
0.00912852053049781,-0.0108291726318853,0.0263329210521215,-0.028410794388204,0.0388492839391014,-0.0230973491828483,0.0661535242677973,0.0292468056962604,0.0743753851754982,0.0229995128133241,0.0169958647858504,-0.0146091336202498,0.0300356282477993,-0.0291319695434358,0.0563687199849716,-0.00180966440267616,0.0685969452794634,0.0224426292336774,0.0867678448091998,0.0120520266976286
0.0179199117488553,-0.0250314581425207,0.0359886131878471,-0.0277143980248642,0.0701122355870464,0.0271883625201574,0.0915558925609548,0.0134023920770661,0.0954145935595577,0.00453257352188369,0.0163514191602511,-0.0220981601975885,0.0358724864584143,-0.0199400852058446,0.0667429112498018,0.0294297950478486,0.0934338748576524,0.0103449711542486,0.0998838161985828,-0.000258300242372268
0.0100281354918574,-0.0200922083933279,0.0296004610879135,-0.0278014848330416,0.0574816607392894,0.0336267169075531,0.0809963316639089,0.0248870455789029,0.0951160830664874,0.00533750133592871,0.0132650430233161,-0.0191112288629622,0.0325117660552034,-0.0280607874896019,0.054345363216345,0.0310986432537659,0.0794127745308363,0.0247054797406958,0.0965415090700347,0.00439444656247045
0.00476935183105631,-0.0122335635953895,0.0294957318123387,-0.0279242244347073,0.0462363370219431,-0.00826607782924244,0.0656661486862804,0.0281928816076749,0.0793292403951105,0.0219301415465176,0.00766064989014716,-0.0100267024024794,0.0291232377303603,-0.0275552453472393,0.0468522539045313,-0.00966928054424898,0.0633992637839327,0.0262008396111949,0.0796739732237341,0.0163394350483281
0.0130065560255977,-0.0189670755064815,0.0302641529741834,-0.0312848455551555,0.0448565158889746,0.00372556041855918,0.0675815432002937,0.0346193447025949,0.0911349178680449,0.00792706396563095,0.0154673374819461,-0.0143614532344628,0.0281965002505278,-0.0183454965223537,0.0358783034583031,-0.000810798453108799,0.0616139496665914,0.0320733679897805,0.0814908297038721,0.0180831274135772
0.00902128698828002,-0.0166705834110369,0.0336261379224909,-0.0326326363218139,0.0468532979936974,0.00115598191133547,0.0673233966109651,0.0404533718990195,0.084572058822634,0.0211248795751593,0.0121659823907329,-0.0129510072017265,0.0323493684881227,-0.0260224028657018,0.0486542031085248,0.00459298819484747,0.0627367276830317,0.0318598373792745,0.0861851743767802,0.0157532176673423
0.025384551163074,-0.0295608991137011,0.0444225414554726,0.0251563975527141,0.0646551389647625,0.0375005384623951,0.0888678738787634,0.00452819538188524,0.0930478313984566,-0.00143166836238321,0.014492695268971,-0.0158470560149727,0.0377950969274479,-0.0238592417376892,0.0477847836885759,0.0261343837202241,0.064506391908766,0.0458679308386076,0.0813325989948999,0.0270440500047947
0.0140589380286175,-0.0193281202204188,0.0360604258624216,-0.029115814831843,0.0509421679570629,0.010966701620047,0.0675116226417399,0.0334537067112596,0.0840226881872868,0.0134678816138895,0.0143332375786587,-0.015453306791615,0.0385687885233201,-0.0219023872392738,0.0523007580227847,0.0171009548655188,0.0685463021074435,0.0319955437549355,0.0863241782519581,0.0149765104618194
0.00891720064186732,-0.0171902405976363,0.0321300768460308,-0.0357192802138109,0.0429309043446688,-0.00523591327004103,0.0620732001455072,0.0312505321185501,0.0808737623257152,0.0159483621789755,0.00891919962465253,-0.0117766832671723,0.0321775528831421,-0.026778035552384,0.0408717732134819,-0.000590164534662089,0.0592381803009894,0.0325620235885028,0.0804992777052484,0.0172451654888849
0.0309584088902048,-0.0224653734952046,0.0297600881106566,-0.0334222761665276,0.0342421292568517,-0.0216801733878939,0.0647333701664224,0.0299846543444776,0.0861857754230033,0.0162231460685994,0.0185512905486349,0.0132153972338068,0.0287958411092502,0.0065560614393409,0.0312630926603015,-0.0243882114575336,0.0562097735113194,0.0153376341234027,0.0763800203377375,0.022497031603629
0.00682057069650158,-0.0193399345463707,0.0244137495604257,-0.0278121288426182,0.0436252686541633,-0.00654387020153001,0.0614702923209991,0.0336850906065153,0.0776081686058456,0.0230782462675615,0.00585372046189395,-0.0115370406498997,0.0300579457979082,-0.0237669403571162,0.0422664714812701,0.000139179329540842,0.0621890517450323,0.0304592346966077,0.0826387892530729,0.019723085272142
0.014171236679962,-0.0170997181132053,0.0338744036873375,-0.0275332637828533,0.0495245543117636,0.0181921510602944,0.0675880199915559,0.0300379882472274,0.094851158021727,0.00572981094694504,0.0174653896617488,-0.0146576614333967,0.0354279226630316,-0.0245858739967975,0.050995837860792,0.0151853081577793,0.0692304081548569,0.0285658984234805,0.0935937741390766,0.00442838486804182
0.00745170528576664,-0.0100152786616319,0.0330429354557762,-0.0292443604241581,0.0457260244166828,0.0119414210892503,0.0635595029556143,0.0372289733960817,0.0891970238276678,0.00846265456698899,0.0151802505044963,-0.011112583576941,0.0358149345405815,-0.0245475973857523,0.0446913021560948,0.0123093492478325,0.0590343277564512,0.0365655921880639,0.0839740335157723,0.0148149511491003
0.0138136240838588,-0.0195929197916459,0.0335785452644781,-0.0313730126544712,0.0466047792649167,-0.00338192210143163,0.0626183350336917,0.0349459405176236,0.0828683285646709,0.0117416640441973,0.014568115692373,-0.0160983291251658,0.0388913128582433,-0.0273155758835507,0.0457199043202613,0.00687501290155314,0.0659119154355178,0.0304782824565724,0.0877187667206603,0.00985256880554191
0.012737005022343,-0.0226270269531654,0.0299879704972021,-0.0278369807680319,0.0434269689921124,0.000249193801276206,0.0632277229017694,0.0323449978593278,0.0761885090552476,0.0225386128452755,0.0160811150106358,-0.0258726354561014,0.0331043191088154,-0.0289807758895359,0.046761030383568,-0.000471580269140694,0.062054223973763,0.0334454933113598,0.0786392983202304,0.0247214831591716
0.00857910460449948,-0.021737695310861,0.0301653803670107,-0.0232667561840131,0.0497947090909995,0.0181275927612969,0.065617318955134,0.035766728074645,0.0899900085352425,0.0166197276737526,0.0117002253739327,-0.0199131735875086,0.03517626416761,-0.0237137907957804,0.053089478062881,0.0254024498509704,0.0721264841054107,0.0298392262560509,0.0962780107278062,0.00578909589628642
0.00996115870653078,-0.0259693840382667,0.0308850469336833,-0.0220157255308714,0.0674097718093127,0.0160852603324006,0.0668650888374127,0.0359709849514665,0.0840432089181794,0.0131609638270316,0.0251697405569115,-0.018548070106251,0.0508857459138339,-0.0141312680911878,0.0521617364158906,0.0267492683538647,0.0675158115152056,0.0299652886776523,0.0913892253619731,0.0125225218063443
0.0179638711546994,-0.0214204852255853,0.0355699243971728,-0.0252800203087741,0.0603717057677703,0.0295174988048071,0.0802928489961044,0.0182804881501109,0.092368598587928,0.00669087825045749,0.0163427649664277,-0.0160088978741628,0.0346362962842403,-0.0269570236138238,0.0478525412791495,-0.00359354781092431,0.0639304584667441,0.0293381114200958,0.0826587671649049,0.0145932971138463
0.00580405071939724,-0.0109123172765283,0.0208270869675452,-0.0192114525836737,0.0363571610787256,-0.0324710355131052,0.0615893088193393,0.0236841557182931,0.0761830427844212,0.0233552924163471,0.00725491196793869,-0.00459310324398276,0.024262648060496,-0.00940339156793873,0.0359512021796204,-0.00156897981485966,0.0623134822180436,0.0336275926484334,0.0784574116008371,0.0251891870686044
0.00362858789696534,-0.00928970705768177,0.0311570159015326,-0.0310266034984373,0.044873135279081,-0.0122404572662189,0.0604963271187475,0.0304120105057917,0.0802448944969028,0.0128125001746089,0.00929208118368479,-0.0064987746978064,0.0298382378280622,-0.00853704886217583,0.0432281397535284,0.00583254909897766,0.0625135959601356,0.0350325245346459,0.0822680177286746,0.0164030622673377
0.00719930966203486,-0.0181852036670946,0.0252512732484286,-0.0317416381022313,0.0524055627157896,0.0138165144480829,0.0639782808266967,0.0363728880724312,0.082609255568493,0.0200792761210752,0.00966219234838995,-0.0136649636060674,0.0404861188120201,-0.0228046724714549,0.0604682922418529,0.0217972598842541,0.0685527507592108,0.0269246557542287,0.0899054290970348,0.0120921236302708
0.00816907599388505,-0.0173855673492208,0.021155031325352,-0.0274083728392205,0.0519460914477758,-0.0113867392921279,0.072107295991052,0.0302987265062171,0.0870113919540551,0.015314966901652,0.0105024216536013,-0.0192521904671364,0.019739490409595,-0.0296752503843193,0.0461877221884442,-0.0139681092684632,0.0663679784376624,0.0285016141422491,0.0817536700176449,0.0183998063861385
0.00669142160028116,-0.0117585352596311,0.0237495509991879,-0.029117150360518,0.0492147631594477,0.00101703082716078,0.0692106310337635,0.0317270555205479,0.0910816384003974,0.00775330395828783,0.00943847592401922,-0.0116179466872141,0.029431388463701,-0.0268452421891988,0.0556908432891482,0.0141543926741316,0.076105817942813,0.0217645220595643,0.0924819989971084,0.00636720025215679
0.0129143456947244,-0.0208574887541239,0.0261185812750855,-0.0292057078042721,0.0540076475852342,-0.00618355005228808,0.0673249924385478,0.0316094609695312,0.0869081855807625,0.018444139500687,0.0175385983740232,-0.01430607465775,0.0388632677237039,-0.0228179132330979,0.0646185583679857,0.0204077495006339,0.0743416265630694,0.0232980680944662,0.0944553723799988,0.00603399721726346
0.0175717260627229,-0.0300190944381391,0.0371329491056731,-0.0224654154251333,0.0585799631181195,0.021559426388856,0.0691578702317368,0.0322387494504409,0.0940314625222819,0.00740964707035647,0.0141680505512662,-0.0134272849899554,0.0328589352539971,-0.0203466748090429,0.056547586743695,0.00772372911728674,0.0676776047331944,0.0287862557050418,0.0890744629204132,0.0101511245467393
0.0229375967001869,-0.0256929072584911,0.0367743971388725,-0.0351784787354,0.0604747339938204,0.0183861263863018,0.0728554921358368,0.0261860674564277,0.0950070302236299,0.00470503148557373,0.0166601752645235,-0.014973654562686,0.0356590924169756,-0.0290459908074566,0.0534122441391528,0.00818889850838659,0.0719572667682799,0.0270658282454925,0.0939400772914568,0.00538360669239271
0.00930733095997128,-0.0201059311136418,0.034736392847747,-0.0314296778770249,0.0502015614391964,0.00643239212184931,0.0667913808602343,0.0333437075470781,0.0778642481763227,0.0193497695134501,0.0141488437824732,-0.0153426535483752,0.0361773153846188,-0.0234722338173233,0.0520533179772106,0.0123098390044549,0.0671988890816952,0.0314443377045772,0.0818520701602529,0.017509096350364
0.0158689702872751,-0.0218902848933384,0.0401639349896855,-0.0296206477489072,0.0559074553360096,0.0160805419079553,0.0697709455819668,0.0357531031012605,0.0857700953524189,0.0123972625764369,0.0127558330743224,-0.0171534786827084,0.0386900843634484,-0.0211272643225518,0.0557599717835851,0.0159873077005805,0.0674707524331832,0.0343431636321484,0.0833584625294527,0.0178936961674641
0.0125096037339112,-0.019968905732279,0.0364741733549646,-0.0308155465648501,0.0541468049761626,0.00981414470398871,0.0697872073538388,0.0354221448748601,0.0851916049803892,0.00957577279665818,0.0140763092404058,-0.0145122371990147,0.0369559426168044,-0.0227523898666684,0.0518432686389102,0.0090212054827104,0.0701829391210663,0.0354279556344437,0.086212840271567,0.017520384500745
0.00434142796252102,-0.00938421883252518,0.0244990212877098,-0.0299065595186718,0.0436989410155049,-0.0153581121586604,0.0603897784457013,0.0344784282268842,0.0824541142471253,0.016495122088031,0.00900991966773206,-0.00647549604844005,0.0288422785130154,-0.0231718290789184,0.0466598450737989,-0.00661833842930749,0.0570955945211929,0.0362468024422777,0.0796594153010652,0.0237439101972917
0.00945596698737155,-0.0209071546148273,0.0327232315142078,-0.0334491317879131,0.0546054469203827,0.0156808342246266,0.0711147100470492,0.0289380909806813,0.0894016314300266,0.0090947807801966,0.018510454342864,-0.0179339492340726,0.0414855841343512,-0.00432613128795568,0.0606436258359713,0.0344762767587687,0.080592880683403,0.0215414979541358,0.0938286551267531,0.0073457459526634
0.00578478178847663,-0.0172907381544097,0.0323544246974755,-0.0326226628404812,0.048490908638768,-0.00145983514563791,0.0664764866008076,0.0290890728548837,0.0865372204475373,0.00841825707522454,0.00958374843292546,-0.0149851192497657,0.0344087671539302,-0.0245067388363229,0.0480000422140573,0.0052648682820662,0.0675071560435361,0.0273225045872169,0.0895245266176173,0.00834189742890703
0.00770857430875618,-0.0162975975139041,0.0306356597449187,-0.0313007648449728,0.0499004958123891,-0.0198920180779138,0.0612768012098889,0.0242408689285711,0.0841953619828337,0.013495185229029,0.0122587540461809,-0.0181876482045879,0.0377875605221921,-0.02317380805109,0.0497603942587981,0.000850763851831582,0.0623320263881367,0.0292770611592778,0.0862628371384828,0.0134013342409266
0.00696964373937935,-0.0195144643420276,0.0299875929844145,-0.0313924451027672,0.0461227022634,-0.00278868116071414,0.0649064315090632,0.0333562008371728,0.0878888195379099,0.0229751987314285,0.0166609880268535,-0.0138748104857006,0.0402532631700628,-0.0202792453399283,0.0576582256874691,0.0240317084994852,0.0811428198721416,0.018485909089711,0.092317095266953,0.0102432851568111
0.00711263140304575,-0.00786017118604446,0.0264594098932148,-0.0278790592666044,0.0492252417251585,-0.00799894439386938,0.0756193025660745,0.0307572123180462,0.0913458393094721,0.0142417726835552,0.0105870388285625,-0.00711471383010921,0.0268532517086628,-0.00732726591954371,0.0481032617607741,0.0137403551799827,0.0761906448492897,0.0267452331854592,0.0923611745392501,0.0104328080899336
0.0111597022641629,-0.0207290652978172,0.0372964335451524,-0.0245556518880926,0.0611598864873311,0.0255580342346514,0.0733264382572662,0.0348098729676937,0.0930260350609686,0.0110432650698208,0.0153485839943778,-0.0214986608435028,0.0410710256874938,-0.0199058534913032,0.0546122576891591,0.0363541270705222,0.0743055718549065,0.0338578697191551,0.0922032299137575,0.0094848206563768
0.00722809264448223,-0.023238299994137,0.0375614397114751,-0.0263596933195553,0.0625297036661598,0.0195179403205726,0.0829150758955322,0.0270579502220915,0.0946089633509338,0.00715221468990277,0.01927205663192,-0.0015898806251132,0.0350221896395938,-0.0203307627892703,0.0455522930565539,0.0150710426090393,0.0592326848439018,0.0296405277565481,0.0865138914952919,0.00740814490895072
0.00828525748574695,-0.0172282582393346,0.0313392880184982,-0.0292509517683464,0.050452443914349,0.000760160944015494,0.0686041941986156,0.0308354319986011,0.087843771435317,0.0121893204400613,0.0132714796565334,-0.0144992156291728,0.0353045639422645,-0.027443957719787,0.0489381213018198,0.00356540484423073,0.0640679146499601,0.0345577683247246,0.0843679986269873,0.0195779810092489
0.0101154589085855,-0.0145469201810545,0.0317046553885092,-0.0286213086916867,0.0349709460011687,-0.0280228706303408,0.0609720274934392,0.0248395601519425,0.0803785433477001,0.0253061079834363,0.0114338003629135,-0.0108365025771464,0.0323331132894374,-0.0223853417550282,0.0343596070157139,-0.0227699985587335,0.0569477477476372,0.0226377601248013,0.0748638635152144,0.0300107240632725
0.00484733375972504,-0.0144712715211931,0.0181762528756624,-0.0328152607329055,0.0388616282141993,-0.0186420615657631,0.0575825246022496,0.0236003739641738,0.0732255456930751,0.0261613199473353,0.00956716950509839,-0.0120054581621494,0.0234265804488921,-0.0289872638320629,0.0419820579107901,-0.0138886836142926,0.0582066644629177,0.0301412100982963,0.0777613143796415,0.0277895888346536
0.00550620108180709,-0.00801981458762634,0.0232194520007449,-0.0220770306797426,0.0378093270456966,-0.0330058588441006,0.0638639652557811,0.0145676462028358,0.0838502906000235,0.0180603403166854,0.00923524437779633,-0.00495687531221566,0.0291457836114194,-0.0111949845701721,0.0400343307606766,-0.0150193458814176,0.0636944419002988,0.0277999801712113,0.0837776018139687,0.0239101323422388
0.016928825382564,-0.0211936264530729,0.0280973132349731,-0.0306474108791369,0.0478508522843479,0.000269601565885966,0.0676590341653646,0.0345889154491011,0.0915813796591085,0.0128099587624406,0.0184682018752828,-0.0148133816823876,0.0304387688995296,-0.024467369418124,0.0446091583750721,-0.00354047444147109,0.0599402654381199,0.0376196809327505,0.0852131222668658,0.01506678959589
0.0120706273135692,-0.0192105018466232,0.0295649237168349,-0.0296915355488675,0.0441218014140151,0.00950027944147948,0.0600365295029815,0.036591486517774,0.0877358245465322,0.00468761319355557,0.0133186686218323,-0.0130218319402624,0.0303156492123222,-0.0253055998798514,0.0415862306043835,-0.00312162639011809,0.0547003550067285,0.041942665260847,0.0832948754213305,0.0179629524505254
0.0170262756674865,-0.0194351729228101,0.0322323480856456,-0.030434192686851,0.049293605611832,0.00681268782865658,0.0664152070173679,0.0356822546416524,0.0858359508927391,0.0122779139954521,0.0200887035540721,-0.017584800846342,0.0344005915556395,-0.0280099844703496,0.0525756494556129,0.0103698717031845,0.0667939653586,0.0337049291617955,0.0870160703773738,0.0148610603455648
0.01439564935226,-0.022768716288293,0.033750101699265,-0.0322599276101357,0.0496872951731995,0.0030680791331476,0.0655062498609253,0.0317620015340319,0.0836655827244559,0.0111841438858347,0.0175909482890674,-0.0201775333103665,0.0370035121095317,-0.0308019136606852,0.0534345222853271,0.0072408862824794,0.0670136372856053,0.0324569691194099,0.0862605089051215,0.0142167969664416
0.0158631088457732,-0.0182490329650666,0.0346806086685644,-0.0253055124419833,0.0549080295923582,0.0216047631329131,0.0682137024407487,0.0306955862064343,0.0835547813324964,0.0149692476651617,0.0199298789099667,-0.0194127391513946,0.0350976916644049,-0.0312500083167758,0.0510616177104129,0.00844130037132718,0.0608782873373714,0.0257371029672028,0.0812642808326835,0.016889084492795
0.0124003611185094,-0.0128339067810472,0.0259732644135878,-0.0260638634964697,0.04390078902397,-0.00300559730496538,0.0645555828131705,0.0269911050216109,0.0828677802886523,0.015747635159979,0.0179102668421334,-0.00973344483577452,0.0346813336061578,-0.0244740303242785,0.0591520648910453,0.0241921470698018,0.0740298298047374,0.0233604169842088,0.0908351105211289,0.00814427196051561
0.0112008474486922,-0.0125136378652575,0.0355380189205302,-0.027251875749858,0.0446940841430731,-0.00335725894196678,0.0644469168622197,0.0237858053144049,0.0721179278538096,0.0218448629728233,0.0143001946610042,-0.00946877602835667,0.0301322889432561,-0.0241704301481487,0.0415218279482183,-0.00655160287988602,0.058718428264602,0.0304503029979426,0.0776029065854536,0.0218226309647888
0.0208998800126411,-0.0205671815615961,0.0307982822834065,-0.0281560467124475,0.0587130081056108,0.0116548115766966,0.0613439911141495,0.0055487413429217,0.0844953586845059,-0.00687912348780994,0.0165380639888949,-0.0129006606858335,0.0315297766891887,-0.0303597068487915,0.0646968005482582,0.0222740178716094,0.0662534008921059,0.0270947763326524,0.0831237626360807,0.0189540187750803
0.0104328077033471,-0.0141010317646185,0.0275103996046174,-0.0234328358375762,0.0378199121318548,-0.0166637421746868,0.0601368471376611,-0.00578666105469694,0.0885986320751706,-0.00167939332254307,0.0104680180265359,0.00434842926427209,0.0240052044615258,0.0158005063792698,0.0496892828041742,0.0229063067095159,0.0644681959597364,0.0228964699946315,0.0828376584581136,0.0177387126329639
0.0121755621565147,-0.0147752678250314,0.0302045370656083,-0.0254262400822296,0.0407175374940424,-0.0288718525905482,0.0635603151429479,-0.0115580603087559,0.0862985143462504,0.000527846872576565,0.0128342161261644,0.00803105984284998,0.0358575638555309,0.0252792681282531,0.0573607610764737,0.028168908978538,0.0859031286842021,0.0195214007238524,0.0931149288296271,0.00981235191571132
0.00514333447465847,-0.0130844148610597,0.0296272254292195,-0.0296191034195709,0.05091242483968,-0.0286272935452865,0.0799190096512077,0.0043075676804147,0.0925816000215994,0.0116952346196417,0.0194225125585954,0.0166034021109294,0.0359348294744389,0.0262894080219174,0.0568938494062091,0.0303024432677922,0.0710649742803884,0.0271844181388253,0.0853350392786713,0.0108718291224823
0.00674036315673238,-0.0150846980188324,0.0205820491645177,-0.0240203085752405,0.0397080475940771,-0.0296448617268182,0.0644891549477119,-0.0153089725506073,0.085723527242239,-0.000611317545358301,0.0168106324457429,0.0135797984104389,0.0311317499747316,0.0239991780557507,0.0495902580530136,0.0300042232474399,0.0772689115326305,0.0246826547276996,0.0910868032846619,0.00923573581468153
0.00460628008907986,-0.0150228476462151,0.0199012650874755,-0.0241807340173596,0.0315934917557276,-0.0283102264377205,0.0563664383008277,-0.0232822362910829,0.079273653122121,-0.0054056920669627,0.013347417064329,0.00858595306551054,0.0334977078599325,0.0269938458070787,0.0423036972796115,0.0326732362854625,0.0695011371817421,0.032126892315865,0.0890284314413647,0.0124516009368395
0.00950678265152031,-0.0194726156786577,0.0115227257468021,-0.0201393760309286,0.0139785770635883,-0.0213964840097771,0.0377290015114179,-0.0297933950242828,0.0687339252199307,-0.0142281262905157,0.0175409828162074,0.0227738823103609,0.0181569627581844,0.0230025081001576,0.0466443737722722,0.0345185688019504,0.0771483726330773,0.0243260490086411,0.0911366571548377,0.00306794923004883
0.00482553380613478,-0.0134175250162821,0.0193883026775687,-0.0249321552328923,0.0368685319639115,-0.0300676634044962,0.0581975281090188,-0.0218875604230383,0.0849984058726929,-0.00909566892421267,0.0102353911737938,0.010881212292228,0.0346886256013848,0.0342258576312106,0.0540481377587659,0.0381520845386877,0.0746301421277685,0.031590743408922,0.0931874999345124,0.0107714329720842
0.00605496630183516,-0.0146874729741361,0.0218012132638555,-0.0244179734418887,0.0424907177190486,-0.0305146363240985,0.0720931967557015,-0.0198761853167931,0.0854781746462481,-0.0107924000014846,0.0127947816122579,0.0184150133456766,0.0347481286847067,0.038001296084959,0.0547142615493858,0.0421742722392412,0.0771371843466002,0.029669227409349,0.0889091400324207,0.0148025340773755
0.00784272810836358,-0.00932061828629855,0.0201071456690884,-0.0225168359789673,0.0356053721471113,-0.0304819647570648,0.0607174956853341,-0.0235158653047049,0.0849681051020629,-0.00179945471839421,0.0173245879192365,0.0175268302828437,0.0400474309169693,0.0309229844797116,0.0650970235348992,0.0307442089769937,0.0834013376094888,0.0190572180414515,0.0915092096113033,0.010807919301297
0.00682932001917409,-0.0093108226319822,0.0197361755827324,-0.0228075155065048,0.0369651429766584,-0.0292105525507521,0.0598059205001438,-0.0201502909971969,0.0857073281091996,-0.006177560121008,0.0129592312633815,0.0138055549456222,0.0357842672719486,0.0312101704570541,0.0600005702363876,0.035145654578529,0.0797370952598085,0.0286993762225463,0.0877154911898678,0.0137226249793988
0.0119373480927567,-0.0169585745383771,0.02140403602645,-0.0242984709458914,0.0394981292291012,-0.0297966663406453,0.0611313514752123,-0.0261342158948802,0.0924465510497874,-0.0104737514672063,0.00886502341507153,0.00552049036522994,0.023354529432646,0.0218086509992708,0.0511214856601798,0.0321583717732721,0.0740031189775864,0.0289317888137402,0.0892683569264989,0.0128769749464873
0.00136384461391047,-0.0136248628937368,0.00595783675689773,-0.0186193420348474,0.0239433334685536,-0.028374159214208,0.0508483820602297,-0.0270885879076158,0.081774520894054,-0.00687189742039488,0.0116670762293106,0.0123485642708592,0.0223537629677255,0.020492437717211,0.0550055046499997,0.0341575812278343,0.0717886197312325,0.0300992125715184,0.0926526309511554,0.0103334122755287
0.00244863820364558,-0.00795200243319125,0.0101046620125005,-0.0190163279331861,0.0353234761075215,-0.0273843935074659,0.0636350323333565,-0.0290699352097222,0.0944520178428925,-0.0127906125288598,0.00671816772415848,0.00689989319281843,0.0225521406599771,0.0284361793192185,0.0423207934626194,0.0379247198832974,0.073414245125115,0.032149280108036,0.0973152326694919,0.00685544146899908
0.00382833168574121,-0.0125599730071025,0.0181554309506368,-0.0245902727760046,0.0395562037281159,-0.0297707051778741,0.0654528279617021,-0.0185101846337503,0.09111751436262,-0.00542549783857633,0.0116268471512854,0.00968547283919933,0.0350250527808167,0.0318989588758073,0.0548836312854927,0.0360078653757069,0.0740529459567212,0.0327396580398641,0.0888385493752226,0.0122702232653591
0.00770924368696645,-0.0086339584050843,0.0244656972981229,-0.0235413219989968,0.0455352521026854,-0.0322045059482891,0.0774267458692773,-0.0114775484345489,0.0960188893045106,-0.00361176646052849,0.0129188672147694,0.0130799483133558,0.0309463096500694,0.0339582725346067,0.0462106998360819,0.0380379630712524,0.0737878141921459,0.0266563814998424,0.0885828393296653,0.0108299252944429
0.00394538067979657,-0.00893722449641136,0.0124716878399573,-0.0231734608249239,0.0308683007614818,-0.0285887566319242,0.0589038835676257,-0.0241298256020873,0.0879035787800281,-0.00898649591432255,0.0122384750477086,0.0149833251570911,0.034540268225259,0.0329124284439653,0.0519125012635922,0.0365373445561416,0.0735162972703032,0.0310241581713122,0.0911874468668376,0.00799441226454359
0.00418358450148127,-0.00871913500519941,0.0183955346693915,-0.0202353074120499,0.040153408399446,-0.0284735717686719,0.0644838075622539,-0.0255868291310536,0.0917269015721106,-0.0123101266323027,0.00825292177046176,0.00557348546917799,0.030042342992901,0.0284286167084516,0.0499950811105607,0.0342505947263643,0.0756399896636606,0.0274668057040755,0.092633698308292,0.0100820815311465
0.00796250432892504,-0.012124923429751,0.0333872863315878,-0.0284789349226557,0.0617553702912221,-0.0270398931844571,0.0835712262814939,-0.0134491261356787,0.0938698291099725,-0.010062899140203,0.0119808234573371,0.0120453907589389,0.0378086620660209,0.0357483693127344,0.0613300771571653,0.0369444941730871,0.0815470254754661,0.0232381216494974,0.093415932940735,0.00510765840090572
0.00347170502026069,-0.00801333235620825,0.0250030989387758,-0.0259637675292251,0.043948569084906,-0.0303565408619127,0.0779719304378426,-0.0144749382466983,0.0895794464408619,-0.000291558748867947,0.00763735577968819,0.00698683491485886,0.0336412248059245,0.0357792673788797,0.0608411456011732,0.0380140427187939,0.0863944547358661,0.0232807884812278,0.0971038074767298,0.00589102172195802
0.00745127597443275,-0.0147913494900224,0.0247931128157586,-0.0294189747896199,0.0434985681792591,-0.0310394640044497,0.0688039453166237,-0.0187594221541971,0.0863347028252437,-0.00546798273173132,0.0125557689419679,0.00814663616105587,0.0340270031951422,0.0305442740798852,0.0561229447874298,0.0355099346134786,0.0765095545770845,0.0287164412902967,0.0897205962323511,0.0117103226507908
