u1_1,u1_2,u1_3,u1_4,u1_5,u1_6,u1_7,u1_8,u1_9,u1_10,u2_1,u2_2,u2_3,u2_4,u2_5,u2_6,u2_7,u2_8,u2_9,u2_10
0.0214196930660452,0.0126279002573444,0.0398547160939214,0.016294113990865,0.0538817587366352,0.0149269984954316,0.0673093255881215,0.0124735540373855,0.0810317528284603,0.00284028575612482,0.0166291692620883,0.00960838108444878,0.0365173637613565,0.0238499636979954,0.0579369185728753,0.0294175460975462,0.0828527845901718,0.0228671109773539,0.0885971999868242,0.0218568209359432
0.0314266764178766,-0.00132217352868115,0.0732315417130097,-0.00309549966606997,0.0975587325276981,-0.00268351415313839,0.0976575820576005,0.00335577153566204,0.0969387240018419,0.00614906458907648,0.0188616999294498,0.00714408454656171,0.041264457091404,0.0114584729601223,0.0570900039001562,0.0270737463252785,0.0818591075260937,0.0203790151135653,0.093064763274984,0.0110233111050619
0.0287052132814264,-0.017152715481358,0.0388025062878716,-0.0226141165761947,0.0710680741805171,-0.0240537269824453,0.101854557116664,-0.0158068340897428,0.104348241787685,-0.0113257926744883,0.0188330483676286,0.0134457980682418,0.0370402414769716,0.0268837723787922,0.050448822590752,0.0289488847582438,0.0808714580305762,0.0228188460423442,0.0932498893115223,0.0151657248545282
0.011545952809904,-0.00810697005826244,0.0322128299315083,-0.0244730903298097,0.0563273348493881,-0.033541133440546,0.0926690424819707,-0.0195543009435044,0.0992150284757651,-0.0113161164543534,0.0168243604798449,0.0195993764974117,0.0316755414050095,0.037604332711845,0.0611293855864435,0.0312737177409564,0.0875885052575525,0.0214750198358049,0.0959610782714968,0.00749757703514195
0.00974467590081418,-0.0182286953071092,0.0380426450101688,-0.0266634289880709,0.0646257262146152,-0.0247719198125731,0.0828806741958077,-0.0158859592060646,0.0908687504704015,-0.0109598682265122,0.0201992364377222,0.0138282596240738,0.0489970716339625,0.0265238839383648,0.0809712737421255,0.0187406658525631,0.0971183780285793,0.00592367149886562,0.103888292109387,-0.0124376667265184
0.0238785134350376,-0.0201895712955302,0.0623497110643858,-0.0226905340636142,0.0811523494822996,-0.00920590289120727,0.0843112618563892,-0.00175007876979225,0.0970117029982468,-0.00812336184933216,0.0329015790572506,0.0326856759166407,0.0791181844386199,0.0337914358863995,0.0984453337131861,-0.00336807954645387,0.0997028752100717,-0.00539723669591781,0.0991966061076631,-0.00513650300911392
0.0122570123145529,-0.0110620416838249,0.0415892874718737,-0.0285896435237481,0.06271872411824,-0.0264670169972695,0.0913923145979126,-0.0187241870039644,0.0987339337203435,-0.0105883890707188,0.0260943241516968,0.00178702439051125,0.0567799296541784,0.020442685616961,0.0795666297222244,0.0291369823653829,0.0940709564977252,0.0149180642537763,0.0963481809285583,0.00926740276318296
0.0114115947142023,-0.0149400350867554,0.0332926211872523,-0.0261973188021976,0.0618726677193928,-0.023757432051826,0.0860147057049991,-0.0130444421541652,0.0894531559003539,-0.00226715558819117,0.0253511068527129,0.0330235854016274,0.0447649741113854,0.0488541622710625,0.0683768664796071,0.0410477316942121,0.084661967069588,0.0313248281899146,0.0987980426583603,-0.00187063400929253
0.0132031511520435,-0.014351690550256,0.0405468280567864,-0.030505754744579,0.0658123457924852,-0.0248776815812049,0.0883998550890927,-0.0132616877662602,0.101347123934297,-0.00800785009171779,0.0114617657669279,0.0282650215491364,0.0311936428786029,0.0549840927190056,0.0541871456383797,0.0505659901198564,0.0744630394624486,0.0378579131629977,0.0872796351308136,0.024346560095382
0.024882993854945,-0.0175013084489421,0.0506932443500414,-0.0310578916881998,0.0795303517885273,-0.0282105731219856,0.105804867662213,-0.0115952681206469,0.107114259956022,-0.0100408478152084,0.0102635135096133,0.0144724054383717,0.0372582784950233,0.0271630312515317,0.06180942390295,0.0289798896914926,0.0771587166692617,0.0245379798188681,0.0859720052892668,0.0189998026168751
0.0235910709608319,-0.0210134932070465,0.0521397846753265,-0.0418051773704555,0.0883623566260696,-0.0327978909331224,0.101654387402911,-0.0207591360518901,0.102184305292556,-0.00677786106284787,0.0198526663761115,0.0409436024656582,0.0347851053944136,0.0631802644986868,0.03572569584018,0.0625428301286035,0.0643484998688549,0.0319375062979087,0.089099406115309,0.0106372781587657
0.0139745393315598,-0.0144598493626122,0.0334336574438059,-0.0278921766322824,0.0552433467703103,-0.0247443720857251,0.0805958340729912,-0.017855250241981,0.0914925961470699,-0.00814772053044109,0.0112897689678023,0.022660597398756,0.0327360192530605,0.0479688721439406,0.0578881938484145,0.0443703315179976,0.0825140859876214,0.0289374459029774,0.0911831472134102,0.0159762965904604
0.00961858444683719,-0.0147359097892409,0.0312275934102505,-0.0265947656929692,0.0381726906087087,-0.0271830077364772,0.0582185863010696,-0.0260510008796609,0.102616193214063,-0.00962480391595164,0.0104886887772417,0.0189299983546575,0.0205676774713306,0.0216813038252709,0.0291798123258752,0.0218106600007536,0.046465626021548,0.020096087139291,0.0838112156575772,0.0222575555223015
0.0319100875803342,-0.0188650659368226,0.0347932423729336,-0.0261873008498465,0.0519770557713587,-0.0277976095223515,0.0846098389193907,-0.0251785340042814,0.102400346973879,-0.0115457960150611,0.0163909576163905,0.0224817436822102,0.0260146027067003,0.0397741081779695,0.0437681923599309,0.045475340642542,0.0650468732031816,0.0359072258751101,0.0806367183926893,0.026329314799662
0.0112179058892567,-0.0130880770218538,0.0227810758632917,-0.0283794740189104,0.0365103444045863,-0.0336752895087229,0.0557510598679315,-0.0247002060208053,0.0902015044404466,-0.0129649402242127,0.00594077539177108,0.0157600394139564,0.0196619313355049,0.013322072804555,0.0354509830541722,0.0170777882148223,0.0546617169895058,0.0232802628721865,0.0855962826962388,0.0182058631956139
0.0158775271287879,-0.0194070823522963,0.0373828153272378,-0.0276993170852217,0.0463167501657063,-0.0296101380719327,0.0629298191846167,-0.024668289032951,0.0981269024834499,-0.00861618600385385,0.0197773555542777,0.015699527659746,0.0403247828292328,0.0247139402917289,0.0645635364990695,0.0269167142162748,0.0816934906249533,0.0268854414631713,0.0930828610428884,0.0115086853080418
0.0176685514543833,-0.0172182497555899,0.028768515405675,-0.0224344900970948,0.038590679821307,-0.0205745852326905,0.0607769941024224,-0.0224036641736824,0.0915795825917688,-0.0171345752130412,0.0160714681646918,0.00818202384905063,0.0375412958983882,0.0222916287758954,0.0546835167428711,0.0310455268286059,0.0737824413340909,0.0333179150895052,0.087981979683404,0.0262070955151238
0.0139817222401256,-0.0123226689344674,0.0281709108353507,-0.0217945367924009,0.0458459973424353,-0.0308597711300688,0.0796379073207331,-0.0244020657438384,0.0983163407768627,0.00181661070260223,0.0165079973797837,0.0112473523257522,0.0301037286901893,0.026921931069898,0.055879691505394,0.0283552302812084,0.080072590153028,0.0339577443896379,0.0893436169870689,0.0218116664834254
0.0191680577907815,-0.018440046971986,0.0322962128551249,-0.0242699340385532,0.0402884933290806,-0.027891046616176,0.0584607868363485,-0.0258656308694183,0.0949504749713281,-0.0146213775111408,0.0267408541257328,0.00801417887315087,0.0371175234285676,0.0213536866995033,0.0655870231374658,0.0264847909403197,0.0787117058673274,0.0248462101883283,0.0940061915074484,0.00755839636102666
0.00766726888465844,-0.0220041354324264,0.029448640328897,-0.0298814698642268,0.0551445517547789,-0.0299424324507289,0.0946280097033423,-0.0195088316670333,0.097772723475609,0.00101733253976477,0.0284418103417191,0.0230615031666023,0.0579769134133014,0.0293577567112725,0.0787964629609935,0.0298368936556721,0.0923068624846934,0.014505175941273,0.09632881543942,0.00755952836436224
0.0156129648288166,-0.0218949789590323,0.0472908400217806,-0.0292928211130475,0.0602317270046024,-0.0271680210883116,0.0939565516996893,-0.0184477386186188,0.0987439518435178,0.000107580895320028,0.0248593118300959,0.0215767487102911,0.0524085485156409,0.0199468995053139,0.0735266758689364,0.034937282748076,0.0872474947141023,0.0308526817627892,0.0946063174384295,0.0139454878629077
0.0156006773750874,-0.0101773034384365,0.0372443416106208,-0.0226821253428383,0.0507790212977774,-0.0265174902089361,0.0801652537577338,-0.0200298009825113,0.0984452863537117,-0.0131626788914413,0.0221733228542635,0.0200906882518203,0.049634518598143,0.0258387244797997,0.0752718703896108,0.0372540415647345,0.0909411930881869,0.0209233423902922,0.0955198323113017,0.010152524589988
0.0114901000112068,-0.014889450777785,0.0178653676218119,-0.0225901947144849,0.0442499488388916,-0.0228020650156534,0.0747661734267321,-0.0192450603447929,0.0907877526200841,-0.0137581309606614,0.014729717809642,0.0205319967849923,0.0287477862832345,0.038510571180431,0.0589633415222065,0.0328038640847634,0.0817694687715252,0.0243786231146567,0.0875735245428698,0.0191320972992066
0.0178349251592252,-0.0172096619269527,0.0237635134199036,-0.0173875099172827,0.0324266457414375,-0.0197280380572459,0.0615950983660846,-0.0181172343595249,0.0861581152986706,-0.0113196334733308,0.022019270158979,0.0116954886943149,0.0347755606754903,0.0298179654873302,0.0541747484511749,0.0290399997677045,0.078446742886929,0.0202793468134103,0.0956223593392608,0.00687553088365588
0.0130753853350735,-0.0163204314349661,0.0295859940126567,-0.0229165788815315,0.0458072326736366,-0.0255473039214163,0.072458532004535,-0.0196753338881727,0.0926947497178506,-0.0102623381177147,0.00548824611757676,0.00471558321899775,0.0352314338375576,0.0277240355961255,0.0627724505490082,0.0384394798949503,0.0856388301671538,0.0232078244686879,0.0921199391994221,0.0102376478306224
0.00617481405106795,-0.0158594259456731,0.0158599756982808,-0.0387421304785946,0.0359107067719786,-0.00969328440857686,0.0735003342660621,-0.00326904590047145,0.097279743282288,0.013781920563935,0.0187921716977694,0.0261524182335284,0.0391153853069143,0.0332203762698839,0.066317087940156,0.0267541756047729,0.082790944700566,0.0285090133220387,0.0916287271068991,0.012408453984065
0.0178850870113939,-0.0283445238765393,0.0786788573744709,-0.0319540756783481,0.0956560497002733,-0.0180411102240289,0.104338500088709,-0.00970671964989952,0.104620136113017,-0.00399564958288548,0.0235239705269723,0.0203678746508352,0.0890163098973151,0.0100087187305193,0.0904171010398265,0.0141744091603039,0.0967787171787907,-0.00116265017428719,0.0989376278677956,-0.00331779769268201
0.00832794559751308,-0.0134463700241816,0.0116386876239161,-0.018621009396323,0.0297300605959221,-0.0239286196729999,0.0583755431147476,-0.0223555886007157,0.0875353310389364,-0.00141246124440468,0.0206363922467715,0.0384844135431397,0.0474793239128065,0.0386424569688209,0.0639460747579271,0.0346303549763949,0.0825222685791336,0.0159529240973428,0.0937087474098811,0.00608163806580328
0.00967759297116957,-0.0214852098188693,0.0312814260906176,-0.0256078485355897,0.0555569960549145,-0.0283073106867744,0.0914415180425593,-0.0188985017355822,0.104730857123711,-0.00897477102215183,0.00952654942623071,0.0205050214221454,0.0412456825432872,0.0344009868360703,0.0665058494292148,0.0324930907104262,0.0851520731324301,0.0104349382048244,0.0958062039073752,0.00280084326239365
0.0102609925433929,-0.0222097992596164,0.0195911108530883,-0.0158824693071829,0.0310679938033882,-0.0264742126937972,0.0558065025868865,-0.0282225829562169,0.0895059515583416,-0.0148443752432392,0.0104183361681771,0.0296960091827991,0.02270257099016,0.0187649170306089,0.0437215963497229,0.0325755937001289,0.0684158360892888,0.0272695895502832,0.0877007205624633,0.0193281704739353
0.0119101361836593,-0.022630605217793,0.0253604893060969,-0.0229785419674948,0.052838493859137,-0.0187083313832105,0.0724800733408733,-0.0114322721082936,0.0855819226587253,-0.000597314410977908,0.00382304520226535,0.0158832574514349,0.0177404779769135,0.0390672249721908,0.035825703657829,0.049657123093961,0.0616790680471554,0.0428336795820744,0.091359651214742,0.0136241135931167
0.00424604349815195,0.013073123065734,0.00772052676926063,0.00827271606682951,0.0241141004262005,-0.0217796271292283,0.0467921184764397,-0.0234053048962869,0.0857319115031833,0.00887446344739884,0.00313197456910817,0.00245770221668726,0.0246381425460747,0.0107361920151091,0.0473589979986771,0.0334131575981756,0.0774570002705078,0.0226452672861112,0.0852589792526322,0.0158372734925369
0.0155392195603566,-0.0143444891435608,0.0414625204266874,-0.0220436667088527,0.0611957435714912,-0.0162386365179921,0.0909158122907129,-0.00522772556976672,0.0959098252717964,-0.0031597991105526,0.0172661248140337,-0.0150695537490364,0.0400985557322799,-1.46056539039356e-05,0.0650682695278978,0.0277823702585418,0.0821533092878428,0.0332313163699399,0.0918910858038382,0.0125191466915802
0.0198679958202909,-0.0208325813894883,0.0418913000455522,-0.0376223243566591,0.0628507878711436,-0.0369654070789328,0.102828869379547,-0.0127331747818672,0.0931888522888448,-0.000539258977020328,0.00700785886410692,-0.00436793670996964,0.0400273043295196,0.0237777680447533,0.0686866508163333,0.0272410734182104,0.0833172548948276,0.0309886479927613,0.0919293139158378,0.00370960874083717
0.0227333740573831,-0.0184722414065216,0.0318510520435053,-0.0228632643130165,0.0539879920441535,-0.0284139436439738,0.0771379833749807,-0.00781280050218824,0.0926419674226567,0.00192825160842437,0.0220711701297295,0.00737792414276044,0.0389183407608081,0.0334679562891053,0.0657803091136243,0.0241514491900784,0.0814694903431138,0.0233564885625292,0.0930036717338918,0.00937029591772936
0.0089622675949249,-0.00713682644077387,0.0220109438734287,-0.0198600949805653,0.0545149557474646,-0.0192576814494747,0.0756730532211488,-0.00116712914383747,0.0923521583757735,0.00665459314932168,0.00566015424013807,0.0123836529251857,0.0293513290809677,0.0379899261669542,0.0570395444045638,0.0298394573987086,0.0771444498279118,0.0226185571230784,0.0907467761171572,0.00797651496098167
0.0116991306072906,-0.0207797806963519,0.0343716222393799,-0.0240601155928397,0.060293821238412,-0.0117410983407993,0.0868952350571493,0.00314008201616611,0.101114035463523,-0.00280197720412956,0.0134567235199004,-0.0140746527895365,0.0368851556644822,0.000300153234573401,0.0613961032569402,0.0222672976930593,0.0816015863094379,0.029907619178214,0.0918196006253073,0.0134635437014132
0.0176987279759481,-0.0187504883773345,0.0479812450541678,-0.0302610953251047,0.0729319599271451,-0.0232151996433585,0.0951592721875485,-0.00882474149801324,0.0995019908875671,-0.0078608730762727,0.0230932999880171,0.00898586058030893,0.0537695926096542,0.0143697455474318,0.081614586771795,0.0284459800203371,0.0951811135726936,0.00475601059847116,0.1001732130932,-0.00601084185735822
0.0232964632521946,-0.0235824129211707,0.0396600317082764,-0.0297256134577885,0.0658161746305246,-0.0245570175667536,0.0772134010837101,-0.00803080228124987,0.0774743130352158,0.00420805217456182,0.00957401261774363,0.0276545226405775,0.0401770608432671,0.0437346113678161,0.0767118029498845,0.0272919602294926,0.0961554389544781,0.00391514058283826,0.100944076659102,-0.00707062623506882
0.0147247252565259,-0.0153706398257534,0.0351907070611191,-0.0224860865133146,0.049661450336462,-0.024391697951201,0.06517041229303,-0.0175406451406571,0.0902354389326305,-0.00919750094095838,0.0153305236683353,0.00838739482910618,0.0332090371380791,0.0245732560649457,0.0570554124225896,0.0270600864621472,0.0774747711120959,0.0283664494118799,0.0915587625864005,0.0124249373430757
0.0222280388347417,-0.0156600552907787,0.0514523130890548,-0.0266574627144756,0.0846439552165781,-0.0154539941882513,0.100007823539031,-0.00528805034566501,0.100969156260489,-0.00542180702438569,0.0203337174068698,0.0110454233205334,0.0423465305358039,0.026119518815142,0.0681779041986163,0.0315715670006095,0.0862016422620463,0.0157166774141128,0.0946750257615084,0.00526979860819898
0.00843254605148227,-0.00575827302108287,0.0251775862995597,-0.0135476155237857,0.0433543510106717,-0.0215677939037712,0.0691997735033039,-0.0226604423424683,0.0883088844214275,-0.00730414067407649,0.0156996690877822,0.0133267973329562,0.0433689518186986,0.0305547634035382,0.0734949364431191,0.0241538831240913,0.0873304467485031,0.0160886649885721,0.0945407975076074,0.00665050988855646
0.0146229718952889,-0.01575314352904,0.0363913691016281,-0.0278541679244157,0.0669016312833275,-0.0272614883064046,0.0931338013386853,-0.0119728926998135,0.101023393686649,-0.00568922371966728,0.0167420197984501,0.0121064345908758,0.0379665659309103,0.0326222683469424,0.0673540269285043,0.0288924921341897,0.0894193868696827,0.0179243861607792,0.0950214995859471,0.00579626590055857
0.00602168214088028,-0.00493402953466364,0.0389197641383927,-0.0223432782870394,0.0812737853710525,-0.0265927248921293,0.0966455270836363,-0.00582554800813059,0.0937876860727009,-6.84441423527915e-05,0.00628064681826022,0.000659804878661409,0.00616931305277584,4.77838850041936e-05,0.0098824406769155,-0.00107556482813731,0.050481622844616,0.0457656597362955,0.0910345502751745,0.0215323929538735
0.024168044780772,-0.0242259864062206,0.0544235221385885,-0.0259280487401364,0.091207421877866,-0.0131098961720641,0.0991589981202701,-0.0017362881090794,0.101306577809998,-0.00569236786638947,0.00689914331347657,0.00505651039124234,0.022663776787138,0.0292985541106241,0.053767147525779,0.0332313911642123,0.0796087232173803,0.0295537578271734,0.0886281218495144,0.0207140851067159
0.00911670717462004,-0.00995936602772223,0.0202271461391626,-0.018466054135843,0.0371579558342952,-0.0263493738570645,0.0549040351098349,-0.026285201570447,0.0834761329545881,-0.00665596385138425,0.0097953556499871,0.00525768715042858,0.0343433914268082,0.0213296615687899,0.0575269701977603,0.014961198386271,0.0720280092715747,0.00121883659768706,0.0894369059121013,0.00803126813071033
0.0121346148631898,-0.0105620031013287,0.0344319785667189,-0.0131880761685967,0.088314658552832,-0.0201977548630311,0.106173976438692,-0.0107390462070236,0.100757818392957,-0.00394694272999572,0.0271705764975636,0.0293287067203011,0.0747945358402719,0.0235461910508195,0.100259731908351,-0.00604325671850435,0.0999705321145865,-0.00605183633354777,0.0992887826638086,-0.00572163671690722
0.0135803603341509,0.0106759222835269,0.0379741871546057,0.0185866807446938,0.0715409872304682,0.0188944994557893,0.0924723276276117,0.0119634779632143,0.0975852662044441,0.00806980064328704,0.00961764855028097,0.00660656960535035,0.0300509237412113,0.023048880603662,0.0609460691322883,0.0237558761404897,0.0871073829178163,0.0123722525125196,0.0956641193038522,0.00567382871635427
0.0214558669365523,-0.0113684501506004,0.0379304842490027,-0.0214562001865985,0.0553953042614755,-0.0233690873020591,0.0920735060618217,-0.00744969799021772,0.0997127079455633,-0.00202885428456783,0.00979781060130702,0.0160701683339674,0.0318353955768751,0.0369728859657659,0.0476346245465344,0.0415047641144243,0.0602522238042117,0.0259935526626576,0.0792128704231874,0.0182195527426953
0.0152765732168692,-0.0209266672521537,0.0347183375507504,-0.0242845608502653,0.0524895968359891,-0.0266982125922935,0.0825107198374641,-0.0106811438029568,0.0924072119000403,-0.00494817076611377,0.00995219657340819,0.0243257838446978,0.0255673312226461,0.0346435840354056,0.0543364472757127,0.029927791757245,0.0792600237740569,0.0229320554485646,0.088922680571425,0.00668279924362917
0.0180105997364829,-0.0151011244106681,0.0283551887995255,-0.0167697973231364,0.0625111585506133,-0.0115409692935443,0.0901793760750213,0.00399520434666632,0.0990336091373438,0.000412538830606462,0.0199215620009076,0.0178148124187552,0.0476150647456648,0.0328797648677317,0.0744175281717803,0.0320222988677277,0.0817643838972686,0.0150903071640333,0.0904229746826829,0.00827736226923885
0.00947041099625966,-0.0112338381078121,0.0250337921316232,-0.0257396775412652,0.0518819892645336,-0.0219621656340425,0.0722915738244145,-0.0137536081867608,0.0918298990670471,-0.00707595496015608,0.0150131392066775,0.00394912888290561,0.0355434961285061,0.0255799582597255,0.0668577177261847,0.0260670538380942,0.0859517396171367,0.0249272246399076,0.0948325636372324,0.00554695435790072
0.0141027751662116,-0.0144252753302213,0.0214534333792473,-0.0218816045357388,0.0457303023368984,-0.0242222286250459,0.0700186889575881,-0.0153841770270827,0.0944678756653824,-0.0062002075225462,0.0140201092204427,0.00663215402832555,0.0281292642130484,0.0124102088868992,0.0565253395574417,0.0264295866792192,0.0807153380020779,0.0282865152486884,0.0927428327577149,0.00939525635510733
0.022348955570666,-0.0101185696274669,0.035021436947944,-0.00551492679608261,0.0557856038382722,-0.00640069297020562,0.0765508573258954,-0.00687018009855999,0.0918533386501041,-0.00309068581462935,0.0172039815953732,0.0138740671509961,0.0389631584468871,0.0332661221175473,0.0661323672737821,0.0332614256014886,0.079153048012963,0.0186769143977529,0.0906174753208577,0.00764824422228396
0.0221720530573751,-0.0173528169665116,0.0541614832626202,-0.0243631388310775,0.0769733757043736,-0.00522464222840255,0.094304699347835,0.00761790495804717,0.097879290596655,0.00726834764804773,0.0181075966756317,0.0152615335376352,0.0491013724650161,-2.9011719801916e-05,0.0699257483780501,0.0173561365132386,0.0854824795867312,0.0254565026964352,0.0927675194862067,0.0108682308757699
0.0301232772767176,-0.0243502268953743,0.0390904726513575,-0.0248786170945899,0.0631413835320976,-0.0174075341349422,0.0878328202650306,-0.00441788406731012,0.0941767590878807,-0.00134167966223763,0.00707447448011289,-0.00706106036770151,0.040521182259551,0.0356399759838402,0.0834737311786766,0.0206629779227926,0.0990924726031991,-0.00189466241573332,0.101644973004415,-0.00750114693716163
0.0113474211689589,-0.00808951579818472,0.0288923838577397,-0.0206779510808838,0.0675978624552292,-0.0122097634262746,0.090318427186813,-0.00397817164533526,0.101008008320984,-0.00738129328061434,0.00555684606235943,-0.00600038942531762,0.0206771894204455,0.00870213396471096,0.0683060716423417,0.0217748307278378,0.0945316671754598,0.00430377362969865,0.101711461037663,-0.00720610108533766
0.00865622270251143,-0.0258522702991635,0.0314967913113146,-0.0190846342786274,0.0543512629494247,-0.0127861140314969,0.0733751809069903,-0.00673825672504703,0.0875512936662716,2.33327318204539e-05,0.0118918787416643,-0.00974510764989715,0.0320131100763837,0.00563425633651536,0.0623079373737416,0.0333700537880664,0.0888253984804981,0.0143693828713714,0.0937155329492834,0.0077515250889813
0.00941377246662813,-0.0112102397547765,0.0326000017496126,-0.0170234416917736,0.0664123367631377,-0.00701467739884802,0.0884544508524358,0.00107208584318472,0.096896366953437,-0.00373943842628293,0.0023815451464716,-0.00109140175395537,0.0121988254585716,0.00638432743949015,0.0425427028353958,0.0196106716008548,0.0780548750081304,0.0314996930311153,0.0877564530533321,0.0217623464976106
0.00477043397692722,-0.00833196958520049,0.0208812471129607,-0.0121278670024313,0.0493124538988543,-0.0237069110914451,0.074835750323634,-0.00190475572661549,0.0897775453476624,-0.00245058049327186,0.00868126743337146,0.0268112876995689,0.0249071395515344,0.00476189016061829,0.0547075982616658,0.0247430976493313,0.0800745493241299,0.0233699108613363,0.0936120453537879,0.00521403942646355
0.0114196850248408,-0.0176611711568077,0.0163536092038509,-0.0258117934808694,0.0374907378083997,-0.0171169751554622,0.0563936544341001,-0.0163227443080287,0.0773470865167559,-0.0162742748679792,0.017343362302482,0.0107678795934324,0.045143008345666,0.023569211178023,0.070290999141109,0.0295678513359143,0.0839668635970062,0.0139570580072403,0.0902807279308268,0.00769352093889152
0.0123388198994343,-0.0117416142142793,0.0305469306306522,-0.0276681369661777,0.0474001691994723,-0.0232398586113484,0.0739003555252681,-0.0143800115526235,0.0886841131949035,0.00142858061345521,0.00564941901911666,-0.00453198114482961,0.0316374237857815,0.0173344362753608,0.0651388496520758,0.0136454093092501,0.0793776200437218,0.00597304921262213,0.0901507353045779,0.00161394369153088
0.0133518573746794,-0.0165249109533382,0.0264157877199915,-0.0233835501759646,0.0469082109015361,-0.0200629331462671,0.0654682566541136,-0.0107054310014203,0.0846429824649206,-0.0020275347701747,0.00649121869911944,-0.0116781172017091,0.0285240683962501,0.00938732753692405,0.064532449093846,0.0309752252558368,0.0865407922103114,0.0172612592748517,0.0933815733414443,0.00719119428807099
0.0103870248518447,-0.013581811651331,0.0307505561651616,-0.022941037752866,0.0490296821740774,-0.0251246609051048,0.0633998110138469,-0.017977232070353,0.0884146751024199,-0.00525419735423391,0.0110102145890206,0.021016914105019,0.0425976264153789,0.0444154435521601,0.0726163900508467,0.0270121751668939,0.0888446168485715,0.0065493518909656,0.0927107371174356,-0.00369867304745235
0.0158048786746733,-0.0211991222692278,0.0388711339222547,-0.0257154740839232,0.0662108579319455,-0.018143699762535,0.0949328590764555,-0.00832288017359657,0.10235910851498,-0.00560630122639944,0.00434464454562203,-0.00590173673650961,0.0136280371914614,-0.00848552102972075,0.0398323581417191,0.014795075042353,0.0652958740722567,0.0209719250997838,0.0860970068227059,0.0185379126533807
0.00988443493082693,-0.0107866967668901,0.0363788532246831,-0.0294272840690508,0.0563489232354423,-0.0215111741394338,0.0799566785895643,-0.00633207652949804,0.096413552974528,-0.00587757424271832,0.016080110997388,-0.00998678296746685,0.0343712977727825,0.0112208280170039,0.0585091126085261,0.0171718955304776,0.0801107629008549,0.020896089905464,0.0913350716199246,0.00815063136287614
0.00833234111294045,-0.012058763163136,0.0368258742934576,-0.0274265811498714,0.0485082741059033,-0.015314785170979,0.0654142761586947,0.00582602715378216,0.0842513798290369,0.00794536932844229,0.00482378843279013,-0.00986697223600727,0.0288127440655721,0.00178052952480827,0.0537554749475677,0.019879197160717,0.0739139121597686,0.0253621114468012,0.0869589838498021,0.0136963819869263
0.0271365126418372,-0.0230807731456372,0.0409363488971239,-0.0271530492374622,0.0532358789285455,-0.019935075146876,0.0750286000229515,-0.0083956093770849,0.0873349090913866,0.00240153087663301,0.017108478313005,0.0329420812107925,0.0559691876160124,0.0419211236615707,0.0878193329768653,0.0147101290883256,0.0994056129616634,-0.00059298290077814,0.0995080032158507,-0.00860364311547068
0.0140332508911332,-0.00899062313277969,0.0253717934540664,-0.0218480758209038,0.0521256347311543,-0.0223429977601512,0.0727981302595187,-0.00719832341289862,0.0963929043166364,-0.00161264177894186,0.00391576064078951,-0.00661960433382245,0.0195388959659298,-0.00246928398267779,0.0526123023125859,0.0203405456265292,0.0809415283718024,0.0250130963503323,0.0959748442491842,0.00384734883489275
0.0152808043483148,-0.0179896060211193,0.0408150760783996,-0.0285176226958159,0.0603027558557477,-0.0164104921661909,0.0874394997294958,-0.00991787447554954,0.098754112800866,-0.00799032413306749,0.00298483027840201,-0.0114712963218101,0.0200119122012595,-0.00166342821124324,0.0452464075678026,0.0205943271260295,0.0704412964204904,0.0294141083253156,0.0870567815483137,0.0138462024419407
0.0139326639181308,-0.0166334283721775,0.0302254390083749,-0.0253774559291605,0.0472775287562052,-0.0212927130948554,0.0702059498012467,-0.0122662725644305,0.0906411843722026,-0.00494237262553175,0.00464829919269564,-0.0108459204362737,0.0271696251589426,0.00968872882162957,0.0557848237586421,0.0311463728912444,0.0803123371355064,0.0201330069822436,0.0919231104487027,0.0053514446322425
0.0167014800256054,-0.0170439281415567,0.0339772535714689,-0.0288669834986859,0.0588745761918499,-0.0243061251618282,0.0818900155033924,-0.0198648962274902,0.0992374307513979,-0.0121411624788191,0.0162698077568772,-3.43825476744985e-05,0.0279103934849677,0.00128720713333251,0.0522742197605541,0.0236120994888362,0.0749000863475151,0.0281785949086651,0.0886565498223464,0.0177234133957176
0.00875196769673989,-0.0188538541654855,0.031275664987052,-0.0236445492639735,0.0530003901859813,-0.0285667782122261,0.084631738567845,-0.0113908568875672,0.103766560385071,-0.00972435101716672,0.0132675281884403,0.0105888628910826,0.0335638462154982,0.0156951918150036,0.0571669178924131,0.0230892294366726,0.073154010911955,0.0308427968235355,0.0896702707983736,0.0143605016705147
0.00983726770681039,-0.0177040358845838,0.0251618459061867,-0.0284733307867989,0.0457819774899813,-0.0195118032132908,0.0770268539089258,-0.00865709001836188,0.0918516271222314,0.000786638996448362,0.023044693665814,0.00508933626177369,0.0540885958057706,0.0279023685650956,0.0819757656851818,0.0238011105012202,0.0900984872684537,0.014813953138318,0.0949474171775816,0.00422291646121988
0.0106459192498404,-0.00947485431153185,0.0288688478610021,-0.0251671192565155,0.0482420273480677,-0.022436940429109,0.0710771915856841,-0.0143545702959829,0.094631168383027,-0.0040668168089559,0.00276969179682686,-0.00272209563628292,0.0223386737581136,0.0149628917590881,0.0474366210044304,0.032271690053764,0.0697565344166715,0.02992362902054,0.0887164006554938,0.00949409568970995
0.019529535250386,-0.0181168876984441,0.0368667580078344,-0.0264051434495107,0.0566344110716355,-0.0265342499325285,0.0669530699425428,-0.022767491289834,0.0853106907804337,-0.0100930498625462,0.0242540255801529,0.0367890669933387,0.0657244492595608,0.034699014742937,0.0937791318279482,0.00763936810224414,0.0986679391069784,-0.00837536552690567,0.0980048002408357,-0.00790984007359834
0.0124385415478315,-0.0205921505694405,0.0354599457767256,-0.0284303157763243,0.0526847087169399,-0.0200430167725676,0.0711369261591458,-0.0151398417610911,0.0955043011341008,-0.0097679208413971,0.0171201284149817,-0.00105949810513354,0.0409515192897133,0.0168568070383387,0.0631586489283969,0.027240791851123,0.0781019979949829,0.0222167047376029,0.0913423277195348,0.0063315210077829
0.0115422244370796,-0.0127697703735298,0.0259096611372962,-0.0205300768246708,0.0432299889406425,-0.0167197433838765,0.0630837763450699,-0.0108451159826811,0.0869663350345068,-0.0033277172640057,0.00776231603438123,-0.00737450259702064,0.0319028137221872,0.0132937514165549,0.0499682375453873,0.0231305879579943,0.0721145465144373,0.0285808223253653,0.0901437511382102,0.0133808081115615
0.0146096148806962,-0.0120973327275788,0.0427214552649089,-0.0275667817984057,0.0555677458705875,-0.018820044487734,0.069216241220796,-0.0112635691841602,0.0918323536390556,-0.00602892432347643,0.012992371817568,0.00270076067196496,0.0383462839508935,0.0204663204997283,0.060373148374816,0.0366314295962721,0.0780445670001968,0.0308139514788423,0.0902455322479497,0.0130103426508464
0.0148046177881008,-0.015358684045624,0.0302431919132432,-0.0248727399861965,0.044463809658244,-0.0154237054879725,0.0684593943570071,-0.00657578875139997,0.0874827355489183,-0.00127590313354705,0.0121349247167914,-0.0102272889521991,0.022102974597722,0.0165410802508627,0.0504253649815265,0.0287014313501266,0.0764201349068047,0.0258036975189228,0.0899031557005553,0.00943663369636309
0.0158312756279642,-0.0195535691155784,0.0326997650047855,-0.0275676025442862,0.053953927074415,-0.0232399579593675,0.0697529822364903,-0.0167767313465358,0.0912841407229968,-0.00771250007749474,0.0196083146685062,0.0195303656550745,0.048480450911319,0.0349192440501015,0.0681754109021982,0.0294215967550451,0.0854395303015267,0.0150568683298935,0.0925134770366445,0.00314763535159335
0.0126417932229298,-0.0130670531843422,0.0298353724731153,-0.0210876815433242,0.0452090610661363,-0.0257665009308181,0.0638823865033423,-0.00944864614589025,0.0790152872145642,0.0034460608843137,0.00716959482463613,-0.00268024560569254,0.0308610311087024,0.0177104376359692,0.0606760467432469,0.0377093585778875,0.081556880964405,0.0230403175371211,0.095639315731825,0.00544860625916357
0.0089375495306974,-0.0168726423820922,0.0241047862963023,-0.0265031209430236,0.0490506116345932,-0.0254176025521357,0.0732776377784671,-0.0207065793426997,0.0948903027298621,-0.0126648795007941,0.00770918003084359,0.00543773028891525,0.0338941757259744,0.0168513821348979,0.0581267949925799,0.0211040950290098,0.0753196057152238,0.0204458686325502,0.0912925160450217,0.0105794108843973
0.0100601925924839,-0.0136941390090205,0.0336673467957031,-0.0249909946840836,0.047644016638734,-0.0173959084296816,0.0675335759171611,-0.00767482794198874,0.0854491942166174,-0.00352018999175428,0.00739599933985326,-0.00853197277820932,0.02717298868503,0.01020182820011,0.0522473305729191,0.0302917503379842,0.0730523182569761,0.0241935560381681,0.0888137428793009,0.00837434852751528
0.0145578727505132,-0.028148473218385,0.0345456747669786,-0.0270865490000037,0.0668579084818013,-0.0227385169503423,0.096881858136521,-0.00500383846173839,0.10375556016303,-0.00511494535126694,0.0119371876600495,0.0251093659979678,0.0385598129776576,0.02651470123976,0.0653402639933599,0.032609213805418,0.0837478391983748,0.0125557035519158,0.0914988378447305,0.000957600855054084
0.0128982306611039,-0.013339165946669,0.030200301616876,-0.0273676396082637,0.0468492962834907,-0.0118832000472065,0.0742711047454779,0.0121995895825855,0.093668908900729,0.0137433321403177,0.0162447188341686,-0.0152387742806925,0.0389447636860455,-0.0241896454687479,0.0541157487812748,-0.00857433301522116,0.0716782366572052,0.0168546710173291,0.0898786410298702,0.0191220713796802
0.0149867058538826,-0.00766296790502072,0.0320290096234264,-0.00906338869291087,0.0560707415570888,-0.00521430980399356,0.0719158313569997,0.011643597569843,0.0882961858025614,0.00514819657275355,0.01125669501408,-0.00912588302441472,0.0306757713847429,-0.0164285019917456,0.0541367920783894,-0.015560301562266,0.0690207146737226,0.00587572526970242,0.0817283735878646,0.00674899457907636
0.0164049655171573,-0.0214358269505856,0.0272522063275848,-0.0314621310963346,0.0361944218530556,-0.0271209266084858,0.0551059665378252,-0.0212707505816126,0.095110463724079,-0.00545547635370352,0.0142097344347701,-0.0076686882761001,0.0315617987999392,0.00170305108656564,0.0682668794335161,0.0294381353551267,0.0849637947693797,0.0297558774442958,0.093659205621827,0.0109590815667726
0.0148929113905217,-0.0159775010734763,0.0293520995417457,-0.0272765022293494,0.0472124997719241,-0.0222467476859605,0.070797866153009,-0.0100637947267072,0.09617862019347,-0.00107101261046013,0.0113966016476741,-0.0135033142342387,0.0237499562558406,-0.0203546163477648,0.0392193192074568,-0.00623430229389448,0.0681585638788743,0.0207808271410308,0.087102696977177,0.0239538456979125
0.0207458413503608,-0.0198381305216769,0.0365111412149002,-0.0272888988995428,0.0535778387549725,-0.0182460422213086,0.086828189118443,-0.00661150314886483,0.100988488123977,-0.0020946330334895,0.0180475042625448,-0.0194201025994359,0.02913264774092,-0.0181393510988555,0.0464272886956852,0.0101898443859534,0.0809700975911625,0.0325424410807773,0.0882640951306881,0.021607049978384
0.0165375222898025,-0.0200229395257918,0.0345501661755734,-0.0291687421984501,0.0424240739251367,-0.0304255112415338,0.0594261984398535,-0.0212780450349636,0.0843370141711677,-0.00258664816497748,0.0135990921295161,-0.0185269473936909,0.0276395111981252,-0.0208321728704289,0.0580614172679375,0.0156303025160458,0.0734299723772981,0.030927389315061,0.0893076324628415,0.0128801729793186
0.0216331849681076,-0.0248713582577102,0.0311999723715532,-0.0270896578933538,0.0414887430870606,-0.0247717703065369,0.0813157354761393,-0.0106403093308686,0.0980055229438475,-0.00276793927381066,0.00796488221551096,-0.0182529234085003,0.0214970593013504,-0.01717378915785,0.0386613843364592,0.0156079208524814,0.069675938844276,0.0296553071292766,0.0897180262062831,0.0117868375195033
0.0148003843417796,-0.0194238129883374,0.0360345214613196,-0.027898930788627,0.0410814340741217,-0.0246612147324005,0.056757736835818,-0.0125950677478718,0.0902164144006445,-0.00133369041407693,0.0162383807955674,-0.018537690011048,0.0319543552107981,-0.0140706224997816,0.0518647275922365,0.0190138755459901,0.0760650850291685,0.0331754017139841,0.0934494366453777,0.0113237667319963
0.0294721563886036,-0.0295751301004356,0.0341259347169591,-0.0255827801587423,0.0564664640959062,-0.0161835051768107,0.0981396937232042,-0.01040783097,0.103512105541659,-0.00897029967976508,0.00964115833130336,-0.0145690246791056,0.0328226675284075,-0.0124725467768177,0.061179730382554,0.0293210566499902,0.0788630390071684,0.0245900465423255,0.0930720022592508,0.00781377587955962
0.0183567470150296,-0.0150518101292315,0.0363402361654482,-0.0308899855774065,0.051085948933393,-0.0209072328651606,0.0784114478970152,-0.00788948549896339,0.0947544361695729,0.000214184450827896,0.0139176265442542,-0.0156030853262342,0.0324491171064859,-0.0157578067133487,0.0526833837545522,0.0172068711130375,0.0765077759146798,0.0230592610254129,0.09327434001862,0.00830421407933455
0.0130027432588374,-0.0125855373813511,0.0340179253986432,-0.0304747420932349,0.0383793034217262,-0.0229964294569903,0.0590870294454767,-0.00757296503275851,0.0877256839477694,0.000997130781303903,0.0068134139839713,-0.0116190073299074,0.0182566406738856,-0.00635836826137113,0.0370655522293501,0.0172919614609922,0.0639624706794221,0.0213950138253521,0.0866140119383304,0.0122514048527015
0.0143496147973983,-0.0182823728312184,0.0269230309200664,-0.0251637679098428,0.0435565553198206,-0.0167405676681473,0.0827883237123246,-0.000872464627716903,0.0932482933886224,0.00147623208996977,0.00777146519268157,-0.0127274411686681,0.0193300311048151,-0.00119791442964392,0.0444347219771811,0.0171170773099804,0.0773477856537087,0.0225129220825309,0.0945083462394321,0.0052567706722962
0.0228999572635648,-0.0183022238062139,0.0344277072039575,-0.0264498035062025,0.0469486184095511,-0.0168131548404834,0.0778352520667543,-0.00186934897055144,0.0910403786651939,0.0020779629900314,0.0166814929984007,-0.0148293605343137,0.0311176163833262,-0.00442998387886267,0.0558737945662576,0.0347160926051859,0.0857121184783983,0.0207272266864739,0.0971029652873153,-0.000584666856597715
0.010211971878727,-0.00646565539106342,0.0271554618008073,-0.0284738725627664,0.0496346379087674,-0.0224752022179629,0.0702172023885116,-0.00720413725218697,0.0911900677162265,0.00403374888706077,0.0101491704415353,-0.0124322752593105,0.0264793624837378,-0.00300706021509185,0.0548184716930735,0.0208894939056146,0.0711164781558549,0.0270161821855607,0.0918827982143806,0.0124943740870374
0.0329252424991239,-0.0289730213421108,0.0632673060204072,0.0085010945856541,0.0856674833030821,-0.00712570985037029,0.0942319021842103,0.00112350751347621,0.10087464828632,-0.00261454317835265,0.0218730753671246,-0.0295584064279214,0.0566220764496268,0.0299094642287906,0.0750246524281706,0.00932549699539399,0.0819167663660723,0.0168939681725042,0.0941565040402138,0.00668712366196095
0.0223600839708256,-0.027132451332227,0.0454720315983248,-0.0269870211112346,0.0528898623890772,-0.0245696435560969,0.0698799830252539,-0.0173754380169696,0.0975175596114928,-0.00538499009124708,0.0124661680356529,-0.0264825505883679,0.0343752063586511,-0.00246253450091498,0.0518429505356979,0.0283089358369576,0.0688161076848971,0.0271526309685368,0.0886080487956403,0.011282527994729
0.0200607100985803,-0.0149861639801462,0.0412128639746767,-0.0264128807490856,0.0583247097199394,-0.0130725768894524,0.0743012543919256,0.0064318228991117,0.0927404362990893,0.00897918991646106,0.0221062746116153,-0.021716524855832,0.0533968167224094,0.00928857705376599,0.074977551167332,0.0320343881249968,0.0922157622323808,0.0113935354174385,0.0931847435272731,0.00449909892050154
0.0341037989534516,-0.022633396596718,0.0417695092188917,-0.0304442631248191,0.0536914426081206,-0.019761193426914,0.0806585010034867,-0.0054626950030155,0.0906835281640388,0.00327059649833531,0.00392607616134179,-0.00756445221662249,0.0204563996077961,-0.00238565737626617,0.0529753859265739,0.0344328559182386,0.0711819620740609,0.0358545343239977,0.087060374426663,0.0191100886695633
0.0148623217064559,-0.0170662347919928,0.0388232775036968,-0.0228318044612691,0.0563681575075158,-0.0176643471095589,0.0766697801754288,-0.0132992669870578,0.0923847565464854,-0.0056619074585066,0.00747489520975466,-0.00880637334711766,0.0360446450629642,0.0126476221839211,0.0619559871404413,0.0305671448791297,0.0786337528560372,0.025652686658068,0.0916983564063832,0.0081871207776136
0.0205175407946285,-0.0195890577314626,0.042403487584623,-0.0260204435967734,0.0709878522817942,-0.0011063478570767,0.0869126280657226,0.00469434733162103,0.0970451546428382,0.00142740283528274,0.00902498334918032,-0.0156224212838714,0.0418850223744057,0.0183969273075771,0.0750992615119072,0.0269866778438867,0.0874348419621181,0.00490047086631411,0.0913184578644134,-0.00164496638035232
0.0157566137256579,-0.0121191851357966,0.05147506420428,-0.022253390753014,0.0741677850755107,-0.017595424107368,0.0958243273071862,-0.011086801332669,0.0985111341208915,-0.00662904914035493,0.0120755543804252,0.0149345890924611,0.0422744897433495,0.0267117520067464,0.0670981611819912,0.0302348546689699,0.0825199272397339,0.0211078619524945,0.0937510119709953,0.00451228619970799
0.0176767468299893,-0.0130262804699073,0.0427535390782141,-0.0287032589482316,0.0629194437059242,-0.0167724276587145,0.0789576863557192,-0.00802835627994062,0.0925834633504707,-0.00353098024412499,0.0123485292935852,-0.00839602638370331,0.0313325381783741,0.0169399449619294,0.0555772158937066,0.0251866556728136,0.0720876228717101,0.035953054549226,0.0862813325469946,0.0165697821611707
0.012961495564269,-0.0148009670534924,0.0408362728687587,-0.0229872872050676,0.0592516167999241,-0.0138147293089221,0.0779572057563535,-0.00417858019660251,0.090046758344425,0.00300950905429413,0.0162697348227213,0.0117574348173975,0.0429916887687383,0.037177444750635,0.0675856046808333,0.0378686059823176,0.0839405152855537,0.0152229688981829,0.0903689390950302,0.0065104735718459
0.0138579234885161,-0.023853684386149,0.0255960756455208,-0.0264654664397455,0.0427487227744918,-0.0235072023784663,0.0602787016244679,0.00197881148592905,0.0856994051424843,0.00684027827294428,0.00778734284336103,-0.0148882609388552,0.0208668768554708,-0.0157117304396764,0.0448213456776269,0.000431874136809246,0.06483425375247,0.0198311200440132,0.084462216154343,0.0164764007943922
0.0185777053606541,-0.0142575259700535,0.0462566465941118,-0.0215118233332791,0.0737056971633539,0.00256138248579454,0.0922441086148712,0.00410853957301061,0.102370948964455,-0.00843323867485925,0.0122904751211627,-0.0158672492098898,0.0431582871099741,-0.00602266829468616,0.0690208677317365,0.0185992072020447,0.0928332887649375,0.00110120707823411,0.0985651129285704,-0.00519126596006812
0.0150164878388951,-0.0215042255825831,0.0311182315114264,-0.0342185685992809,0.0512039365883551,-0.028028564273804,0.078382646531454,-0.0167681532238828,0.0966731885037633,-0.00781151539434895,0.00693041665395497,-0.0170897503036609,0.0202017869356425,-0.0109022852354843,0.0463213092373918,0.0136813625152814,0.0735479589120376,0.0296758509784296,0.0926980825809796,0.0102527882009643
0.0196842690894494,-0.0253564074518173,0.0334584739055087,-0.0226611107817814,0.0549819495349615,0.000527661270386535,0.0858137599484644,0.01494105077045,0.0980789913498097,-0.00098818271937951,0.00979260673218239,-0.0214511024806522,0.0213583109870008,-0.0108060613016886,0.038640306111166,0.0169157794470893,0.0639807404550987,0.0269173620857098,0.0908542160423761,0.00995901815841338
0.0159636171502478,-0.0180310566363843,0.0353496842657057,-0.0265705934273129,0.061316841596521,-0.00867534788113125,0.101066876451716,-0.00625920790582067,0.104294817551109,-0.00789046515824205,0.0268156914741012,-0.0227998843994035,0.0469914479202594,0.00487290413796503,0.0862074112555897,0.023746963522429,0.0941004168153094,0.00630021341820065,0.0925302993188491,0.00730165258514863
0.0216816307187936,-0.0309574903750165,0.0578726493669424,-0.0182289830896989,0.100038701957618,-0.00323985957121008,0.105139533891783,-0.00449536017076088,0.104923738217441,-0.00644703568959955,0.00514183157612938,-0.0224718603534171,0.0235079608321004,-0.00209424119821816,0.0554259524965529,0.0332093897551911,0.083621947839527,0.021615698422797,0.0928847612620197,0.00680763279918124
0.0170192659399043,-0.0182097000536194,0.0364718460449742,-0.027680066291819,0.0555077424411318,-0.0204017684550132,0.0829179749394762,0.00238013256153388,0.0970246175802026,0.000691913187069741,0.0145926861040593,-0.0187199164945824,0.0321141566507205,-0.0171600161126221,0.0653553487459509,0.0249660609849356,0.0837665598330795,0.0245383302656844,0.0923615372138142,0.01158056903429
0.011445128060452,-0.0153698603536815,0.0291698033815288,-0.0317148839452611,0.039596625107772,-0.0244521399973775,0.0669758822983363,-0.00887870391988839,0.0903275777842752,0.00020158009705826,0.00762381807250342,-0.0191679318754941,0.0235342802847805,-0.0149489613622907,0.0500552765031541,0.0261838914356353,0.0753968527212224,0.021936471753948,0.0918488952828621,0.00266056675789567
0.0226760096035905,-0.0187652773028139,0.0384009835455511,-0.0292382955023876,0.051993087331371,-0.0258649227535047,0.0692804170866515,-0.0155775959585234,0.0858351696831509,0.000482703896115773,0.00361644282640488,-0.0123508640467851,0.0189029174723939,-0.0169217119946746,0.053591264374292,0.0284074768448731,0.0740862666805933,0.0308872971684277,0.0963470418553743,0.00863001769220575
0.0204971853985635,-0.0150660111154148,0.0449574839898489,-0.0269860111903988,0.062733088733239,-0.0140929748020331,0.0862358002935619,0.00131222590640723,0.0970041899625926,0.00116914073025469,0.00404993589027276,-0.0172717678377136,0.0304705723678047,-0.0150248078004598,0.0589092461510282,0.0316063719734225,0.0814856517578455,0.0239789765141597,0.0946262838178426,0.00616985157900686
0.0208524318561297,-0.0183009885705464,0.0393497246323038,-0.026446273695298,0.0563691140864899,-0.0101002480943742,0.0761798791680302,0.00937153712986145,0.0943706063032845,0.00375038524712434,0.0121268947223445,-0.0203930450327874,0.0326943104198061,-0.015930228908291,0.0603499125745357,0.0233788343797247,0.0786884962073931,0.0237938702461591,0.0925736347339382,0.00841362740445256
0.0158656728931716,-0.0166439408467177,0.0458086240595844,-0.026881718514462,0.066762105010635,0.000300793749280154,0.0895485598100532,0.00448395145303793,0.101833151836176,-0.00490773829665252,0.00960521715696155,-0.0190476229618685,0.0448580955617527,0.0067293337835353,0.0702071542056284,0.0264311121489107,0.0924954480894122,0.00517370114949411,0.0985129285420439,-0.00453661520496209
0.00460174815943998,-0.0015863072879383,0.00829999146298954,-0.010572355774131,0.0300579883649873,-0.0261116449413451,0.0628361230469257,0.000871737770224805,0.0918159228903787,0.00383810972221713,0.0101416233611894,-0.0112536385451467,0.0316244474465682,-0.00206096534854818,0.0660066876355729,0.0201650500426431,0.0808023863321033,0.0228891869640652,0.0922209667566092,0.0110794457962495
0.021768305258057,-0.0148179029527247,0.0356078561280931,-0.0284900613461217,0.0464047814009105,-0.0210332885719035,0.0830429105372494,-0.00364018751927836,0.0992496870757687,0.000309353861328135,0.0124428328060368,-0.0120896472069443,0.0364008381086399,-0.0146413280755517,0.0624921554648633,0.0318472076935344,0.0801301428635705,0.0352699770146986,0.0892090038437799,0.0191650284573012
0.0208501829853147,-0.0172010708597275,0.042190811817644,-0.0274133168657821,0.0646855702284773,-0.00280138921987736,0.0909593313838661,0.0120330999468222,0.100802825771551,-0.00167574346187223,0.0163924409871385,-0.0193812599170026,0.0411034624997097,-0.0170611643369201,0.067869727683418,0.011976199451494,0.0827584293060326,0.0230900504345316,0.0952258292926738,0.00524096006014003
0.0187511009177804,-0.0217659271571974,0.0322681258468435,-0.027814868697083,0.0488250043794496,-0.00148401369642345,0.0767574452467821,0.014334181156514,0.099131140080889,0.00698528058862953,0.0191033074127245,-0.0162688702865616,0.0429799581360059,0.00549882351240481,0.0709782656940404,0.0303926055107821,0.0899781223334032,0.0170968830114937,0.0934774245328665,0.00761053371296985
0.0181753096123954,-0.0157174310853734,0.0386460225220251,-0.0307032750405171,0.0499892026793918,-0.0228082422268814,0.0711213230608951,-0.0057934973403107,0.096626907120318,-0.00487669459758534,0.0165700983016304,-0.0138085357838107,0.0344385634206954,-0.00529240626084813,0.0533024250652071,0.0180976900287071,0.0726383370329132,0.0298569738502002,0.0917272460566323,0.00992618517781734
0.0179494431615535,-0.0117843802130826,0.0322801092005635,-0.0251227455051136,0.0537864626284562,-0.0104452052443078,0.0705060974373177,0.00460576575890692,0.0934565818592833,0.00170946550653739,0.00961100377688531,-0.0140655329545901,0.0312412335509592,-0.00251285882753985,0.0545768941356122,0.0183695285371723,0.0745427005967569,0.0259641998567626,0.0922498933017515,0.0101404710992768
0.0176593807579419,-0.0208837544337016,0.0337882288403688,-0.0261148080762133,0.046930978020726,-0.0148245161453215,0.0719350199393332,0.00235919233038806,0.0920152491248556,0.00750436393631811,0.0108092387246025,-0.0219693011700346,0.0327286887198646,-0.00254863950009075,0.0527147392694959,0.024242970017383,0.0739013895146418,0.0302490321953438,0.0913826445531598,0.0127289652969919
0.0226814133548991,-0.0273952053195427,0.0435912991652745,-0.0193635195010996,0.063549654994087,0.00402280576313056,0.0882240230770593,0.00526804172441314,0.0920750760824351,0.0034304838333387,0.0122260915969778,-0.0189980232328326,0.0295323051574954,-0.0112940588027254,0.052893378363947,0.0260845252280401,0.0732420120783743,0.02743682046784,0.0876232246747766,0.0142197723268501
0.0155238834115952,-0.0102983268992292,0.0324734317295561,-0.0239054329142619,0.0484607769983569,-0.0140128855274929,0.0669153734776045,0.0206861130146821,0.0905363298806399,0.0120175992940282,0.00660904565598462,-0.0115284671886751,0.0220997432463352,-0.0185293097902102,0.045722567570628,0.00396061514870024,0.0601336813167904,0.0217765448106034,0.0847894393796102,0.017606164219851
0.0167562467538452,-0.0170659700998684,0.0343418913173105,-0.0303962533876625,0.0467749692476795,-0.0191243607669391,0.0613876061025313,-0.00243289371647358,0.0882555524811892,0.00158343889339814,0.012299383786586,-0.0231084263993102,0.034107677811301,-0.0143552509034577,0.054964686593279,0.0179420788245542,0.0747208399373524,0.0264781092786401,0.0852701781184015,0.0133923001002053
0.038247517882647,-0.0287036245679148,0.0612131750298894,-0.00552276504430869,0.100536401090195,-0.00150992203926128,0.101475178864509,-0.005005955812438,0.102802175685192,-0.00833507096978468,0.0157891603317088,-0.0146799269371948,0.0545136984900856,0.0246131406668423,0.0870885796709345,0.025264344056721,0.0930335734394797,0.0182109826521262,0.0965712401418217,0.00752564012659637
0.00489022128454793,-0.00534583625216198,0.0257132133507941,-0.0274288406899681,0.0435326591681503,-0.0196282228988114,0.0604489051399143,-0.00309761233175649,0.0804536546254629,0.00325210725831173,0.0144289095936613,-0.0137462210629061,0.0365641246291683,0.00408636351191461,0.0594042686484578,0.025698980933394,0.0806192720728717,0.0278069450807879,0.0918085568645902,0.0106917848778997
0.0159100354962758,-0.0220061865762922,0.0279761304753553,-0.0258079952661387,0.0498952138607329,-0.0168229286299093,0.0838121536507098,0.0023835463303453,0.0964776187236813,-0.00326411504211056,0.0133492935932306,-0.0139270849703398,0.0276828614138751,-0.0224228222713802,0.060912824691925,0.0137716866225336,0.083614719595849,0.0326139607510786,0.0906249069282775,0.0189336609845148
0.0247023128849965,-0.020752303579746,0.0350374679170071,-0.0330770216457477,0.046568152856178,-0.0275105193071694,0.0657441646843611,-0.0155569730478265,0.0927387862925768,-0.00187254894858437,0.00801151499461494,-0.00687312342950134,0.0221341603341211,-0.00902413253875057,0.0488148394506879,0.0160489443510116,0.0820260258720885,0.0299337599998821,0.0921617032471991,0.0124181214664129
0.0188281146742974,-0.0119622040781381,0.0336048997442299,-0.0291356584926805,0.0482268375208172,-0.0261454753891933,0.0804177956812611,-0.0118447613927219,0.0963160343889169,-0.000330721050835096,0.0058449501937575,-0.00651423565235641,0.0161660833333728,-0.0105420214393541,0.0357787381238372,0.0182577153067159,0.0668728871287997,0.0372967980616729,0.0872951733397788,0.0254607569113055
0.0151330972004996,-0.0131145561871347,0.033568096510062,-0.0283493379025364,0.0535172265900151,-0.022017489264926,0.0759548764089949,-0.0118249889677698,0.0922698963870223,-0.00169613610100399,0.0169806008719267,0.0157630021895943,0.0461544579986314,0.0429442682232445,0.0694724183716038,0.0344395931742543,0.088500037062409,0.0224895027953128,0.094659427525665,0.00610788217281781
0.0245353855062452,-0.020642345579589,0.0341361652034155,-0.0274879035063002,0.0421520624435221,-0.0273072126868617,0.0602233088331438,-0.0265312505827337,0.0878730996387891,-0.0123509389353132,0.0180994669603206,0.00946643019479735,0.0395198471031536,0.027333534614445,0.0677744125697331,0.0290667956065016,0.0814542842410809,0.0271578419596272,0.0953823117374299,0.0100597851838393
0.028863313102531,-0.0239235717879189,0.0320527394219117,-0.0267343375490009,0.03342700110784,-0.0262676242774936,0.0400614871379746,-0.0231625501769677,0.0793104731655771,-0.00509967721656087,0.0312004741440256,0.00586387931328782,0.0488268543983823,0.00588847879187696,0.0672252018978442,0.0279228671544869,0.0801313868699626,0.0254256510680315,0.0891618511766818,0.0182029729987158
0.024382225724243,-0.0210626149696095,0.0397889069178736,-0.0271203602137018,0.0497441660946348,-0.0247923913112997,0.0744238479538031,-0.0192265042175204,0.0938908459972187,-0.00735425795258767,0.0113355280041548,-0.0104380430277323,0.0363272425436587,0.0122706253880569,0.0602250245876024,0.0346319885907132,0.0808083546715539,0.0280546180616849,0.0922636410195612,0.0120710130395537
0.0127461867059132,-0.0187112895604794,0.0322252362327915,-0.0253101528635598,0.0477628322542793,-0.0259920929154451,0.0711595713306863,-0.0116367951025351,0.0898068960607863,0.002484265095237,0.011106485663391,-1.67411161918471e-05,0.0333630673334631,0.0213014924212021,0.0538536507712558,0.0368171877163725,0.0833093438518034,0.0311909463261151,0.0856836377298891,0.0296718753754081
0.0267509901734013,-0.0233064334421798,0.0449556566143526,-0.0263776028666472,0.0634234255930222,-0.0246332120116948,0.0808857303518876,-0.0149822223439686,0.0982617003951332,-0.00665739610956976,0.0120035647760102,0.011968930711835,0.0355403714075936,0.0326488815659277,0.057458122919787,0.0388467946515227,0.0738438689836011,0.0218459180464743,0.0859754408615549,0.00494384010539571
0.0048351116268447,-0.00227740544464568,0.0064229341753234,-0.00876191014589889,0.0333018643491212,-0.0247762050214631,0.0569089256458293,-0.0213440648669662,0.0785565984162228,-0.00438084357736549,0.0124396781614157,-0.00400004637121927,0.0320473736400767,0.0137251077928187,0.0634794730824568,0.0277267726381566,0.0831774306373456,0.0198622203787118,0.0905738969652041,0.00775359034082305
0.0243864791502748,-0.0229214473706309,0.0341742344033775,-0.02970146292627,0.0548355664938767,-0.0191864204992768,0.0847873379427727,-0.00471082463734056,0.101609571086546,-0.00619616291321123,0.0119903883905216,-0.00496147513035667,0.0326756258546257,0.0141620316969078,0.0553538889111597,0.0281528933824766,0.0767707408922535,0.0219855349868419,0.0917097463447615,0.00508343765252255
0.0136428420841229,-0.00974425990026427,0.0302747316208669,-0.0203048777915917,0.0384288555297521,-0.0283565539509818,0.0625721196736536,-0.0197228337638691,0.0832936700203003,-0.00675543086020154,0.0258591474494173,0.0188933383653748,0.0442002954972003,0.0298303248821207,0.0563522235089845,0.0325916841037925,0.0725948522537732,0.0271793851094295,0.0798992436850481,0.0172280019545696
0.00825527658499006,-0.0258145067722919,0.0285084622275595,-0.0263390944388051,0.050327136427943,-0.0299399282254753,0.0787467524970756,-0.0185921824835867,0.100900923799813,-0.00790279162210795,0.0143316024023556,0.0191228403556112,0.0388985617129423,0.0397144258362256,0.0572408027312931,0.0396858593749316,0.0747139180554001,0.0281463273248183,0.0926842009370118,0.0119443055430131
0.0123773274245401,-0.0168862069826995,0.0298036161542956,-0.0277325903536533,0.0533467767783632,-0.0185076881900707,0.0743861369476404,-0.00457749764483115,0.0896746533499496,0.00294448039748413,0.0234275024230425,0.029396465291603,0.0486547861894623,0.0393972631755598,0.072518922808359,0.0256614492398151,0.0918425452147965,0.00651772215076012,0.096475701763607,-0.00509913883341178
0.0157635200696261,-0.0149831785790794,0.0322858464928727,-0.0269420333619141,0.055752068264451,-0.023757142638144,0.0754354546896268,-0.0107920861085824,0.0920874188828527,0.00132451992562039,0.020432540106304,0.0196514464557434,0.0371680544420205,0.0368410286958829,0.0554549785837841,0.0422302071975782,0.0751351329490784,0.0286613805173839,0.0936643322156295,0.0114830816559439
0.0153465165308111,-0.0158060720322701,0.0338895018606811,-0.0305551493889196,0.0555136162484046,-0.0244725535278968,0.0682167108305061,-0.0227524384470085,0.0874942852663469,-0.0131302553788465,0.0130882256865491,-0.00505575372138329,0.0350435762294396,0.00898445617057669,0.0630090770693784,0.0226411379465322,0.0819576340188712,0.0265326510570946,0.0917201085220156,0.0134750741605618
0.0109901959146183,-0.0199334295470086,0.0341323952940345,-0.0310123549790218,0.0470883579040963,-0.0251533094557019,0.0539521085805705,-0.0214282635904555,0.0727865515362239,-0.00819928430480722,0.00427101292681253,-0.0022604918913339,0.0172313932282597,0.0131469792303512,0.0506376737686977,0.0268425761282949,0.0790360102788729,0.0200169761311423,0.0940396710342588,0.00887607897157981
0.0157473631409493,-0.0134410838026677,0.0402061306399387,-0.03093510874351,0.0597431928515503,-0.0263246162696991,0.0775605106009216,-0.0138143275561088,0.094519439995982,-0.00312774443949988,0.0192789076284887,0.0328663607869185,0.0427600934678941,0.041920510125632,0.0653597882380774,0.0366860918375225,0.0763281557833882,0.0286871758691151,0.0932655975884479,0.00870355831670125
0.0299962395259805,-0.0257919049936723,0.0568791276076986,-0.0146619080273903,0.0750988637941237,0.00417764301349895,0.0865131361903315,0.00661042353795315,0.087726311509618,0.00555009793549258,0.0190450925880523,0.0211201288138603,0.0416780089290929,0.0419005404337721,0.0581077807738492,0.0405927171485054,0.0784938744367364,0.0212702227346919,0.0906460052661194,0.00775126473202868
0.0228857795707912,-0.025621281390666,0.0465357130897155,-0.0327389127044068,0.0569736380499732,-0.0291144442116419,0.0949905585575763,-0.0156562558985693,0.0940836045198095,-0.00236268932466071,0.0161119671607827,-0.00636581967673746,0.0433852325772562,0.0101290552367744,0.0685206239124391,0.0317565936218975,0.0848228876437388,0.0293195941391514,0.0933499998017956,0.0114203986135222
0.0194062577723393,-0.0185313200315938,0.0396746854991043,-0.0253954495801622,0.0581329170523373,-0.020161501026478,0.0786344152433842,-0.00549069545153585,0.0926688863152114,0.00209189289501507,0.0259540424401802,0.0115802726500638,0.0485458613629775,0.0474733918651479,0.0748616845772052,0.029173615763232,0.0905957774936233,0.013112495009697,0.0919688616494477,0.00886922390692523
0.0247060004497236,-0.0262547768827923,0.0513780333518444,-0.0197506517671553,0.0637525101186757,-0.0118717604872301,0.0693402843457114,0.00168998660612353,0.0789921854769576,0.00259395353018539,0.015391022044279,0.0169247339120869,0.0335948807487847,0.0450694788551701,0.0575925224676603,0.0487309625115154,0.0819493413462136,0.0217696811397667,0.0921880879771356,0.00884059924904198
0.0274350482902298,-0.0160521990880531,0.0395912386748628,-0.0264884791388875,0.0555011053067709,-0.0212431119063253,0.0652996395230763,-0.00970271346967643,0.0901908684316699,-0.0068499082208528,0.0148116900864523,-0.0022467639551052,0.0338874405397101,0.0252197197747159,0.0510629372295527,0.0390201824812731,0.0681128014008973,0.0303687866839385,0.0857664213249249,0.0161003781549554
0.0235465744728275,-0.019356843313563,0.0374060657703314,-0.0264896539283347,0.0633568243121462,-0.0204479980616467,0.0707972819875338,-0.0193710706098394,0.0992117317960779,-0.00920281696316633,0.010147455163317,-0.0052059217546612,0.0293482619353981,0.0159564210664557,0.0511725377051101,0.0287207977297518,0.0625754582390474,0.0255922538173889,0.0815286093978368,0.0194633716109882
