u1_1,u1_2,u1_3,u1_4,u1_5,u1_6,u1_7,u1_8,u1_9,u1_10,u2_1,u2_2,u2_3,u2_4,u2_5,u2_6,u2_7,u2_8,u2_9,u2_10
0.0152357348304884,-0.0132182147812429,0.0436650001656285,-0.0304516930120634,0.0733897727998773,-0.0353054452573605,0.0944210858572771,-0.0164935397348734,0.098892804168639,-0.00454252195044878,0.00967613656774584,0.00375196883764286,0.0284374528370384,0.00818707145630874,0.0571229932231841,0.0112583663882197,0.0742633218049267,0.00389953322347173,0.084929564404578,0.00227055453279532
0.00850375079319541,-0.0139654984226851,0.0350996241192609,-0.030946967610256,0.0677950842646826,-0.0218920812181099,0.0966367652483297,0.0048905459906789,0.0957815745248165,0.00771635035637043,0.013879560733489,0.00497413331858281,0.0408344703084022,0.0255698723126038,0.0699052477605502,0.0296839955153717,0.0936355076331168,0.0137056379443328,0.0966503698487378,0.00693241708785286
0.00367611602094057,-0.00360740673213404,0.0197072117473519,-0.0144275930639796,0.0513631884265283,-0.0318417492778389,0.0791825993434941,-0.0228584870773945,0.0991284924756038,-0.00876155567007459,0.0134414492493057,0.0034262430977006,0.0247590960692981,0.0116521800138588,0.0521895231713349,0.0270501433542247,0.0779457408419022,0.028092401108731,0.092932277214468,0.0118794487937514
0.00706908265749531,-0.0110481909485168,0.0218451532921984,-0.02490321339533,0.0453926676175674,-0.0318418276642846,0.0573221639756175,-0.0215623646272426,0.0843266578470329,-0.0129071187897685,0.0140305944696391,0.00512441769378118,0.0358899598618518,0.0221960927761346,0.0621926412476638,0.0299757760026286,0.0792013541579697,0.0264388464387098,0.0911692741265299,0.00958212759412133
0.0113043821596979,-0.0153931958439176,0.0394154846510407,-0.0269627918849686,0.0711894257720828,-0.0308917971202442,0.0845990454924761,-0.0194917865123015,0.0978341277380768,-0.00774943883866792,0.0141760851894887,0.0103848338160546,0.0380835669450874,0.0340444234333325,0.0643959222561644,0.0330317635987322,0.0806775501668372,0.0223798271162836,0.0923383791723321,0.00731750725485176
0.0111034421628591,-0.0129350092946883,0.0354536875528496,-0.0262596114587152,0.0544292520989841,-0.0311774882493908,0.0719792953843941,-0.020241883170021,0.0870159719209223,-0.00947793347598432,0.0116726310825161,0.0054323509211037,0.0279991014336311,0.0172978868354872,0.0507655017815614,0.0267726020209417,0.071096095491917,0.0257349780504044,0.0899739737975004,0.0102281052386485
0.0158660976642827,-0.0217847264148796,0.0358803162080428,-0.034560621448221,0.0747576090089294,-0.0316322100817045,0.0991296481301939,-0.0115923418838951,0.100638797015383,-0.00684045697438288,0.0161597622751991,0.0117361184584784,0.0384381863454645,0.0272453296437921,0.0621784110623969,0.0302200108530095,0.0797689850071302,0.0212976525598824,0.0944036859927203,0.00555563736147826
0.00625036756551934,-0.0156315348316505,0.028004116916209,-0.0297584706930012,0.0405790236171305,-0.0322275297954928,0.0558397309349353,-0.0211329844592242,0.0805447273343544,-0.00525994808805563,0.0191896858930512,0.0204639141167588,0.0483563710398119,0.033678051432753,0.0701651326381067,0.0290901276266071,0.089952115103473,0.0107380371255278,0.0942028812493729,0.00519661061744247
0.00854897522093132,-0.0169459547087671,0.0341666615699125,-0.028435285349004,0.061624994559563,-0.0341282370849019,0.091383985213363,-0.0223270644258978,0.102544715301245,-0.0116546700358452,0.0160763914796613,0.0131432146417149,0.0404864111312637,0.0310752106901171,0.0579170467318238,0.0318763134692251,0.0866891368047865,0.014520309651469,0.0952832978683554,0.00251023745938599
0.0107664669792068,-0.0229707948377106,0.0321228975463397,-0.0349154701144256,0.0487598829313902,-0.029431633719837,0.0754874973273126,-0.0150466681341364,0.0954477523685381,-0.00623520431692849,0.0114485168627047,0.0153098655296999,0.0356678846995446,0.0369898710042305,0.062773338600657,0.0334208162477403,0.0876125911361037,0.0134112685729004,0.0963010511795509,0.000867817331590805
0.00657078761983337,-0.0185223360695908,0.0265880697307419,-0.029878332091706,0.0510698005547557,-0.0361649866377321,0.0887564349847724,-0.0229940922936917,0.100143044878602,-0.00586242598368061,0.0171140254038586,0.0131408822564276,0.0424817131033786,0.0333949582546947,0.0676181846266318,0.0328691520682059,0.0860963707100125,0.0198122010346192,0.093435290847656,0.00958737443614921
0.00459756884686897,-0.0160918852449788,0.0300051959612506,-0.0295776225560619,0.0560841505573056,-0.0309315431484807,0.0696834015672349,-0.0187612241751079,0.0865761637019697,-0.00670357245950386,0.0138063719788877,0.00906584527702077,0.0439536142294171,0.0326200175975123,0.0668487796509743,0.0349891543907519,0.0848109281919495,0.0235824672356187,0.0930536417846295,0.0145363320072754
0.0240271329456612,-0.010899197662222,0.0460882792849318,-0.0234330056527209,0.0629829095465509,-0.0256828597453458,0.098607854468365,-0.0202488075098784,0.102482960797502,-0.0106938237001317,0.0148090054557424,0.00679023658093891,0.0378012557238122,0.0103598451641046,0.0565065990206306,0.0146780993342804,0.0813429854312381,0.0247150450673604,0.0947833377850689,0.0103466256771368
0.00881712201150562,-0.00587811902105961,0.0393375104070073,-0.0177602791301096,0.0582660685700601,-0.0247672384024363,0.0802574474757942,-0.024657327109533,0.0937535894279252,-0.0142177188560548,0.0144752888612735,0.00566697365100749,0.0472138217006895,0.0138792637939684,0.0722346877143079,0.0183640978870311,0.0913577858585397,0.0199073873628294,0.0972480134768705,0.00689937156611047
0.00987052581463766,-0.0150128623807501,0.0269078366695989,-0.0233124269733111,0.0440223982028002,-0.0281300627750482,0.0649216078461721,-0.0173063335879816,0.0843912866738203,-0.00649111925706275,0.0107512472786438,0.00636616798834574,0.0295518757449298,0.00969654166249397,0.052760667084695,0.0174454134112553,0.0739486622079529,0.0266214199599076,0.0960641873212036,0.00970565073506986
0.00913831241519346,-0.00404362124724201,0.0362027730521765,-0.0153013932995196,0.0567968090985764,-0.0262661823843889,0.0731497619438126,-0.0266840837958231,0.0917581890217798,-0.0170176786633994,0.0119256301168661,0.00580482471274207,0.0411864055982915,0.0148128695276068,0.0590150431292869,0.0224050373428609,0.0772172633182689,0.0177898920794247,0.0967293057352518,0.00366951059827209
0.0161724868544653,-0.0127568481482377,0.0401936359140942,-0.0218470623596687,0.0577489961558929,-0.026879097795699,0.0783691064613562,-0.0254914069248854,0.0933839190337324,-0.0143597648670115,0.013909330291368,0.00822789375162215,0.0364702211529761,0.0202863835119789,0.0614768233975273,0.0216126417142246,0.0824474153206832,0.0166475557904185,0.0922840592921721,0.0109476944931146
0.0153809133567647,-0.0105922241157813,0.0409531858796878,-0.0221667941518677,0.0438787553064121,-0.0221075560842771,0.057907297476408,-0.0209105209353379,0.0863288869582464,-0.0111261285868106,0.0169670589980776,0.012849055050081,0.0329813709838467,0.0183640007624815,0.0531516604047434,0.0222252816387837,0.0685743111701103,0.0242193754630965,0.0911507196823503,0.0115508159821936
0.0137044417536779,-0.00686478971134662,0.0279922495488475,-0.00855419841951133,0.045997760819412,-0.0138873769379345,0.0695317275560498,-0.0182074282747295,0.0899941862028467,-0.00769255572857996,0.00627756470300372,0.00655846570637292,0.00971043125999931,0.0186953280296293,0.0243475140915142,0.0220558328776087,0.0518033797574073,0.0201026726153227,0.0797038642691787,0.0178777334341793
0.0171386003842099,-0.00458961655084479,0.0476007589698217,-0.0169197170662337,0.0564910817422174,-0.0243575922195308,0.063087296285582,-0.0261160174610805,0.0758583714989819,-0.00799808758721165,0.0117575633206407,0.0107054932645806,0.0361001625963284,0.0207099134921293,0.0571964656976688,0.0331262642166753,0.073672064930933,0.0260521193274455,0.0849133094170865,0.0069181453106344
0.0209682802197343,-0.00670609936171949,0.041431566144054,-0.0158414904401425,0.0511616990782157,-0.0185000076960761,0.0555641280318089,-0.0187947914793459,0.0764330678379566,-0.00880154290366101,0.018946125965205,0.0119945070066527,0.0434611866575048,0.0291352767562494,0.0538523983394295,0.0283214913930364,0.0562116422051943,0.0265542850273487,0.0845086117427784,0.00567600641353205
0.0185104800986,-0.00777277037237389,0.0470845935554808,-0.0244807915318979,0.0549266992473167,-0.0243960287278878,0.0719254598284381,-0.0269448683403108,0.0938722584190627,-0.0180599213524035,0.0176426637715739,0.00988607270625638,0.0423937287467843,0.0223699692989783,0.0554974073300977,0.0214940361207834,0.0658264218068631,0.0247405317724581,0.0878957278604988,0.00629019553592479
0.0139594377416195,-0.00535441667366786,0.0422352855177665,-0.0147199918581789,0.0574895332572788,-0.0240898151344531,0.0686116846661646,-0.0105268701919613,0.0890123347969418,-0.0045576672561391,0.0180933184199106,0.00405950868217628,0.0398937212050747,0.0291876824430725,0.0555483514770558,0.025321837605226,0.0800776155233848,0.0102657430888837,0.0900966589935136,0.0145412007513047
0.0273453484436194,-0.0110006653274447,0.0598413026338253,-0.0211360849032393,0.0626505825913901,-0.0172777141853915,0.0784747673318786,-0.00949326416288395,0.0884867642771364,-0.00570345426530309,0.0164491539419972,0.0121609416296896,0.0314214860255387,0.0274969463482228,0.0564331939476122,0.0228300963897698,0.0799974961243442,0.0247403146855281,0.0922070337039943,0.0124351072888684
0.0126586593393499,-0.0094163399502695,0.0293937647169305,-0.0146386469220939,0.0511663059480825,-0.0215754589976484,0.0706232597908755,-0.0266978929601599,0.0939520924443423,-0.0202552833555048,0.0116980562799133,0.00620380318367706,0.0283677919837565,0.0243679675645702,0.0492135708597738,0.0308444483316628,0.0671823451258383,0.0306890997907559,0.0895278786568542,0.0120552570367091
0.0167833532147035,-0.00665264783617321,0.0449768440867331,-0.0224093520203515,0.0545370188308434,-0.0280785714637735,0.0701775764922399,-0.0289008654297862,0.0856521547361869,-0.0103106803886983,0.0121957284545089,0.0110142092661221,0.0396728236254107,0.0248994775531629,0.0567191593485123,0.0337925749318675,0.0794642655721915,0.0191415754931815,0.0965029414748973,0.0049293522801993
0.0169019428927611,-0.00607901758799032,0.0384483564890529,-0.0122866808780497,0.0533899848119885,-0.0165047428847848,0.0718505975214992,-0.0160046715246237,0.0871622323796371,-0.00756162788238033,0.0164160932356925,0.00932317799441842,0.0358986311663921,0.0237748595633801,0.0507397290821703,0.0319533022481261,0.0703112480873294,0.0272158599547211,0.0856622099703681,0.0142788867195822
0.0117633077664201,-0.004912367904827,0.041215933032416,-0.0173434196839302,0.0572365299176943,-0.0217841480584143,0.0768734881636392,-0.0215992728983288,0.0947177738412285,-0.0159396050560299,0.0130357482296532,0.00164292843173121,0.0404859638764114,0.0107739891502922,0.0586126804109695,0.0135409868160925,0.0793066446694956,0.0145169958896808,0.0950351316186325,0.00444431009864806
0.0110671555679079,-0.0112814940876732,0.0353488994439025,-0.0232491210003051,0.0530669750638208,-0.0227700689108115,0.073189657879999,-0.015611262894137,0.0907922495032714,-0.00523569270380172,0.0210739479712864,0.0206857013862873,0.0339778340200663,0.0284372598577994,0.0587723028811111,0.0251039644291069,0.083235384865242,0.017815943082022,0.092080963525726,0.00635666991376109
0.0148512089966213,-0.00774797299122938,0.0458082082514614,-0.0189378803846977,0.06607696655868,-0.0242634503832693,0.0780791751513485,-0.0176743939982862,0.0990846473297066,-0.00654452913796936,0.0143427332697313,0.0108477769840072,0.0392987271943385,0.0231542519063441,0.062181826660748,0.0271044036872677,0.0750162126047229,0.0218835934723952,0.0964239216897663,0.00611702648645488
0.0294706637929927,-0.00923210447027587,0.0590234238655133,-0.0192730494886258,0.0811998005360872,-0.0229363088025719,0.101187490130344,-0.010431478922396,0.100995082206445,-0.00701343490944368,0.0111919254744236,0.00834650281568763,0.0372533582901584,0.0172676013488109,0.0565298818824147,0.0296797502490806,0.0767908432827819,0.0213835752619563,0.0932080785332556,0.00988095188134651
0.0177325177824674,-0.00658121201740921,0.0430521203203964,-0.0187933754597847,0.0619436969574035,-0.0242220175183131,0.0758753123123183,-0.0243755709824106,0.0893522322630576,-0.0111014761092644,0.0140819755629963,0.015943696149937,0.0429408474753629,0.0256039905890075,0.0631717394672824,0.0312968953290496,0.0835570614864292,0.0198723495982998,0.0940919214519139,0.00671630730401061
0.00714016088892492,-0.00216304362697209,0.0331240310316007,-0.017489223450806,0.0503835772405164,-0.0254463206159012,0.0573113804406002,-0.0218072731642099,0.0819795581185406,-0.0112212095711671,0.0107283802086184,0.0102947781417041,0.0304735269054902,0.0236839325122848,0.0400178884393993,0.0309231717407661,0.0572697710275524,0.021446159456769,0.0856644507551722,0.00618881407929976
0.0109631911043557,-0.00814404732184341,0.0379348325881789,-0.0195958185145193,0.0612941120382218,-0.0184842114931399,0.0640198424283891,-0.0192374949377507,0.0803715784917527,-0.017719851050393,0.00901388059301953,0.014764490524289,0.0298602217064853,0.0310611703546096,0.0413508547975552,0.0384834291880685,0.0508129421173999,0.0348373591250793,0.0891169779585196,0.00553236263082887
0.0107410274524131,-0.00496401627246691,0.0332443226075026,-0.0183666944695576,0.0559467506494302,-0.0211393452474833,0.0769290242816042,-0.0115832589149352,0.0917920302057422,-0.0036113092353758,0.0153327802193724,0.0200161289507761,0.0217025909099986,0.0269033115422258,0.0542612145897358,0.0374272120019203,0.0857906140775496,0.0213285272919598,0.0952598594975127,0.00646733177096994
0.0130086065759813,-0.00243652617610082,0.0477609397188141,-0.0132082119474071,0.0642533023120003,-0.0264491754007266,0.0673737832537133,-0.0276141816206938,0.0831705725784664,-0.0169804030972515,0.0134734038127156,0.00653828107258554,0.0350188275490651,0.0201083640183011,0.0452562515041724,0.0315447198265153,0.0568902887478401,0.0316513779349424,0.0814555486417357,0.0142046311099149
0.0152488006880073,-0.00612589781943947,0.0341354240883115,-0.0131268388981586,0.0483828855976923,-0.02136472642195,0.0635968745865545,-0.0246647535924912,0.0840272968375136,-0.0158447816914802,0.0138504623667349,0.0143011997931528,0.0278740418235691,0.0283139231385745,0.0479690534083346,0.0395938289750227,0.0703391638905946,0.0283448801434298,0.0922540586256085,0.0140499881083738
0.0137936346081403,-0.00577153584293333,0.039977162724623,-0.0127156922271653,0.048385421238858,-0.0221079037184981,0.0594877047265966,-0.0243243810050028,0.0830706273370695,-0.0137102845320815,0.0118448561462156,0.013438222778185,0.0245776377916475,0.025504240713381,0.0344263687959059,0.0311749250508232,0.0515292991157519,0.0350505249555826,0.0824207920182262,0.0156135350945141
0.0243559515661528,-0.00748622293969835,0.0589868359686468,-0.019517849864719,0.0715364518182553,-0.0202738724020926,0.0937998886215002,-0.00109288634583661,0.0968152661508545,0.00219662429307246,0.0140796452438503,0.0114107130620398,0.0339440341798986,0.0311590609477145,0.046391124806206,0.0274212591044152,0.0730478024578826,0.0150058245306921,0.0956722620597499,0.00602082280086215
0.00699995037005018,-0.000201025903120636,0.0225855963503034,-0.00485973435484781,0.052256319527845,-0.0258847866561172,0.0636394259929075,-0.0287852894134884,0.0829812231368323,-0.00729798908806805,0.00483011308905373,0.00302768469430426,0.0221680217631661,0.0178571283230408,0.038837271841016,0.0297698540079092,0.0634929703797834,0.0257208905050795,0.0922195920621739,0.00517974985709795
0.0112808145088062,-0.0205555987049864,0.0395767099209882,-0.025908764668323,0.0781900253915631,0.00163598241761226,0.0912483425077123,0.0147406562144157,0.0935676999389662,0.00972132603432271,0.0121206176464544,0.00592504968765948,0.0290306267392199,-0.0221506900840818,0.0588748967188612,0.0231768787385865,0.0677620618320608,0.0298341065830786,0.0893403273344585,0.0114999186180179
0.0143809535303072,-0.0172252938769915,0.0430003776669975,-0.0299311439122303,0.0719582752209127,-0.022851794156921,0.0956729902572242,-0.00900337823848333,0.0987867544698467,-0.0035481800928083,0.0185279565010036,0.0142112282918523,0.0400094168538271,0.0314529908494604,0.0635019524679498,0.0324427689740567,0.0838844619368189,0.0182241847420629,0.0943580878760557,-0.000823676856708605
0.0138042675623902,-0.0162575046250736,0.0268968892001238,-0.0336686879114306,0.0625260995866492,-0.0301506774167247,0.0941530372506043,-0.0125453153922494,0.094732928547679,0.00861458642780442,0.0119105528036946,0.00385570869513343,0.0273150886039248,-0.0138602609484794,0.0596120824305309,0.0339339132245803,0.0835534560763106,0.0226278298082831,0.0884900982879737,0.0106915004392643
0.0128383392164911,-0.0173155152141423,0.0311200833544499,-0.0295079950358758,0.0395222284571442,-0.0306528041365296,0.0578343344335014,-0.0251386464997978,0.0838787543842749,-0.0163083661689378,0.0102101411649993,0.0153652893339343,0.0326122843161772,0.00134133104032904,0.0497829850534528,-0.0102096311249965,0.0713872590992151,0.0332720950194832,0.0962030642817562,0.00934706477228428
0.0108802002851935,-0.00932182621737506,0.0319987302531126,-0.0269582034446069,0.0506065586512069,-0.024980287335018,0.0835331120016213,0.00272430258329741,0.0923785661999756,0.00593225686542804,0.0120666128550567,0.0104479224784857,0.023718601047777,0.0285871002533137,0.0428778203048625,0.0246877198831276,0.0750557221941982,0.0171915191941744,0.0885665982950906,0.00573559059281201
0.0228713453499892,-0.0240448211611441,0.0523017906571261,-0.028866317056911,0.09205846617115,0.000351166592060118,0.0970490955291216,0.00132902887210125,0.101142062128056,-0.00642072073107298,0.013569113198522,0.0112170697380672,0.0337376306468523,0.0291051875286862,0.0684592096040748,0.0272028072902575,0.0933026953695531,0.0107107681444118,0.0956338715097297,0.00149156148251247
0.0251196385160522,-0.0213183491821955,0.0351130032660827,-0.0235339924767717,0.0496682407416123,-0.00153369246416586,0.0776484362439959,0.0210508530647163,0.10134561629676,-0.00742753310737947,0.0140006270561502,0.0228541513348752,0.0300255328568209,-0.0162410674410021,0.062690437686258,0.0148656536742845,0.0750863875431643,0.0356153011078212,0.0979450455413949,0.00852288223499298
0.0142577261812258,-0.0208455010394946,0.025702950906342,-0.0349253552418244,0.0431577618098263,-0.032553611955861,0.0620057358890454,0.00103729719937716,0.0869424420449157,0.0101350716083358,0.015204252810647,0.0172124417369656,0.0292885682146414,0.0291947168528477,0.047180531579171,0.010369384541459,0.0757743943465447,0.00458029025427887,0.093430374918662,0.000433788201025837
0.0249988403292575,-0.0174785300257258,0.03354595720726,-0.0298624411027383,0.0569248520893412,-0.0113093963147165,0.0705865405456438,0.0266713682672117,0.0758877357934848,0.0223812838289002,0.0167107394946595,0.0207896055400055,0.0326107830869811,0.0273138251689128,0.0526025716412708,-0.0100102536272172,0.0710785512774492,0.00628776720680426,0.0728380668632306,0.0385472907800292
0.0297739692874957,-0.0237007117504721,0.0312366950480033,-0.0215525978361291,0.0471779491082844,0.0216614359796204,0.0789034444420585,0.0318820448613131,0.0822428248394019,0.025532158320894,0.014489692423559,0.0198054359167931,0.0325475683417226,-0.0210113890983491,0.0502558222775194,-0.00706851121249479,0.0740499171101923,0.0322105502637941,0.0937762508516836,0.00462511458097611
0.0175291312176062,-0.01460690027602,0.021115651440189,-0.0273785636650689,0.0352390168998189,-0.0176485742169209,0.0607922712349933,0.0400992888469655,0.0850673909492258,0.0235410305495037,0.0183635264660908,0.00225192670197448,0.041863120207266,-0.0251585751185852,0.0573181071869084,0.0123682603389037,0.0689083365761388,0.0258169843987908,0.0828088622004812,0.0187901255757994
0.0214788200750714,-0.0283416206207276,0.0300091228633141,-0.0336079083711796,0.0434855890033262,-0.0269299246049118,0.0816684030814331,0.0314619764955522,0.0847911489400418,0.024416497879375,0.00837826983953663,0.00128626949907727,0.0319973645200478,-0.027282652390129,0.0436592794438471,-0.0220715850513863,0.0634270171300145,0.0109415000691112,0.0866998653672002,0.0197515898581238
0.0209117302751747,-0.0215067467454072,0.0276288818674242,-0.0289954883930534,0.0329027439037255,-0.0269623274566892,0.0538299311935052,-0.00255218238740568,0.0617438877628907,-0.00190835963063515,0.00928591073358243,0.00203841233005805,0.0249037370771613,-0.0165501820038552,0.0339648425682289,-0.0238354122722985,0.0663492532294674,0.0297361505393851,0.076404092626192,0.0179478302853125
0.0287529990559215,-0.0315077113965278,0.0331126275748905,-0.0299626611954615,0.0328216511298012,-0.0288740935889008,0.0546138489620483,-0.012739180738362,0.0840127458972749,0.0310971586266025,0.00820141732278928,0.00665871665373696,0.0310968654825686,-0.0270290601423738,0.0338280927754135,-0.0281815237013335,0.0599397559299368,0.0186525847115632,0.0810500745959937,0.0276832037474867
0.0638906977735291,-0.0390158076513612,0.0394792406193073,-0.0261701741053425,0.0442946637048325,-0.00748049290155373,0.0793334668602941,0.0322748855805161,0.0990297509878324,-0.00364831231875152,0.0151637310924003,0.0276736197894425,0.0241054261271816,-0.0133287018964662,0.0681919257496592,0.00188535995162207,0.0747657716822846,0.0264131801441625,0.0925486444490804,0.00276400869490735
0.0226649405221787,-0.0224045316759938,0.039272084508213,-0.0222714297060887,0.0461994658879887,-0.0240462076413658,0.0600502292611437,-0.0134697562638484,0.0859372206209151,0.00986457350096734,0.0170880300119928,0.00641378415958989,0.0412345865504415,-0.0221896496409112,0.0619122224046913,0.014176099622253,0.0767394234608623,0.0264812516261237,0.0892366457873767,0.0152496981353691
0.0187283556063939,-0.0115552468394591,0.0392153870450238,-0.0306706763483072,0.0479607615345305,-0.00726291329483185,0.0587891964346979,0.0154921628089777,0.0762516773987451,0.00591325486465012,0.0101338703494793,0.00943957401464378,0.0355243243720701,-0.00784510560343068,0.0515845896768501,-0.0207421138201107,0.068766287565111,0.0291207806010467,0.0806297417429974,0.017948745468358
0.0202619020710275,-0.0194771966826322,0.0352814097614276,-0.0322064772893585,0.0368684136278231,-0.0292159148281373,0.0548618150243999,-0.0233127590638615,0.0882219374751595,0.0207590013882414,0.0151283364869579,-0.00232075992552428,0.0307143416773972,-0.0154755898983201,0.0397550565594045,-0.0175478988563795,0.0672589918630587,0.0216115074542436,0.088914374877549,0.0116962918168437
0.0181302768738079,-0.0245469656829516,0.0313860163344865,-0.0272671042643215,0.0314734838189364,-0.0225911191808581,0.0607743534464937,0.037260341687182,0.0835471520240339,0.0271749267994142,0.013656356745293,0.0188650683840971,0.0311425450230253,-0.00621747699736433,0.0597779845375391,0.00372618562850609,0.0760935694866505,0.0286352323506678,0.0927202438515853,0.00840110874110784
0.0204823083684151,-0.0145554021382607,0.0392336226356054,-0.0269820872051897,0.0427135161697214,-0.0270483944728128,0.0634774003314235,0.000729521827147056,0.0915317752216019,0.0132002727939343,0.0192063555833103,0.00205452045699322,0.0392053976191685,-0.0144554559619498,0.055415375023189,0.0047430623661888,0.0769017819995802,0.0246745644966925,0.0918461628639835,0.0104911679074196
0.0257010667053783,-0.0282759383586738,0.0275466483389265,-0.0327568899890493,0.0349330144772773,-0.0302192604461957,0.0510533004794816,-0.0234617902588061,0.0761650199076296,0.0277009139553173,0.0135088705886999,-0.00265343432238236,0.030016146599479,-0.0266900575185917,0.0391924630226517,-0.017419075977415,0.0684538169224993,0.0191225247109253,0.0815845516869816,0.0263933093505887
0.0255681553186585,-0.0272066792011682,0.0288161600798952,-0.0361361108541356,0.0456514880062829,-0.0195181619811688,0.0683289824684208,0.0338746784475982,0.0960673840622281,0.0057893984548409,0.00918008437845108,0.00121877586101384,0.0304481794376024,-0.0290960411917316,0.0520851173398064,0.00476592334740589,0.0735763936399742,0.0241261831554686,0.0872085048369286,0.0111679652819564
0.031828850401506,-0.0349550024601625,0.0330099271699013,-0.033459487707073,0.0472056134472285,-0.0169698674754784,0.0593046348153283,0.0105728642989184,0.0762680645682953,0.0301154619016948,0.0133405082260877,-0.00115109367251693,0.0344455565669188,-0.0306985807323227,0.0524450187231409,0.00640974813248347,0.0725867500689771,0.0280573319587807,0.0781826775177399,0.0214018200482911
0.0319051830346186,-0.0298494107821207,0.029390318276302,-0.0255720492522369,0.0351555604252519,-0.0253097864143372,0.0553783987636541,0.00493375818877478,0.0900738052957484,0.0181586847301155,0.0210139283426484,-0.011809708778226,0.0279723534542635,-0.0269417308951374,0.0444315948758849,-0.0042497849977335,0.0710881260899745,0.031532746725279,0.0853225369786727,0.0132482316042643
0.0294690933955116,-0.0263284950764904,0.0380296897651375,-0.0322571435778565,0.0380747777321687,-0.0323116808101628,0.0564646329970233,-0.0167918096642599,0.0867424170367944,0.0239940451922588,0.016152521478461,0.00306779491195403,0.0374950085164561,-0.0297200963065818,0.045638132386619,-0.00427657322199499,0.0808254800814531,0.0171566853825657,0.0890196921369168,0.00726592634702602
0.0236555385218901,-0.0312572610901658,0.0362487618837968,-0.0353465047119627,0.0351048990614451,-0.0266209766185443,0.0602795797199468,0.0225047517635108,0.0871982449521341,0.0251431245598528,0.00970584313724656,0.0129853307116249,0.0214372836009464,0.00656884441630515,0.0381285630859136,-0.0223982895414155,0.0593841042342182,-0.00902060907580522,0.0742324301145779,0.0301620988200553
0.0186153001554625,-0.0171805196322984,0.0322864490014016,-0.0331930464935634,0.0360319193767486,-0.0308899822291281,0.0413364440756271,-0.0296066689556421,0.0781450692696036,0.0196152144747155,0.0111211295495672,-0.00128653878850209,0.0303318541081058,-0.0236012297322049,0.0407961308048524,-0.0137520416980987,0.0713609990590963,0.0258029417191815,0.0847169608534139,0.0166042643450111
0.0219422492532142,-0.0237010774679974,0.0297241151107824,-0.0352186314483797,0.0302154937170861,-0.0338221919718739,0.0443266297836223,-0.0313846490865843,0.07481453895513,0.00991462961380393,0.0287117561150687,-0.0231662167436644,0.0336895593445917,-0.0201891162015929,0.0633327258194179,0.0223432112161357,0.0814904804708831,0.0196168359000797,0.09271031314091,0.00963380793288079
0.0420353600705548,-0.0301809595664044,0.0434154566240933,-0.0305880559110348,0.0421436071250027,-0.0154140478189839,0.0601609557412905,0.0309255179243327,0.0819217364912027,0.0209279649331884,0.0109947946898241,0.022396638410861,0.0240194653216579,-0.00958909407386858,0.0500417685819787,-0.0265288742781915,0.0762681267442846,0.0276233801196817,0.0854792504311695,0.0099447556011968
0.0177867145675917,-0.015367813064082,0.0282939028016029,-0.033930936608901,0.0351291170762824,-0.0361110656025812,0.0497311544178781,-0.0193033220489998,0.0878699621065869,0.0209361959475085,0.0174423673313332,-0.00272491987498046,0.0339186536080508,-0.0315468024604651,0.0582898183951382,0.0141799690088176,0.077365248449898,0.0209022174509066,0.0863530900378605,0.00879325623814846
0.0223505437652989,-0.024807773749957,0.0285621358413592,-0.0332392786831473,0.0313463272061768,-0.0326802419186042,0.0463647133120239,-0.0131310666354019,0.0741819108988829,0.0363602305254074,0.0191316031184583,-0.00454011500523144,0.0327953315542059,-0.0322309201235781,0.0464282443365228,0.00950876758522142,0.0746299699735609,0.0327494340394067,0.0803427342751128,0.0230753870368735
0.0260723190611377,-0.0262078415851811,0.0369054881541242,-0.0329579765563462,0.0402024198015568,-0.0339036583905046,0.0570102362515709,0.00437737019324709,0.0810642636572234,0.0211054410887218,0.025327679454501,-0.00653839206874393,0.0400162753755558,-0.0304178712472776,0.0623178668932995,0.0232885278103786,0.0741111501202647,0.0221190814863577,0.0789608215466493,0.0184756846664329
0.0205979087915551,-0.0198183758579281,0.0280992522128337,-0.0317530316359946,0.0315906612832931,-0.0298805437397185,0.0413151941449651,-0.0225745582216847,0.0674072244789205,0.0353628405039581,0.0311870424972773,-0.0252755110637086,0.0325335594568933,-0.024881919714001,0.0495542891639207,0.0120310095835465,0.069379617411317,0.0333286604944107,0.0766345670846536,0.028218969414502
0.0377700220530964,-0.0259323587463792,0.0640920936958605,0.0228604739719234,0.0868978648377222,0.00300897553466679,0.0793217859457833,0.00163386596192254,0.0565862624848267,0.00902174574953762,0.0273078674737652,-0.0300443523619624,0.0792264153682389,0.0270513184605873,0.10557714034197,-0.00184661900817081,0.106209707739774,-0.00470350879938751,0.104621819456825,-0.00509710420084859
0.0145421464703598,-0.01476571603012,0.0321248568231928,-0.0326226061355991,0.0417804628946531,-0.0198565248677374,0.0599178371483222,-0.000870603415418422,0.0877172093703849,0.00713402737595986,0.0137483913102541,-0.00178205985766843,0.0388071558589648,-0.0274110833526817,0.0536264139280764,0.00244080347014422,0.0741796927780401,0.0276241168257668,0.0920651500384973,0.00527417704778686
0.0276770208905594,-0.0286474318720503,0.0308041625004787,-0.0295273092795412,0.0389131151727959,-0.0216746006091092,0.0564188152996968,0.00913634055220648,0.0820577509346619,0.0197745485006508,0.0134964675641749,-0.000271752226588127,0.0290158050454346,-0.0282018200710836,0.0430756284250695,0.000656908349837994,0.0681847178193185,0.0331123456259054,0.0795148972922458,0.0174540084838921
0.0215578917371482,-0.0246540103190192,0.0284551767230759,-0.0341754568512098,0.033524740172707,-0.0339520507501393,0.0566428810469659,0.00969296428520586,0.0825263900992914,0.0171263060817154,0.0167928034533769,-0.00238731921333112,0.0318575590473978,-0.0344170824146398,0.0536924121223174,0.0134088349056588,0.0747461151994358,0.0340716597170675,0.0842676398938469,0.0149508851034114
0.0315963959868946,-0.0321918469884696,0.0350059337729081,-0.0285772821162192,0.0385270283051023,-0.00100084576441489,0.0599562735213083,0.0297882434540791,0.0845433704385894,0.0198168954035526,0.0105466362923873,-0.00198387848132015,0.037294408495713,-0.0286071366668603,0.0707087024184891,0.0291137107504649,0.0703303351573354,0.022242347803432,0.0874215837522141,0.00482561717771359
0.0153104604001604,-0.0170995981349524,0.0344718334414882,-0.0330656042632281,0.0366181922378966,-0.0274209085481705,0.0629610351142258,0.0196181099857072,0.0884295004440822,0.0156886906079248,0.0190577470603423,-0.00602815402048882,0.0348251285037488,-0.0305961083174093,0.0489985891005087,0.00872911897985307,0.0733266201457761,0.031610594774407,0.0819644045364334,0.0225874712459787
0.00623844080596752,-0.00724492837685548,0.0278739908616622,-0.0348756398409839,0.0360763662995074,-0.0248134966166913,0.0519197062497425,-0.0113214663394105,0.0780508712496852,0.0218718432787208,0.01884875353092,-0.00930202336364704,0.0332046549702747,-0.0312926567053327,0.0575080079223606,0.0213622273114327,0.0714338441918032,0.0269095562384913,0.078134627524715,0.0204722456141094
0.0181386737235566,-0.0228831145496063,0.0256467119159789,-0.0344774738727369,0.039074266330737,-0.0221020911831519,0.0571955983545376,0.00438481350591545,0.0857971418502811,0.0101791995761061,0.0140709885102645,-0.00124693417542996,0.0313415636211109,-0.0311371591241652,0.0458453727471965,-0.0104195608252702,0.0702567266405951,0.0320669183753456,0.0763934026477913,0.0237699623076181
0.0211932663415504,-0.0179900339504234,0.0342231685299975,-0.0350139272899478,0.0413360845658986,-0.0231948441224513,0.0685970620756211,0.0295266146261996,0.0794286507881904,0.0226061694540034,0.0128260802376659,0.00271042169291662,0.0337961858483812,-0.0197982108628317,0.0434411377602067,-0.0228716996590904,0.0661329594705668,0.0195617118096119,0.0796916396445368,0.0212619896970938
0.0205108070518299,-0.0210867877352567,0.0367641361613129,-0.0351804466528682,0.0413925253756133,-0.0293461952392896,0.0674100341232194,0.0302977123629512,0.0706582273188422,0.0262591132486172,0.0187151008079498,-0.00573487028829316,0.0318471414105584,-0.0220614696851658,0.0423947218109854,-0.027952558050438,0.0644627585011134,0.00493878683319256,0.0761932547080466,0.0309350517537944
0.0308873968849984,-0.0290839460088632,0.0354977436249335,-0.0370282029135966,0.0491210623214724,-0.0140446142084501,0.0601956659835812,0.00634891434024583,0.0975375022564849,0.00131921808174954,0.0193005069766627,0.00318838549633142,0.0371193175836001,-0.0314330361007463,0.0571624716173403,0.0124266381709035,0.0724432364950012,0.0305697093599414,0.0966178324956939,0.00545481487836447
0.0240531406287953,-0.0347830804615432,0.0310196421143332,-0.0336586378535198,0.0374134816364768,-0.0252360854763639,0.064472301219364,0.0186493952059196,0.0923114394342678,0.0111164291513901,0.0159903858735506,-0.00297304776515971,0.0287197978820034,-0.0310743659121855,0.0558327927696265,0.0208490370139695,0.0810448369944641,0.0198276494734355,0.0887933541110768,0.0142926653062832
0.0255495053414616,-0.0295730011715766,0.027112526938038,-0.0300844549818595,0.0369023003857395,-0.0169147069525486,0.0605199156501467,0.0303857039111445,0.080629226171017,0.0194214331174523,0.00297189350722835,0.00674261978622004,0.0181740639064574,-0.0116248957983,0.0392065407771596,-0.0271164527238884,0.0674681565412035,0.023754859605298,0.0775345567579119,0.0239712390133501
0.0116777470352099,-0.0184104336156289,0.0268231155168719,-0.0340173331742826,0.0398533950790678,-0.0205881979471462,0.0537714702589871,0.00476270339848589,0.0827073839348267,0.0211478773467652,0.0129089082550378,-0.00173970575527946,0.0311488530680911,-0.0296852699953701,0.0525551137073145,0.00154301432163182,0.0696474836980825,0.0335178672917386,0.0904028828830538,0.0101202631079473
0.0332117058551342,-0.0361574990168233,0.0334845236466688,-0.0297762206664911,0.0432166968649598,-0.00487034028135703,0.0676151959335187,0.0319200416150246,0.0919891360569011,0.0125100118006565,0.0155751910509495,0.0146697403512621,0.0271948824439987,-0.0244522583716212,0.0658771565718411,0.00836433150456543,0.0721660119374153,0.0308636400609134,0.0888252457875239,0.00661754111379704
0.0231748347797998,-0.0277526264061174,0.0345316083156001,-0.0340289610942262,0.056810795838157,-0.00826528486610633,0.0716822594994096,0.0237689497430464,0.0941721658161176,-0.000426651374225281,0.0142068260485328,0.00100632597272712,0.0376921431069157,-0.0337116568618797,0.0685614896683964,0.0228130328660357,0.0775221262238766,0.0212925442052838,0.0940670832261888,0.00387446782276935
0.0149477247157984,-0.0133996346776599,0.0250281265881639,-0.0315144005381099,0.0395525872287688,-0.0284533409172319,0.0540142208678071,-0.0143493376266673,0.0840473553705182,0.0157092672773843,0.0118272164791861,0.000918928415144173,0.0260809654531531,-0.0230776016932418,0.0516187819234718,-0.00182780061270241,0.0750283887369343,0.0319045285639956,0.0875468776982354,0.0215827513680269
0.0102615173502837,-0.0122493775566811,0.0338384626920655,-0.0320009614732033,0.0396057415707029,-0.0325356485544738,0.0537565291512263,-0.00814363692084034,0.0805360801810455,0.0246455259575861,0.0171280361262874,0.00297338929829004,0.0380839286490406,-0.0331805218179258,0.0627253832253084,0.0191223602709253,0.079103626939095,0.0246795468230941,0.0861741277829562,0.0170242314103715
0.0159356074291907,-0.0220792282720034,0.0292409253818523,-0.0354696354226063,0.03492829401552,-0.0286756071669207,0.0557998621408343,0.00147886977435833,0.0837405336113536,0.0225340480072792,0.0112152765449774,-0.00158860294118591,0.0326756030984071,-0.032055284866089,0.0495093553533697,0.0159939452724666,0.0750583084218087,0.024349691808798,0.0833445559158177,0.0196235758077757
0.0255009047460718,-0.0348769773845887,0.0335370701661655,-0.030457064665238,0.0687744338963314,0.0320928460166173,0.096853028993967,-0.0059072729333169,0.0977905742473698,-0.0062554771796352,0.0213857864056763,-0.00200945267269989,0.0393049379180605,-0.00987311649064232,0.0732620659485528,0.0299329853697962,0.0910751242921485,0.0105841316873339,0.0968574032932645,0.000357489269743073
0.0142774197127554,-0.0252573527184461,0.0324987687223097,-0.0330704539843457,0.0362472355934674,-0.0236390890933276,0.0478734295049909,-0.0197635428434729,0.0788860888791166,0.0196293049517592,0.00885135882086607,0.00196681367345287,0.032303100078774,-0.028028012122998,0.0412645801649495,-0.0057747763713031,0.0637862573289109,0.0316290736741913,0.0831114067119,0.0212131557768916
0.0104895754756137,-0.00996228889718838,0.0288444246463456,-0.0325838530922726,0.0323278421985598,-0.0282827144087947,0.0587316092202231,0.0222965028203872,0.0814118086965284,0.0241853908145227,0.00915628662665825,0.00398134350891181,0.0337414920514654,-0.0191834848904823,0.04033246186573,-0.0254353369946585,0.0717656371668066,0.030966282280245,0.0874143941038348,0.0206609887651643
0.0150036686732118,-0.0214435272389741,0.0281232262151585,-0.0336128432688088,0.0404583104697128,-0.0270395703388584,0.0550519633218957,0.00573227078784342,0.0789867809554493,0.0228314184507895,0.0183893079323566,0.000916775883328496,0.0355871235212284,-0.0315512527983201,0.0600852975255461,0.020039382993922,0.0685025176103189,0.0374992949505679,0.0895748706608143,0.00947794800618139
0.0205083452465409,-0.0258244337077975,0.0333602329254594,-0.0322623259847462,0.0359027535005543,-0.0285119732722587,0.0640657158255594,0.0246933827187443,0.0866472493028532,0.0131880774504305,0.0142907487926759,-0.00082664992946604,0.0308160386528608,-0.0280323967388592,0.0518354793335655,0.0100284223750353,0.0733630205912885,0.0314176334572122,0.0841666358133789,0.0130364633004581
0.0178245879465824,-0.0187416615224445,0.0347153318473662,-0.038881971444596,0.0351431375464231,-0.0228319515948076,0.0472273365350775,-0.00796704271504096,0.0806025842579798,0.00629452876501307,0.0341629259033626,-0.0309785083948142,0.0354872243490681,-0.0320755683909908,0.0469561272919778,-0.00644304111071148,0.0711354798692998,0.0302019432084298,0.0940681306247228,0.00513400110210064
0.0126651036159174,-0.0145222391717627,0.0242641216000457,-0.0325810984261022,0.032663244612839,-0.0296295115194246,0.0459948130507273,-0.0229225235901745,0.0721644993138203,0.025562001706134,0.00688080011397227,-0.000689912891785467,0.0219765954824878,-0.0192827203607785,0.036167899107112,-0.0214625688649054,0.064820900418341,0.024774067924992,0.0779151024912853,0.0266280751239409
0.01760709328801,-0.0205663811347216,0.0331197490920072,-0.0337799648451893,0.0335720404861815,-0.0289586291982971,0.0453421196240305,-0.0217655978818259,0.0864978634735288,0.00508073955898923,0.0175579425721738,0.00197128659755031,0.0299019828034854,-0.0262877352958069,0.043034159372187,-0.0027358961976562,0.072146302656727,0.0277991957748828,0.0909651829536488,0.00886331887301534
0.0192204035906543,-0.024896733421712,0.0272364082948203,-0.0290352514833592,0.0348048272047779,-0.0308266221651602,0.0466023413973079,-0.0228939685768567,0.0871083596207208,0.0126624005761113,0.012339861439064,0.000896386904811754,0.0287546754320616,-0.0244301469741908,0.0495757083402215,0.0110011689245324,0.0717877617960833,0.0354555562571208,0.0890079849797452,0.0127422350478048
0.0182744029175579,-0.0206525172765298,0.0274408245449609,-0.0371125555833321,0.0366081361016685,-0.033278771674458,0.0531882006886504,-0.014490770605711,0.0750146635582205,0.032515424086897,0.0137696199138323,-0.00182978298977302,0.0249122607414182,-0.0156695964492545,0.0452455210054048,-0.00774092854136446,0.0723458513611128,0.0342473334638575,0.0770635360934346,0.0273454328279137
0.0203671337926593,-0.0246675893783784,0.0304717442396336,-0.033658469510894,0.0407745490720412,-0.0306719667316077,0.0638087452323411,0.00786256879649234,0.0918650370365701,0.0155829860879339,0.0154031606703198,0.00542229986730914,0.033190948068016,-0.0293904548768346,0.0590541192326296,0.0187325627289791,0.0762570392437809,0.0319872563260935,0.0920109162654417,0.0113237444757977
0.0284786454742613,-0.0387217963723746,0.0268755002740936,-0.0302918620892539,0.0482696106040122,-0.010126787786987,0.0790077306318088,0.0210399608235657,0.0960151017534185,0.0084111090982564,0.0286357245226607,0.0320891998847532,0.0271076788971971,-0.027866666992711,0.0497433315774774,-0.00233371882110166,0.0779854370232599,0.0211198043146064,0.100131201883691,-0.00900415875243787
0.0311969008741118,-0.0279150554530971,0.0407213016010442,-0.0289450910060756,0.0586157285136602,-0.0136276502717123,0.0734483265754627,0.031814626448168,0.0912914833319251,0.0166707833949892,0.0228006348332652,0.006399243766246,0.0422715271615641,-0.0285661146444731,0.0592378304768287,0.0139254198994814,0.0674616300090483,0.0414919578296814,0.0907280324780179,0.0112445400409478
0.00808822248254663,-0.00994085169902442,0.0290672736085162,-0.0288292685505235,0.0369925281353626,-0.0211486733194356,0.0671867064443748,0.0399035554395435,0.0924187163190619,0.00837864118660488,0.0128350778226188,-0.00912387896704986,0.037354257714516,-0.0287589742441405,0.0533997925194507,0.0126585769130742,0.0733073185253501,0.0372441940123702,0.0914098891390889,0.00718447283416062
0.0171571113129,-0.0241437011472937,0.0321015077587887,-0.031040332032254,0.0460251894501291,-0.0218214049550259,0.0641019403250079,0.0259108659887394,0.085918881072984,0.0186828567609044,0.0165156443597819,-0.00404476132706961,0.0359574566641486,-0.0307075926048433,0.0627883233475895,0.0215121938765129,0.0722831878033072,0.0349051091438945,0.0864829185401401,0.0166635044842973
0.0111647629862553,-0.018276540513638,0.0207355264981004,-0.0243542979938934,0.0378980314990125,-0.0152061983723382,0.0706956505732645,0.0351232413027093,0.0922806458470051,0.0119993466867549,0.0190307761103343,-0.00861174425349224,0.0434218355284305,-0.0259973612053587,0.068821264012695,0.0379223769863138,0.0788746445850537,0.014481370644433,0.0923322683551977,0.00393429248789005
0.0144799235609318,-0.0107985609306644,0.033718535752067,-0.0269424075512608,0.034204063079121,-0.0282239506185877,0.0481051812176795,-0.00922907149048074,0.0697558969898537,0.0241207281055093,0.0113809594516474,0.0102055397713172,0.0325638392260442,-0.0136536695245569,0.0362217239928195,-0.0263024195956505,0.0606721453256639,0.015135149075171,0.0732537412376359,0.0306152266360523
0.0148690570630138,-0.0128540133284356,0.0318693306543917,-0.0328228558661286,0.0341931645870392,-0.0305341024585823,0.0485262303205863,-0.014326145798302,0.0747320777048571,0.0256693335331144,0.0117610561037702,0.00255052436849425,0.0301505355684606,-0.0216429215682543,0.0493239511299161,0.00119107672501061,0.0759829784434618,0.0313758474053512,0.0844543866517468,0.0155369766079324
0.0231841277138338,-0.0289567486050816,0.0243307944572921,-0.028574455755488,0.0539125930388451,0.0134609996395496,0.072163710967231,0.0322569174013536,0.0943791402133151,0.0062904386503145,0.019243929888822,0.0183041806824981,0.0308468824647782,-0.0271145267939105,0.05410253467464,0.00699284382356938,0.0673715972851126,0.0282443344590264,0.0933806744654007,0.00700203407444245
0.0119002781821169,-0.0117800576260142,0.0268613905984237,-0.0265591397335401,0.0328244886800062,-0.0282461437163093,0.0642228364437464,0.0244875422260165,0.0800654073980419,0.0200075129772546,0.00735623973885245,0.00858083415788293,0.0251524776216279,-0.0153515518838647,0.0466810008831809,-0.0256291810378059,0.0667568592796355,0.0314548654513829,0.0870649092331594,0.00906772896821733
0.0159092487805081,-0.0190182536601154,0.0303551434772307,-0.0351756476191973,0.0344755028888448,-0.0345813780090243,0.0579303286942214,0.00205269809764507,0.0826588440119383,0.015252227925241,0.0182632204475228,-0.00167343754631261,0.0322883682682597,-0.0305694848497562,0.0477038919109301,0.00203098734897956,0.0730058918247337,0.0332461025948632,0.0845568932947177,0.0181088725037205
0.0132949296367609,-0.0118268579088157,0.0286900581094536,-0.0337893242047893,0.0338370511980208,-0.0318833293742285,0.0510307329477092,0.0189180781378479,0.0658603627623849,0.0294764373974268,0.00776443783139479,0.00507250420284646,0.02576794597584,-0.00885998116171898,0.0373317890364592,-0.0326306554926008,0.0590139819151697,0.0250118198620117,0.0747726589313803,0.0295647520898484
0.013758590912995,-0.0173505261237456,0.0258213209830341,-0.0337401202457655,0.0325933314249816,-0.031917571966134,0.0542678899108774,-0.00511874827591999,0.077674257405335,0.029986620095612,0.00817634705592445,0.00952858494171497,0.0275371395785309,-0.0159095402033852,0.0360168130905645,-0.0143847539039906,0.0678077507021146,0.0307236517332503,0.0811325304101334,0.0235636200790086
0.0177003764346381,-0.0172907539048436,0.0321899582087872,-0.0363369293660489,0.0338898874828105,-0.0362110358775304,0.0538585749029091,-0.00340697929616768,0.0753152801373083,0.0245614494972822,0.0135225780708835,0.0100699065744417,0.0319715713742,-0.0217447587978219,0.0413910775987812,-0.013266468654613,0.0677796457711538,0.0290641331592694,0.0798353334603252,0.0228037451185018
0.0168221374065284,-0.0210144807032166,0.0250152790363206,-0.0380489763273374,0.0348032157634647,-0.0305019451637362,0.0563822957275322,-0.00481532988580345,0.0810786503170301,0.0228236096822933,0.0106766795602158,0.00971794395260865,0.0279989347430759,-0.025835321758503,0.0402501878690827,-0.00632048066660189,0.0713789246152857,0.0319665295188643,0.0842154345083996,0.0216429758561046
0.015908743318653,-0.0150260427863214,0.0311034309950655,-0.0341027554385757,0.0335970325969501,-0.0302087083241916,0.0561851862108192,-0.00241732239177333,0.0909708159200599,0.0135252944235183,0.0174233681376206,0.0131038785873682,0.0365271772494669,-0.0253608492132373,0.0448685459675302,0.00335713470424313,0.0706602247551737,0.0343921448709377,0.0879568372588609,0.0147342159693388
0.0240752972935018,-0.023352261891687,0.0265852519682664,-0.0311408595993197,0.0283522740077801,-0.0315715806178318,0.0491991445832713,-0.00287709465224751,0.0761200081043216,0.0277342196285838,0.0194009034393908,0.00425417395063086,0.0312371358773814,-0.0281095535523515,0.0521841702004174,0.0131256170720079,0.0730178166602986,0.037588903824651,0.0877522401813808,0.0192061045107956
0.0136512306518403,-0.0200886429399409,0.0341446203242966,-0.0326130092777576,0.0350525291691458,-0.0299475536645037,0.0555243959359231,0.00104435607019275,0.080108482652891,0.0232475896613475,0.0185480246636016,0.00800895364547802,0.0363084294058138,-0.0260105828940618,0.0529168419885965,0.00927036553547583,0.0729195927752423,0.0339159616818219,0.0835984453039073,0.0229644412851501
0.0284024290731783,-0.0263452898679741,0.0301214400316349,-0.0277584489206908,0.0541438090945956,0.00909153261979039,0.0708783150229832,0.0304033295178152,0.0934227119382634,0.00885490887095978,0.0164603832980456,-0.0039529411165524,0.0311506241287466,-0.0285666261903673,0.0410300048936472,-0.0269631071187662,0.0767168502927118,0.0198820727760392,0.0793343345848383,0.023705972402459
0.00566451971673543,-0.0085865229998183,0.0263477773574408,-0.0373593877018778,0.0352415173355514,-0.0292882511834857,0.049724151591056,-0.019872734374461,0.0692930976239699,0.0229114727225224,0.0125827022361517,0.00273853627181719,0.0317948655069465,-0.0206038871326515,0.0443324808355277,-0.000638419063194035,0.0665636421400275,0.0298504377918284,0.0785245151161276,0.0218648790900978
0.0158903904397441,-0.0166992345886043,0.0303956015579785,-0.035599084958288,0.0376744512342412,-0.0217362653988194,0.0561693663514011,0.000554288866171676,0.0798511756964241,0.0257151928312176,0.016107583618895,0.00152555126078696,0.0327605661899199,-0.0261771499035248,0.0492901446679395,0.00786183121784781,0.0685346068882144,0.0319082859855897,0.0842928385379071,0.0231495762476493
0.0162560391973035,-0.0306226849347903,0.0255606137853233,-0.0328097719729707,0.0425120913172083,-0.015824402407872,0.07161003493917,0.0273071224306454,0.0907664164457671,0.0146298272737159,0.0253512030712502,0.0242476882330021,0.0315626352915502,-0.0260119541834916,0.0464063959693864,-0.00379700520098648,0.0688617245433961,0.037658282768238,0.0896170740224179,0.0109822073364114
0.00801154616057994,-0.0129574704708229,0.0198288501696802,-0.0328968704693835,0.0285487113332336,-0.0340987670791588,0.0499693646569383,0.0148463547765486,0.0791096637460256,0.0234066076307222,0.00755239127212759,-0.00214328659229813,0.0220911725942175,-0.0198947452914628,0.034334366034206,-0.0081347966649903,0.0564058535864664,0.0340885627883921,0.0785867732374724,0.0218733868065664
0.0175143733771285,-0.0211892654134613,0.0243587069574215,-0.0232412400748152,0.0384678128992759,-0.0319547093607034,0.0539886944136821,-0.000186583462756153,0.0763493292830095,0.0289252253537571,0.0145793368417934,0.0135394654082762,0.030844441381645,-0.0198424660038384,0.0497157636356762,0.00408588801205666,0.0683807334737428,0.0285400658846026,0.0763595821714133,0.0303404511800563
0.00245460769048755,-0.000412217572459019,0.00529896933254415,-0.00540403458676335,0.0311571573821962,-0.0360223247673288,0.0384448962446486,-0.0174477113466318,0.0769702044713281,0.033280675265308,0.0192926612150356,0.00792251157276384,0.0336204715993174,-0.026293630328039,0.0482593409856326,0.0167573100483877,0.0665281774960219,0.0384662057750435,0.085310787908467,0.0228513483664042
0.0134545377120786,-0.0135180646555741,0.0312314724785896,-0.0357650532511638,0.0310063041627255,-0.0347411441232962,0.0440725358554499,0.00899058744239654,0.0765592720122092,0.0212074160385834,0.0157124002361917,0.00967287801696034,0.0357200488556089,-0.0170801189763858,0.0458028247769558,-0.00538294174852581,0.0653782021060348,0.0324054150783351,0.0809715829694042,0.024634262051944
0.0205977952896455,-0.0186435671252004,0.0295604371610272,-0.036612810900166,0.0314295343889307,-0.035889879579161,0.0567674500699722,0.0214511998034967,0.0811862418746123,0.0170882775355448,0.0223470536775033,0.00288481652221583,0.0327678245701277,-0.0274507163927988,0.0525289394094877,0.0173410953798036,0.0725977381526176,0.0317156336067767,0.0931591637935602,0.00640096995127731
0.0206241118048605,-0.017076363717568,0.0305520336043969,-0.0322188471363627,0.0386662411900984,-0.00140143556398984,0.0582381129802995,0.0318555752334975,0.0874036949523782,0.0156988490119365,0.0211899244010384,0.00736181162593098,0.0370695374356414,-0.0261054407938901,0.0573537283698298,0.0282501088281982,0.0682659312387086,0.0285017715294766,0.088556902292623,0.012241643769239
0.0153982006465066,-0.0165576037320677,0.0293369944997456,-0.0335093175496423,0.0323209983817171,-0.024371142761928,0.0470868276379391,0.0017876029713728,0.0787283381256051,0.0247666043546207,0.01733367959512,0.013855637145258,0.0334850508271154,-0.0289739759624266,0.0475726239961264,0.00231098115212831,0.0684755839579241,0.0316262412030848,0.0811854254705062,0.0214837702490141
0.0159486972841076,-0.0223275063125589,0.0311528986456791,-0.0362405108217147,0.0312726564526117,-0.0352135372320331,0.0522660206876457,0.0274408758779563,0.0726939797944625,0.0214198736258203,0.0194100083185799,0.00220379446217898,0.0343961535232144,-0.0335520902361991,0.0503412869699536,-0.00444916826382819,0.0668723524667617,0.0370650669923217,0.0812830312690769,0.0200423618397643
0.0131174354429806,-0.0141092232190143,0.0315742989492955,-0.0336860162818289,0.0470005372516117,-0.0111398365157727,0.0745066897736624,0.036548450967101,0.0829244974318283,0.0232506494510211,0.026110165339314,-0.0219534794653262,0.0393480548060036,-0.0275884249713002,0.0628759929327067,0.0219504463935923,0.0759755547880464,0.0148206296025593,0.0904502944292565,0.00307989392211067
0.0138462948891117,-0.01594249593167,0.0305559644849921,-0.0329141680925035,0.0498480696153091,-0.0117959527490564,0.0729568246514358,0.0255705189183426,0.0837826696178413,0.0201238729159967,0.0252099217288805,-0.0128977406568024,0.0352911049074784,-0.027615498352315,0.0497988728702765,-0.00219788265187133,0.0665967324162077,0.0295523295845836,0.0884632071198569,0.0108449037668096
0.0118859956242965,-0.0145523880856053,0.0267630692631555,-0.0299871311612376,0.0364708798612924,-0.0316315497645489,0.070125645146259,-0.00802333908036075,0.0909913468051576,0.00406792722175563,0.0162406656447187,-0.0119019491192687,0.029573559731798,-0.0267272596747865,0.040160250920675,0.00158719036790172,0.0628316089282578,0.0302638355729714,0.086458072063994,0.0104257334788234
0.010584454313178,-0.0129452837811147,0.0277658216262303,-0.0289965676870746,0.0353351448062913,-0.0294278319557433,0.051698930485722,0.0108809032300798,0.0690306231811876,0.0191248820552128,0.0137204640166069,-0.00292862623286808,0.029211210051358,-0.0173647739719157,0.0423791922536322,-0.00899400599503551,0.0594829073770428,0.0289726785176774,0.0881327082479242,0.0230939275110842
0.0106422272928584,-0.0144170324923688,0.0298101194416886,-0.0312692318963978,0.0517506728745266,-0.0145359667657908,0.071362325050031,0.0325286871521336,0.0896465926910966,0.0089260597884332,0.00838830558326301,0.00571419656470144,0.0231668672038505,0.0185155093314674,0.0405230756237892,0.0270282511770378,0.0569892653472992,0.0284016176055762,0.0872840900198867,0.00910313070039115
0.012342978521168,-0.0188638802219029,0.0393930999650968,-0.0303631796634583,0.0612608032409072,-0.0194965370239019,0.0780566704315478,0.0309833360756503,0.0927499021926347,0.0103336745882649,0.0115811501255422,0.00328290134473922,0.044964239298652,0.0295777037412909,0.0611477160331999,0.0352129324441253,0.0745224033547396,0.0217800037375167,0.0907239869824693,0.00665996744166562
0.00731733949433142,-0.0218713466834167,0.0328138074892305,-0.032741138328496,0.0543113640255746,0.00983469314176898,0.0674135861612079,0.0259206528144671,0.0926476976971956,0.0110249332379312,0.0117663163462465,0.0035852002648086,0.0400862844349584,0.0201483592325699,0.0704827238228742,0.0305628151375932,0.0840355584950704,0.0106295908871966,0.0891877823398112,0.00392372647681984
0.0142692790239711,-0.0159185889100292,0.0353257665316849,-0.0272580113673626,0.0583337357595959,-0.0322018287495808,0.0805631141081441,-0.0216110931286398,0.0987363436880689,-0.00753139577268077,0.0115592057953338,0.00931763026687707,0.0342676700377605,0.0241590369402203,0.054823279312775,0.0299227390603979,0.0748067313378767,0.026818808390906,0.0932243226450469,0.00993949587946331
0.00693276811020737,-0.0159497843563311,0.0193405759451967,-0.026805494962677,0.0405774972067222,-0.0301176332015548,0.0625827297793376,-0.017319293859496,0.0870822715233695,-0.0051927995817469,0.0147187797544063,0.0100238978090858,0.0375043663512168,0.0239796513644772,0.0583931782395188,0.0278217113897998,0.0767979401232367,0.0284814498105417,0.0922965732593941,0.00810993033586146
0.00718034678915778,-0.0206413144756207,0.0238934542898304,-0.0323950275259654,0.0370274851830806,-0.0232798488303084,0.0654705797594256,-0.0030976929721446,0.086775250320147,0.00240545291316768,0.00322765242190767,-0.00131238954598515,0.00768188256198279,-4.70974753673982e-05,0.0490816325157991,0.0282464797147178,0.0737156634236314,0.0248691809636982,0.0949669484396229,0.00213747439217018
0.00734185466687282,-0.0221847378625465,0.0186170130936805,-0.0312297839308682,0.0363351350642422,-0.0281632153732241,0.067877848876319,-0.00920004820485355,0.0870097195658262,-8.16991886263566e-05,0.0138902782247173,0.00764291799670767,0.0344713442587812,0.0223345239445671,0.0558773261533594,0.027226133288425,0.0742740168345612,0.0284622820373409,0.088117691540992,0.0192243466116194
0.00676491147887098,-0.0148430301447133,0.0279907478803807,-0.0285381973846492,0.0402496617734489,-0.0310952049873559,0.0560568196169946,-0.0243935117823304,0.0844967018720071,-0.0148593652242552,0.0183170867331885,0.0145215136277808,0.0371105380354811,0.0242007093759462,0.0666214196016051,0.0285277146706498,0.0853744106961471,0.020322882610947,0.0939575012943349,0.00783498543383538
0.00659889228373825,-0.0178401123662683,0.0194062877423187,-0.0284300835151236,0.0336967183868191,-0.0329154548846837,0.0488875147432928,-0.0267028615299651,0.0820198598280967,-0.0133650034641026,0.00753064033070775,0.00165546310940422,0.0269014168781189,0.0174590547191414,0.0461903657855672,0.0256362628024017,0.0678715392204968,0.0286174748761376,0.0898087095714734,0.0210798598224962
0.00741679003993338,-0.00846295047070356,0.0192786251686036,-0.0245396779851537,0.038137171305186,-0.0311044347060994,0.0645729177123379,-0.0188626185636078,0.0934185977200795,-0.0078686877463806,0.0120343194745414,0.00368997223277775,0.0272735410060261,0.0201810141870831,0.0576468327477977,0.0321520949068069,0.0809097796331593,0.0247484223319185,0.0981400555552948,0.00706216550330838
0.0106976830111646,-0.0188143802710441,0.0339528720511641,-0.0287896493093488,0.0557307535026139,-0.0149438021397129,0.0831230079311031,0.00219550667517829,0.0943348578405017,0.00621908671292775,0.0101361429734842,0.00441925327940741,0.0321334939114951,0.0212732074063091,0.0588087859386728,0.0291384877623554,0.0792057719536972,0.0272199711084493,0.0920461940286878,0.0143671086247227
0.00661255889718556,-0.0128776356558181,0.0167350327905445,-0.0248108599172322,0.0329647510027175,-0.0300656983595611,0.0562688932835336,-0.0181975826413535,0.083356054692556,-0.00538649584464059,0.0206743955460696,0.0102831627870311,0.042388947000865,0.028742585560887,0.0669370644355622,0.0349579548323443,0.0820405678287262,0.0235499946546532,0.0921833760008285,0.00838657359746226
0.00659975427285292,-0.0125015708559599,0.0201777412468228,-0.0253514713269449,0.0445410005792512,-0.0290436426377631,0.0745465665756387,-0.0156989101635347,0.0871259441620982,-0.00700160757774038,0.0127966352865878,0.00676354159175723,0.034336213263291,0.0279451101280749,0.0596252675606582,0.0322510553211653,0.0832699529716389,0.0209797800830317,0.0967516839819322,0.00553052506844395
0.00634861925184246,-0.00956165798774816,0.0301184462856659,-0.0211279238603029,0.0533758129667537,-0.0272123939699796,0.0721674041882726,-0.0166880592338257,0.0879374405675584,-0.00478076681940937,0.0130619941218819,0.0100790248354959,0.0370536823470785,0.0311166671809663,0.0647277336000814,0.0326077797590355,0.0846878346919158,0.0177700115035933,0.0947641494930371,0.00444331092206494
0.00420154570061959,-0.0113744473591874,0.0185079048666173,-0.0259359076002023,0.0299327900887016,-0.0303400193380475,0.057787932600194,-0.0212000590968001,0.0893462209098803,-0.00915824522810632,0.013714803658444,0.0108584625012393,0.0328461740919784,0.033897628547139,0.0630441096807247,0.037717812455907,0.0800377577499078,0.0278712377758992,0.0912502454756548,0.00980599357284021
0.00582007127453515,-0.0107399727580355,0.0186109605800024,-0.0210441965637462,0.0425813197871681,-0.0280744132256481,0.0725922463446442,-0.0250413991004411,0.0933520007376339,-0.00893027127630112,0.0136373059373476,0.00863128650583103,0.0338017201033316,0.0283881339721791,0.0585809452977888,0.0377218458257236,0.0847995612958889,0.0297859248688582,0.0996588638576185,0.00828144058285765
0.00501230029409355,-0.0141714707728803,0.0194876760763846,-0.0264840132464362,0.0401474401015371,-0.028916343767934,0.061446332036353,-0.0206271251650197,0.0828196060593339,-0.00946869657780917,0.0233851898937272,0.0242892792249563,0.0435560252977199,0.0344369967285179,0.0699062242764031,0.0341042656171703,0.0901896036726547,0.0139696805596102,0.0936491150665042,0.00717159202201465
0.00915487374071763,-0.0206413972336139,0.04055689634693,-0.0311350159364232,0.0793040327804609,-0.0140768361979217,0.0951390737848614,0.00193658074980681,0.0958412793519432,0.00217548508582386,0.0168737388712299,0.0134421988161429,0.0496082962671265,0.0315683890481344,0.0732056526255575,0.0326224547524765,0.0859164620101628,0.0136188784200468,0.0905976429113312,0.00403942806780071
0.00811062846182384,-0.00786849928583636,0.0386487867316977,-0.0218706632394738,0.0619026279384464,-0.0283606271766262,0.078713120729686,-0.0236318061710567,0.0943758564273367,-0.0105948581730943,0.0190995816862066,0.0185711763983792,0.0439114628194549,0.0353211723498794,0.0641829695603676,0.0352309505866785,0.0843042959997483,0.0203988995769432,0.0916335685692377,0.00903816090432934
0.00948912706924978,-0.00825356623656227,0.0274201732589106,-0.0284720204098028,0.0507368025184924,-0.0340611332373342,0.068747227075526,-0.0232813067100074,0.0863295039406491,-0.00701234726722527,0.0178177612732434,0.0207922159101701,0.0389099988683311,0.0333639688555191,0.0570518570582549,0.03512807457909,0.0743099670799379,0.0289148683102164,0.0920547052438924,0.00786377652890279
