u1_1,u1_2,u1_3,u1_4,u1_5,u1_6,u1_7,u1_8,u1_9,u1_10,u2_1,u2_2,u2_3,u2_4,u2_5,u2_6,u2_7,u2_8,u2_9,u2_10
0.00836152877714137,0.00432495982228678,0.0271604382363232,0.0146301699323092,0.0351033059643969,0.0120942940090284,0.057613749078403,0.0163975845443718,0.0903589132010235,0.00362431421336745,0.0168024302516045,0.00377609652861272,0.0351196890914496,0.00653383375385766,0.0508308350125165,0.00390286924437693,0.0715233206216412,0.0116094820947445,0.0935282359936552,0.00528801394724506
0.0077269646428727,-7.32654051757656e-05,0.0321317333950106,0.0108911284812981,0.0610992595841994,0.0131472471264669,0.0882876138500962,0.00402450222229328,0.101576920372773,-0.000578914677590706,0.0060623120064451,0.000397468487518979,0.0174887164700989,0.00590644158650527,0.045885496769292,-0.00126984120980499,0.0750802598666287,0.00551136489439367,0.0896014879699323,0.0054724704113531
0.0254361502620235,-0.0119919257925756,0.0376860416458491,-0.0165965043531645,0.0660886487854752,-0.0124484438397916,0.0836623528726827,-0.0180313334943216,0.0974519638919905,-0.00313321625653374,0.0493497078582739,0.00953789198634996,0.0718392035325803,0.0237415633287209,0.0835920413609945,0.0345219055998113,0.0887232916965487,0.0236522033831934,0.0920565200279819,0.0149132149314512
0.00291318527590411,-0.00189139681211913,0.00291263331130681,-0.00189122275205961,0.00333144089838624,-0.0019147386926734,0.00693647389569273,-0.00447379961609413,0.0252852050969207,-0.0126620348387221,0.00689731140774588,0.0086627967890808,0.0490935349798381,0.0224142805762943,0.0709741958029008,0.0356749818959697,0.0835653999048082,0.0318558880392931,0.0851282928855422,0.0291705633321704
0.0112456166013516,-0.00654347624184631,0.0166743823499774,-0.0131318446273175,0.0282508349581108,-0.0275821644873284,0.0574905253971179,-0.0276862896643529,0.0927145013850647,-0.0143090894509553,0.00899513061748002,-0.000184124683705211,0.0467119266806195,0.0236060398136099,0.0707905241804332,0.0348313560502432,0.088880526022725,0.0207104653864725,0.094538404841979,0.00624953144851876
0.0186629623553491,-0.0153750364299508,0.0252296015457083,-0.0225487327123421,0.0525117298118985,-0.0255934657035716,0.0829401588209501,-0.019408656877162,0.0993917825775446,-0.00893523163585841,0.0207296735894256,0.0132511069473866,0.0394644708041839,0.0242999341402151,0.0662510245527408,0.038609704810261,0.0843613817953685,0.0281869625312241,0.093290540864845,0.00904332354284757
0.0196104453936212,-0.0182967496703809,0.0303321955820355,-0.0284445384143357,0.0486860388143959,-0.0340872610160844,0.0789286571219464,-0.0250747168670758,0.0963845018826226,-0.00938479530900632,0.0159615299131534,0.012248876350993,0.0511474367889716,0.0233997774771552,0.0704051037488724,0.0259566270603027,0.0858058880462368,0.0222620139725989,0.0932548413063777,0.00894519782191856
0.00994238689160012,-0.00816495371122587,0.0260789569737017,-0.0258340371049846,0.0401584839435751,-0.0336189026767772,0.0772861702653133,-0.0246525454909401,0.095282487225586,-0.0143357754066668,0.00925360188225764,0.0108057310249931,0.0374543879393264,0.0222143348258718,0.0640328762768172,0.0345167550707969,0.0774582768201587,0.0328769661004876,0.0908746604107087,0.0150388084822769
0.015516156477434,-0.0166919887524497,0.0283171414470828,-0.0323025976480792,0.0431109960457383,-0.0409223798564008,0.0829082057328935,-0.0315472483430734,0.101655156251038,-0.0131408214902814,0.0046418875927594,0.00727563839175475,0.0294183305659098,0.0248360891366625,0.0589866439435987,0.0260016368743022,0.0766036249551331,0.026906620621962,0.0846045187347327,0.0214962357635965
0.0128755577375722,-0.0160228008979367,0.0294073412365299,-0.0307029148113315,0.0450580586141433,-0.0369074263648941,0.076066488916886,-0.0325917839029577,0.0971507908104633,-0.0139349736512477,0.00709871602907441,0.0108493117951627,0.0414197835726301,0.0191604802297207,0.0650955739030515,0.0282668697096611,0.0842558488640439,0.0215598674516696,0.0948457990063992,0.00925558766746685
0.015063166819059,-0.0170421019730016,0.0272449058701683,-0.0290863448603812,0.0502604974143596,-0.0256747310159576,0.0789389364017487,-0.0152072207241986,0.0929336959917766,-0.00102697162274456,0.015509088669534,0.0213594020743075,0.057642637310651,0.0294074574855495,0.0812466026221104,0.0234254101245719,0.0950938674471827,0.00720678108771119,0.100382584850686,-0.00920581005397524
0.0263847399119652,-0.0252616304830198,0.0837867180836857,-0.0228371755071681,0.0995150162096331,-0.000129383940101975,0.0947676301890372,0.00387910090354534,0.0849178758367184,0.00286521120390156,0.0216820480588806,0.0230871322446923,0.0517459576040874,0.0377787636921466,0.0780372731977535,0.0280393615152386,0.0899039093410339,0.0105908190737031,0.0971020110334343,-0.00217512321145324
0.0115923690967714,-0.00973261560075003,0.0197888106106864,-0.021037158471438,0.0269211386610455,-0.0267541587792245,0.0489839031949505,-0.0276320639437654,0.0839054692525503,-0.0134860873780831,0.0149369113890319,0.0199796834036719,0.0365349080022097,0.0371357588545119,0.0555421501614463,0.0322702790578137,0.073705228586099,0.0257152984352922,0.092366837666951,0.0108813962892137
0.0481636427715517,-0.0243853729671763,0.0553489542609098,-0.0110078571975685,0.086263127369669,-0.0142742787680977,0.0787574400348583,-0.0320326097284473,0.10111866827069,-0.00848515966608079,0.0221786457381893,-0.00705160371287678,0.0205981191209847,-0.00861853368922303,0.0452229279620609,-0.0058510556147781,0.0482129179913995,-0.0258145890806383,0.0901464214780271,0.00282528983424735
0.0179249669213066,-0.00913404690767155,0.041219772403129,-0.0202091478407548,0.0504703832009772,-0.0177856109554163,0.0630105640819798,-0.0173943445542381,0.0812203479912402,-0.0166463317161831,0.0210306617789246,0.0043955136039143,0.023506733764098,0.00500815424269566,0.0331274531377317,0.00229138268356206,0.0496794703713815,-0.00344196337617616,0.0721027156220836,-0.0100520419682378
0.00899269407939614,-0.033927671610913,0.0297470791080538,-0.0280493647402888,0.0493151053813888,-0.0280994293115863,0.0601211419435588,-0.0237833643200246,0.0826541082431151,-0.0148814123107804,0.00907353265946585,0.00566286581587503,0.0317489189883292,0.0131163707329208,0.0528737173075956,0.0205391032534299,0.0691182233308008,0.0297277290548584,0.0875770295990585,0.0226552956666131
0.0118738821236104,-0.00944800043093845,0.0242595025352703,-0.0255630409150672,0.0411076467287733,-0.0322853472113405,0.0628632163552938,-0.0275569702582177,0.0879572299975167,-0.00660078687053494,0.0196114738410682,0.0229952885885383,0.058058554105433,0.0343201132070306,0.0758732358901976,0.0277979066309722,0.0891128468384636,0.00462355744200908,0.0902453988372675,-0.0034394424603687
0.0355713588515091,-0.026329114741006,0.0527191512836861,-0.0256171009953868,0.0623377369516247,-0.0191902983247914,0.0641888719027227,-0.0190651676784564,0.0736926024266397,-0.0046786116797518,0.0515333301187437,0.0258843003216452,0.0736763809525687,0.0324519879499765,0.083916391436937,0.01985330674551,0.088412196919189,0.0135890484382443,0.0878215836099718,0.00751664526660958
0.0190330889476158,-0.0303638653283814,0.0306047536009782,-0.029157144419341,0.0416130117510043,-0.0216949443844213,0.0463965671844844,-0.0166311339381602,0.0600504305918334,-0.00709086178818003,0.0279129978178922,0.0147621736064312,0.052491217640324,0.0243029101969544,0.0710750567582522,0.0273207545242917,0.0737786186818407,0.0229158499060632,0.0788485422556096,0.0138572488376362
0.0153007270171933,-0.0260584772334218,0.0396524708496712,-0.0365232983028228,0.0678121469466286,-0.0320308921707893,0.0958452638829564,-0.021869725703059,0.0922092316837463,0.00426400269971328,0.0150593098449988,0.0144039834740636,0.0600045166564048,0.019445476042104,0.0874813408733012,0.0209411901974423,0.0909028875943572,0.0149792283168949,0.0978275266704427,-0.000191742399401101
0.0208978861047528,-0.0252217929439086,0.0405698027230035,-0.0287621758636141,0.0608918908799658,-0.0225242386854651,0.0974001850823561,-0.00657061464350856,0.0954921187636189,-0.00261412396722753,0.0125339672505375,0.0157709428651172,0.0398284724578743,0.0209400070854402,0.0712968725617175,0.0293223203815438,0.0841580217465813,0.0129466470758507,0.0941668203388872,0.00447202717759513
0.0124312501998075,-0.0268199917127286,0.0399641956126934,-0.00395889885319512,0.0523420967137878,-0.00181800456807556,0.0778561867010809,0.0013150442438201,0.0931539803297863,0.00275055552595632,0.0357464046847842,0.008116539876887,0.0653116392675855,0.0287786663605478,0.0717027356697479,0.0285316818762494,0.087591940907588,0.0226963036864417,0.0954805716747849,0.00465416738235282
0.0131934410138228,-0.0215099638594513,0.0217405369795432,-0.0228921198087854,0.0437815606809071,-0.0300072803079023,0.0710871212884829,-0.0141653901873297,0.0942356085754411,-0.00246203684653098,0.00635873236174556,0.0178054651922228,0.0337942284253049,0.0239638109800587,0.0649274108152464,0.0156348291965559,0.079849514056376,0.0255754663558603,0.0943134976095148,0.00428070236300729
0.0140218962074681,-0.0174756337464647,0.0249896563405755,-0.0301895655072925,0.035778144662359,-0.0346011881449814,0.0596362089769093,-0.0145299511727369,0.081744066624001,0.0101951268544707,0.0120115263847198,0.0110501470823022,0.0365724535235818,-0.00476338332069893,0.0507269072029251,-0.0093564761625843,0.0790202443418466,0.0169270822286102,0.0890356854448558,0.0180952575509486
0.0206120322773628,-0.0231018804975545,0.0310037226242382,-0.0235361425198036,0.0336561456776161,-0.0236332782231652,0.0439051429788526,-0.0232255678911384,0.0838553402175262,-0.0233008695773701,0.0338185176804168,0.0227095475460089,0.0593266025840393,0.0299079755342185,0.0703308478391418,0.0274571287270906,0.0810998422113788,0.0165720099970589,0.0848339617227324,0.0108154528584355
0.00841985814130371,-0.0268686837292244,0.0260175513292071,-0.0298410522002852,0.0360732502631527,-0.0168927343860278,0.0603815034951961,0.0227052735530662,0.0838327710471333,0.0148378229483275,0.00584982985306407,-0.0123243310513651,0.0294458101925151,-0.0114221554162409,0.0515788361720958,-0.00995790227365596,0.0766446495836947,0.0233716731532472,0.0902906697973003,0.0163355744149589
0.0157001585158524,-0.0195768470407917,0.0275902678460168,-0.0284085816609605,0.0381828574508026,-0.0280229764054619,0.0648254399961432,0.000689172565368741,0.0930673097586101,0.00683882867751541,0.00550726215784522,0.00490835733596026,0.0215467376640737,-0.0181135169208949,0.0490190295389183,-0.00931363282704659,0.0770868342140433,0.0295529722045263,0.0895701168548967,0.020960638538924
0.0228387015501542,-0.0276893285659402,0.0365844246641157,-0.0352323049223718,0.0551491026902805,-0.0224934177840447,0.0710575998505316,-0.00281552156511564,0.0847758005572565,0.00843217882870191,0.00313353646840976,-0.016869924078347,0.0054138416995243,-0.0124805131256499,0.0327447638137434,-5.94013453807293e-05,0.0646857812847221,0.0202928531377991,0.0873778148732006,0.0223049834326063
0.017128074525115,-0.0176418028535164,0.0244183587803875,-0.0226964015741751,0.0445149932963066,-0.0213262181184617,0.0655352471969458,-0.0205028414694577,0.0905371212196299,-0.010391874781316,0.0131919181937265,0.0130108382449959,0.0576566141592552,0.0265475832227886,0.078148467293344,0.0216124022299057,0.0853014674445423,0.0040699118700332,0.0873609804472961,-0.000128834999403829
0.0156601528027181,-0.0172617242636267,0.027931802010468,-0.0243894092658699,0.0459318114817789,-0.0256535999268695,0.0600124616666639,-0.0194830738623171,0.0909991641721394,-0.0144646007536839,0.0240315017783,0.0164130308938211,0.0430698799947256,0.0113612859316795,0.0685509770911884,0.0278149413663296,0.0904993909587645,0.011106853868967,0.094979998555031,0.00514300527205016
0.00976669891860449,-0.0244879043523255,0.0366575644097313,-0.0299632773240117,0.0497944547213487,-0.0252790209194111,0.0732186940854434,-0.0201089040836778,0.0876898524482641,0.00326996808000406,0.0200227981651067,0.00727540002165644,0.0448598948753332,0.00940447041250047,0.0612402914734156,0.0282120423834941,0.0744495396845454,0.0135352727838463,0.080387587817921,0.00427308374660247
0.00256370344757391,-0.00221415480356683,0.00330194317547516,-0.00281375379475349,0.0152571671360325,-0.0216861841902754,0.0373102652139408,-0.0292561448280021,0.0931827001880001,-0.0200676033143347,0.0105400094178945,0.0100437943062448,0.0450977640770214,0.0199761957458726,0.063445646856754,0.0327250682716741,0.0772613441477169,0.0303003510123985,0.0947110212555795,0.00546998499817172
0.0115416858832118,-0.0150253463725351,0.0233890848165927,-0.0281610890121499,0.0363308378915624,-0.035019908385198,0.0694769589877108,-0.0266047883165874,0.0910490554929396,-0.015778495678584,0.0033495462941972,-0.00012811012358,0.00312435986534189,-0.000348929783835727,0.0154370711211717,0.00510762337786457,0.0658962181450782,0.0373062038886244,0.0895259446294207,0.015785169973568
0.024443006100317,-0.0285272977378937,0.0355584228389073,-0.02764723132369,0.041253126579097,-0.0266124649328774,0.0556793128129861,-0.0205277537754784,0.0977452103190035,-0.00122094707386078,0.00709644372109896,-0.0172381789123943,0.0289297075609379,-0.0125768403777132,0.0497669221419126,0.0129737875859199,0.0781864259061691,0.0284144979580212,0.0884348377154334,0.0197932815222184
0.00717252088519434,0.0100380475511757,0.0204031304089133,0.00357381544400383,0.0290522472834848,-0.0143625636364428,0.0413614005299995,-0.0125834484431064,0.0730340788308773,-0.00434155130945389,0.00874795402197725,0.000595291194827406,0.0282309887275392,-0.0147373973131666,0.0339358317455304,-0.0224570806003861,0.0450563930992903,-0.0216032404819944,0.0700201150578032,-0.00742354570935874
0.00895943843219235,-0.0159857696845059,0.0236068854467478,-0.0240654557482266,0.0335298798451432,-0.0297728973549734,0.0506182507780106,-0.0246615156131683,0.0802787980558067,-0.0140825027463619,0.0198753918978833,0.0176181584543217,0.0523353723113468,0.0207053343304984,0.0758041406331022,0.0243338202926897,0.0871362609492189,0.00197093903393296,0.0899556895203903,-0.0056588075240224
0.0147809196498876,-0.0156917220727541,0.0184845330488941,-0.0191698399067283,0.0326286634502886,-0.030106855385384,0.0527628065441793,-0.0333099222063937,0.0794236991171096,-0.0252744726831901,0.0184178778883737,0.0155574004441257,0.0420704379513675,0.0208283084631789,0.0603764602054678,0.0386756188239012,0.074638032720098,0.0266030343759178,0.0883516342740104,0.014281438548502
0.0144256971319258,-0.020970045522171,0.0255379406193997,-0.0274460639100195,0.0380893403478872,-0.0227182066141592,0.0497778732530667,-0.00604875736959714,0.079732178512655,-0.000257092264587041,0.00958080350796791,-0.0188535575824832,0.0296500298703796,-0.0128994337547396,0.0440009449974808,0.00231499641971184,0.0603843453796305,0.0106504593191195,0.0926716258635588,0.00807585852763551
0.022562452213789,-0.0264251647980605,0.0402749207495703,-0.023537658284791,0.0515050696222637,-0.0159099923358502,0.0574662327293475,-0.0149295584667389,0.0960152952183284,0.00480932579005948,0.0114956607664555,-0.0261787548211736,0.0310822216578649,-0.0222010017612718,0.0531761566294585,0.00976564258955343,0.0799418963952022,0.0330293080469247,0.0898653421110129,0.017805199538691
0.0263242382587361,-0.0285230510780309,0.0310005232790183,-0.0313140269855062,0.0389607456278174,-0.0267381573163246,0.0485173886110117,-0.0221915614477673,0.0869409050662995,-0.000675844471755969,0.016701998630425,-0.0130919304643483,0.0372217421627253,-0.0118406971550344,0.0588714817752414,0.0134606365865305,0.0791322856348601,0.0342453893741603,0.0849382475240237,0.0272088708451994
0.0219416264133158,-0.0257358095118806,0.0295823995109685,-0.0301129875193436,0.0340551257707305,-0.0254743058815252,0.0411599214921596,-0.0263295446539981,0.0859420548963149,-0.0067650866097382,0.00811266828551351,-0.0131054001904593,0.0371214399435779,-0.0275694478272131,0.0524903145851816,0.00127273416236806,0.0762042503869396,0.0345287996391068,0.0827565925851682,0.0267698614186829
0.022489937584272,-0.0255493912545178,0.0330711567498988,-0.028050969938584,0.0332209228458138,-0.0283554769150516,0.041935412146519,-0.0256995399624837,0.0765538379184204,0.0111937030233493,0.0233093334610001,0.0178948195325096,0.0349626260116545,-0.0183410796395102,0.0419330000068819,-0.00232919777150244,0.0663355444407521,0.0259744588098313,0.0703344600559722,0.0239548041601216
0.0181749078676129,-0.023013621955776,0.0259268158234913,-0.0271253479039773,0.0382341538074851,-0.0166589538641588,0.0515055171150918,0.00704475471916173,0.0920740957337066,0.00676144077324835,0.0107716234331345,-0.0249150473836835,0.0352670164100978,-0.0196062837188905,0.0437587047456094,0.00264155840447993,0.0801596737254364,0.023966395674108,0.09463385088734,0.00471748304511219
0.0266139800078018,-0.0281443777768331,0.033255517991704,-0.027947210264802,0.0387000831278346,-0.0255491319901748,0.0529283077063485,-0.013898713525997,0.0711225479122323,0.0171602172973893,0.0090894302410955,-0.0108349755807781,0.0347990116462781,0.0162732492208228,0.0628285252757623,0.0250711998262583,0.0697631884165464,0.018527110771567,0.0848046048087154,0.000670416172171208
0.0281166385961776,-0.0282616664929612,0.0400689564137638,-0.0302219890566534,0.0494312298624966,-0.0100145713917214,0.0947630602863386,-0.00268433164265479,0.0952722667862696,-0.000787159644285505,0.0215171549221024,-0.00569249457810836,0.0412199300030661,-0.0187888639477899,0.0617195107944843,0.00824426714068982,0.0829861832333879,0.0310321212137807,0.0946122849431581,0.00478194743424628
0.0300102115910393,-0.0210904272922775,0.0315277773341579,-0.0237147177859993,0.031557461018559,-0.0239197743809402,0.0376727140121229,-0.0198668054518819,0.0734517564947657,-0.000282696498696882,0.00651721103119893,-0.0150108671622538,0.0226638417239011,-0.0190507406414011,0.0452956793639382,0.0122661377577514,0.0711576865495145,0.0184195194911694,0.0857480473409727,0.0138040093161799
0.0197043637573779,-0.0213207569092595,0.0337597660523786,-0.0270045094037585,0.0457497459009147,-0.0248965999700726,0.0694872510848039,0.0264193521629717,0.0922394065883287,0.0089997706647019,0.0078027019259619,-0.0150513586209164,0.0256876756390604,-0.00129071022109166,0.0560802155746554,0.016199459766132,0.0694530150143013,0.0260856054656707,0.0898425673941972,0.00875979071884746
0.0213528440829784,-0.02237050487472,0.029782153918917,-0.0280003616100926,0.0364245673171192,-0.0263759138417267,0.0542603168583737,0.000256634539725474,0.0797948737634902,0.0144919137798763,0.0116976645131354,-0.0130905272527725,0.0227496533166692,-0.0188214510011261,0.0405477753978399,0.00344413085354605,0.0650060670761052,0.0231638616580793,0.0735291781180789,0.0142491312487601
0.010314284509495,-0.0166724264629379,0.0234413591117734,-0.0311515301663168,0.0397156637877432,-0.0179303584730486,0.0624215978508721,-0.00288518945926945,0.0938643894387783,0.00433410280646458,0.00805253767958755,-0.019467582214521,0.0256830186244361,-0.0224830101687815,0.0608845261679592,0.00771288315616828,0.0840374071121406,0.0312355131608625,0.0927064152608812,0.0151146528386069
0.0219622428235338,-0.0276170948657243,0.0256672466521101,-0.0299208031458464,0.0371497707239924,-0.0247666767777375,0.0621677423247924,-0.00542437677443826,0.0931745202920669,0.00884354262323429,0.00920942036276298,-0.0163845654749449,0.0263831458991469,-0.0237058206515804,0.047038337775002,-0.00330726185413893,0.0781345598212935,0.0209938624291152,0.0919062827351308,0.0106741871386086
0.0251166530345204,-0.0248228177921574,0.03420460002191,-0.0269206241774108,0.0441936787369135,-0.0290665354201326,0.0592633429534353,-0.0131672898169663,0.080128967178835,0.00784925328192717,0.0196027983347681,-0.00584267371058713,0.0429564777687119,-0.0214111483346259,0.0579120537995986,-0.00169473953676283,0.0774681516241731,0.0125999812863639,0.0838079400591601,0.0169586534752302
0.0134837652427803,-0.0165592564552588,0.0336223178817986,-0.0279425167669667,0.0492994087621616,-0.0272666423239849,0.0628089688576578,-0.0251864354520794,0.0863468546657231,-0.000942191088062711,0.00290204707144788,0.0141481787728191,0.0301301290791137,0.0136289386425193,0.0604220999138523,0.0224249730948312,0.087669390248783,0.0199072281291024,0.0951164337389233,0.00256471072806041
0.0129896098977212,-0.0173816251194337,0.0208272875553129,-0.0281383207525491,0.0418197902750497,-0.0289220208019731,0.0637120283690504,-0.0228335574487687,0.0895105178251275,-0.0118728619406726,0.00520097375573877,0.0135278924493247,0.0257863440889146,0.0108540950309346,0.0475749556605735,0.0063644081104866,0.0689252138377137,0.0179388364047198,0.0866079605985034,0.0107784261388657
0.0179329579525735,-0.0101189784522355,0.024568597454892,-0.0269399135181954,0.0395306013343892,-0.0319755619622064,0.0742204655624464,-0.0251520871321426,0.0921059853147736,-0.0146449525084375,0.00705299651431382,-0.0122249802345963,0.0258496664436831,0.013830225954977,0.0560844239029159,0.0113330933830714,0.0742228638005177,0.0183967677139437,0.0933484308684775,0.00642632628558219
0.0163643248791273,-0.0123456868994592,0.0296170606597269,-0.0272426805937275,0.0434215993303618,-0.0315558186628956,0.0643010895301841,-0.0125367223883815,0.0960632073642562,-0.0086232539828307,0.00353870400279023,0.0147639637634052,0.0307458716529924,0.0162720413184499,0.0591678599843832,0.0144959229887616,0.0733726202863485,0.0218621874218248,0.088174817906669,0.00644236836230203
0.0179470184365184,-0.0192448397046389,0.0366338380168939,-0.0297135909716858,0.0429681855386007,-0.0315830721520475,0.0654695570596981,-0.0257910866046062,0.0900194525028537,-0.014642535155955,0.0128500722313577,-0.00337360747572998,0.0330454443980589,0.000592910197144788,0.0573302279528151,0.0124089263031092,0.0794664290557676,0.0221173328294502,0.0881485813705439,0.0185619534071078
0.0270109902586346,-0.0276734663484939,0.0396041698440677,-0.0288545263026321,0.0583422557971581,-0.0130490195381652,0.0763627977505995,0.00533939251145638,0.0942813433365968,0.00253987918442081,0.0118573930617875,-0.0127266001247661,0.0378198836548171,0.00331541381141591,0.0664937611207443,0.0286173805733392,0.07847632012482,0.0123212237462733,0.0886997290089604,-0.00334167498083834
0.0349947402329818,-0.0279075328363307,0.0386818321296597,-0.0308913777701329,0.04708782563667,-0.0323951837419214,0.0883828625786595,-0.00573697079726912,0.0913181199204705,0.00720653760526325,0.00349857493304815,0.0148027521575963,0.0170947268007792,0.00982944134991252,0.0515952966399203,0.0125499325253,0.0725233948280303,0.0266617642819317,0.0861741176201812,0.0175365760809588
0.0186598657313874,-0.0225969491894905,0.0292526899122255,-0.0312652168478357,0.0414068000262581,-0.0282531816166322,0.0731393651065468,-0.00949484217762013,0.0879006155688919,0.00757198909795632,0.0135368808503248,-0.010750134237811,0.0280572713208303,-0.00865276668859103,0.0562867183947328,0.0111679430760144,0.0712766434255476,0.0197901612130383,0.079876757088281,0.00955269268655878
0.0178282477601993,-0.0182889399166059,0.0261060235092006,-0.0301477824717804,0.0400523678681251,-0.0357334928398823,0.0690511173873721,0.0046141326565899,0.0894237901857463,0.00910777254627702,0.00499715031967671,0.0163756028821717,0.0327309243072886,0.00444000703055961,0.0533008122260619,0.0111946677060406,0.0688484014226423,0.026778252996943,0.0837670137462632,0.0189019426106977
0.0101537803866214,-0.012439040262068,0.0209679085635288,-0.022861786555952,0.0506919238118758,-0.0158519205373128,0.0680479661532868,0.0105772099065262,0.0897158591691439,0.00966707190409358,0.0149320159969845,0.00952806337200475,0.047457802113108,0.0202183510504348,0.0759676171069701,0.0175641884864313,0.0796137177030788,0.00904613954350056,0.0959382869387523,0.00230281377944348
0.00951848633783924,-0.01236839701722,0.0209303335225906,-0.0209145874297664,0.0428473879334535,-0.0175296954569994,0.0614225792666925,-0.00162475831099629,0.0810243304500622,0.0111251627118781,0.0317538612396069,0.00727213576855513,0.0575344323333511,0.0241377622684458,0.0760131505925354,0.0182302661941996,0.0859000862366895,0.00729702303198105,0.0911930900566361,-0.00135475155802907
0.0127328251322125,-0.0252184319117809,0.0304959678960822,-0.020333785443957,0.0432690997507661,-0.0162775817241928,0.0627522266643581,0.00986434021707733,0.0927326990423566,0.00663855936561938,0.00781591150101563,-0.0101981024413101,0.0334804289953394,0.0129495974470576,0.0507497124009013,0.0149128416969885,0.072774950889637,0.0241242003350345,0.0899741804270546,0.00371565837654014
0.0162188406465498,-0.0182863298679167,0.0268633398327149,-0.0294011515161858,0.049772887573292,-0.01825428890075,0.0644136452135678,-0.00172186746796074,0.0822555574977685,0.0133802224988791,0.00816172217669973,-0.0163821864688424,0.0249101674389975,0.00867498502206112,0.0586883925752888,0.0278885091380211,0.076811121759754,0.0229708393487828,0.0841791972051606,0.0128645755567503
0.0199369555640473,-0.0236587120456116,0.0342763549252827,-0.0295822114404147,0.0510520866496086,0.00751083868399418,0.078677077371735,0.0241623957136797,0.0935493440170512,-0.000156031821651509,0.0161287974375657,0.0115313427845843,0.0323661120330488,-0.00629754257453821,0.0503955067876396,-0.0139408308272711,0.0721443931144996,0.0227255294632888,0.0877373549720077,0.0238763360886476
0.0277929047487138,-0.0300426668651194,0.0406714517177396,-0.013776545831879,0.0458612649972137,-0.00653495899084224,0.072043379959333,0.0065048451438838,0.0951444229928522,0.00325169431068179,0.0126098483932235,-0.0188020688470709,0.0322382160719138,-0.00746294059128702,0.0562933392691692,0.0270939664200547,0.0728338978041445,0.0273587329066033,0.0840152863386188,0.0158711857014888
0.0129860306074903,0.00384194610665258,0.016936831651226,-0.00498725617444827,0.0276282321815781,-0.0248935716645737,0.0522902127025383,-0.00477336139728223,0.0775381258177625,0.00624368809954983,0.00647440653392298,-0.0397669364961763,0.0167871911279459,-0.0409045423552454,0.0244251373258464,-0.0326284756501372,0.0564501536441377,0.0275954234471265,0.0776658739000745,0.0239942480360063
0.0179069414903354,-0.0196565173844084,0.0342028848876544,-0.0243120528821998,0.0375732443782903,-0.0226754456685418,0.0495469510248669,-0.00501446978661399,0.0752556763851698,0.0173355196424073,0.0265014589619695,-0.00388966442206742,0.0381365906906344,-0.0204161227842023,0.062019552284179,0.0252707357332265,0.0720868356834937,0.0264737566474159,0.0844692389509299,0.00643470861600031
0.0266062910815849,-0.0247064976258346,0.030853480007865,-0.0280132520586019,0.0314829629544756,-0.0238699933908943,0.050360052964063,-0.00374473450271074,0.080869528507843,0.00627431758872647,0.0122303404876947,-0.00959300308829638,0.0441999011308117,-0.0166669466478723,0.0648231428549052,0.0257313338875589,0.0805977324169997,0.0295023061843009,0.0865794298580166,0.0270153452324127
0.025460324086916,-0.0269864070266746,0.0339368958934529,-0.0262987848104932,0.0422380931999819,-0.0138899162562925,0.0641088951204831,0.0149020048703723,0.0971980215408487,0.00675492332303533,0.0128346871685161,-0.0136697664241357,0.0390696722196761,-0.0214663211265939,0.0660611622784761,0.0184173620396853,0.0755790509020907,0.0353957128822511,0.0904661783743104,0.0154455568539536
0.00998991308387202,-0.0123842218727769,0.0277767088302326,-0.030086458152356,0.0446773590876989,-0.013768574524835,0.0553201068420357,0.00213068427711806,0.0793360134889904,0.0175137998726984,0.0140697883114604,-0.0208912397522013,0.0363317487658483,-0.0177008385273704,0.0574144437686015,0.00971838362530739,0.0776372654118035,0.0322130790441093,0.0889629481441663,0.0134137332231985
0.0170113830427678,-0.0233237146004711,0.0346859118135515,-0.0247543061371077,0.0427369013069538,-0.0209081472893794,0.0593350683535332,0.00426953927543798,0.0875238116840997,0.0134802252012423,0.0114317526337465,-0.0166310381752548,0.0377022024599773,0.00086394834758689,0.0590901805817716,0.0245698221254122,0.0675935453041936,0.0296615393757172,0.0806325921291123,0.00966272427301169
0.00912591027063917,-0.0178213431987225,0.0222176388012884,-0.0285126259174083,0.0414080977506512,-0.0130049492453955,0.0534063451250942,0.00811080230443158,0.0896058853415947,0.0127695243635614,0.0180151131195002,-0.0188349874161402,0.0359041788801099,-0.0235010987177295,0.0635278957081533,0.0215341366820973,0.073185558733068,0.0256467430458554,0.0883526734066745,0.0105710010101118
0.0196943136474483,-0.0204871150520484,0.0285396110645406,-0.0290963549548558,0.0422275389037316,-0.0160791327254522,0.0536089489967081,0.0152997651946347,0.083153356514052,0.0182135158749686,0.0158172849662878,-0.0189325271392578,0.025947663502537,-0.0182513317164386,0.0632877014383284,0.0280459826260019,0.0759345531339076,0.018483514227572,0.092347795645245,-0.0018052167170705
0.0158979468801338,-0.0185947261188506,0.0321623671148155,-0.0297504542673668,0.0487177617200435,-0.00614395704970176,0.0557056335133136,0.0316087103658479,0.0851540702108498,0.01662192486005,0.0215164909518062,-0.020523035075244,0.0440501731246479,0.00568127925644924,0.0628903396072365,0.0320348922269661,0.0804519833310116,0.0134174965474795,0.0915539260784299,-0.00233362603226669
0.020367485817926,-0.0223926347544154,0.0327803516853706,-0.0300686872085449,0.0445486632323459,-0.0154661261933461,0.0556259829057998,0.013984459524088,0.0837882177277962,0.0145435434545647,0.0207648639948953,-0.020290003629145,0.0378506584308076,-0.0202104883025036,0.0635868309770413,0.0236084863941209,0.0683580907244345,0.0224919412856298,0.0875645289982249,0.000555488241942318
0.0256683902457719,-0.0247156978896937,0.0380680147657476,-0.0177626292785774,0.0555548705832647,0.00749882354244182,0.0713107008049436,0.0240693809629214,0.0891562350042676,0.00856466141333087,0.0144313364712762,-0.0193628847230323,0.0393832555257308,0.00358073241062736,0.0686766133119481,0.0327218336110914,0.0813529713664896,0.0110619827338781,0.0911268664472584,-0.00342491395135109
0.0148827387853686,-0.0199864883879373,0.0238572345969251,-0.0282511972373427,0.0341467159825923,-0.0161816195559215,0.0530201481226808,0.00772357132182389,0.0788891497133776,0.0163064056086414,0.00984411499709518,-0.0195524464107841,0.0196962041809056,-0.023246061753327,0.0381122100472689,0.00958340150024432,0.0669608786593369,0.0337753642729142,0.0791386169158573,0.0146557015895911
0.0144615063235416,-0.013326563593197,0.0286464607688833,-0.0251516307952274,0.0418232447757208,-0.00843574342261438,0.0596919481915993,0.0181957264574692,0.0796321792877214,0.01767235847381,0.0142735904005527,-0.0151763803062665,0.0345482759859137,-0.0042247776227158,0.057316182698401,0.0208735288283816,0.0713704660808649,0.0240089368495816,0.0859200127436578,0.00637193429448483
0.0108884803588001,-0.0154166876828784,0.0291534423347736,-0.0283069774459624,0.0460280781215795,-0.0159038528803459,0.0638173820525329,0.0162702523806319,0.0862687078708159,0.0184354992341018,0.0117955974283607,-0.0127016947238415,0.0319894442690938,-0.00140405710022233,0.0515855532179078,0.0139143148634,0.07165765290471,0.0283384426796924,0.0805278127581701,0.0216997520486581
0.00718986081288539,-0.0102678554720168,0.0241168230709794,-0.0289481462156059,0.0403289101049019,-0.0117538521845986,0.0632317830209975,0.0212320048134758,0.0913127161762637,0.0110198687018586,0.00663406314156294,-0.0112618986865591,0.0212853915105891,-0.0226855927706071,0.0448604916257742,0.0135296215919119,0.0704265755373581,0.0329721634351213,0.0916122833526986,0.0142047828575588
0.0207208532092931,-0.0271031919792121,0.0392589299059479,-0.0254445289625305,0.0760354580259261,0.0139840464278194,0.0934214959834908,0.00326246304835849,0.0922002073261649,0.0029453008143712,0.0158469953591957,-0.0203559758491887,0.0540214252661514,0.0489290451496377,0.0952672817473684,0.00967924232781872,0.101474239993902,-0.00483074963403271,0.0943922519214033,-0.00259393407504921
0.0233809710678747,-0.0248215731266422,0.0336983608352568,-0.0270973250550336,0.0558895768372239,-0.0127615658814764,0.0877223524058259,0.00642499531957151,0.0935962466474988,0.00247156882671068,0.0107291869376854,-0.0155018722988805,0.0311452209256778,-0.00631220123379561,0.0613053917445651,0.030350069375311,0.077670551601601,0.0252483566757328,0.0899594976821576,0.0101740752694778
0.0131014259806046,-0.0170441003201033,0.0227805695803978,-0.0296739916867613,0.0402828159279722,-0.0209909640775007,0.0641434890267852,0.0218858797991674,0.0911798152158351,0.00641163104628698,0.0125956535224057,-0.0162090605907253,0.0313894459642895,0.00232785609850716,0.0611422455312024,0.0236456193933799,0.0719504305120559,0.0277822430941468,0.091965672839519,0.00895920214766602
0.0248030835698304,-0.0292747431769895,0.0289532931584318,-0.0192282070551333,0.0427130152803202,0.0291216840619551,0.0764290831862449,0.0137537293836627,0.0858298735816855,0.00328395820971481,0.0228845128314018,-0.0113571993972974,0.0446113096942058,-0.0177046112434522,0.0613770944429768,-0.00318878813942076,0.0755463950786807,0.0227432669789305,0.0895679688850761,0.019191335821
0.0124391630867169,-0.0104879061872055,0.0253863322299962,-0.0233035779230799,0.0378571298855531,-0.018083251449004,0.0637898536898522,0.00673585332655602,0.0906622491578286,0.00827945535878359,0.00829214149935613,-0.0132024017091185,0.0280432603298627,-0.0231197167637477,0.0443062458499306,-0.0178930003242738,0.0629889863747043,-0.00284254861797563,0.086191798335043,2.2015533061866e-05
0.0133709350333956,-0.0140313989369125,0.0244208903644553,-0.0273286129413492,0.0426398426858893,-0.0122451548453694,0.0644569692261562,0.0252571007338303,0.0949641436133052,0.00709619712907706,0.00901960768855283,-0.0137248171261577,0.0191203040045049,-0.016971119914789,0.0428756634917753,0.00381196337474022,0.0659679968674028,0.0305063950997116,0.0921230355194979,0.0126771563543265
0.0202425565648645,-0.0232715095784645,0.0396124548070311,-0.0221932088048019,0.0554582429939136,0.00577910405885708,0.0819087191296907,0.0138640355813818,0.0973335017951281,0.00425315142184076,0.0218101628432546,-0.0196055121602441,0.0410275274215064,-0.0251984962823025,0.057536773973944,0.012568229848341,0.0761731289080365,0.0227880591888278,0.0930382514656234,0.010892295758805
0.0252247905789698,-0.0287254223035285,0.037356512522551,-0.0245190578256548,0.0413144313633055,-0.0172560438315505,0.0558124494856942,0.000746827810750474,0.0847838604896581,0.0176526602595792,0.014435815747847,-0.0234840318964515,0.0327163516440078,-0.0238451309751825,0.0489813695843887,0.00261847991850503,0.0699740083138864,0.0318985112340299,0.0842879460903738,0.0221751995024748
0.0225436847777377,-0.0207600670826969,0.0348775177620923,-0.00886659667106975,0.0505497311033886,0.00989816008431321,0.0779364803059594,0.0297010587302811,0.094459629707979,0.0112270706575896,0.0150125016434161,-0.0293195241592829,0.0410799321840707,-0.0423794929822901,0.0571047287378455,0.00561424045039541,0.0849563072076514,0.0289509136382781,0.0955783005071094,0.00712964797723123
0.021161361653298,-0.0212652816185113,0.0453853582767489,-0.0174595321648295,0.0557265929946025,0.0186800232001522,0.0936574043114611,0.00793485774751914,0.0987356519312247,-0.00270770016113164,0.0191291730778568,-0.00826542426081428,0.0460671259257501,0.00211502768533733,0.0690377872083698,0.0344490541815119,0.0893635637788841,0.00775145206935652,0.0968750847553669,-0.00610068460052991
0.0197890417050097,-0.027531877539948,0.0413097751969276,-0.00735280438493747,0.0573092031806911,0.0255432989945163,0.0831730823813143,0.0138293106920581,0.0907952793765882,0.00259524559666073,0.0112200152741712,-0.0223933871885859,0.0422555195084875,0.0116980426052811,0.071488799869677,0.0243030212130245,0.0931514922508765,0.00604562403809522,0.0975090940585964,-3.8725939265513e-05
0.0192897985968705,-0.0143458598958324,0.030142760606785,-0.0240866753275978,0.043925092805523,0.0031772197530471,0.0605102854439392,0.0316971460500027,0.0812368729750008,0.0173028110452189,0.0144522869184873,-0.0226642417736274,0.0230398993362437,-0.0325232851991228,0.0470389064225897,0.0207217309293847,0.0755611393590397,0.0306921471401353,0.0883488422323298,0.0175623134734124
0.0207829020990746,-0.0201664492710985,0.0359037802667942,-0.0195338293997331,0.0527978963274949,0.0238126596226619,0.0783237570540448,0.0196482382200173,0.0921583715063357,0.00355345208309065,0.0170643062801723,-0.0242794913799349,0.0310778872375208,-0.0311661781471354,0.0594972259164114,0.0240424174619591,0.0825898656311129,0.0180195444898975,0.0923019687193683,0.00600032948769857
0.00814065086143756,-0.0148759963118542,0.020533021579061,-0.0189527048692295,0.0409398830603047,-0.00669100314688146,0.0668257532964232,0.0261046839961685,0.0838223198110476,0.0131974251731331,0.00455692459364714,-0.0125981533900283,0.0165915463133787,-0.0254847795832005,0.0431663945966818,-0.0288578527442473,0.0659252472077523,0.0188319801005742,0.0807779446194551,0.0253196598195202
0.0189724187533834,-0.017007275328136,0.0363495705565464,-0.00202563753532555,0.0605117117960817,0.0333162094714617,0.0886585226203224,0.00702844104923347,0.0939302891845474,-0.000663825111178096,0.0155307132675165,-0.0225916549291429,0.0399641767202898,-0.0327701623138486,0.0607974259604881,0.0159547499764087,0.079838877133075,0.0278510808393323,0.0956261008047968,0.00823265357992109
0.00715371020678531,-0.00733895456696814,0.0189645655038249,-0.0244673790449276,0.0380984411296732,-0.012408290245006,0.0538226872071041,0.0286354909933209,0.0816980420981632,0.0182279621228418,0.0110734624556749,-0.0205526048544867,0.0316546845345956,-0.0316058114296535,0.0579907833069887,-0.0035501147181605,0.0676317271160112,0.028133638458935,0.0870409275323908,0.0181939432008061
0.0189354017698914,-0.0209342162320707,0.0362477789384424,0.00173308557775618,0.0462165090893897,0.0319348270376785,0.0701542328881842,0.0309124385769858,0.0868150424422286,0.00990011579802811,0.025120847692332,-0.0370363679205959,0.0541162815964136,-0.0241538227626552,0.0720738018566132,0.0386350634546756,0.0898400012918448,0.0122224422054338,0.100228798701296,-0.00727387022398015
0.0158915065146662,0.00264280750915645,0.0405101519696042,-0.0113933381574437,0.0500060271386389,0.0392158701167091,0.081575647728908,0.0220102357582614,0.0996086804318671,-0.0021079448163212,0.0260374553246799,-0.0313695703465673,0.0452870321404532,-0.0422597273415623,0.057651445697178,0.0147794148739398,0.087233505173819,0.0208073764047941,0.104257515423287,-0.0093997342245568
0.0188062186924581,-0.0330816057023437,0.0385534221297516,-0.0279631683861857,0.044480705580621,0.00217184012264344,0.072055850346477,0.0131182664808293,0.0930649146867292,0.00259584085677993,0.0125208426940062,-0.0085582779128507,0.0378255438208428,-0.00546880970965244,0.0418903932169303,-0.000639363253460225,0.0734654229944275,0.0373551034686423,0.0917107732701645,0.0161660824779039
0.020077181909132,-0.0244629073437979,0.0343595464956709,-0.0347584903196489,0.0372730129490939,-0.019164310499611,0.0533462266042175,0.0160267248421649,0.0757700264442405,0.00928218619903345,0.0335223773380101,-0.0121327348055332,0.0373491745341887,-0.010094668689057,0.0510409557936117,0.00655582598748992,0.075669689361002,0.0370714993924893,0.0932555086942495,0.0117287792204785
0.0263404392534748,-0.0248471091638366,0.035133256383745,-0.0306702137151156,0.040419115882637,-0.0038117099356409,0.0604340483553997,0.0191184758602712,0.0837159195619798,0.00359730228462847,0.0068271997452035,-0.0206831016001236,0.0176816534821705,-0.0216794234179791,0.0453298898546814,-6.15915299594764e-05,0.071243423404948,0.0299214261692596,0.082584208080529,0.0223177392513295
0.0133226824197943,-0.0177422599270661,0.0255899459618031,-0.030606162329468,0.0435784954209424,-0.00805351642652972,0.0609092149689564,0.0198822109787837,0.0765355821762187,0.0228859319103234,0.0101411965661212,-0.0226548854052527,0.0252297501905383,-0.00638903812872054,0.0603669107467938,0.0283608987072564,0.0725663521080034,0.0209728668797236,0.0900511323514907,0.00843766187949491
0.0238745266411814,-0.0251088447402797,0.0356362175232105,-0.0260297170852547,0.0572104187073631,0.00296407845481654,0.0761656816897938,0.017858738224902,0.0913697425184193,0.00528646897554917,0.0164094287555821,-0.0240368574522709,0.0282041960163544,-0.00833328824407036,0.0632452592056862,0.0307907616746669,0.0765266109827749,0.0171836461752378,0.0873976830003936,0.00266327985407526
0.0198254657544406,-0.0212286625311461,0.0329293997358372,-0.0282251488244224,0.0496792449529623,0.0111499418420489,0.0749749944949598,0.0175367366757313,0.0924666524970293,0.00310896363280323,0.0133161050177018,-0.0297365080432605,0.0332615288331281,-0.00282679880044706,0.0719272638845129,0.0317288716776333,0.0854247799019783,0.0113500008342214,0.0905968731139925,-0.00156346537869095
0.0140547521569503,-0.0111980810725348,0.0344148203149621,-0.030394088278152,0.0460849186139427,-0.00474824355980079,0.0579254918478295,0.0251996142398234,0.0848590901201881,0.013902296414906,0.0148976155435644,-0.020156362053316,0.0311206682420437,-0.0271648957831569,0.0494680946210203,0.0191422929288905,0.0712406200696832,0.024638894822184,0.0917416644930333,0.00728010003782987
0.0350992686785047,-0.0245942433510109,0.0506432036100205,0.00808292138000423,0.0922953215597305,0.00103809008990961,0.0930334175435626,0.000625578718432397,0.0931013037404847,0.000573982310217267,0.0165434641277843,-0.0287099818019608,0.0340687357312308,-0.0134553230886746,0.0645629107047866,0.0257483796640911,0.0842855791906635,0.0196216055683446,0.0925867738398811,0.0120436524399179
0.022720701820268,-0.0180616162049547,0.0330394509443274,-0.0272610637690148,0.0438908765524961,-0.000483310303254094,0.0541093741906831,0.0166541479130717,0.0872246056806881,0.0111903507526476,0.0169605325211054,-0.0173943980663982,0.0300364238483441,-0.0158091515549319,0.0554011851357088,0.0242388884668618,0.0732313164494476,0.0335785802584456,0.0904526595621689,0.0145428550441288
0.0220352630214206,-0.0246523391053297,0.0338667486170572,-0.0225420766152836,0.0622800962365296,0.0199948512014591,0.0925966444107084,0.00442140749936655,0.0934520813511591,-0.00143896458619102,0.00867244997162023,-0.0108525976035247,0.0205856953606451,-0.0218618793456706,0.0541532910486776,0.0100265135956853,0.0776124496415614,0.0278458717991497,0.0964068955189314,0.00802588353507031
0.0181484997844462,-0.0130769134192763,0.0353064438836746,-0.024257987658302,0.0436643491214594,-0.0109322477060062,0.0612406423360986,0.0150400780158104,0.0893977194392802,0.0114826444498523,0.00322728560971445,-0.0186295623957384,0.0164663075598876,-0.0294063200563877,0.0360662464125286,-0.0126902294682022,0.0683045479568797,0.0260927923336173,0.0897460382913036,0.0168286337157167
0.0261083262056324,-0.0303054553855985,0.0328860730188395,-0.0287590703182038,0.0479717388756219,-0.00441713534834076,0.0677938529031101,0.0259819096718774,0.0905924693869768,0.00999641864705228,0.0194013072835074,-0.0267071685172585,0.03039391361804,-0.0293948692899408,0.0575270603167518,0.0202412315144819,0.0710159578297166,0.0260384746965572,0.0896382281394822,0.00337021233437399
0.0240337068830002,-0.0312113177453657,0.0329771966412873,-0.0246132146878896,0.0512457079128041,-0.000627105672007192,0.0722053992505033,0.0265278207093998,0.0886755136816518,0.0141087996583345,0.0127226552493223,-0.0244674826418163,0.033753163877362,0.00166827277075352,0.0698175403792858,0.0284051122911917,0.0805309740378128,0.0171684797861675,0.0918229740848119,0.00125457353599242
0.019751786638968,-0.0199231955871787,0.0322102049349273,-0.0284292121737716,0.0520452203278955,0.0170670090402264,0.0816536537113169,0.0194036506215395,0.0951266677561192,0.00076884007695496,0.0207120651970364,-0.0219276488188817,0.0429421282827681,0.00583564948454771,0.0686022670012749,0.0309112288829057,0.0877653796850115,0.00631564346370418,0.0975006354169964,-0.00480062569292672
0.0137595180861597,-0.0141086208341885,0.0271099166744761,-0.0291944749842637,0.0445509935645409,-0.014083717207884,0.0577691170068378,0.02969205054608,0.0882957489419528,0.0188097400794039,0.00929243330317792,-0.0167825753781428,0.0295900722820279,-0.0118469472730896,0.0599815227621096,0.0188836948818293,0.0697747830575335,0.0338569252437363,0.0909425786501237,0.0106134533904323
0.00900649609356116,-0.0106315437963571,0.0271847000591053,-0.0254123644679557,0.0407520926776159,-0.0233419635716561,0.0552625294796818,0.00408725706323681,0.0797790969885922,0.0185364251762877,0.00804074329574193,-0.00908985546705721,0.0343454242401708,-0.0145557933333843,0.0556865546995307,0.013674449737216,0.071630720974583,0.0280248956257657,0.0846766737246706,0.0121221245674188
0.0163915278941358,-0.0157933226546802,0.033254767920868,-0.0269103676585694,0.0452739304192402,-0.008031493057031,0.0548724834224062,0.0228325681225019,0.081020692523681,0.0213156383461856,0.0152656423139942,-0.0186700620100319,0.0389082848416602,4.28396578096015e-05,0.0572589669722658,0.0157881752913977,0.0714608188112657,0.0299975608123724,0.0844414079532563,0.0136859095923125
0.0214761243849528,-0.022429321629274,0.0296460053782634,-0.0289189571825866,0.034416490573261,-0.025331825685177,0.0546035861589688,0.00702915505607702,0.0867971893374109,0.0145281127684262,0.0128930529062256,-0.0246091747866723,0.0217293068011993,-0.0309233058285053,0.0514971265456783,0.0384432030847076,0.0714065932997482,0.0235603306296183,0.0865375387872399,0.011009665997712
0.0156718338453837,-0.0117606481163086,0.0273889298979666,-0.0226402327913133,0.0428898769614644,-0.00996025286330337,0.0590292812134356,0.0220418534641039,0.0852853361969771,0.0144400017156229,0.0143681499946655,-0.0122745722556488,0.0311948572071104,-0.00359714648147422,0.0545911451789994,0.0162258658230183,0.0687412756898468,0.0274109852555103,0.0913848306078933,0.00528703887647207
0.0120796930669809,-0.0145930369469635,0.0265438149639386,-0.0303097540260443,0.0458169316857693,-0.00894832136404473,0.0592864461485687,0.0130581993740302,0.0845635592921062,0.00718209809508047,0.00984245541209276,-0.0201674864394047,0.0295851518876277,-0.0150890266033369,0.062252310483084,0.0240597080224719,0.073252241961839,0.0255705987542015,0.0908169024137389,0.00684469362419326
0.0169631720115391,-0.0206418081111408,0.0364011638945983,-0.0242353942085107,0.0549583269690549,0.0167462379227278,0.0796440921386575,0.0207380423181363,0.0948813217354652,0.0040016525810554,0.0109847100126682,-0.0202655530642013,0.0340451094656807,-0.022561550763837,0.0593870741935334,0.0133815821253223,0.0729499191141404,0.0262345512658964,0.0943332748729128,0.00709391860056438
0.0168222402565022,-0.0192987127183404,0.0302481884953061,-0.0288360443607233,0.0451748747954717,0.00467610949194895,0.0668514733072625,0.0278543858604408,0.0920303361099414,0.00622541208297979,0.0116780757231587,-0.0201483481161664,0.0305416526287491,-0.0232869861575201,0.0603651922249878,0.0194560162117404,0.0730711840517106,0.0303659133575364,0.0925737418065572,0.00934826658517734
0.0245655928600866,-0.0159793401327552,0.0374005715753851,-0.026073726592074,0.0517522213755219,-0.00241681229724663,0.068160597048015,0.0276324956791464,0.0865719862636283,0.0141392351348121,0.0217202112611763,-0.0163128899016629,0.043563688528883,-0.0250855620532227,0.0605273089792649,0.00219033996077939,0.0712423689399715,0.0248709853413759,0.0914680615529138,0.0134146976529689
0.022126681212727,-0.0219886353565174,0.0428469749530049,-0.0102042671829246,0.0626588489418315,0.0307990893176959,0.085690685746693,0.00784766999463405,0.0923933445651385,-0.0017812060151536,0.0135912979061783,-0.0188297409067932,0.0284770128941383,-0.0304442121851644,0.0503787403385705,0.010134130056531,0.0712451747710004,0.0236482208682951,0.0919033733048673,0.01293071173036
0.0255808314095332,-0.0278484434477753,0.0323890947060249,-0.0277827470662328,0.0479176865642503,0.0086401795472142,0.0648818827033177,0.0239801771119625,0.0878818245798447,0.00661411726015435,0.0134250713129001,-0.0165799217017831,0.0252407220716288,-0.0269778051159365,0.0479478268384093,0.00258518647743354,0.0670144452964871,0.0340038011221933,0.0883234977479383,0.0134183474529144
0.0153537190593033,-0.0179288886410504,0.0353597390389348,-0.0321115305309321,0.045858771108029,-0.00928359351346635,0.0614632325087225,0.018801590585678,0.0875772536020729,0.00800314671558023,0.00795555253950483,-0.0181248396198653,0.0279184018761291,-0.029755795328573,0.0394603896831114,-0.00709198669775221,0.0648178112206606,0.0272932988361029,0.0823916654643725,0.0221271125284151
0.0095543976548615,-0.0149907000194764,0.0359029203488667,-0.0230189251096613,0.0500892979437449,0.00144018234820217,0.0591604158194122,0.0269846631964112,0.0886386095682241,0.00673217546997783,0.0115938614313488,-0.0240887510575033,0.0321292844095086,-0.0291265178812352,0.0531956936407112,-0.00531540981408004,0.0617689783268865,0.028440249909506,0.0808020200476821,0.0189197914691286
0.0140538295455247,-0.0165319151336811,0.0297720164216361,-0.0322895859104409,0.0470630101022564,-0.00617813953861856,0.0628407691388834,0.0233278210705069,0.0911022443584875,0.00399055737081359,0.00455259912336838,-0.0154679801250538,0.0238726262466518,-0.0346338930597519,0.0479603743863678,-0.0107970289267953,0.0691324420766167,0.0301926262829148,0.0954794904465704,0.00898001912401721
0.0136131079385694,-0.0294082164838866,0.035707978876904,-0.0252392731881075,0.0493692429315872,0.00380513543281877,0.0636772644724233,0.0223747263216094,0.088610854815285,0.00438518364020349,0.00696995424754145,-0.0310858041654885,0.0300316659789287,-0.0308735237205789,0.0510111115016519,0.0194342346790756,0.0780171327775654,0.0315341037010037,0.0961355951221528,0.00869178407812776
0.0140012339126202,-0.020194807174782,0.0334726427356184,-0.027739212673902,0.0519495431544969,0.0125721710415436,0.0752762485834101,0.0232774083080615,0.0949401845780387,0.00140049860747443,0.00724069078208152,-0.0228978278175159,0.0283150519706809,-0.0397104213119424,0.0541620246449799,0.0107000138939325,0.0786235757048348,0.0279706400283402,0.0947514820898342,0.00518129763638858
0.0514283281377404,0.00265511751350211,0.0915429114181667,-0.000596618526312999,0.0743081163935178,0.000244700826250999,0.0401042657771692,0.00119824956441811,0.0859326657334148,-0.00158030858719178,0.0247915383495634,-0.0402640803114096,0.0839712334704846,0.025486664405969,0.0996370724436816,-0.0013763294896657,0.0555934640560331,0.00226789454655182,0.0493870529285854,-0.00334528782816408
0.0193908770459486,-0.0154004284620736,0.0293852025626467,-0.0310500473524197,0.0450296701909,-0.00898184214127403,0.0566782777312536,0.0216681740118486,0.0848479615410983,0.0180426942135873,0.0137618494097115,-0.0160090730663582,0.0301480280177716,-0.0264702730976029,0.0525637105553762,0.00806146767798699,0.0717933435989838,0.0261393044814616,0.0859403926863031,0.0155733327512004
0.0247328868825892,-0.0219095810758486,0.033387091418429,-0.0271916598174992,0.0489192885035079,-0.00289347525604745,0.0615448750321117,0.0210574145925116,0.087076988774568,0.00720376208649206,0.0180261236836807,-0.0208731161047612,0.028809643578675,-0.0257203660209501,0.050239071121363,-0.00538652339214329,0.0666912095228429,0.026794944936445,0.0911143618276941,0.0138508214980754
0.0100503180450072,-0.0183407889521388,0.0197719692141136,-0.0284652223986721,0.031012653533714,-0.0320027098648151,0.0529302703179114,-0.02811365826621,0.0853878991786412,-0.00734445110888408,0.0118574645000152,0.000985461505932398,0.0468130296221707,0.0256928530550643,0.06968273730687,0.0299783647004921,0.0821807878685937,0.020414317869416,0.0937132054303444,0.00259214763279842
0.0213084015621467,-0.0231385581442752,0.0297684334818538,-0.0335728294021093,0.0525771082666075,-0.0341229526588384,0.0910399322487701,-0.0189814262261337,0.100340694215721,-0.00592506678679367,0.0157303778181491,0.0152282767203863,0.0495210118747528,0.0408423247475731,0.0709594266671704,0.0321793361368093,0.0879093358520905,0.0141056141024892,0.0925848408381631,-0.000361140711791568
0.026336281972985,-0.0266243672842763,0.0649785790514059,-0.0281201078994709,0.0942624517999641,-0.00393391271003275,0.0946700084442287,-0.00284487010652008,0.0944042486783551,-0.00268344509030724,0.0362375675392952,0.0258718817916042,0.0705815851552043,0.0253780666070493,0.0900199127526008,0.00607614749609747,0.097943173277545,0.000119960337458116,0.0963993863867025,-0.000184341591306612
0.0202370712088212,-0.0176731109590752,0.0414818325431545,-0.0318698682738153,0.0797636087328588,-0.0210569835623574,0.0960093419152858,-0.000914930900401287,0.09028255892781,0.00700972580889359,0.0226508398481634,0.0131199468164357,0.0551494703598185,0.0332643831092614,0.0739720255522207,0.0280598803458798,0.0864324261963678,0.0157158712205672,0.0941506515552153,0.00322243244540351
0.0120185960692563,-0.0167451117584763,0.0187616792576124,-0.0281840208942192,0.0383001376193294,-0.0302937032998606,0.0664203706115382,-0.0182571345877139,0.0864616261344493,-0.000534782272165572,0.0113944012467906,0.0115396120479488,0.0444215076821136,0.0289628030706984,0.0628888584079288,0.037534980997064,0.0747538143064006,0.0343571773910601,0.0900243975864857,0.0166350198217102
0.0172744762805346,-0.0190166798045386,0.0339746909055586,-0.0321126364252918,0.0512360006377902,-0.0309584420155775,0.0765093601512556,-0.0192587488611357,0.0892368209467884,-0.00527951014523858,0.0107977502822812,0.0166864948351091,0.0444007249920912,0.0247139806173582,0.0638550540431634,0.0365959683706917,0.0805022029282942,0.0260920543410519,0.0924788046185761,0.010925736396452
0.0168234047508604,-0.0217977765672255,0.0354186138990043,-0.031835320586684,0.0559086712144366,-0.0233760552062311,0.0627240120567068,-0.0224926931089222,0.0902736472801699,-0.00108415589813102,0.0193850925025612,0.0161572419839099,0.046486439324395,0.024367747434721,0.0668410032630997,0.0249588803080584,0.0806116420351249,0.0268739134797716,0.0932386999144161,0.010209164607776
0.0156525567127573,-0.0177148957281796,0.0310718044853434,-0.0261929211988705,0.0536762211704032,-0.0207072789313519,0.0737482249509317,-0.0148392748302705,0.0962644966790214,-0.00465354266806794,0.0169794428245301,0.00919058024346132,0.0388875346372119,0.017321322336093,0.0612334612634454,0.0345314819106277,0.0758612997838214,0.0295890824575794,0.0893077508911341,0.0101881453393792
0.0103065628767193,-0.0107997348937716,0.0255351844497501,-0.0253720600167387,0.0383087452339673,-0.0386051584519261,0.0629486648411281,-0.0361383709128604,0.0925716467617584,-0.016125674220163,0.0151967544268545,-0.00190800638205759,0.0409609407078662,0.0193148018708586,0.0618797628668655,0.035401722084259,0.0824990803796393,0.0290771641931091,0.0897992893496308,0.019240131874678
0.0202177371989143,-0.0208819641995874,0.0421481802674881,-0.0369900669856097,0.0725273949727459,-0.0280793419624693,0.0927369769809316,-0.0092877008128611,0.0935974822585665,-0.00615132655357885,0.0277713893030794,0.0199243872164281,0.0617243110907724,0.030687615467162,0.0789617053661353,0.0242737338423352,0.0903936792049236,0.00393249534868362,0.0973958416906924,0.000751203667735622
0.0159085690849351,-0.0139523275945928,0.0295415916990409,-0.0279981041749984,0.0473341541203152,-0.0277746328397099,0.0819423000681403,-0.0148259423506287,0.0979392163681937,-0.010018828909482,0.0077039460213229,-0.00677470419297962,0.0347609342996895,0.0145960779284935,0.0633304826191712,0.0345284952186685,0.0798389556687026,0.029388426400288,0.092183174967698,0.0112763557581602
0.0178295375960354,-0.0151036842885702,0.0322648235612403,-0.0294783997946476,0.0726307413348831,-0.0322180861772565,0.0960582761932247,-0.0243919192101304,0.103559561037098,-0.0122609578277936,0.0204765804593158,0.0167969051186335,0.0473155821220594,0.030335368219966,0.0721051530381571,0.0277006438526156,0.0843066752710764,0.0138434278979263,0.0887799208068185,0.000704826294324575
0.0100503180450072,-0.0183407889521388,0.0197719692141136,-0.0284652223986721,0.031012653533714,-0.0320027098648151,0.0529302703179114,-0.02811365826621,0.0853878991786412,-0.00734445110888408,0.0118574645000152,0.000985461505932398,0.0468130296221707,0.0256928530550643,0.06968273730687,0.0299783647004921,0.0821807878685937,0.020414317869416,0.0937132054303444,0.00259214763279842
0.0213084015621467,-0.0231385581442752,0.0297684334818538,-0.0335728294021093,0.0525771082666075,-0.0341229526588384,0.0910399322487701,-0.0189814262261337,0.100340694215721,-0.00592506678679367,0.0157303778181491,0.0152282767203863,0.0495210118747528,0.0408423247475731,0.0709594266671704,0.0321793361368093,0.0879093358520905,0.0141056141024892,0.0925848408381631,-0.000361140711791568
0.026336281972985,-0.0266243672842763,0.0649785790514059,-0.0281201078994709,0.0942624517999641,-0.00393391271003275,0.0946700084442287,-0.00284487010652008,0.0944042486783551,-0.00268344509030724,0.0362375675392952,0.0258718817916042,0.0705815851552043,0.0253780666070493,0.0900199127526008,0.00607614749609747,0.097943173277545,0.000119960337458116,0.0963993863867025,-0.000184341591306612
0.0202370712088212,-0.0176731109590752,0.0414818325431545,-0.0318698682738153,0.0797636087328588,-0.0210569835623574,0.0960093419152858,-0.000914930900401287,0.09028255892781,0.00700972580889359,0.0226508398481634,0.0131199468164357,0.0551494703598185,0.0332643831092614,0.0739720255522207,0.0280598803458798,0.0864324261963678,0.0157158712205672,0.0941506515552153,0.00322243244540351
0.0120185960692563,-0.0167451117584763,0.0187616792576124,-0.0281840208942192,0.0383001376193294,-0.0302937032998606,0.0664203706115382,-0.0182571345877139,0.0864616261344493,-0.000534782272165572,0.0113944012467906,0.0115396120479488,0.0444215076821136,0.0289628030706984,0.0628888584079288,0.037534980997064,0.0747538143064006,0.0343571773910601,0.0900243975864857,0.0166350198217102
0.0172744762805346,-0.0190166798045386,0.0339746909055586,-0.0321126364252918,0.0512360006377902,-0.0309584420155775,0.0765093601512556,-0.0192587488611357,0.0892368209467884,-0.00527951014523858,0.0107977502822812,0.0166864948351091,0.0444007249920912,0.0247139806173582,0.0638550540431634,0.0365959683706917,0.0805022029282942,0.0260920543410519,0.0924788046185761,0.010925736396452
0.0168234047508604,-0.0217977765672255,0.0354186138990043,-0.031835320586684,0.0559086712144366,-0.0233760552062311,0.0627240120567068,-0.0224926931089222,0.0902736472801699,-0.00108415589813102,0.0193850925025612,0.0161572419839099,0.046486439324395,0.024367747434721,0.0668410032630997,0.0249588803080584,0.0806116420351249,0.0268739134797716,0.0932386999144161,0.010209164607776
0.0156525567127573,-0.0177148957281796,0.0310718044853434,-0.0261929211988705,0.0536762211704032,-0.0207072789313519,0.0737482249509317,-0.0148392748302705,0.0962644966790214,-0.00465354266806794,0.0169794428245301,0.00919058024346132,0.0388875346372119,0.017321322336093,0.0612334612634454,0.0345314819106277,0.0758612997838214,0.0295890824575794,0.0893077508911341,0.0101881453393792
0.0103065628767193,-0.0107997348937716,0.0255351844497501,-0.0253720600167387,0.0383087452339673,-0.0386051584519261,0.0629486648411281,-0.0361383709128604,0.0925716467617584,-0.016125674220163,0.0151967544268545,-0.00190800638205759,0.0409609407078662,0.0193148018708586,0.0618797628668655,0.035401722084259,0.0824990803796393,0.0290771641931091,0.0897992893496308,0.019240131874678
0.0202177371989143,-0.0208819641995874,0.0421481802674881,-0.0369900669856097,0.0725273949727459,-0.0280793419624693,0.0927369769809316,-0.0092877008128611,0.0935974822585665,-0.00615132655357885,0.0277713893030794,0.0199243872164281,0.0617243110907724,0.030687615467162,0.0789617053661353,0.0242737338423352,0.0903936792049236,0.00393249534868362,0.0973958416906924,0.000751203667735622
0.0159085690849351,-0.0139523275945928,0.0295415916990409,-0.0279981041749984,0.0473341541203152,-0.0277746328397099,0.0819423000681403,-0.0148259423506287,0.0979392163681937,-0.010018828909482,0.0077039460213229,-0.00677470419297962,0.0347609342996895,0.0145960779284935,0.0633304826191712,0.0345284952186685,0.0798389556687026,0.029388426400288,0.092183174967698,0.0112763557581602
0.0178295375960354,-0.0151036842885702,0.0322648235612403,-0.0294783997946476,0.0726307413348831,-0.0322180861772565,0.0960582761932247,-0.0243919192101304,0.103559561037098,-0.0122609578277936,0.0204765804593158,0.0167969051186335,0.0473155821220594,0.030335368219966,0.0721051530381571,0.0277006438526156,0.0843066752710764,0.0138434278979263,0.0887799208068185,0.000704826294324575
