u1_5nodes_1,u1_5nodes_2,u1_5nodes_3,u1_5nodes_4,u1_5nodes_5,u1_5nodes_6,u1_5nodes_7,u1_5nodes_8,u1_5nodes_9,u1_5nodes_10,u2_5nodes_1,u2_5nodes_2,u2_5nodes_3,u2_5nodes_4,u2_5nodes_5,u2_5nodes_6,u2_5nodes_7,u2_5nodes_8,u2_5nodes_9,u2_5nodes_10
-0.0353561430735678,0.00280346952041033,-0.0294596903260746,0.00929431274896518,-0.00799227369424141,0.0143985145916417,-0.00285311548294413,0.0235026790274786,0.0191029731018586,0.0260839086811125,-0.0399368300541759,0.00620288293914769,-0.0304924516814902,0.00671173406434314,-0.0127460022550479,0.0118876266503802,0.00819942770956632,0.0200584478053299,0.0304651707180614,0.0132670577731411
-0.0339661324119337,-0.0111982390617922,-0.0166842683717019,-0.0245608563436828,-0.00786046956067103,-0.0268462195449004,0.00771579463310211,-0.017121497000947,0.0215984631506986,-0.00408510089530203,-0.0377994485730633,0.00312721693406747,-0.0219719689061331,0.0189953396015339,0.000627166302524805,0.0239008322784159,0.0213829673804775,0.0184359757601852,0.0326205785534375,0.0138871116078447
-0.0399445634811138,-0.016123036080565,-0.0205723578336943,-0.0270728304538925,-0.0116246328868321,-0.0276484234606085,0.00360188221102711,-0.026925263130358,0.0304343927721701,-0.020601418197471,-0.0349054760947386,0.024323426755988,-0.0241167570682,0.0338306474668118,-0.00112387115858642,0.030591612725976,0.0204466764736485,0.0255582903476096,0.0356967834266053,0.0202709118443591
-0.0337665696354138,0.00609216774215592,-0.0190168497831367,0.0108529565824816,-0.00288027753883835,0.0148349439085678,0.0191243353918845,0.012278294843654,0.0302828600876384,0.00776452850585085,-0.0380161929647167,0.00676496224725614,-0.0271382006303722,0.00758864386751923,-0.0115702279060006,0.0122289900569019,0.00523147404833532,0.0146709844312928,0.0241090406838187,0.0096231793976198
-0.0357777831554685,-0.00157414061024971,-0.0198663178404943,-0.00316469659034899,-0.00486766628593964,-0.00431413307545508,0.0144397796019067,-0.0025935961003085,0.0318113724081204,0.00362348525388035,-0.0383300803979796,0.00225653388030854,-0.022736928114144,-0.000261861526137451,-0.00618637679713573,0.00256244743764478,0.0163053221667884,0.00685917619863677,0.0311725370869281,0.00289945088810221
-0.0309417215377536,-0.0148937099890874,-0.0134936337234597,-0.0281867393690928,0.00369226098830949,-0.0180360663840552,0.0262454173359738,-0.00186677615556682,0.0362137572876683,0.00648123917035984,-0.0306563720224742,0.00941467319459192,-0.0141584338092386,0.0147921618361117,0.00462050012289452,0.0313548996119619,0.0169512148338155,0.0376996795556928,0.0304080035474091,0.0300956900192101
-0.0344155641207927,-0.0152019272704425,-0.016137758469526,-0.0268660583564373,0.00424102501525188,-0.019891258752945,0.0263249055877196,-0.00203462590359859,0.0402027951727869,0.00640624413275243,-0.0352830159189675,0.00888025837850509,-0.0172601457585593,0.0265673419210476,0.0035433281827948,0.0396684383103469,0.0178483251566558,0.0376828479791855,0.0375787784967131,0.0193565339310401
-0.0327433639666297,-0.0130979740977012,-0.0162629617221996,-0.0261199968081672,-0.00532458833524596,-0.0277086859077589,0.0110297720310922,-0.0220032172744641,0.0340121372081046,-0.00635636831968508,-0.0342599606034919,0.00769556326550611,-0.0144367812320842,0.0270864652307802,0.0015723667086817,0.0338329182281341,0.0199182594594085,0.0293234665476021,0.0378313110582114,0.0219573300546726
-0.0341915087865399,-0.014401524438998,-0.0190912786460144,-0.0267326384749316,-0.002489173589271,-0.0251442916990963,0.0157395504525413,-0.0169073727001471,0.0289550565393357,-0.0107183823796618,-0.0285978637708652,0.0161705133143184,-0.00834705781025791,0.0319200517447134,0.0107316577910428,0.0382673947651332,0.0278283264841539,0.0310485164053242,0.0418363619514536,0.0146026764381035
-0.0313716208170872,-0.017500569292563,-0.0174172347104967,-0.0281026506359734,-0.0078794890318785,-0.0258146684401454,0.00742886075321861,-0.0188072007472924,0.0240472028617782,-0.00408599344906187,-0.0262017184665123,0.0114692601131089,-0.00149189280680455,0.0293904546698318,0.0178674647111863,0.0343437963220587,0.0315138447797632,0.0283115328011912,0.0459815279329077,0.0135877959562285
-0.0329033133499697,-0.00863448923857783,-0.0142705528685634,-0.0257246864436893,-0.00962133300468111,-0.0272000104289471,0.00266773085483241,-0.0212489410422725,0.019451711761338,-0.0124600319371799,-0.024339788143121,0.00410582989569177,-0.00603258146397744,0.0196503822993687,0.0125608516374723,0.0279635533368976,0.0246466420020602,0.027259787381443,0.037056504691884,0.0187512278598686
-0.0096406290428713,-0.0190924398811368,-0.000191762320601766,-0.0239458152962798,0.0278257235195946,-0.0010079127933367,0.0370725647646813,0.00513488117714055,0.0399580821559784,0.00585765299469261,-0.024811655310051,0.00535867321893245,-0.00353361241125182,0.0233963002118704,0.0121102463170384,0.0351445041199104,0.0242815452155019,0.0339884053649425,0.0394366799288665,0.0172029082814521
-0.0420912170921418,-0.0149876306888083,-0.025326276566012,-0.0254869998857088,-0.0128373293060752,-0.0272053255671484,-0.00216854761297055,-0.0275559857093307,0.0211379449982849,-0.0203539002514532,-0.0292742298551683,0.0123825725784527,-0.00948356163124781,0.01983412012202,0.00958079596420394,0.0294664039379505,0.0231402472780017,0.0286047643647137,0.032622314288497,0.0219230594480435
-0.0248617916770688,-0.0355453900341286,-0.00178336440728332,-0.025040585682224,0.0339381769729983,0.00707446969379396,0.0472288627359691,0.00102128743901023,0.0531972230585349,-0.00532613323558771,-0.0265777725664996,0.00624415339924556,-0.00688403187599071,-0.00335299891566428,0.0165159649096068,0.0284082151871861,0.0353946982878,0.0252553302168294,0.0424417016509673,0.00977046670365296
-0.0371065408757535,-0.0269577094762845,-0.021815721349638,-0.0268809885588013,-0.00976401808522799,-0.0235325740449051,0.0172175010873368,-0.02092349964377,0.0310223218083248,0.0162719866304031,-0.0383516627211942,-0.0114340621456012,-0.0154655820548821,0.031741500601679,0.00530854194135297,0.0337067256951228,0.0287516044820549,0.0164937302432898,0.0330803060999107,0.0141317588110112
-0.0356245557035213,-0.0210358984729256,-0.0230558091362143,-0.0273727381077068,0.00387425060280906,-0.0143958606358264,0.0298949122185737,-0.00059196746050205,0.0385797993174227,-0.00699021339846529,-0.0390572702505299,-0.0230321255274783,-0.0243551768907282,-0.00467613200579279,-0.00222089978130457,0.0301799519501575,0.0208232694775623,0.0235370897641661,0.0317369735417539,0.0183615319789763
-0.0175633868631961,-0.0270163915771699,-0.00276341973405677,-0.0224838150152666,0.0247377668725471,-0.00331234908976631,0.0358303697669592,-0.000185835389368464,0.0390978332671689,0.00914453726102377,-0.0403361812260519,-0.0127081401448458,-0.0264811245349459,0.0109418696767854,-0.0088894300101102,0.0521979979753549,0.00638738352407389,0.048173104330512,0.0210042589459831,0.0344736058087146
-0.0125515982405123,-0.0274627550012387,0.0291928184400491,-0.00916216902662664,0.0510960664649681,-0.00446735517663906,0.0446020071553508,0.00106491472530338,0.0412602962160325,0.00352268096993723,-0.0404945942484442,-0.0146682124471868,-0.0267071298947288,-0.0140876272344003,-0.00517505656676986,0.00621037345474109,0.0138678157755377,0.0326596438831602,0.028912700177124,0.0245940065307437
-0.0275134320901429,-0.0253618574351332,-0.0128956776027436,-0.0321073302123139,0.00441219916069888,-0.0188866825150255,0.018263893616175,-0.00502812766846997,0.0399729626919537,0.00806637343097917,-0.0416222235471815,-0.0177798914014472,-0.0171419150049059,0.0128790840263582,0.00669304652874298,0.0349451388587738,0.0287629790848047,0.0247669925606421,0.0412146076386879,0.00959924925847599
-0.0307543664244216,-0.0171373980938796,-0.0160694448834975,-0.0367604452941991,-0.00134438189547982,-0.0276614439431052,0.0126856167681109,-0.018376305200445,0.0237599427434523,-0.0130887920759886,-0.0413173491077132,-0.0159810003376891,-0.0286509942175144,-0.018564981424125,-0.00494666590422507,0.0126175809540309,0.0133783578947563,0.0303852041115632,0.0261681502267534,0.0242972947338141
-0.0340665104394004,-0.0178363922395034,-0.017766598927752,-0.0320521172904596,0.000824010793652805,-0.0248343320507322,0.0127151998835077,-0.0174275945362662,0.0317429565711383,-0.00131414831414589,-0.0412892823954842,-0.015059967978891,-0.0170952076618069,0.00808363494518861,0.00747716942151322,0.0317614756347775,0.0266921663249089,0.0291624716841606,0.037987948595297,0.0157187715713045
-0.0322427141612866,-0.0217086199816876,-0.0151924891849867,-0.0323465467320141,-0.00143411930785237,-0.0262630460351593,0.0167835557884898,-0.0211132900551257,0.0322070532805745,-0.00545136646395044,-0.0340080719550118,-0.00382038979577682,-0.0178757279397989,0.0100075615522246,0.000828336553511439,0.0312746683148855,0.0172932399664163,0.0298934237147953,0.0284662965615588,0.0264862354924647
-0.0311128318099329,-0.0259322890096771,-0.0285007884578541,-0.0267544375970066,-0.0169983520660692,-0.0249423787802662,-0.00405447441760747,-0.022866524627503,0.0254020182252213,-0.0173445963652918,-0.0295558043644998,0.025103318255634,-0.00536763309155987,0.0429443857740086,0.00475348236783688,0.0465053995709733,0.0276790163893051,0.0348010712742511,0.0413270016642686,0.0104063882516374
-0.0418029346978198,-0.0165186559450276,-0.0288614541670524,-0.0267775983572168,-0.00975442875308589,-0.024589406115106,0.0112735038972753,-0.00990369982754195,0.027930349178204,-0.00732216386468645,-0.0440055485439724,-0.0105436359804463,-0.0267894836917601,0.00262387110883923,-0.00834961649973474,0.0203606713121072,0.0113932949648182,0.0275334542441548,0.0269171038035643,0.0146934419393065
-0.0402117348408034,-0.0177514773934788,-0.0246141137643978,-0.0232498682295457,-0.000966305347063009,-0.0220220415869099,0.0122859696351697,-0.0221914526917811,0.0221898320592109,-0.0133915831895555,-0.0307680138510537,0.0163351729734,-0.00630188058224165,0.0285249616526137,0.013856637364488,0.025617538462988,0.0221624158442489,0.0268453638718494,0.0284475759993099,0.025374976627701
-0.0313744465664194,-0.0257032191363405,-0.0211707869981519,-0.0284296858698344,-0.00598259379244545,-0.0289501550940445,0.0199547973458682,-0.0112991730430312,0.0341867251931326,0.00930957734619874,-0.0341342549732049,0.00187563173951631,-0.017177775706858,0.0260857612908679,0.00778095107138544,0.0434899815376455,0.030361198531581,0.0209228427859063,0.0395507648293458,0.00677152668770488
-0.0342544725025431,-0.0153490410908081,-0.0230088056486124,-0.0259554083761233,-0.00520699390391829,-0.0255625250912627,0.0123968580614657,-0.0129890347457193,0.0285318218162863,-0.010462596134593,-0.0326580122204026,-0.0115458172640029,-0.0181879307075839,0.000778589097059401,0.00689225679705204,0.0270161765196374,0.0246967114729215,0.026832424327218,0.0388926117062583,0.0185187028744422
-0.0340856421293968,-0.0208130263667547,-0.0137203088788165,-0.0274073494776055,0.00862486833132962,-0.000783393993549552,0.0201698348828212,0.0160112535709247,0.0321845040745024,0.0244953190539284,-0.0257352011419053,-0.0136786824466479,0.00495702251131811,0.021100114974093,0.0216182998416833,0.0326686001414884,0.034403390844494,0.015729590884828,0.0442313517541771,-0.00304410170534432
-0.0371654717344237,-0.0180028385154477,-0.0155945006594277,-0.0307792975241132,0.00907373539376726,-0.0177856873855531,0.0185828054517438,-0.00903915168059977,0.0319612025695644,0.00697099726680001,-0.027040529862593,0.00491991617011113,0.000157388079262614,0.0222544564182968,0.017729004588827,0.0261317948166167,0.0292109429270778,0.0227845551106688,0.0375217206078778,0.0113750627929197
-0.0352831405385854,-0.0201407780302959,-0.022127901914781,-0.0302173584369634,-0.00234016229278771,-0.023847414611017,0.0147217047606162,-0.0169543225050032,0.031688586531526,-0.00970703793070227,-0.0401044379374467,-0.0108167403474076,-0.0242715788378358,0.000390651971659571,-0.000560370742829582,0.0250705684457383,0.0205547507410822,0.0261367463612868,0.037723723010956,0.0142786028533198
-0.0368985759179586,-0.0169716870289069,-0.0226810754996531,-0.0294234885395961,-0.00333035589244665,-0.0179639367889832,0.0171536956091178,-0.00853337000727014,0.0312958362843825,-0.00696407885485601,-0.0376842238366757,-0.0110491928375366,-0.0253177538393267,-0.00071415686927359,-0.00680143445598533,0.0174499345091387,0.0124097349334959,0.0322871855508858,0.0260619948426012,0.0264993584955803
-0.0320970388190843,-0.0246339543410163,-0.0173226861590359,-0.026475932058461,0.00335987185004454,-0.0118833044706365,0.0170576412711419,8.98389192230827e-05,0.0331122266790075,0.00370858954326377,-0.0377796796156441,-0.00699536441315984,-0.0156919814808194,0.0101402188559256,0.00511345744469439,0.0300757732200298,0.0237010705417721,0.0221546705712031,0.0348759008062636,0.0126565481644829
-0.032649804441648,-0.020999553326011,-0.0163982685857941,-0.0253755837691823,0.00656847178238308,-0.0146487025747738,0.0226250024855657,0.00164560670506978,0.036928421076816,0.0126532779073556,-0.0332176014842895,-0.0142732585808416,-0.0170991021526098,3.79315469362413e-05,0.00475434960715731,0.0208603359411841,0.0204524253067489,0.0305904703952774,0.037856585109077,0.0170606038382796
-0.0275552185567068,-0.020464441013442,-0.00864716249948878,-0.0263565572049892,0.00915305910753501,-0.013543624923959,0.0208389460846669,-0.0030883638989382,0.0383199169431482,0.00716147011516695,-0.0281981224815223,-0.0117417528289606,-0.00819104727021622,0.00300764798319594,0.0134194927949755,0.0294162278428553,0.0240075897509354,0.0289468306137444,0.0371951219298184,0.0156909573222243
-0.0442732246454769,-0.00563637261976942,-0.045570816413862,0.000316851189187591,-0.0325261289244041,-0.0103488742125455,-0.0174948786881727,-0.0272675156642493,0.012553551593653,-0.0134722573870413,-0.0308644451627076,0.0342420315098745,-0.00674652750630939,0.0505788637252903,0.0178543518698932,0.0294733240166185,0.0341038973956232,0.0186265021433462,0.0451163070915265,0.0084838955959583
-0.0282914918968036,-0.0142555601513667,-0.0103872853678142,-0.0234477848817777,-0.00593878096893429,-0.0226232861034606,0.00473614893082367,-0.0120897433991224,0.0327349026448813,-0.0042093096454453,-0.0245431594776795,-0.0137623535393133,-0.010705947729291,-0.000699167455583765,0.00155111080304848,0.0217994051483778,0.0146833917089975,0.0380016653668785,0.0306119584426091,0.0159464750583145
-0.039192961145435,-0.0148497275342006,-0.028771249806618,-0.0266081346791542,-0.0185431682992539,-0.0260563043421014,0.00852898059096012,-0.0219929031644272,0.0316768932465494,-0.0127350305800587,-0.033901289647367,0.00313100201590826,-0.0151057152081628,0.0221365991552992,0.0164568922064878,0.0224268860201766,0.0320777223378502,0.0246218627032422,0.041381173192414,0.0129001135761313
-0.0369492053820699,-0.0153543700260428,-0.0207353575906825,-0.0263640920905684,-0.00402506264483112,-0.0254517126198882,0.02074211529356,-0.00887824210321261,0.0351219278698869,0.000569186990211476,-0.0352777470049716,-0.0119873049248842,-0.0306726038107358,0.0162418794238813,-0.0161363023866478,0.0404136202301294,0.00842769358383024,0.0218218850559599,0.02923402778429,0.0112178507159235
-0.0306885777929309,-0.0257471454756626,-0.0133477237232943,-0.0242218621349945,0.0119352450587624,0.00573561656658554,0.0294383931889933,0.011490326357487,0.0391923840664125,0.00848415041724162,-0.0371976604496518,-0.0126147807843654,-0.0200861812707846,0.00512003177815301,0.00223947080517289,0.0226995418955181,0.0221018939621865,0.0270794059104525,0.0358856423978538,0.0154054397651762
-0.0380561116697644,-0.017001043032039,-0.0202482858071525,-0.0292235329442811,0.00215076095047749,-0.0177361662267699,0.0165946727315464,0.00249869625849361,0.0281559211849232,0.0096511732770159,-0.0343750856341312,-0.0135775184073535,-0.0107837114559339,-0.00193921760028877,0.0110266758741449,0.0170670184592522,0.0254731159546994,0.023391003930037,0.0403169854778082,0.0104695572312431
-0.0374719582355381,-0.0129110604222808,-0.0237927617848527,-0.0299752931344162,-0.00276458035560952,-0.0244039248927674,0.0137488505392338,-0.0151143542509174,0.0304803940309682,-0.00628806747949611,-0.037140289041511,-0.00697727312284206,-0.0247007224856459,-0.00792019652709359,-0.00733648182854159,0.00714252838499457,0.0103626146376739,0.0217989530706238,0.0277045874185148,0.0304453923365475
-0.0349704198817612,-0.0188881673190493,-0.0227950951357424,-0.0289409299112721,-0.00439239379733188,-0.0224959666060261,0.0122203295731302,-0.012478815176138,0.0301531391197811,-0.0041413652799266,-0.0370158023010472,-0.0116355964924202,-0.0189243719828602,0.00712656026938189,0.00205459559032191,0.0280801315422536,0.0238563718162908,0.0264456184820189,0.0396088224428596,0.0131063910601464
-0.0350045010529193,-0.0131856631679466,-0.0206623227464842,-0.0243326890247192,-0.00721531427102942,-0.0247273329277817,0.0132683689314354,-0.0102972344720161,0.0315939556960191,-0.00176334688617735,-0.0407939279627723,-0.00493819695995331,-0.0228091910801253,0.012227564399407,-0.00652340780172228,0.0273098205972258,0.00939909065172258,0.0312909275988308,0.0271578607905453,0.0233843159226769
-0.0432083148644661,-0.0157880024498956,-0.0271343324457689,-0.0253325804634433,-0.0113071431396628,-0.0261602562122857,0.00568618379193413,-0.0188257292097292,0.0253668153425048,0.000178789154646507,-0.0386354515118065,-0.00668778246426643,-0.0175394372551837,0.00779374093342472,0.00216379190794447,0.0236738127901941,0.0231725655759514,0.0270113520141658,0.037095302025466,0.0149976507948663
-0.0449017928633359,0.00669638036696743,-0.0429878781087291,-0.00443651687844406,0.0025041203837026,-0.0209052203773051,0.0367497702381566,0.00843001151001696,0.0404434886997645,0.00536466464741468,-0.0305835967900211,-0.0213844533019784,-0.0149929228515818,-0.00932767007061677,0.00998136204228457,0.0130559905805476,0.0286032554489327,0.0298058431613442,0.0374877260807397,0.0280319225168815
-0.035368808341217,-0.0119613223790941,-0.0213916523283357,-0.0316977259911241,-0.0108197254847997,-0.0256333056861687,0.0089973966228894,-0.0133159143822674,0.031866849555428,0.00228563547190293,-0.0329625783916089,-0.0122931004007785,-0.0228056247327423,-0.0148219094573097,-0.0107637991832646,0.00551226107545806,0.012863168046408,0.0274180946627167,0.0300163020969923,0.020284737410464
-0.031893305716036,-0.0200419356062298,-0.0231468364558473,-0.0277032481810871,-0.0122446746992107,-0.0241528597217378,0.00439371482670829,-0.0116084676646596,0.0210081260714572,0.00101300732312123,-0.0352292286092686,-0.0134794550757449,-0.0231195826063661,-0.0130465126149245,-0.00326323809610098,0.017549249146432,0.0181090797101218,0.0360099475654245,0.038093079638545,0.013905574093861
-0.0272200770048255,-0.0144248088722076,-0.0162753965335562,-0.0355151822304157,-0.00583157038767497,-0.030830622101312,0.0211493594766234,-0.0171206294121989,0.0368370402436938,-0.00950330983760601,-0.039432678497267,0.00668002851541814,-0.0280675272062949,0.0343906906538705,-0.0118583900844755,0.0413472957784147,0.00309613328947986,0.0431284281390869,0.0239925185045034,0.0254928050041682
-0.038403043053141,-0.0165092565474957,-0.0269875205452563,-0.0211043542256716,-0.00884480243594352,-0.0205659207415986,0.00453740677061059,-0.0209965964502272,0.0239842882417689,-0.0166501214021156,-0.027493008699989,0.0141359427210775,0.000358016198842751,0.0303858567138159,0.0203993288459289,0.0308233847071003,0.0332597070214365,0.0177314332256108,0.0431209388817178,0.00611079164093151
-0.0339591128051333,-0.0143925869334325,-0.0138248182229564,-0.0248482427163111,0.000381640225037514,-0.0178329693359295,0.0216975869479888,-0.00804581738391521,0.0339954231400816,0.0067520512952768,-0.0311334308928268,0.00885326987215823,-0.0121100521653106,0.0269764348207937,0.0112680677930083,0.0148297425532144,0.0207337863147654,0.0139072602682605,0.0289531321638826,0.0246382863879453
-0.0373813900539399,-0.0131582688659273,-0.0279254583515232,-0.024894690462884,-0.00947634110264411,-0.0290426445744399,0.00353739228962678,-0.0198310678622971,0.0233524638704689,-0.00874161320761387,-0.0387538518492574,-0.00840851443131469,-0.0179380604798792,0.0193611516911067,-0.00163704418969005,0.0224249306861459,0.0173890266138882,0.0321805521170493,0.034994608598504,0.0194276404821454
-0.0374403389393439,-0.0144746978938628,-0.024493999987215,-0.0260840838112426,-0.00330074884222447,-0.0234228253926735,0.0221799689221703,-0.0116007328065182,0.0385014384361567,-0.0081984825198581,-0.0394699633976726,-0.0101668866739717,-0.0272252588792425,-0.00876013902251421,-0.0048356893338434,0.0118563980257604,0.0205976138049428,0.0280949184564611,0.0355724371899913,0.0206941901930266
-0.0358403168741613,-0.0136125430562224,-0.016466178251783,-0.0224282337115582,-0.0111583431480505,-0.0295659313053113,0.00248442570664701,-0.019339348620085,0.0229313570023254,-0.00929597288683051,-0.0399978419383746,-0.00677759189124767,-0.0134505631244753,0.0185486832071483,0.00187486141993336,0.0490081924614561,0.0208754206123931,0.0301296782907661,0.0398307261672793,0.0100055817369149
-0.0379893421313647,-0.0131779435348279,-0.0268797668298008,-0.0234942631627437,-0.00644855343518468,-0.024169159154774,0.00856209065852022,-0.0185193125597853,0.0253800946427446,-0.00883881516998391,-0.0360939520284332,3.11771986195126e-05,-0.0106669982633872,0.0170759201995163,0.0142262522798188,0.0316374272794474,0.0341148314132866,0.0181335348405746,0.0448313137223287,0.00900247969755839
-0.0347586373175643,-0.0211415458235445,-0.0251119011871248,-0.0281441840148607,-0.0118530169435788,-0.0244204640798199,0.00798573068883132,-0.0199340055407176,0.0320937201052248,-0.0116619294783257,-0.0386528106685236,-0.0106291920482961,-0.0233749400123407,0.0106506779559641,-0.000542379083479418,0.0285972969022077,0.020890862625858,0.024958966966976,0.037871438266202,0.0127549013592872
-0.0366010998737484,-0.0173832078963099,-0.0146036171938567,-0.0282465737298289,-0.00655460573370361,-0.0242508092475973,0.00825957646261984,-0.0178299726440007,0.0232515067449252,-0.012380620784013,-0.0426806112196297,-0.00945304428221191,-0.0166306634315737,-0.0105549709019998,-0.00590935645628511,0.00718362927222686,0.0131881988253049,0.0253685640688785,0.0244139957850344,0.0232107779933927
-0.0354879962726762,-0.0150974281756493,-0.017858207672515,-0.0229909820549781,-0.00994766548440904,-0.0276895471910308,-0.00129701066434484,-0.0264055007536906,0.0126159781126346,-0.0211212711801419,-0.0299076142498171,-0.00215346103978677,-0.0148551111135392,0.00906565014053669,0.00240273021401294,0.022697210734734,0.0123935341365485,0.0301911160192399,0.0294146027751615,0.0291683935083742
-0.0304683101001292,-0.022723579250764,-0.0198333630935862,-0.028989027428642,-0.00380921903331602,-0.0259910771083845,0.0128915412933129,-0.0192370820780381,0.0245065419699492,-0.0143602057187369,-0.0301488470236375,-0.0097423399470031,-0.016741033429639,-0.0032231334761246,0.00881690325786845,0.0190706274224064,0.0254139872025241,0.0282305981480738,0.0400327621901039,0.0184323020565459
-0.0296532756783273,-0.0168760948299639,-0.0125736344389872,-0.034021911243999,-0.000634407536810748,-0.0292871886317391,0.0165321680241284,-0.0213531130564483,0.0249007851343922,-0.0177311202368767,-0.0311217548469369,-0.0102927425715013,-0.0137045761717587,0.018551926660873,0.00975141930432718,0.0292872765954879,0.0292178961650758,0.0254388077083961,0.0414156403141863,0.0137421440126082
-0.0312271201398417,-0.0185528879141531,-0.016626035886809,-0.0258853009633998,-0.00310472642362365,-0.022177802193351,0.0212874958445248,-0.0105858649660721,0.0426000112409512,0.00548926626612953,-0.0311266293905146,-0.0148474154190424,-0.018186826558683,-0.00363531146285031,0.00301067412440337,0.0169425423499782,0.0242541709773287,0.0324895081491234,0.0384280523285574,0.0194748343567114
-0.0385201330603409,-0.0166111362115268,-0.0280212227332358,-0.0254168703100744,-0.0152015823847885,-0.0260626250755314,0.00379714535512457,-0.0221049863079953,0.0219875837532543,-0.0131001243021628,-0.0396332486865176,-0.0127861459659979,-0.03054967179531,-0.000619309792131621,-0.0075122677271479,0.0219996348882267,0.0164409235972927,0.0274279829988096,0.0331414237811835,0.019249670464564
-0.0308087643563457,-0.0229821115517629,-0.0192310587835077,-0.0277274767395831,-0.00901320585990176,-0.0234587557689787,0.00357951352083257,-0.0204980057842076,0.0220940257571,-0.00622724310140097,-0.0335686864963489,-0.0143036663598303,-0.0197631384010788,0.00287205795919571,0.00228034940945531,0.0214914359502792,0.0183887170821389,0.030922435370178,0.0331122633986548,0.0190549739262681
-0.0327476138511203,-0.0171920683403189,-0.0235941438795404,-0.0292455309777935,-0.0107852385959216,-0.0257064293627778,0.00410268211760579,-0.0121267507499332,0.0215259098967773,0.00476129363319711,-0.0331600992010886,-0.0162387551511243,-0.0245843136128664,-0.00914219386571546,-0.0132984604052613,0.00278987438376635,0.00947916029496317,0.0257361814132573,0.0243230461877876,0.030755169455005
-0.0258540176756645,-0.0263373505180317,-0.0103662623294212,-0.0284082039052246,0.0133921914548529,-0.0102238370234569,0.0230929657756115,0.00888041782592963,0.0383048411388131,0.0113337722114808,-0.028781986672408,-0.0168841744209978,-0.00459582662854195,0.00606765205312419,0.0169929902883452,0.0193039844214971,0.0276068212848033,0.0289456101294449,0.0408367752222589,0.0177786166237057
-0.0283098520670677,-0.0261725291356784,-0.0166226196044231,-0.0281786378343675,-0.00290925341745706,-0.0175411927446746,0.0168614259948629,-0.002501460238301,0.0316891665106951,0.0119745634303926,-0.0381370511301692,-0.0186860203219933,-0.0245732761098979,0.0088917107283042,0.00265380171038575,0.0287254624678483,0.0231173781619262,0.024973149853361,0.0330634989357276,0.014645252566099
-0.0240519380840274,-0.0265541883721361,-0.0170134125082646,-0.0339641406302312,0.00070351407545029,-0.0206070159951957,0.0172015022827574,-0.0087404198893792,0.0285495833914795,0.00806982303867331,-0.0316628632305172,-0.0194347086022293,-0.0114709352303957,0.0067784846115192,0.0127988553199458,0.0348391647644315,0.0267406293392605,0.027345368645595,0.0477476957819013,0.0046515516411756
-0.0316792994389262,-0.0209002192675536,-0.0177319176769398,-0.0260661520591533,-0.00738260019147981,-0.0223207779107829,0.00634117703361342,-0.0163799545904127,0.0244776741045493,-0.0101351041644786,-0.0372381408691074,-0.015450207063233,-0.0232383912275883,-0.00327150295873476,-0.00182269085898563,0.0214452221150538,0.0151929764199063,0.0260275888050243,0.0311427838245555,0.0216696927905073
-0.0387613331088873,-0.0122570938110869,-0.031264797383281,-0.0226112022101535,-0.0159953825031702,-0.0281230665754772,0.000383157075705109,-0.0209190603067266,0.0240719260567548,-0.00712923242485079,-0.0386361810295729,-0.0119840196974256,-0.0325972901036526,-0.0145035618510594,-0.0162680411101643,0.00295917152460513,0.0104843706595074,0.0297222890385487,0.0280058034220799,0.0276982632554331
-0.0349056743187447,-0.0157010760318545,-0.0218703643963511,-0.0282598718560256,-0.00866941049542389,-0.0236409308784122,0.00101490406761342,-0.0137021881799747,0.0205716408649391,0.00544164045853459,-0.0342121576950997,-0.0191724746305631,-0.0199294167170444,-0.0111250175327998,0.00113449552615157,0.020077506404404,0.0240563186015244,0.0292008186338629,0.0427756375494418,0.012978732516497
-0.0304229598022536,-0.0201800108994523,-0.018819153269396,-0.02682635915382,-0.0117323639557323,-0.0234990080193498,0.00271464009855349,-0.0159520487579179,0.0272990756493929,0.0011475591219624,-0.0355157418400198,-0.0135105472460394,-0.0259138113881842,0.000140785675008097,-0.00874095869620942,0.0194123675142134,0.0125025418661728,0.0343153320378491,0.0286823826330905,0.0241364054998754
-0.0318082040791607,-0.0121874867286973,-0.0184205517823433,-0.0206773024895517,-0.0102452949979406,-0.019320899568309,0.00302726038302499,-0.0148118274422372,0.0272248709842035,-0.00458460046309367,-0.039726430056746,-0.00874219578418961,-0.0237468261756141,-0.00437797986217111,-0.00722053769259789,0.0129568761105466,0.0139097137178494,0.034801134330538,0.0289083326115762,0.0313580844934813
-0.0239385607652205,-0.0251597738358375,-0.0189110239252217,-0.0295076574325507,-0.0106897973170155,-0.0275852708286943,0.00763634119847839,-0.0190231180975849,0.0335221126209508,-0.00267325071592652,-0.0321192068227394,-0.0121741188140423,-0.00208118838847963,0.0205446838623002,0.0190560980299692,0.0407806057404778,0.0321169002438018,0.0267107286279645,0.0414669071001718,0.0132897148589592
-0.0403817964849854,-0.0131416612883531,-0.0294853827527704,-0.0211263495420853,-0.0202504675710663,-0.0249713652520189,-0.00406896229531549,-0.0243260790218216,0.0254825844071163,-0.0112310355571239,-0.031467156121744,0.00752692098820051,-0.0204319994606642,0.0202684325938061,-0.00144746735937874,0.0305502135061518,0.0185708249450592,0.0247667099223546,0.0349490869982659,0.0143264495998425
-0.0265909150100963,-0.0258635034158462,-0.0132769122893937,-0.022631319846623,0.0064574053152463,-0.00837079375495328,0.028156953726994,0.00825319250699624,0.0458631289681362,0.0063211916098057,-0.0351676508132387,-0.00940232807528798,-0.0146758460216714,0.0161372912485602,0.00649361675558704,0.0300896912942546,0.0256953364523512,0.0230851800592236,0.0381024849589407,0.0186647387157209
-0.0268358564725538,-0.0200015529075677,0.00139444088337426,0.00134562601990873,0.0369709131628332,0.00756074398157527,0.0456646398124772,-0.00301321995456736,0.0394566394155128,-0.0026051666679735,-0.0270559893841234,-0.0232391549997001,0.0061877718512044,-0.0102565782305592,0.0352693901078901,0.0211757230981958,0.0480991957291385,0.00336886503406455,0.0392687499064255,-0.00302952183393839
-0.0258819485734124,-0.0267190647803053,-0.0172050570104271,-0.0276650038271808,0.00166574668115998,-0.0225669810738665,0.0216753859644606,-0.00693266612110329,0.0400142879003361,0.0226036352760531,-0.0386503561442044,-0.0129562363338902,-0.0240838214138674,0.0116983284572497,0.00664780165947912,0.0259089668771706,0.023267594376117,0.0236222919833926,0.0291380659423124,0.0270966215286158
-0.0328032843933112,-0.0184325764079225,-0.0250000754995991,-0.024558628162662,-0.0154883020444198,-0.0227927744139284,0.00801192987410462,-0.0178389370458157,0.0259837282374656,-0.00285946358846679,-0.0339671921074671,0.00998611267237437,-0.0186156327546463,0.0231234126748022,0.00482958338368081,0.0288595599933988,0.0202902385726044,0.028060018088823,0.0293252768849906,0.0225040620308753
-0.0145945061410075,-0.0277438345522045,0.00487685275268172,-0.0172230928397334,0.0428835650258073,0.00625140959980522,0.04957704451794,-0.00581109501540927,0.052103512547232,-0.00959634442046306,-0.0346587778424642,-0.0145258477467534,-0.0195292350907142,-0.0133602056067332,-0.00204206876022453,0.0178636442767082,0.0253321298296563,0.0329555964076384,0.036297478131247,0.0217044689287363
-0.021222474794594,-0.0230301867619769,-0.0118757282796008,-0.0299584928572207,-0.00918812621263484,-0.0254179859399324,0.0146228680764352,-0.0106145261722415,0.0336871673657673,-0.00772269780445679,-0.0367126010186069,-0.0159753243752425,-0.0245354613675517,-0.0212824116034168,-0.00143087660044557,0.015761350887273,0.0224633021628574,0.0225744141673849,0.0403029200263511,0.0153475472289958
-0.0448716170052188,-0.00920963809304459,-0.0247140499838367,-0.0290955203237711,-0.0162429436491699,-0.0258428220622843,0.00152490439804406,0.00444602566558346,0.0350715279715577,0.0121104572897478,-0.0370559633563021,-0.0167473459709373,-0.0315058777981272,-0.00219940392048493,-0.0152216351961813,0.0126141103827702,0.00906927693217709,0.0286743993988241,0.0253704597149567,0.0203975296145212
-0.0331469663706285,-0.0149671634250073,-0.0213241965878753,-0.0301372371909437,-0.0117615391644958,-0.0248838710354759,0.00149500187788471,-0.0147543141653834,0.0283330852451303,-0.0037171070380556,-0.034005512797911,-0.0152507518741751,-0.0209232090747644,0.00441182756291767,0.00132768906242675,0.0267244566521987,0.0283306877304204,0.0234066380297105,0.0403245503160556,0.0118165746085165
-0.0337961164311486,-0.0121424704735981,-0.0114622927493796,-0.0273442821716938,-0.011158359607372,-0.0270288676113277,-0.00367376515303118,-0.0148667674313291,0.0184515336801092,-0.00427342094225061,-0.0416099859518584,-0.0097405578648228,-0.0244972242758675,0.0139191389664242,0.00382887970591842,0.0399625280825661,0.0186498766238825,0.03664198031137,0.0403737976636571,0.0148097128661732
-0.0387985705319788,-0.0135843378589625,-0.0255128365330147,-0.0239470072963789,-0.0111278581174647,-0.0323084629103967,0.0041076598173839,-0.0275623419950911,0.0259957655104634,-0.0188743844752154,-0.0422341309365837,-0.0130988951407016,-0.0247034192787906,0.00138469506326251,-0.0116507078792108,0.00845885920196328,0.0096163424798608,0.0262831203552386,0.0263934595578529,0.0286416652957246
-0.0343517246948535,-0.0149471662841393,-0.0196248552061013,-0.0290188212562446,-0.00816547457207424,-0.0310644696555758,0.0111484123704108,-0.0274224983649806,0.0315212644724643,-0.0126730307818263,-0.0292179886391623,-0.00554879934522353,-0.0180041572157223,0.00487262099425162,0.00376046218054669,0.0177923861935984,0.0242718667208423,0.0285710888358601,0.0417897887136411,0.0104458954909782
-0.0352452177826762,-0.0188438935211579,-0.0257691878629388,-0.0285514894246532,-0.0187137211964105,-0.0310394347786533,0.00227659234587322,-0.0293894000456433,0.0278580057724761,-0.0199963623213693,-0.0410713364576712,-0.00905764371102357,-0.0279496362116234,0.00773076536894762,-0.0135249709971879,0.0233886080816843,0.0123248541414329,0.0265670060974102,0.0237730765102711,0.0304775303807052
-0.0323679861386065,-0.0230601874333062,-0.0214312245384808,-0.0306291211804863,-0.00538727689391328,-0.0231233371989294,0.0231976929018032,-0.0113608774283059,0.0428041276090541,0.00441681659061459,-0.0320913233955053,-0.00655132643344454,-0.0189003592988268,0.011696215235187,0.00388455831363177,0.0339672345191139,0.0231602176645682,0.0261715151672444,0.0362901186715956,0.014618557848259
-0.0331736382774481,-0.0209657377515919,-0.0201562974718279,-0.0240015853441154,-0.00453465345051175,-0.0235208197583566,0.00930731796099484,-0.0103524380329603,0.0225553290913165,-0.00036571697442154,-0.0339011229881658,-0.018996925882917,-0.0173606752473682,0.00333574554223034,0.00939270957577549,0.0275766379367421,0.0226425987955501,0.026572841990107,0.0371520251485642,0.0125597703539237
-0.0339288492674795,-0.019349387133682,-0.0192034047821669,-0.0291129565936496,-0.00950288436089962,-0.0206825869184251,0.00843547725381147,-0.00918970455092552,0.0245636728012994,0.00536460269364978,-0.0356301027254786,-0.0126222249419057,-0.018297963901634,0.000711820069283207,0.00978480987998503,0.0278843841161522,0.0282933369812547,0.0244321542401709,0.0383545478574347,0.00905087707512073
-0.0389246655725102,-0.00712043745610455,-0.0247908305359454,-0.027047548977988,-0.0153770277519905,-0.0265762353770987,0.00914711099621291,-0.0148465479317977,0.0259396950325185,-0.0100496792272193,-0.0293677467876155,0.0143071001203491,-0.00276542662160551,0.0303633115928568,0.0184446957563254,0.0300425792038711,0.0371910790096726,0.022333607216294,0.0438202896565985,0.00731096222024988
-0.0345062247643212,-0.0166732258234128,-0.0206568638815766,-0.0320408055375421,0.000157580268338831,-0.026316165014373,0.0151439600641008,-0.0147685005754676,0.0314080728613746,-0.000320378499133953,-0.0290231151587716,0.0094629216688492,-0.00850299537758353,0.0212359355406304,0.0117063977955763,0.0321636324550229,0.0255164204339487,0.0248576022933274,0.0371335489592231,0.0128642224239394
-0.0404015742821295,-0.0105761444287002,-0.0245887009597776,-0.0247203584443388,-0.00080120944408464,-0.0221426469054258,0.0211182755277575,-0.0104782037140532,0.0299753084966992,-0.00481217253011551,-0.0384437445461742,-0.00766181765828598,-0.0229447348514533,0.00464560388045705,0.00566111270894542,0.0250642262575613,0.0234095669813093,0.0244652134715815,0.0355985613473079,0.0179353550871544
-0.0408627406297734,-0.0100063171052064,-0.0334013123474076,-0.0155716644247532,-0.0106366601180899,-0.0305342210250595,0.010294035307072,-0.0152052732830254,0.026792454131225,-0.00321072807379863,-0.0309558905179511,-0.00346324344401781,-0.0116228361427903,0.0125327467203894,0.00744818372425375,0.0268313022669631,0.0197816570346923,0.0290821943295686,0.0340381783618751,0.0204648107858318
-0.0232081571652702,-0.0236316806805599,-0.0171098163890695,-0.0282280582548373,-0.00597027476888826,-0.0235349766880004,0.00471038501038399,-0.0199219358638126,0.0299180188112523,-0.0065276326280511,-0.0378717994138775,-0.00808324281622276,-0.0216343608758338,0.0109158673612391,0.00130583808521041,0.0209938993725219,0.0173322622763069,0.035105178340457,0.0251830987345117,0.0278399956680388
-0.0330093880365731,-0.0156241077387005,-0.0173981269937835,-0.0258907264204069,-0.0019981119813911,-0.0183232956686318,0.0151614144394766,-0.0099034945494027,0.0344777894671489,0.00497198366432144,-0.031285830083894,-0.00663389900329969,-0.0112628007149975,0.0110555517973573,0.0111114918236284,0.0316310674987062,0.0258231265919339,0.024747756521299,0.0385752694917702,0.0118282089198418
-0.0333491797295587,-0.0247065285822921,-0.0240753860247488,-0.0254068736078995,-0.00903634789392966,-0.0202251302550935,0.0174619450790553,-0.00827665605786927,0.0351381237481531,0.00527816109343257,-0.0397248908705201,-0.0138337195187805,-0.0292961632728899,0.0012404244757715,-0.00119813006623277,0.0287682802265742,0.0188073023493274,0.0327124575864686,0.0338807090256806,0.0239650578338841
-0.0392617782796839,-0.0109397357770529,-0.0273614706067957,-0.0242375462023357,-0.0109687799102941,-0.0279315995044903,0.00649015465487396,-0.0200707281537074,0.0217860430427529,-0.00522130603428799,-0.0284244929757865,0.0118242187601842,-0.0102119021999196,0.0156732087134335,0.00657072602922451,0.0321483355084937,0.021793874535849,0.0288745764206028,0.0331780450957427,0.016180542085185
-0.0346055040802798,-0.0117273343883494,-0.0224141106645789,-0.0196707712712513,-0.0139332140587081,-0.023416924925948,-0.000486828952883676,-0.0187626873388947,0.0251976069634504,-0.0121580075238267,-0.0310260497480515,0.0045260155012824,-0.0142453178725114,0.0163206801052869,0.002926871104994,0.028896824393868,0.0239731133689353,0.0272312978005374,0.0402989765844498,0.011056178080235
-0.0371694253221259,-0.0191099967198711,-0.0229503550460982,-0.0275020941987788,-0.007432536214817,-0.0236562057881633,0.0127996453650532,-0.0133378000788564,0.0306725234633018,0.000262319143393029,-0.0304376103430766,-0.00439974400234961,-0.0100625506669851,0.0201519450638778,0.0128989919240235,0.03326854149717,0.03427646695017,0.0210071746295069,0.0412648264997766,0.0145289616896432
-0.0291757732782037,-0.0249961755186779,-0.0249871136018538,-0.0302992574304745,-0.00920639526439733,-0.0214563834825195,0.00700914790674634,-0.012958533035493,0.0277230211593122,-0.00100061423430537,-0.0395826991937912,-0.0114780793598271,-0.0199433477296085,-0.0111591035298577,-0.00224364722396281,0.0145367851844156,0.0192284582960987,0.034425495508328,0.0272589549189833,0.0295952464045519
-0.0350790343506596,-0.0124698859629824,-0.019369762833762,-0.0229046418697476,-0.00753485237816342,-0.0224353556064378,0.0118339871012868,-0.0148966900308332,0.0300935880848109,-0.0113786840509521,-0.0361851387790033,-0.0141551200814418,-0.0221869629716827,-0.00357148119840592,-0.00210321047326681,0.018778945931844,0.0176643510467014,0.0299107167852276,0.032791819975164,0.0172705326817231
-0.0385333644797613,-0.016393189528981,-0.0261401618579401,-0.0271510026160564,-0.0108928539205991,-0.0268975741467935,0.00808859478685557,-0.0219212098358506,0.0276153561127264,-0.0171627750978307,-0.0357515295155889,0.00782406350760302,-0.0221639867075127,0.0202547270278952,-0.00692744037779093,0.0353816843007285,0.0127648485665885,0.0285159668805337,0.028391306750363,0.0175933366731731
-0.0381049381165954,-0.0142135483624627,-0.0248466898074315,-0.0312255530082774,-0.0210080855024386,-0.0294480930478898,-0.00462495589175609,-0.0178259804545766,0.0210516847235258,0.00209467809245474,-0.0390463491486227,-0.00763844936701877,-0.0224341444700424,-0.0147466956430973,-0.000614467538274077,0.0104035824966487,0.0202283583016887,0.0324311715716144,0.0294413219614751,0.0283571263029234
-0.0354202089117944,-0.0185142016728335,-0.0172493422028311,-0.0268845335701302,-0.00173141019455719,-0.0220857687086214,0.0130070381188294,-0.0130547087089988,0.0229366381910371,-0.00582536224962646,-0.0373380939496552,-0.0211517456975407,-0.0202240616462805,-0.0176627214650748,-0.00420247067524114,0.00321769357813436,0.015693858885838,0.0239652457877959,0.0265789425053733,0.0304771724501582
-0.0329422718865098,-0.0176308458038016,-0.0182352781317422,-0.0288034226525378,-0.00272793076191599,-0.0209417439537393,0.0199570951634231,-0.00423485741996768,0.0369530647770274,0.00957138913854371,-0.0335512786760618,-0.00861873540463836,-0.020296241528422,0.0116900598221028,0.00580534992142193,0.027828932648504,0.024079408439458,0.0288788035838892,0.0373018504224906,0.017146680411004
-0.0335907926629959,-0.0209659981295487,-0.0208625197233595,-0.0330887052941162,-0.00458237596386969,-0.0170922395876295,0.0112729401854472,-0.00122899274924483,0.0308232885470642,0.00659252957815204,-0.0378145351100588,-0.00728838157342751,-0.0255431554783693,0.00254180804000277,-0.00708272545339304,0.0228082429927869,0.0157986207496847,0.0397891797656856,0.0305086631305146,0.0232890224020285
-0.0373894475879303,-0.0132770454187408,-0.0195697143464576,-0.0303353666506222,0.000171281706096006,-0.013011933133989,0.0230733900683177,0.00171882820202044,0.0360680279301361,0.0103927988115548,-0.0316149592737535,0.00720498915229067,-0.0104741894160395,0.0184601678973305,0.0128782894338972,0.0302229778254308,0.0282018735456775,0.021362729190829,0.0364019900994441,0.0123268344082264
-0.0392446833594931,-0.0069999762401824,-0.0235384834239022,-0.0223473567496102,-0.00995173531588284,-0.0280379301035492,0.00688999437563357,-0.0130183709869075,0.0278725733385547,0.00233582755702332,-0.0332152419832134,0.000474188741112119,-0.0185550241084192,0.00942014274237043,0.000296953493996879,0.0252589836749611,0.0160394449618182,0.0348002880749531,0.0329011786064017,0.0220709072147685
-0.0380513253515064,-0.01323245480361,-0.0230937419918735,-0.0185290534437218,-0.0121186546305494,-0.0327537954384129,0.00538115362633552,-0.0117252881215244,0.0230208275381359,-0.00821627195328674,-0.0371602067625023,0.00863850404644373,-0.0194508655043671,0.0175888409526552,0.00304977218456222,0.0245757690250255,0.0204639536883738,0.0373411254934975,0.039952345110299,0.0135262156738225
-0.0368470705299085,-0.015971909248734,-0.0261340674874081,-0.0230993233394756,-0.0113192622840603,-0.0262726931369394,-0.00284484493621236,-0.0235528414706684,0.0196797108456627,-0.0139269169460762,-0.0338223297577556,0.00917191543995309,-0.0150777098530324,0.019879087580727,-0.00492132580973208,0.0191648432552255,0.0141801380743959,0.0318907009963939,0.0277709014102133,0.0231764393618914
-0.0271172178948648,-0.0244523247454276,-0.0160006743586913,-0.0277346446824204,-0.00312202154729385,-0.0269219592784293,0.0259402945539682,-0.012310152133489,0.030401335270975,-0.00155442232692737,-0.0431820357128773,0.0174392117839279,-0.027576468330422,0.0141619228952989,-0.016289310165976,0.0271436498057659,0.000452199117281698,0.0473639273221429,0.0138403102768389,0.0356802926643443
-0.0321816550141225,-0.016809565716163,-0.0213025094883804,-0.0243411193483935,-0.00897967646969757,-0.0228463978902331,0.0114961319371874,-0.0187016319968297,0.0284868341814278,-0.0124089016312157,-0.0334753625141091,-0.00913884568117548,-0.0203061266403515,0.00950935224400734,0.00550342836967852,0.0322870259384384,0.0238541904317126,0.0282146385391514,0.0380548540383798,0.0147958403572204
-0.0338861731584089,-0.0148803698229088,-0.0200396085688676,-0.0286599624949166,-0.00273466823096584,-0.0269273285966925,0.0177469160214983,-0.0109200767883184,0.0324657023491633,0.00512055661318151,-0.034196129147374,0.00989095571687849,-0.0158966150400831,0.0168034219323629,-0.00017083364546767,0.017209704276497,0.0168203048913042,0.0328893398079181,0.0300784253747042,0.0205357425022981
-0.0285869284525349,-0.0226416144947477,-0.0222669814066945,-0.0286650791992033,-0.00591396007494325,-0.0208316948037839,0.00928144636613821,-0.00302177135745836,0.0313787817172232,0.0019518523575682,-0.0358216827650657,-0.0190054771993535,-0.016705340148425,-0.0138053843834105,0.00111252935726383,0.0112161643075646,0.0212424972727237,0.0338068432327241,0.0398417192848918,0.0177002550903552
-0.0280541286484875,-0.0219250713507975,-0.0139545995162578,-0.0246808414392054,0.00286689682687423,0.00665189102831788,0.0211746651627791,0.0237089000166352,0.035358707866304,0.0184814071087753,-0.0302911472327605,-0.0186172774773696,-0.0149674098221194,-0.015155624277083,0.000592554856998461,0.00884080603767902,0.019778991388051,0.0306197844593617,0.0368197442509584,0.0163792662648547
-0.0291935508138675,-0.0216660816192892,-0.0111650195333967,-0.0289786471832029,-0.00256446626466449,-0.0182939577733139,0.0150291409150432,-0.0110782431675678,0.0376107625937216,0.00635704987671313,-0.0311404822091423,-0.0172399754577662,-0.0151699183119886,-0.0187244743818719,-0.00207381798111636,0.00646786381735683,0.023431758980469,0.0303433036161031,0.0320396772137266,0.0195552419112779
-0.0244526058173003,-0.0287507921411192,-0.0180347872239975,-0.0269102270691649,-0.0145508086312918,-0.0265390099637955,0.00731012892217245,-0.0049379016536623,0.0270984525663759,0.0201601059799699,-0.0274455229471099,-0.0190306124523737,-0.0179092722972972,-0.0163827672282514,0.0104072286788662,0.0179947801705474,0.024643709680844,0.0287157317952146,0.0439028689424333,0.00729523670579609
-0.0205518904889949,-0.0305482354560135,-0.0151269310795608,-0.0333124336334176,0.00598828384157325,-0.0164264109549416,0.0377809412081232,0.0155891393734639,0.0498424406138118,-0.00525229392871586,-0.0297106490395725,-0.0138359488704142,-0.0276676732395674,0.00662427668823763,-0.00829282396052163,0.0150402906511823,0.017237380966161,0.0304784974373913,0.0343320923515287,0.0276672331681156
-0.0330483282789782,-0.0170924594408231,-0.0189277292214242,-0.0284860599188403,-0.0139609750503312,-0.0274716990937236,0.0141848506015663,0.0119349000644651,0.0345096233117416,0.0188737907368822,-0.0387929548945827,0.0140283373926695,-0.0245804194231583,0.0171588877728427,-0.0142993322603616,0.0200815234579773,0.0147515142026239,0.0361440068866545,0.0309647019305254,0.0244440166247965
-0.0311726988269498,-0.0186289362207222,-0.0169357825501547,-0.0269071424940906,-0.00247423073846511,-0.019360886076924,0.0150943509571833,0.00782863287318957,0.0362869910084112,0.011557782137175,-0.0368601010963859,-0.0117584217050365,-0.0239906506919464,-0.00790727041391925,-0.0124212617347882,0.00307324088698571,0.0107529173933677,0.0272682412882909,0.0210857325893156,0.0252569427400426
-0.0245302658125956,-0.0222048404467367,-0.0154500638781083,-0.0238066921320262,-0.000905252489206378,-0.0139069549571833,0.014207540904652,0.0186933654142563,0.0382389958430315,0.0160497639727221,-0.0386251198586717,-0.0101418722986462,-0.0288414342985986,0.0110119563251999,-0.00294643063783956,0.0268079606249072,0.0152591013059101,0.031860856799057,0.0193934472502495,0.0305373010671258
-0.0314432525861027,-0.0175572656388476,-0.0179474905538143,-0.0259236116958914,-0.00982855793273043,-0.0224679346781569,0.00845856630703334,0.00550339008138302,0.0300478203466387,0.0219781141888098,-0.0307871734221667,0.0140326523059848,-0.0144390633641537,0.0132843222248331,0.000890253786218444,0.0133238990567503,0.0196004896125914,0.0316464044766318,0.0369262440837975,0.0158420849165219
-0.0277121004141434,-0.0189688280822052,-0.0180311714225924,-0.027430421766265,-0.0137731739703771,-0.0226008530010826,0.0081421190126006,0.0224551783209236,0.0278018779171833,0.0168908458637296,-0.0253643008229265,-0.0178971475128478,-0.0178975120464794,-0.0119381704428667,0.00563659930888637,0.0201187122022777,0.0151099935409372,0.0270377152571751,0.031497505448039,0.0218751476220001
-0.0290394940751254,-0.0196147033366313,-0.017454842995946,-0.0263435347551789,-0.0100420929384483,-0.0166929380970779,0.0095131855830028,0.020151872929988,0.0276844199281495,0.014427638743387,-0.0341252790423224,-0.0130208654269349,-0.0226811495893286,0.00435303926638371,-0.00171101586755587,0.0204041443376298,0.0168838650876212,0.0267752835785926,0.0326664510416743,0.0216739030873306
-0.0293348784019909,-0.0214768270897027,-0.0172113774832092,-0.0270547164130988,-0.0129991267528252,-0.0216348131417035,0.00108903662597373,0.00199336446361826,0.0220601194360837,0.0177452890414379,-0.0256561347642169,-0.0190262859071758,-0.0156780029002639,-0.0188688963971978,0.00101053374875728,0.0160851876395375,0.0153480281535877,0.0295061987903018,0.0276354103357443,0.0214776478637765
-0.0215024208817817,-0.0274321753469622,-0.0155004246814195,-0.0272095001058431,0.00281628806785302,0.00383765642749549,0.023029316473152,0.0197696800148623,0.0381951720384551,0.0119776357236331,-0.0268131551639341,-0.0165789648586908,-0.0195997164988784,0.00333678765564775,0.0046371142439007,0.018814300904705,0.0206703853132865,0.0331161381827996,0.0363492291018341,0.0176466655671221
-0.0195773763715615,-0.0295547263252182,-0.0089379246784811,-0.0197964074734876,0.0292749868238144,0.00954888243465211,0.0457337097293767,-0.00296230271996858,0.0506368969280906,-0.00736442086071969,-0.0273154191162329,-0.014708337921666,-0.0171634465246171,-0.00172982771929434,0.0069145305576981,0.0227202706690316,0.0218661079675172,0.025479001871619,0.0350525244824502,0.0181692598863684
-0.0284004769409314,-0.0192360677083301,-0.0170610306069483,-0.0257540216213819,-0.00705514017317945,-0.0160913464185815,0.0174615585975573,0.012256080470945,0.0337925383522096,0.0195507257087963,-0.0319468190796499,-0.0132556716530603,-0.0187955843317881,0.00835124421531761,0.00372530225789413,0.0278528293799121,0.0238158517879274,0.0318057358652474,0.0345765338253717,0.0183674098393365
-0.030686796694307,-0.0192828176450867,-0.0163797913610577,-0.0299598319772259,-0.0060179079873049,-0.0184815095188031,0.00559088900302631,0.00203505063914934,0.0216671003426249,0.0159220849807957,-0.0363197293211778,-0.0157217939162353,-0.0205198203042128,0.00686772835939898,0.00445711568205595,0.0220098592655924,0.0203592391974112,0.0327095460155337,0.0350837405420514,0.0181394197883956
-0.0360287374140505,-0.010062878225546,-0.0185963699825132,-0.0255251319633878,-0.0110460255381524,-0.0236989265924452,0.00509895278337246,-0.008464773271139,0.0204588129206809,0.010433771436145,-0.0304556483631593,-0.0112538783996666,-0.0141732822687326,-0.0146985733139689,0.00522172442736969,0.014665202979452,0.0247754737516328,0.0323789623661324,0.0353022271834311,0.0168880236274094
-0.0268982165787332,-0.0223521492397874,-0.00872613051873219,-0.0320542187128261,-0.00386205992758765,-0.0218037761522306,0.0166790267461584,0.0237709630890089,0.0311533554869906,0.0188468428878531,-0.031506335619982,-0.0121809955197458,-0.00761151228482746,-0.0063498079553613,0.000299097852073053,0.0109199192182706,0.0192618990760631,0.0319672424535858,0.0304186370976223,0.0213105814808402
-0.0224904635515605,-0.0198031550334166,-0.0132527348227392,-0.030281893161463,-0.00781957196213012,-0.022823528114464,0.0105162312591985,0.000756737998902452,0.0318436629543503,0.00119174498445565,-0.0310513408731129,-0.0158133829456216,-0.00867302806424244,0.0310312378435787,0.0180035653079948,0.0275945406428503,0.0403818185509966,0.0187241520588245,0.0444225542868517,0.00964419464714897
-0.0314259054184475,-0.017321967038261,-0.0216174260262018,-0.0291593831081656,-0.0154436090035043,-0.02082472763815,0.00247978191771535,-0.00817149247135614,0.027933889941029,0.0231432563555784,-0.0377388909670097,-0.00887702142628735,-0.0237561089520638,0.0133476764963726,0.00464188427694114,0.0333001957868263,0.0153005561774644,0.0307159299411638,0.0300854555701225,0.0232480677180419
-0.0368667420713235,-0.0202147827830046,-0.0219390861773433,-0.0285205387258739,-0.0135652538638111,-0.0269980109974025,-0.000902441632058301,-0.0177297381598278,0.0224206710929671,-0.00266834450286766,-0.0383689240275882,-0.0071673149171309,-0.025687193639648,0.00834692020204491,-0.000923386158393215,0.0271893123922724,0.0180251308727124,0.0349254114384853,0.0284821934019188,0.0250167891404277
-0.0281031034625305,-0.0196147410017278,-0.0184110518281227,-0.0290778789034557,-0.00774905005366256,-0.0302804378581871,0.00116492115231252,-0.0288378955625305,0.0270179751600177,-0.0208381384553272,-0.0267828969613446,0.00833872220177088,-0.00629324922194804,0.0223025104984674,0.0155707127016254,0.0290371844924595,0.0300457072028375,0.0248524572257475,0.0397379614234401,0.0175018180680625
-0.033789368944684,-0.0163514561844356,-0.0225912326392601,-0.0277349560470393,-0.00779649974823072,-0.0284579700473499,0.00727249977620498,-0.0289354506256886,0.0300331672972992,-0.0215953180522897,-0.0259008113005549,0.0169198457367522,-0.00289527044826103,0.0308754671401395,0.0151654159683007,0.0265216450923281,0.0284194885096618,0.0248945852964812,0.0380212020001794,0.0190613515855655
-0.0286094395796019,-0.0180056936416023,-0.0144106314098767,-0.0287404734166598,-0.0093413085144408,-0.0288951183839633,0.00318779977291698,-0.0257791765956666,0.0283258039815213,-0.0156765672891645,-0.0328225954542419,0.00841045832618645,-0.0161115132762174,0.0144544324477562,0.00272281465102744,0.0319308454486758,0.018073285611024,0.0302822859780414,0.032236186257673,0.0243424937712868
-0.0293393077596681,-0.024322593191206,-0.0195981742223897,-0.0294027375974092,-0.00519866401760861,-0.0244388659315578,-0.00289207900629956,-0.0243992379866665,0.0195839759837379,-0.0110329988870016,-0.0343323070009569,0.00316779705066184,-0.0122998209613923,0.0161682810428185,0.0115920715125102,0.0237310263473377,0.0223493946473588,0.0261630246822863,0.0312164662620561,0.0239143875669019
-0.031071152863287,-0.0135757127146283,-0.0186154047439655,-0.0282799973798714,-0.00529217535546106,-0.0266064986543829,0.0135709841002708,-0.0205918535095282,0.0309691090085264,-0.0146907910322638,-0.0367141452791384,-0.00330984529552925,-0.0174637924353973,0.0228614925553053,0.000257742822445485,0.0341753073370368,0.0144129652411791,0.0307894190293242,0.0264007214786632,0.0254299700479563
-0.0366896777379381,-0.0165607376960876,-0.0206756766333012,-0.0223161832008413,-0.00166265990223862,-0.0285380318232382,0.0159619336932161,-0.0211655218055308,0.0329205632398251,-0.0107491120902648,-0.0296663407414196,0.00958384365440795,-0.0142007350489788,0.0225612688281174,0.00475463241006726,0.0399846332466067,0.021297204093236,0.0263224880316419,0.0371682657629747,0.0122292262369836
-0.0319825296143754,-0.0104705026828352,-0.0199868348115089,-0.0273833050521028,-0.00769852361658527,-0.0265932448226589,0.0223342257955613,-0.0179840115046103,0.0383804559645266,-0.00550049325556363,-0.0245298675389851,0.0127798001239765,-0.000982051399058477,0.042455700207487,0.0177022332805986,0.0470552570965416,0.0343993336202996,0.0365048119913303,0.0396431257980069,0.0256357774791128
-0.0291942465924173,-0.0149412178154601,-0.0135824065155169,-0.0294074828983636,-0.00705231726974004,-0.0304648921188417,0.00202655063476679,-0.0291072348306341,0.0322389212435487,-0.0190824320267523,-0.0317157931495035,-0.00174986944809699,-0.0173856550500291,0.0135582280722736,0.00488779860458883,0.0291733813669321,0.0192308834553356,0.0268644073539621,0.0347368110738891,0.0217652748995435
-0.0161088088126116,-0.0250037434207297,0.0122615339397206,-0.0242070461358281,0.0390963194789989,0.00635815952330827,0.038822403168656,0.00576922048110964,0.0369323915352972,0.00260337848583717,-0.0292069105543984,0.0235015383553212,-0.0110675802594227,0.0429370621426178,-0.000280814118563461,0.0492467101225602,0.00748129363828599,0.0483034867523976,0.0196060074834255,0.0350967965691981
-0.0259539371468349,-0.0172686695061378,-0.013551076229015,-0.0256817325248808,-0.00552179367492553,-0.0225862914825894,0.0020544538459428,-0.0148956796473633,0.0193568401225524,-0.00904305632952915,-0.0287713117800439,0.00115996771197298,-0.0153649870329976,0.0210578708221913,0.000676315700096736,0.0350686786675726,0.0170464896101079,0.029217910908275,0.0330753487395865,0.0151551632202296
-0.0319384180291313,-0.0116070353769201,-0.0141312801949267,-0.0217474124550207,-0.00561895988045622,-0.0280245596782947,0.0107758401287469,-0.0191846861385165,0.0284631950060109,-0.00650527186217851,-0.0300943099404615,0.0038459251968091,-0.0117498179171447,0.031611264766335,0.00341492205842209,0.0456174945712809,0.0179719933789927,0.0372464103870665,0.0383632857053924,0.0136788333729629
-0.0316483446298014,-0.0182116681409609,-0.0183014714736875,-0.0304502893063526,-0.00146105559561991,-0.0249636396255005,0.0226497434014676,-0.00729625577780799,0.0391397393642495,0.0119803637262098,-0.0365852450849049,0.0197880734399231,-0.0200269939518054,0.035963282568387,0.00724400552064677,0.0470433791613854,0.0227966087823073,0.0318734081182619,0.0364719112744471,0.0142204023710709
-0.0255171677902226,-0.0212051426052812,-0.0117861691621612,-0.0272832931349562,-0.002161167480118,-0.024041472703651,0.0103576438525044,-0.0153968111189762,0.0345768825771771,-0.0041071118277438,-0.0318410926632257,0.000635778211368224,-0.0196790811879574,0.0163023752714423,-0.00669825179002546,0.032380061518939,0.0112710431743832,0.0338345393650316,0.0286943202635327,0.0200225267464444
-0.0214505114650445,-0.016814774461929,-0.0131946972013099,-0.0257275443751049,-0.00468741446671333,-0.0271429663017361,0.00396977704241027,-0.0238446869196268,0.0190607160457491,-0.0160465311261756,-0.0249978604463124,0.0126944970805126,-0.0161575858670967,0.0259742171676509,0.00462738455484356,0.0323295804876784,0.0248059860241165,0.0251284060490906,0.0381516003541719,0.0107035441829352
-0.019804264799886,-0.0230836948872621,-0.00330858219166257,-0.0261430220616914,0.00822049866506392,-0.0237351653331916,0.0422595904606082,-0.0116724109837795,0.0545168367870668,-0.00979423401282481,-0.0338615047103966,0.0114781015277449,-0.0219033876778497,0.0251937116282635,-0.0108532098044873,0.0330418951868125,0.00745103353848625,0.0302706123100826,0.0253595354105107,0.0246981260381995
-0.0311936664990281,-0.0186154561120896,-0.0134222269802251,-0.0280994600482358,0.00554393644262833,-0.0193741390996801,0.0128306772547321,-0.0137114805588102,0.0283594133550594,-0.00637187391589518,-0.0341544187384201,-0.00594073205041067,-0.0187859021459513,0.00917704174834194,0.00959703664401266,0.0224619212822817,0.0240154128544835,0.0282800777353578,0.0403288933225246,0.0136393011021734
-0.0305943830470245,-0.011351909307636,-0.0169147875009591,-0.0214757058295871,-0.00404918207380817,-0.0295625883271921,0.0107005349213713,-0.0261666973644003,0.0272461614838167,-0.0188730948565671,-0.0266024971139239,0.0077642856821456,-0.0101174561085115,0.0293351933217155,0.00601092854123538,0.0369987547664176,0.0204955301440103,0.0285213015752146,0.0416574428120945,0.00898168751699746
-0.0289519568914102,-0.0209648120448735,-0.00686171143453485,-0.0301717456767305,0.00776769588009349,-0.0248410027995099,0.0294189341435764,-0.0221687826465336,0.0521731102373004,-0.0174253156307191,-0.00846789297546833,0.0227037418530456,0.0118754039269604,0.0337067935654022,0.027900929503172,0.0185760347585935,0.0371554516399283,0.00641215271212458,0.0437755873616503,-0.00740599991961987
-0.0302659830330056,-0.0143702239333361,-0.0169374896350285,-0.0261728990932938,-0.00370075477448467,-0.0285324636387559,0.0109222371664871,-0.0246849626969863,0.029382577829598,-0.0191522401078547,-0.0297278029073088,-0.00584892782195431,-0.00675558884073536,0.020295067905797,0.0157299631347154,0.0343397526159797,0.0333118007203346,0.0180097327148162,0.0447380359549278,0.00552669151680127
-0.0233721696981406,-0.0190103783203182,-0.0170211978780398,-0.0266400084768133,-0.00659665367470904,-0.0285569835541175,0.0101465306278157,-0.0282831815347647,0.0273892195782573,-0.0229824879037131,-0.0300458052028581,-0.00376003551652886,-0.0126907454178938,0.0221362502680635,0.00543388877842855,0.0290259207471844,0.0199837035919419,0.0255107468283415,0.0355119755741685,0.0199855040453492
-0.0292216516044147,-0.0171767210823416,-0.0137715655603168,-0.0288852925225519,0.00236246640839486,-0.0260802715425531,0.0215629585695885,-0.0140811162448257,0.0311859703987405,-0.0053267867303372,-0.0371684825544395,-0.00388900915522395,-0.0239286728255961,0.00766468737885983,0.0031674830557019,0.0340677839928769,0.0150646766531578,0.0336136437872477,0.0314258321684548,0.0170370372775707
-0.0326106725850574,-0.0225278449902941,-0.0179344262416961,-0.0276089334939373,-0.0098156316849271,-0.0306758074088143,-0.00750112442045815,-0.0296770276052522,0.0114251056284298,-0.0189803447739525,-0.0335763410080969,-0.00846572286505751,-0.0159797010239051,0.00133805598434324,0.00746624929538912,0.0331809533418833,0.0176103319573477,0.035430810994456,0.0448113193775623,0.00947853178233181
-0.0448135178169117,-0.00623706029302514,-0.030008748798268,-0.0191403021105914,-0.0162814701761379,-0.0295942587764468,-0.00259154117134901,-0.0253863717429199,0.0237537245644554,-0.015005364063748,-0.0279327558894083,0.00834463361916538,-0.014927099553432,0.0252752720210954,-0.00576743551517821,0.0359036326708057,0.00976442354864321,0.040375152324159,0.0169335590311153,0.0364378934749232
