u1_1,u1_2,u1_3,u1_4,u1_5,u1_6,u1_7,u1_8,u1_9,u1_10,u2_1,u2_2,u2_3,u2_4,u2_5,u2_6,u2_7,u2_8,u2_9,u2_10
0.00293928962953934,0.00807211450820187,0.00300965935738993,0.0100736497454332,0.00312672433883132,0.0101809012499951,0.0234126100968069,0.0172508427812126,0.0801865824253901,0.0161148724067165,0.00251064383039173,0.0141519206014687,0.0106235325981774,0.0190302252490422,0.0329918160907279,0.0272975859464482,0.0659105749756374,0.023332148115121,0.089940784029985,0.0149479699330973
0.0175531869637792,-0.0126551139785778,0.0329514035478445,-0.024469314445332,0.0532648865742995,-0.0209279552725901,0.0750701812000065,-0.00838988543497763,0.0897628936509561,-0.0059915554109758,0.00733141985880364,0.0146097875897794,0.0340744971222549,0.0409022085821439,0.0583610744461189,0.0356790035605421,0.0797732675023518,0.0270211702347588,0.0919876437785727,0.01285918690551
0.0223412014248835,-0.0188379633783768,0.0312007486074342,-0.0307639612820505,0.0444454091780921,-0.0290210373343403,0.056291020332259,-0.0229189098050375,0.0734760567501382,-0.00378628346738987,0.0121157050083205,0.0197969410309433,0.0302590040094507,0.0204823456559106,0.0496003281991511,0.0335922127890155,0.0699885420904297,0.0290310578936797,0.089029696514618,0.0204285684242465
0.0261881359541866,-0.0317268505497557,0.0359961086274683,-0.0305943417174346,0.0371016863445228,-0.0300332567708474,0.0688677655952821,-0.0156747578296054,0.0875370535813694,-0.0089517539863734,0.0249451871318184,0.0191468605551226,0.0592285377765017,0.0355347782344556,0.0768893697900609,0.0369922367795781,0.0837271061893529,0.034292688811576,0.0930264667143914,0.01566261468862
0.0155477226416135,-0.0122453449892269,0.0230367351845865,-0.0283028951992349,0.0425810455943971,-0.0334893761894926,0.0788408330527012,-0.0233362923535594,0.0986545818896434,-0.00856883482837171,0.0111947421611539,0.0117628191024321,0.0312828446245514,0.0189542746842783,0.0551442637538051,0.0284740845018045,0.0729055311602905,0.0285352816366477,0.0861410373538282,0.0110881459193815
0.0144664141373465,-0.0189777096131119,0.0249532019884922,-0.0299805063678866,0.0370882846465185,-0.0357001187667271,0.076585469976906,-0.0256028390310826,0.0993701656529285,-0.0104049939908034,0.0181953936814066,0.0136430502738631,0.0464958587386253,0.023328754216114,0.069425964018409,0.0311496256596065,0.0878516972990897,0.0164935161284968,0.0990260062410453,0.00361470186964569
0.0176305341495255,-0.0127849458474333,0.0323299540933357,-0.0268366979387909,0.0394898755702215,-0.0309739272109524,0.0545321069444301,-0.0285880127357954,0.0895809465453298,-0.0173841049509538,0.00848049808253526,0.0136685243534498,0.0374084978776855,0.0216452147519652,0.0495517296642724,0.028707712680737,0.0677424593137336,0.0296813438251173,0.0846202879433046,0.0198513613879306
0.0289718060683067,-0.0262218462143607,0.039475228660526,-0.0319670252777109,0.0624456371758216,-0.0282194845836478,0.0859278612780378,-0.0165497028043204,0.0940900171063236,-0.00459058200154615,0.0198877734180489,0.0140812707066231,0.0465151471606126,0.0230680237743822,0.0643099000086513,0.027049394013233,0.0819586878836974,0.0235885308081349,0.0900140781173075,0.0192777636156468
0.0149327134822856,-0.0139871878909356,0.0333739011552388,-0.0295028205933497,0.0445033122289767,-0.0346859522863755,0.0717721113998022,-0.0246411852493275,0.0875712888766035,-0.011876601493223,0.0148557665264669,0.0107411092153187,0.0420047416093002,0.0230505728189922,0.0660582852346438,0.0267318645004815,0.076786684953121,0.0295313427578859,0.0890664077876026,0.0142285809375971
0.0105390651845881,-0.0236648598254866,0.00828976619888116,-0.025626431481863,0.00881981491733491,-0.0264721228972889,0.0316770814477833,-0.0296578590365688,0.079224001439665,-0.0144140221788174,0.0100315121858678,-0.0158702469363881,0.00698471803385407,-0.018829722158602,0.0091563936770139,-0.0160906529416545,0.0520346925126368,0.0269355922251828,0.0796140566647173,0.0249673308565547
0.00978623442662224,-0.00835789904655327,0.0263592692802132,-0.024918010568169,0.044658237815724,-0.0277262880146575,0.0824626631533856,-0.0163574026775852,0.095195985806704,-0.0060392434538977,0.017184204352144,0.00929745339172161,0.0487636792197038,0.0305246581346973,0.069118027674089,0.0299359729865716,0.0825871393076067,0.0248470369224219,0.0956072914345046,0.00931100838197134
0.0119505719088701,-0.0120129939417386,0.0243607957115104,-0.0234218215168135,0.0513806759362536,-0.0254798760172903,0.0785996941430209,-0.016914517141738,0.0892862540880986,-0.00668999343767982,0.0195386410177568,0.012193734578859,0.0492871630809863,0.0288194388810783,0.0719779070283149,0.0287206720794941,0.0853919345830952,0.021771288540186,0.0940262512244315,0.0102074542225726
0.00964223515418895,-0.00609183790733772,0.0235110985227406,0.0235003025285088,0.032244509860165,0.00693980650037948,0.0489804355616603,-0.03040539294414,0.0847635436281873,-0.026277143580144,0.0101475002808873,0.0241200544304698,0.0327076194674471,0.0427362242607379,0.0516732898144407,0.0402652064672232,0.075787163372537,0.0307836290342485,0.0858507146021056,0.0245851137773109
0.0215616991852993,-0.0383405741197703,0.0340932071970816,-0.00831304918463803,0.0543021785104385,0.0126738701908447,0.0508438771363197,-0.00634742238146962,0.0765541477040004,-0.0121798224156898,0.0153486136808286,0.000663463727316298,0.0468120840830455,0.01885453322239,0.0304755311177108,0.0355101871645452,0.0731827090160464,0.0189632993971908,0.0758548457044632,0.0166311332893139
0.01616716431883,-0.0330138868608204,0.0249179843305907,-0.0354376253361961,0.022612403175402,-0.039478151881002,0.0393235928107284,0.0180759818624093,0.075028670681527,-0.00860475417120766,0.0416211683494902,0.0265850211428214,0.034907745215959,0.0220689938144277,0.0448857062361241,0.0336480133847604,0.0628886001510125,0.0365997687627223,0.0880100375963663,0.0163067146910379
0.0253424168331268,-0.0354592533660495,0.0327901584123779,-0.0040263701239758,0.0365112025954106,0.000387931674381551,0.0603874150668706,-0.0272984693073545,0.0742887057487785,0.0109304607835923,0.0272194545068908,0.00994158458052346,0.0481042936256795,0.038086395178455,0.0589954914133128,0.0308266709430529,0.0801817686370688,0.0098095973811708,0.0870952840160671,0.0226890752327693
0.0255575079066941,-0.0331469999411786,0.0311613915758887,-0.0365424608668914,0.0477393556879597,-0.0197393192012161,0.0508473973654707,0.021243800430409,0.0763294495261073,0.0128272385920038,0.0180151177258105,-0.0185286537748109,0.0453706353032784,0.0209259018805412,0.0637096301521518,0.0208313417444642,0.0716783204149734,0.0341401856375954,0.0826180985005932,0.0139448989409007
0.0209862739145678,-0.0445490230719129,0.0161762361317089,-0.0345367340530445,0.0288647436062039,0.0167215193874235,0.043937267459091,0.0275415083015956,0.0798229403857862,0.0133064155581204,0.00319587872171271,0.0176075482793746,0.0273717477162439,0.0460962673266066,0.0499228985721521,0.0333142762897447,0.0590715146330656,0.0227387297900685,0.0825513042268302,0.00778735571402832
0.028985333003236,-0.0254916715407178,0.0385573187517789,-0.00134346029834335,0.0598415395526626,-0.00185238070691659,0.0668992625539096,-0.041254981522051,0.0755654212764968,-0.0128471714147563,0.0306620728533468,0.0164916287304025,0.0573110890899466,0.043188594202093,0.0781687798172812,0.0226445930493862,0.0720196104959732,0.0376517801864329,0.0783542901727496,0.0351773579648906
0.0334133720502376,-0.0330546985921668,0.0339332960558425,-0.0342186992732345,0.038362062325355,-0.0281004277537096,0.0549024930124598,-0.0244827917190468,0.0855036420057156,-0.0170747869930189,0.0250679473678461,0.0233176379059446,0.0437300298565564,0.0291876026153337,0.0552085870785015,0.0274371129985615,0.0664253192526895,0.0338190566531597,0.0798398624428367,0.0279968585100325
0.0457068368812628,-0.0271355081563779,0.0451263091334316,0.00384565834811832,0.0670948695453058,-0.0177260907724971,0.0530637078602234,-0.0395136483692593,0.0847913517357614,-0.0144364444343568,0.0385094885781552,0.0282103987702419,0.0520073440597651,0.0259100073569571,0.076967038927248,0.0125617343672784,0.0478816087011439,0.0479681481063998,0.0860022128405259,0.0258578691200609
0.0200496007137167,-0.0376607743446028,0.0225053960990792,-0.0434641455262177,0.0403770968458606,-0.033835322642449,0.077396038470386,-0.0283240735844187,0.100401463148502,-0.00414656570676533,0.0294615000717426,0.00491759669176085,0.0221877883075109,0.00684415886082565,0.0602676025774652,0.0230413476094606,0.0858580741051644,0.0120594686349557,0.100396109272614,-0.00526584485587014
0.00380151089677131,0.00288356750884497,0.0199357073404686,-0.0327750837846481,0.0377058700526146,-0.0152724810390666,0.0527036383851778,-0.0316413791400956,0.0671383851674862,0.0136489134987691,0.0284049058940444,0.0227977972692856,0.0563766090168657,0.0384101280856222,0.067224519978341,0.0154195065032941,0.0701276731126163,0.00774778659758091,0.0772000974345062,0.0150462653939344
0.0136661146445775,-0.0165613714166589,0.0327653854120808,-0.0319167231080159,0.0456916383647039,-0.0324422859514151,0.0713603655637314,-0.0218493473350857,0.0892154201735878,0.00220298732396211,0.0152598529257844,0.0117739976101562,0.0463856263271857,0.0351595264710717,0.0654748077436748,0.0338675728604941,0.0883669056357708,0.00914440932030385,0.0928996068772042,0.00619678981129624
0.0163663042794522,-0.0196658919226423,0.0285191549231462,-0.0193502004787312,0.038991793656254,-0.0233008339613859,0.0847283574744031,-0.00393427619298155,0.0912171184322084,0.0103674379385307,0.0224607174844675,0.0154120119977542,0.0407528537734088,0.0215014928254663,0.0666470307429772,0.0367435989729704,0.0886462339073914,0.0173668226254929,0.0923417726680109,0.00656367739509245
0.0201759197244654,-0.0220318389846578,0.0291086401293718,-0.0227764736350063,0.0482796158457562,-0.0298931623164774,0.0684012201985236,0.018663683939032,0.0956196737447742,-0.000280865724065218,0.0249646615939883,0.0238356571941919,0.0447105504895831,0.0381463105301527,0.064864338741881,0.0291702974753962,0.079379626385011,0.0284390376612521,0.0916199236478165,0.0115211651157259
0.0237325595361242,-0.0272112150322252,0.0342821206010697,-0.0301545236339279,0.0461133930916608,-0.0314759405564102,0.0785440347738452,-0.0162580991168405,0.0904537526563887,0.0109396308247814,0.012392981778193,0.00878651536752477,0.0329986353589754,0.0381290976596537,0.0564354667467818,0.0361462302960246,0.0833470456475221,0.0226728277881901,0.092116957877335,0.0128309565320836
0.0174622011306362,-0.0202352788190897,0.0330488492882805,-0.0373670644542094,0.0477729050913185,-0.0283497763321141,0.0604154086589166,-0.0292336595842078,0.0835752905405593,-0.00626863182463566,0.0199572821356424,0.0252926647901755,0.051785551267411,0.030186313319523,0.0659626694477833,0.0406094040967171,0.0773748023076538,0.0236837742653902,0.0894237564244895,0.0125665919695328
0.0128259148233916,-0.0141379593283364,0.0326183629337341,-0.0238803979387753,0.0401263822231495,-0.0421103806135894,0.0579925762525026,-0.0315919324078661,0.0842240479153913,-0.013485882965009,0.00700318880597668,0.0204192429433289,0.0392588671949674,0.0444662230977234,0.0576410236491507,0.0456459940454808,0.0759373201422535,0.0311638834163142,0.0939350859887985,0.00743283991457658
0.0212422486909654,-0.0352064837726109,0.0527353755168087,-0.0235894712928122,0.0879638287751367,-0.00928259651692116,0.0981853512527788,0.00610763670400715,0.094425260383145,0.00409832684939463,0.0215753318083572,0.0427696349341971,0.0301261968919985,0.0516437390976627,0.0534114598096126,0.036275203805679,0.0786949891179624,0.0233398371506111,0.094802043010931,0.00206120509171462
0.00642011486825712,-0.00563940321200048,0.0267669481022487,-0.0204324358586586,0.0379955988174432,-0.027818520539422,0.0641158455835714,-0.0195907361074787,0.0884107827137526,-0.00533428671240441,0.00594133935089641,0.0203692810230609,0.0290516002647894,0.0448055734093934,0.0535715119322015,0.0421053784548133,0.0757473395139354,0.0278635891783469,0.0926811693301021,0.0136069778635027
0.00888134023160049,-0.00704605784510456,0.0262880377013146,-0.0292499381917731,0.0462343935322566,-0.024603318139477,0.0696639151454571,-0.0298445167179875,0.0965892640046896,-0.0073572007706908,0.0111806058953392,0.0234607301749905,0.0388346799562008,0.0294526349035923,0.0615211840848381,0.0180576599667368,0.0738433639097427,0.0263068741951989,0.0855076682884244,0.0282052836993009
0.0155653601652962,-0.00846034050163418,0.0329787616192242,-0.0311165552605459,0.0405221953876594,-0.0331232631281035,0.0581297326673598,-0.00411040717276654,0.0847587513006491,0.00324203631386797,0.01548010432877,0.018003268111983,0.0426746118629799,0.0282497239396019,0.0651833277934217,0.0416853084953613,0.0789030124909769,0.028378305621369,0.0850287698302606,0.0180279376004436
0.0154937050113458,-0.01810785189679,0.0331126177667091,-0.0281592860499761,0.0420553491114735,-0.030126887063993,0.0624769224232165,-0.016626400569723,0.0925238022293587,0.00718268656541931,0.018777246027791,0.0121667015295625,0.0465307847929844,0.0289001472345495,0.0676164787120651,0.024830554880836,0.0802262709474905,0.032372145680015,0.0898870111517427,0.0177214149330644
0.0235696257062067,-0.015888828510644,0.0404706864734702,-0.0288454175641573,0.0691558921964953,-0.0157136706854274,0.0905653764386949,0.00666731428496546,0.0991257557017461,0.00186472962082609,0.0232417299999712,0.0191943460454414,0.0611461113221538,0.0440034992746206,0.0822949301773331,0.023781590053832,0.0917470817478501,0.010536387933172,0.0963277347230864,0.00457397362492505
0.0174763325239574,-0.0178632162388223,0.0300035481454935,-0.0345113616878899,0.0507893184738425,-0.0319947710133243,0.07062173935498,-0.0133451042667646,0.0928282475042182,0.00369963958090367,0.0242310276279974,0.0182911926010342,0.042493997824197,0.035494503824489,0.0689684273699958,0.0217212531530807,0.0831172756255701,0.0179023547888219,0.0943980891655098,0.00783146119963711
0.0131357972641877,-0.0382635838473256,0.0293553323733324,-0.0241074906502723,0.0460536032421425,-0.0232876107116935,0.0710853986915292,-0.0152884036122451,0.0951556727680323,-0.0048352394253575,0.0340687897021777,0.0531255824749915,0.0475521467038442,0.0476734667289772,0.0630227735774087,0.0365726920015636,0.0745785958618208,0.024199422168743,0.0880227260034364,0.0103971380191986
0.0227512425447152,-0.0170726398682474,0.0315764268512143,-0.0270738237725526,0.0384985893273776,-0.0298224836462517,0.0578733891898343,-0.0270327868263874,0.084649229589315,0.00579414546386992,0.0301288532289769,0.0279821698710246,0.0395210711911897,0.0438087235446998,0.062818883247197,0.0366726648292011,0.0806465147578103,0.0229237829506704,0.0890385383370759,0.012686075503362
0.0167706112348623,-0.0209695635366576,0.0268202471213256,-0.0291178751773086,0.0377909769157469,-0.0268643127998655,0.0600528672808885,-0.000884236117249179,0.0928384942078882,-0.00564131457974308,0.0172577815941095,0.0257148316704535,0.0448028290271074,0.0373575258957614,0.0632906872416783,0.0351361708083894,0.0821966520956719,0.0157361834075389,0.0967292290619951,2.24626007610737e-06
0.0200573939455526,-0.0244503614138049,0.0337723385844911,-0.0118904797636504,0.0436087243168362,0.0177304248897093,0.0587253104451371,0.00105989629859861,0.0888611916919123,0.000412366588480141,0.0190130904068774,0.0224706667317731,0.0429306406011054,0.0438208812901482,0.0576918290608637,0.039398362648519,0.0680340238602788,0.0267335297577622,0.0851667382987129,0.00827579674266601
0.0213881281643707,-0.0360370079490364,0.038352810634167,-0.0331264662968288,0.0501296768834862,-0.0143339053398039,0.0792147414436542,-0.0022651247782464,0.0987422294876125,-0.00495213497355794,0.0349662086295878,0.044948954194838,0.0619644272703046,0.0360917226079901,0.0857057583273773,0.0276454196020187,0.0952206465447496,-0.00718844780832406,0.0986655801095655,-0.0109064489192821
0.00706188417757241,-0.0202491431085507,0.0306254457589761,-0.0252514353492076,0.0346406357982662,-0.0368835989267117,0.0411963308696388,0.0134852710052969,0.0784212187033313,-0.00110808886209681,0.0155038575727393,0.0219863021408463,0.0438550077142617,0.0330735822439587,0.0615130530214529,0.042961788684586,0.0804084479950909,0.0266680667407995,0.0827622306325636,0.0205589267886449
0.0242565146854227,-0.0165173411069392,0.0347737289583349,-0.035749061494952,0.0429472333286001,-0.029480529349004,0.0681457373074207,0.00181738380322938,0.0951869042982054,0.00112692756563334,0.0207974611903536,0.0152172948647422,0.0470064063565781,0.032149255854155,0.0768870319871575,0.0343694443552571,0.0870348870657883,0.0205045317760954,0.0958165399797711,0.00467097563965172
0.0208301469928547,-0.0249076402517445,0.0317109107960115,-0.0226210211844408,0.042763818201075,-0.0249496847704522,0.0474482904323184,0.0258654985388357,0.0861815173121871,0.00743422691839983,0.0179613492162895,0.00950145625818248,0.0507651109163332,0.0327826947440949,0.0621810306967768,0.0327201765735853,0.0687561889613317,0.0303498019504208,0.0931895145159377,0.0108730886947897
0.0146275447344676,-0.0260220293385091,0.0336363431039478,-0.0265144294122469,0.0444128607626749,-0.00536392385213793,0.0542499120965901,0.0226678291794146,0.0816573026525882,0.00994070004817144,0.0186068574485623,0.0192460017512314,0.0471826264314787,0.0294724901315835,0.0733956192479829,0.0375644768957377,0.07875980431702,0.0258265049344683,0.0951830814679581,0.00253127088263341
0.0187966178156682,-0.0217820885338305,0.0342184404921939,-0.024129680904831,0.0340525343799989,-0.0169107573668268,0.0543517078269434,0.00839866262501589,0.0837540304356854,0.00684881920218342,0.018838792807897,0.00324007886984383,0.0485641554071212,0.0247198041180703,0.0629216013296608,0.0334075728474157,0.0658493149462603,0.0286261185729584,0.0873755177048838,0.00591180054471269
0.0135447746737618,-0.0120664435007383,0.0121462339315563,-0.0108492457862433,0.0127362386341723,-0.0129540982551539,0.0373407445649627,-0.0290436890050539,0.0818614540237727,-0.0101151061117856,0.00269911127029993,0.012696024110437,0.0268897116039529,0.0399576147929773,0.0541616701597,0.0360555589026163,0.0773652046191112,0.0282040958570838,0.0952750666271232,0.00431428044094624
0.0256111587134479,-0.0332881256067908,0.0311129491021899,-0.0329423766676059,0.0545090327499995,-0.0242493851063319,0.0793241878316765,-0.018317014756759,0.0962266840554887,-0.00321104049015852,0.0130325870140831,0.0309774034698754,0.0301650711594348,0.0430911561017394,0.0511513782318881,0.0349264789070531,0.0770450703149139,0.0155462831077881,0.0908791046535469,0.00529760172459284
0.0151968234357673,-0.0157852169273205,0.0300227349926243,-0.03029296876899,0.0413682309519701,-0.0257062189692862,0.074453984227669,-0.00726514696093447,0.0928350123844869,-0.000683076537180945,0.0190915017010113,0.0187440695903459,0.0435113307258057,0.0286703614805887,0.0631845712433628,0.0310806566481331,0.0856824777358556,0.02579015641438,0.0929843719861248,0.00981029832504872
0.0158795830583586,-0.0188336154788242,0.0411169641519643,-0.0260658022170207,0.0501747677172709,-0.0279899577109133,0.0724531309466354,-0.0215438713346491,0.0946639313450023,-0.00501681778149774,0.0146666342309793,0.0125517060335154,0.0414095260949301,0.0246733483684967,0.0629554935538797,0.0351809205128719,0.0790601024378765,0.0261161527466116,0.0918817999830392,0.00982933117174155
0.0222598267663334,-0.0270639713216215,0.0371375976405701,-0.0294576190248742,0.0687963162216483,-0.0216327166269077,0.0922277097819362,-0.00745125397312535,0.094848528375065,0.00326748890516971,0.00834607094768693,0.0181727831733536,0.0326869286037074,0.0223687028375944,0.0591000623508163,0.0416206568458167,0.0772720294578804,0.0292848292751714,0.092975077419548,0.0137045416027345
0.0137981000950071,-0.0126889113129492,0.0325582227127849,-0.0229247493541414,0.0440532251527177,-0.00893591536845353,0.0637206996407546,0.0101879942919229,0.0878958386089436,0.00498515395235206,0.0128811742824718,0.0105096709976905,0.0456747482001564,0.0264395875735879,0.0638925936539872,0.0395255604510795,0.078263628363893,0.0195328692360056,0.0894824164480471,0.00552416423486578
0.0263367900228463,-0.0316022489748101,0.0351497829465168,-0.0199344719387,0.049666285248764,-0.0193469955833546,0.0741059243957207,-0.00199195930592845,0.0867380051535124,0.0108691026970372,0.00524720797468026,0.0207467866064546,0.0251652277105921,0.0436413248272987,0.0560516512640154,0.027262602990374,0.0716880361231251,0.0204307795252691,0.0892620479966126,0.0162186144205125
0.0280496742926173,-0.0251590581478363,0.0396685633016531,-0.0300414790836,0.060215862075196,-0.0250756376394338,0.0900587735162278,-0.0040857297837112,0.0978986373484612,-0.00510269923614676,0.0153651169690697,0.0160882614222771,0.042669444734697,0.0320976551040307,0.0609100263137594,0.0324754969835199,0.0821878387226842,0.0218624881797633,0.0958387639750386,0.00364638591591851
0.0169573590495551,-0.00915355128766295,0.0296605298010617,-0.0248228476565535,0.0411959810586841,-0.0289712580135515,0.0673510415378653,-0.0225387583401493,0.0890167172291966,-0.000582039567441033,0.0188965112589679,0.0119838829471835,0.0418217438955422,0.0287062536325572,0.0586206678371646,0.0343271540319099,0.0767670287767403,0.0278195841742046,0.0909955793482817,0.0121032420170128
0.0129621831924855,-0.0107108387604717,0.0335147412733043,-0.0219028605657573,0.0436343698818836,-0.0321212550101072,0.0679493853335101,-0.0218999406405453,0.0920290636591725,-0.00778288803402046,0.00744371312756487,0.0171242862689848,0.0425744899041886,0.0297396198823775,0.0621595570135823,0.0372231521342676,0.0764417545632542,0.0253090088142388,0.0903090493473784,0.00450323755416821
0.00680621570955156,-0.0235859231061128,0.0294999395838321,-0.0273354825486595,0.0465074575417392,-0.0306654967437291,0.0604580434034046,-0.0212850077839956,0.0871766739273977,-0.00259724694544985,0.0130042508404183,0.00457171724430019,0.0456972287617328,0.0142748498610731,0.0643488940711713,0.0245206557267958,0.0750036378567309,0.0307028450070074,0.0912971875358138,0.0126390094975411
0.0144148086769896,-0.0117243416581219,0.0287098626213924,-0.0270376714147858,0.0561434651730142,-0.0205264055512761,0.0680575012044989,0.000340514797101509,0.0873483323692199,0.00886119535924135,0.010558685830777,0.0138876459363451,0.0342469167156958,0.032978027908171,0.0553511981798869,0.0319991974050061,0.0726954943159683,0.0248972654048211,0.0904560412903153,0.0106758649140229
0.0101054227269173,-0.0201875054791109,0.0335031255505644,-0.0332420268291385,0.0430414645849298,-0.0343080449806426,0.0541457835803851,-0.0271364985553717,0.0802702519613097,0.00579597932576706,0.0119593062508134,0.010580194496338,0.0418082200266819,0.0218452146645899,0.0633936196728979,0.028414723616489,0.0727377166386113,0.0271300888790545,0.0902259680963803,0.0109377951088961
0.0171612403761048,-0.0191741299711081,0.0346252754097361,-0.0234372590115051,0.0593927002955069,-0.0157921398937573,0.0876302412101401,0.00765232016888914,0.0967829496741611,0.0014009026293969,0.0233545764795368,0.0147596966250691,0.0464746946552532,0.0320029752325567,0.0709430706448233,0.0251666360405812,0.0918986211206597,0.00703441010300046,0.0952421889860764,0.004813400095155
0.012590859852871,-0.0177954601659489,0.0290679195377794,-0.0228536005794176,0.040239616017859,-0.0221944813159599,0.0666870027135775,-0.00691802145923804,0.0885777235919458,-0.00043221006978478,0.0151854705518049,0.017214542147782,0.044563346772188,0.0415411380794234,0.0618416351042278,0.0388743233177125,0.0791013524237435,0.021772788738301,0.0898206386971004,0.0122359772778847
0.0176101044587947,-0.0189214123691462,0.0291136315874412,-0.024293462614015,0.0470509164146591,-0.019276317568179,0.0757589054554614,-0.0108991798076646,0.0946320717506322,-0.00701402086302503,0.0208082597328726,0.0217187913206059,0.048272461926523,0.038485209173332,0.0692916671845719,0.0285973961057744,0.0838755537784612,0.0121626330831026,0.0951731806832435,0.00315288486675263
0.0151849977193972,-0.0266143102717308,0.0335464758483896,-0.028448236082426,0.0370500397767716,-0.029383090488846,0.0656933575468425,-0.00384019754485399,0.0898208991149832,-0.000997978577710911,0.0213850279911296,0.0226183975529151,0.0442906330598137,0.0349794880283215,0.0705080403374271,0.0335441168764255,0.0835975459001494,0.0155110726388807,0.0895300773339874,0.00333326888963752
0.0190644917487204,-0.0313523312475588,0.038192893974421,-0.0102253439246044,0.0468545184203446,-0.012046029257068,0.0617355714249756,0.00754248666568761,0.0824756169448524,0.00534807335953109,0.017381117091758,0.0255138662171378,0.0548505279237005,0.0273857180380861,0.0718491534794659,0.0345245051016446,0.0791701367442876,0.0257689517614136,0.0929823298682467,0.00623109386559301
0.0171053420786632,-0.0101817250244495,0.0284633306814812,-0.0201625292637639,0.0476546719604696,-0.0303828570929358,0.0756443198111138,-0.0160810481781783,0.0952695090189866,0.000739678676173992,0.0145131551148149,0.0200618373056008,0.0373777552019782,0.0397708956808839,0.0549101525842192,0.0382857853658336,0.0827042239411613,0.0160902822174526,0.0940274080722372,0.00552327038691418
0.0140722912051666,-0.0137658994610096,0.0353863098424892,-0.0256008528212921,0.0431419663550792,-0.0322071779415461,0.0636465494680808,-0.0218541365654284,0.0878982641214467,-0.00372359484572755,0.0137138038909337,0.0153995608008497,0.0377069283773227,0.0352496131326204,0.0552368748738809,0.0434369634370179,0.0726661994398987,0.033929848317087,0.0870105691928145,0.0139544981019186
0.0186593453870184,-0.0402112034125784,0.0328073239439802,-0.0343406468575723,0.0622961548530511,-0.0227640801257497,0.0925723227064626,0.00959322620592262,0.100152056099981,0.00599416865641753,0.0173437940752238,0.0189964181931843,0.0410254612330511,0.0480607241822034,0.0587162469616414,0.0346159709541118,0.0832225705308176,0.0199012479929561,0.098483995780534,0.000211303925570585
0.0127885841616627,-0.0143240422029894,0.0361771536800105,-0.028847580634346,0.0612470596388332,-0.0195901830869011,0.088676287590094,-0.0144776829120577,0.0996269821080077,-0.00547904055801882,0.0125816130686345,0.0254692167753868,0.0423782591247699,0.0306915566063584,0.0675479242292238,0.0246871557514128,0.0826119793680991,0.0230353322272543,0.0941693246054543,0.00890952947363566
0.012471239678098,-0.00693790838417335,0.0308470473712448,-0.0239324693180846,0.0365852360310421,-0.0266799783181528,0.0552487721154058,-0.0244639136427562,0.0874901839797373,0.0028869802668155,0.0132034719863365,0.0155372535412112,0.0345826198351848,0.0308298506095744,0.0519864916431322,0.0354768225022507,0.0727082442645152,0.0277510719367849,0.0812700395614536,0.0139449296800158
0.0220785014116683,-0.0151347135833791,0.0354544121618253,-0.0236799328195691,0.045820849386979,-0.0240929206670307,0.0758439396373817,0.00624373348067531,0.0954176843968301,-0.00168614884827312,0.0312468269142133,0.0307564943232729,0.0422381269917527,0.0396978919610342,0.062684444796203,0.0326017831186451,0.0857731314646876,0.0107084213609645,0.0946927759555016,0.00494451377233977
0.030291791029667,-0.0146059206493409,0.0444269338936166,-0.021515877589531,0.0462837946392084,-0.0298347427781903,0.0698106714894701,-0.0188317565615827,0.093886290997511,-0.0107771820610654,0.0233654275439679,0.0274448922913911,0.0452698662505815,0.031004283557756,0.0549607638442193,0.0354421721890868,0.0688316490475158,0.0291112426096259,0.0865347975584662,0.0107914612911249
0.0128988346972011,-0.0196117952561598,0.0357511104768624,-0.0231009167592525,0.0477440843623682,-0.0237707181312081,0.0701806264335004,-0.0144298327849291,0.0956161669027586,0.000917748865916495,0.0144225642053063,0.0233146117168329,0.0421472587930844,0.0376600919609825,0.0637442472019509,0.0423478639797459,0.0769874817136547,0.0287210831737277,0.0913058162560826,0.0141010952461447
0.00998003810404394,-0.00948335065413458,0.0274890455708634,-0.0227406365664541,0.0427550037652794,-0.0232819432846435,0.0693048601065458,-0.0124286706368281,0.0947447935109519,-0.00358825906832676,0.0144916048914521,0.0132294420727946,0.0359008085350693,0.0226554219378506,0.0603801510055482,0.0297762887507825,0.0853383501464709,0.0258821212256476,0.0938432629641092,0.00851422472377883
0.0189153072617528,-0.0192199264334479,0.037933052511751,-0.030223132253919,0.0559953208391718,-0.0279903051024299,0.0827201951785291,-0.0196548461955112,0.0974013905205224,-0.00843790339212207,0.00807722006465061,0.0103574764487792,0.0324434386100078,0.0250193446858494,0.0522333300397824,0.0333228061929928,0.0767564732694684,0.0229005610998001,0.0942436782135602,0.00439918999901039
0.0104528229813433,-0.0113772874116181,0.0392761176682245,-0.0308784665559552,0.0576390001618145,-0.0274520537233992,0.0716933541318572,-0.0191184489860907,0.0925905023508802,8.19789234456492e-05,0.0162403823217879,0.018977721814711,0.0439502495447631,0.0243820755551258,0.068327717017967,0.0214037968224972,0.0846172736976882,0.0268493593019078,0.0928581658971002,0.0107788576145102
0.0315916858149714,-0.0316776447845121,0.0393597805738506,-0.0310512069067454,0.0492297859546047,-0.0290193685316944,0.0816865892826632,-0.0164478197665196,0.0931105252060835,-0.00110516924225677,0.0109993459975972,0.0274362467448586,0.0292728155026933,0.0427371895870293,0.049192170786835,0.0373801958183995,0.0750064637866917,0.0303398842181206,0.0918909080958168,0.0127923721576673
0.0258225895762493,-0.0171394826405092,0.045940428714381,-0.0257516553091532,0.0685846762306601,-0.020981200942257,0.0966376249457083,-0.0076396703305502,0.102251891830618,-0.00818379853400307,0.0207208086899019,0.00998391447871099,0.0489291381477995,0.0261736571527048,0.0685450014426437,0.0300267595230569,0.0858088358258096,0.0180571319998058,0.0959133351926174,0.00251207684896909
0.022819953950256,-0.0187612986242479,0.0334133736456163,-0.0231278594646218,0.04707770287132,-0.0244060919021899,0.0724763065585862,-0.0216536461186461,0.094379931784304,-0.00797910786366912,0.0176495666423124,0.0357252537468695,0.0336769441839109,0.0446432191397198,0.0534383357591758,0.0394142232819213,0.0703003071088919,0.0321219392721037,0.0895211835612375,0.0118596106675771
0.0178417564072448,-0.0150552213607468,0.0410617664126632,-0.0261252714532359,0.0482357177161758,-0.0278101430810318,0.0602450748844051,-0.0258113286942844,0.091178402054902,-0.00724640960446359,0.0222419475579265,0.0118328487588742,0.0458016413570637,0.0234918961969804,0.0659667496164973,0.0313015979835975,0.0821186827166027,0.020359192482317,0.0933959433841245,0.00789072616594176
0.015416867722645,-0.0219708794857478,0.0353831888042098,-0.0266959553277477,0.0471717195460878,-0.0270564456281819,0.0689850254074564,-0.0228354859617493,0.100304230677313,-0.00908634232074756,0.014423493654637,0.0117149725570127,0.0357451879277459,0.0217334268323304,0.0583818560492426,0.027527457840617,0.0759265273708018,0.0280400741949017,0.0930975075983766,0.0095141407193397
0.0150267005297313,-0.0167666110887226,0.0400046012213745,-0.0283062421471277,0.0508056014640985,-0.0285070754656177,0.0908573613653104,-0.00340231848977917,0.0997441292249133,-0.00645128788805854,0.0186677177424352,0.00966022301825221,0.0443124080084212,0.0267407367712862,0.066555168318022,0.0302879823272703,0.0775532780085408,0.0253665480453468,0.0932098010876741,0.00820144717974019
0.0229067310884687,-0.0199126404167993,0.034306459845502,-0.0241186698623992,0.0447863529315868,-0.0264272925902442,0.0580600855497888,-0.02797556258477,0.0886811624201006,-0.0162116796967496,0.0216528494110891,0.0215905050170015,0.0478268721640724,0.0396845300185795,0.0674601134458048,0.0342133011532453,0.0886774024705254,0.0154952993833524,0.0940318733790494,0.00629852443353259
0.0117132548328399,-0.015561876350728,0.034281249138114,-0.0286531814744979,0.0483863984027619,-0.0294227329571796,0.0678068715412304,-0.0229844092557098,0.0956135171860927,-0.0114027577360591,0.0110583518778411,0.0134928299811972,0.0430435001092546,0.0273779077735242,0.0618830936158013,0.0324472784371392,0.075029974462633,0.0290304230426339,0.0931116774180842,0.00763968012385609
0.016916256068281,-0.017241658735879,0.033723940918765,-0.0273371326583793,0.0482012889581705,-0.026213299397832,0.0659620286660277,-0.0119357983433864,0.0907931825197435,-0.00426339777557077,0.0152506126559309,0.0186044878976197,0.0431183015865921,0.0346530118010706,0.0684716600413083,0.0312876780971853,0.0852189265018189,0.0128394663121677,0.0916518996408192,0.000987955904396872
0.0152951331063548,-0.0149469514726627,0.0271933506491553,-0.020790743838713,0.0415350220585018,-0.0343855582986147,0.0684968882255042,-0.024973028915944,0.0894719660194107,-0.00482612974423755,0.0190143059126338,0.01524280389402,0.0336130066983425,0.0312771145600985,0.0579450320719335,0.0318128248712237,0.0784724915896662,0.0267708201753457,0.0925809767819699,0.00800480678993179
0.0136895638158388,-0.0117647188283901,0.0304938529716058,-0.0332785683877629,0.0471117190090559,-0.0218972164866575,0.0530809197537286,0.00860758066742256,0.0873185550925712,0.00426958043568459,0.015868237262567,0.0157446455793304,0.0427173921805239,0.0273271108541366,0.0622949780902269,0.0300066641050172,0.070463306606278,0.0221278740719082,0.0893347076824029,0.00208386914962168
0.0204014023269985,-0.0129685786717874,0.0466639183616346,-0.0245377105749427,0.0869156358149183,-0.00912620343274656,0.105382174975523,-0.00734495094711118,0.105000337828009,-0.00729048440129708,0.0223728975167041,0.0167586189276198,0.0564753536327144,0.0305948764175105,0.0885671459573132,0.0150284550143615,0.0970155208589779,0.000112014632466948,0.0985975154819668,-0.00362099617460509
0.0264733588990957,-0.0232531086397161,0.0349411763950572,-0.0397604174306092,0.0545372082301338,-0.0356297346322308,0.0756990493514943,-0.0255422914966693,0.0918672984975794,-0.00295254827310353,0.0212882869549584,0.0430135447363522,0.0367617183168077,0.0560614090362957,0.0564115684355378,0.0445126426967411,0.0818703217605129,0.0236358593546359,0.0926471607084899,0.0116106735945885
0.0263532585607798,-0.0352554472317193,0.0474584776431135,-0.0300196281975052,0.0799531114726795,-0.0221724320488078,0.0911191984940956,-0.00717526194502408,0.0912963274562231,0.00309592709037099,0.00900527786241212,0.0113463409917139,0.041929504269843,0.0315843108950821,0.0766781752632216,0.0207734978757111,0.0920218103423769,0.00475663275113471,0.0943661758465662,0.00241534096561639
0.024497598118817,-0.0193745554506656,0.0357755064560566,-0.0285731228754032,0.0411868576666465,-0.028274179200662,0.0561843525200953,-0.0204915752408554,0.0825224346693627,0.00548341894394174,0.0253715181087133,-0.00961260002454868,0.0442115100912446,0.00711048553083514,0.0616711135610739,0.0243207873046107,0.0769541284111176,0.0332101091186848,0.0925182495841625,0.00668062722255931
0.0191287687662498,-0.0160530069548806,0.0390308274745908,-0.0292346953564908,0.04395527261836,-0.028837069682053,0.07347570364075,-0.0138157170088024,0.0921512871474267,-0.00151522911507799,0.0319400159067596,0.00618329841687964,0.0527010812639075,0.0214840083247659,0.0671042217742775,0.0285869149371534,0.085946890892678,0.0164017725260381,0.0952212624360466,0.00437900784158784
0.00749358300386722,-0.00686463930231317,0.0364093013040674,-0.0297660417372948,0.0434522208456701,-0.0272998461000254,0.0685805273373636,-0.0112952402433859,0.0924221682287138,-0.00507170483103558,0.00730975190260852,0.013340862388275,0.0367311028927657,0.0234893892913238,0.0512596757796511,0.031465068636168,0.070525586811565,0.0238211250883665,0.0939762013729682,0.0043581958071442
0.0186969176149334,-0.0172048397119852,0.029387591370996,-0.0177930471036631,0.0531977628168977,-0.0179009909858972,0.0916582279152628,-0.0124135488293734,0.100894279084487,-0.00716938774771303,0.018208159508648,0.0247494644807274,0.0518513700391715,0.03722567191038,0.0736842822971181,0.0299335088086766,0.0955641991309415,0.00293439898850859,0.100532484382281,-0.00649072659863895
0.0250516348184582,-0.0160370105002781,0.0367507998623803,-0.0247650742663984,0.0518651769797659,-0.0234885993231071,0.0689248741985583,-0.017325101477702,0.0980346413379164,-0.00144973232940083,0.0212755122815939,0.0171705104591386,0.0449982103272629,0.0357421783037158,0.0678424441545508,0.0290202109223592,0.0858117894190056,0.0255232787141695,0.0949317837567706,0.00774873295140486
0.0200922379420726,-0.0216369524373107,0.0366528793638489,-0.0274601270020998,0.0497840294144551,-0.0280234164245193,0.0686491378265626,-0.0240622104673247,0.094738498936925,-0.01336405255856,0.0158427060140593,0.00467319837670003,0.0355562462230394,0.0155286370818792,0.0603903603837478,0.0271274536296694,0.077227058962583,0.0308241445553343,0.0932011799846369,0.00810262936215656
0.0193805568148626,-0.0169217893727288,0.0303352457380758,-0.0241373885417279,0.0455081505300452,-0.0251417195513695,0.0650994691650371,-0.0257436025710403,0.0871377177516324,-0.0129923553714286,0.0117534378081743,0.0135594314441,0.034302163975642,0.0249335226284049,0.0557109337160206,0.032476421416769,0.0759229804231469,0.0283748733772172,0.0909290344557175,0.0134876590483039
0.0268082409051594,-0.0266489603719448,0.0331390512256436,-0.0281160644910968,0.0479410633896124,-0.0294407835489653,0.0840173947988867,-0.0158117488167861,0.100914024922297,-0.00245040980478916,0.0171587591379688,0.032858354483388,0.0362415109538975,0.0320435071743166,0.0580255017026475,0.0337974555160904,0.0755371627001805,0.0312428302165577,0.0916370731842025,0.0127151518204353
0.0156423413035741,-0.00793397420856783,0.0347627469045464,-0.0265389979971782,0.0436759079868436,-0.0234184681737376,0.0690532876534898,-0.0224698974779643,0.093716928972991,-0.0101178783928955,0.0133829001439158,0.0101541950823742,0.0317131762361186,0.0252904257575228,0.0491839883774986,0.033208889434784,0.0703956582064969,0.0329059365175196,0.0880213636189826,0.019505021652451
0.0167474032212893,-0.0112160686632785,0.0322626592789492,-0.0199609199900759,0.0488787459971689,-0.0272888305797885,0.0689210905995317,-0.0220101213992507,0.0853086503716993,-0.00787132469012836,0.0161518735239173,0.0186988086761753,0.0386546905948527,0.0299636401448103,0.0581410098116269,0.0370243752751916,0.0732163546460235,0.0320211381938869,0.0902453952437388,0.00874764922715591
0.018930030800435,-0.0152673980191852,0.0420455024957444,-0.035464290052147,0.0591929140786041,-0.0141275430375191,0.0843180760880785,0.010876232627405,0.0964635627318798,0.00389248387790347,0.025920648727018,0.0212420454915258,0.0651423187329696,0.0336503479704138,0.0788736672882916,0.0313471380830409,0.090491854466018,0.0138106479915353,0.0950927674454626,0.00508589471111855
0.0219111632265892,-0.0304419952113427,0.0345614218603232,-0.0329346745211253,0.0483818073054352,-0.0305551209518146,0.0801397628674165,-0.0143923976617137,0.0918303490861091,0.0102389559154101,0.013361289213202,-0.0151656801934457,0.0340781107036153,0.0146577147790689,0.0579309870773023,0.0179764699427284,0.0742000901672932,0.0358150512837089,0.0902392152957732,0.0147007908005982
0.0188888461349822,-0.015361906921558,0.0376056484537604,-0.0315330854886761,0.0604388918085682,-0.021114463229244,0.0954170685538245,-0.00360954661875034,0.0990533996663878,0.00358669802730131,0.0206941519211532,0.00298649624520404,0.0507513163191354,0.0149229611498334,0.074268182275531,0.030365685905694,0.0917264276742734,0.00969248887641409,0.094995197949402,0.00551810642167967
0.018670558070535,-0.0188546175895685,0.030576651747562,-0.0338018520421112,0.0418726832426463,-0.0211579288550514,0.0562164562953922,0.0241728870887828,0.0878470303953229,0.00558491930101742,0.0132225749174774,0.00579143967696001,0.0375794620305518,0.0241132628033483,0.0530493047129588,0.025208333847675,0.0618307741739317,0.0150219954220981,0.0874795120375669,0.00577908725617402
0.0185052726106853,-0.0198459846535233,0.035923092207229,-0.0262546242936462,0.0433010889344477,-0.0324577101189828,0.0630746820659288,-0.0238112777735105,0.0904298312205057,0.0105706685527954,0.0153245871389683,0.00622236718443314,0.0448015590512665,0.0180989923109274,0.0637043455442572,0.0317611182714123,0.0782643155447859,0.0263026022204767,0.0902757209381551,0.0140965594600678
0.0199252020625436,-0.0242318724848741,0.0363501804557858,-0.0233064659970431,0.0206831610507232,0.0240343322197615,0.0686654324876768,0.0221617878863543,0.0946580277029471,0.00689099386796659,0.014185191301734,0.00516977880059668,0.0388787147581592,0.0180957268161851,0.0422743426074375,0.0308480372625526,0.072833467938197,0.0278473979842349,0.0934219770731688,0.0101653314931224
0.0277220812471422,-0.0302465306981169,0.0568881841440047,-0.0366394705998105,0.0998456965007954,-0.00587224544667286,0.0989553878504375,-0.00120210649204695,0.0410259451396482,-0.00525613568320331,0.0684930982924999,0.0265356079762221,0.0901188603862074,0.0140048528856897,0.0990147165882037,-0.00380478285065959,0.094916482889899,0.00384063954575094,0.0294487434613135,-0.00129822105405749
0.0232767767191654,-0.0231631010725076,0.0392437557495682,-0.0298709469253467,0.0527791412007612,-0.0286511785498352,0.0888874739204431,0.00722210568232111,0.0958200364695026,0.00664140552029627,0.0186772854411593,0.0153476769246911,0.0415480996878174,0.0349772861202616,0.0703646695539523,0.0317921786914161,0.0889611623160121,0.0126230020303233,0.0941096053834423,0.00911099775556934
0.0222553275719469,-0.0168847709259049,0.0374075277327476,-0.026706877606548,0.0328016585145582,-0.0206888134020254,0.0561932510312929,0.00121684463344081,0.0882374075088357,0.0108881072248987,0.0278245269653006,-0.0161597364673025,0.0457031062181822,-0.00919136981463211,0.0545311473662538,0.0139276900009793,0.0702225383590056,0.02958787222174,0.092752371825223,0.0115093640983717
0.0123993687035559,-0.0197401486909246,0.0299499699378841,-0.0271418910811372,0.0450077731798324,-0.0271809569381737,0.0694229604520857,-0.0186798875334285,0.0915691377671349,0.00570806636733931,0.0103694418464807,0.0133580636603607,0.0399655622385394,0.0209514290785744,0.059728596567133,0.0328906206982501,0.0846967967259822,0.019915717535786,0.0916604881895185,0.0115820645753003
0.0203831916915421,-0.0178111095864275,0.0360719048414688,-0.0326050120131539,0.0427166922245588,0.0236653835509345,0.0848007002596616,0.00862429243570483,0.097392728601921,-0.00303442199860008,0.0137410156640953,0.0144691526955207,0.0415423941486801,0.0192910371133003,0.0495173096659572,0.0364902412335422,0.0757374839399879,0.023792982693188,0.0941557854293991,0.00680345091555513
0.0116018892112532,-0.0105465458017437,0.0268151347685271,-0.026213013903089,0.0498773556415614,-0.01008468203328,0.0848824874092262,0.00811731470985996,0.09826404036089,0.00193804844937205,0.022799324861976,0.021457910180749,0.0499015229037486,0.0294176995674089,0.0724250421759173,0.0183791394522407,0.0939938350616251,0.00927359232825542,0.0951868093861882,0.00819269535502754
0.0262337058022758,-0.019902233377244,0.0457147173349301,-0.0325932739822135,0.0640139382097879,-0.00197642484469012,0.0934061256004487,0.0029721044746422,0.0986036817378915,0.00118322112536209,0.0189229145917126,0.0169324681848782,0.0481360920810782,0.0202774255675135,0.0770662449000344,0.0194019123944614,0.0914594960342351,0.0111758640612148,0.095203594444251,0.00623231529273933
0.010100989441605,-0.00992860119929598,0.0358091380022955,-0.0306571237875917,0.0508031482009503,-0.0297641351417481,0.0783050595473165,-0.00575946176036914,0.0898506245411082,0.0119528270323664,0.0128030314630586,0.0237964584583302,0.0397513366082793,0.0264355031207823,0.0699042788220232,0.0300801871517591,0.0940603785977275,0.00888615453139269,0.0980189806650515,-0.00140512645236627
0.0225020025704683,-0.0196506378612433,0.0413425190598309,-0.0271674144526112,0.057077982844953,0.0225547836305771,0.0914886625513653,0.00633226161962705,0.0996352477522691,-0.00174289502614515,0.0285773646347157,0.013205089836931,0.0562035727721706,0.0315603058664327,0.0744662494964021,0.0243577029180377,0.0939976876476613,0.011753217942594,0.0968542832767823,0.00563014969903464
0.0300724179631783,-0.0226233365939117,0.0471612841843899,-0.0060539702342592,0.0817719844017462,0.0232139087213817,0.0953137412093448,0.00610088690487065,0.0992526737056863,-0.000676886078863507,0.0328988260167746,0.0129160478609052,0.063431864240012,0.0302926121699692,0.0855978521572924,0.0268108697427764,0.0917700865535382,0.0122022811842978,0.0945801133742549,0.00600457440054985
0.0084358415373849,-0.0141302281491858,0.0311951046597435,-0.0274052944112245,0.0521119041533272,-0.0266799667624171,0.0619262570000319,0.00899735796308224,0.0945728885897799,0.00999388025350539,0.0175370581174786,0.0108356333606514,0.0419900160042394,0.0199245154421808,0.0728991134182516,0.026395937780758,0.0831886334024235,0.0221084608472126,0.0940767290674864,0.00791095248717628
0.00856847933316908,-0.0129026251819164,0.026788555683334,-0.0263775447661684,0.0449124069388547,-0.0279396777242759,0.0524174235641304,0.0210220952941465,0.092001214002479,0.00990957797575882,0.0119539776255905,0.00512842844331833,0.0372941113904502,0.0233385442416356,0.0598468850032528,0.0341980907431064,0.0748753294505982,0.0316351487659461,0.0837858695075614,0.0239343140901002
0.0109836195034146,-0.0130506747105331,0.0262646903467541,-0.0212774248998587,0.03603154461647,-0.0329593890553877,0.0561179477481315,0.00179366232280762,0.0809296053269514,0.0270651716414506,0.0154516738157393,0.0227163775209549,0.0444697099657602,0.0308273102268113,0.0769948666326211,0.0221138201527829,0.0896612572913821,0.0165253939850991,0.093959197786391,0.00616719829002756
0.0118799254199073,-0.00939905321892933,0.0325585284209066,-0.0189494692731679,0.0450556974625608,-0.0247860051101554,0.049693475842977,0.0124207449580468,0.0925029976885866,0.00491940453782107,0.00968506814141817,0.0107936470062231,0.0343999759862563,0.0219354289262802,0.0530069186113275,0.0314025981342283,0.0717316255155088,0.0251862420404241,0.0744859730425617,0.0274014690974561
0.0124049070250117,-0.0122314335569966,0.0415371866724068,-0.0235744400038327,0.0504061481431885,0.0318269791678958,0.0911526722947237,0.0116273643877836,0.0979337731737441,0.00261963606518691,0.028795369458753,0.025792961784013,0.0576149451072129,0.0277481321204562,0.0731124586091241,0.0330780900849721,0.0901456613531275,0.0184729144181996,0.0935127855945898,0.0112542219119593
0.016669418939056,-0.0197664432254682,0.0255107936271248,-0.0252324108018118,0.0439974867464982,-0.0249314594150791,0.0559313177612596,0.0178162608717887,0.0819857515957629,0.0103944312522349,0.0128926194523127,0.0109527774518994,0.0299817000443265,0.0261322463380116,0.0602195912784809,0.0312029699112614,0.071048676142165,0.0218171753187151,0.0858638842170519,0.00690893289080247
0.0228890488331361,-0.0172835862818102,0.0351763008158679,-0.0315451253302395,0.0500977253031885,0.00955673087532102,0.0797205776510894,0.0199623398479714,0.0970872505958519,0.00276354978785667,0.0187277152288863,0.0176526302476048,0.0369168668903119,0.0314859505915962,0.0557555676600336,0.0262441589072104,0.0698255294229015,0.0321204788837826,0.0870607320326549,0.0139255248385266
0.0199903600138829,-0.0206191005832537,0.0446301742887356,-0.0173902272258024,0.0501081730602157,-0.0222169857801593,0.0649205473373597,0.0235707989438058,0.0917213769782916,0.0127349170440579,0.0185387980270308,0.0234179029301372,0.0442095607971397,0.0379406239553416,0.0626205942124007,0.0411045119802864,0.0820247180281694,0.0268762469498373,0.0981569183679476,0.000244549057884247
0.0215787725894747,-0.0214548071958919,0.0433098544112135,-0.0305659191768468,0.0607313631373287,0.019579200391591,0.0922498590700563,0.0102074045066743,0.0982441291946328,-0.00195212598744274,0.0232742944596343,0.0177061587925266,0.044724811151163,0.0279661636006395,0.0742744010928707,0.0287528866707,0.0877202581922021,0.0116746514119642,0.0937609394770784,0.00298905468148326
0.0196352847961051,-0.0269871523830076,0.0327235253043702,-0.0348111845748149,0.0539994592820832,-0.0216955743338221,0.0787891795510051,-0.00422466135899199,0.0874520421395458,0.0130396602427284,0.0200729462028232,0.0374050661907877,0.0379575516430088,0.0338857914099656,0.0711399620374364,0.014874832816375,0.0971667826959049,-0.00314271850619188,0.101633373004108,-0.00923436845164522
0.0282552423137281,-0.0278245800198326,0.0448364638261951,-0.0206388459558933,0.0551641342162645,0.0303933502920553,0.0903111541170432,0.0132320159817252,0.0993600949408329,0.00172556260901504,0.0114827267951925,0.0117541660923219,0.0387456171605058,0.0252370785924856,0.0705436597761914,0.0281465345577709,0.0880042369170571,0.0211116137949559,0.0935941576131485,0.00866649899081367
0.0231285390103538,-0.0215931629684638,0.0474372689001979,-0.0219599388887831,0.0547492379840592,0.0155445584980337,0.0813697135286371,0.0164257238904156,0.0955052256515053,0.00257030021971896,0.0198324486098434,0.0054604723356647,0.0469710527175968,0.0247159148991533,0.072873815255495,0.0343862830869613,0.0864736078663861,0.016082551848332,0.0948481920613536,0.00603193907152905
0.00784555861675206,-0.0102524925435,0.0309114364909265,-0.0212064726088534,0.047302250406226,-0.00469776396772735,0.0770818899027839,0.0147752787902308,0.0953286229978637,0.00526075637157543,0.0148220181448974,0.0124315246891201,0.0480643093547109,0.0247895978529668,0.070154299576445,0.0321052254995711,0.0885316990838447,0.01951978165546,0.0940755727547794,0.00643052044459673
0.0139220246888846,-0.0121551460690796,0.0327683545865846,-0.0271070354180299,0.0360366292011781,-0.0261534118757538,0.0396620354414002,-0.0189719428674091,0.074275862433807,0.0141276417271957,0.0128853561677824,0.0257116298444851,0.0348292786363378,0.0292826566000578,0.0658515055307149,0.0279204310976228,0.0804690100277435,0.0235923588382229,0.0949629538909099,0.00619671991052556
0.0197581416120662,-0.0236103948693622,0.0370189472239379,-0.0261653302750527,0.0493290435764324,-0.0277190201787658,0.0750760896029309,0.0129138139711435,0.0976826799087191,0.00520449694115581,0.0253694064075771,0.00481959444123608,0.0452456075827884,0.0216812315901055,0.0742191683612028,0.0244725286950071,0.0889201380182401,0.0170308282534651,0.0931270000264709,0.0105657243207806
0.0138596916942807,-0.016397375988845,0.0347377199212404,-0.0280546434325828,0.0480305019318785,-0.0269975682927674,0.07155764148629,0.00610617929552921,0.0979585933879144,0.00279705600017109,0.0246609297658025,0.0115251008109796,0.043965507242796,0.0211246896515472,0.0729880720222141,0.0220064275113112,0.0885552984248944,0.0142405292680403,0.0932870492762995,0.00967430535983867
0.0254008487693704,-0.023396783573469,0.0421634492190024,-0.0268250891763311,0.0610493012687359,-0.0269414803400091,0.0884872179961548,0.0139153200200083,0.0974251078411997,0.00385100781646231,0.0256378009951517,0.0142616233072705,0.0520946388181031,0.0281760203708,0.0734428941557421,0.0258886666071748,0.0835040469368541,0.0213640436554235,0.0926803271093629,0.0106726166770051
0.0204194536708365,-0.0204878205053097,0.0312899253343931,-0.030446141555102,0.0379375552068904,-0.0282750912688356,0.0576834146336062,-0.0237388684567077,0.0788419472934859,-0.0085235667138154,0.0122781375204668,0.0189823850491367,0.0281855551798549,0.0258175654830496,0.0513322211739512,0.0343250345884173,0.0733144015285131,0.029532043316589,0.0952215937935432,0.00882117110160275
0.0145031728848686,-0.0177421099590898,0.0344595061973372,-0.0264490938990451,0.0558516133699101,-0.0256138649823319,0.0784292276332296,-0.0180061159464724,0.0926759968131333,-0.00570697965791678,0.00975701911640528,0.0135315075473917,0.0342314108651901,0.0318633572722336,0.0578969029314802,0.0359058483986192,0.0810431751095651,0.0208055214178005,0.0943361614636701,0.00771466877171581
0.0139154469231507,-0.0146068562689103,0.0322828774746897,-0.0282906449771112,0.0467514528285245,-0.0288406753347176,0.0618153720713081,-0.0252774220885735,0.0862701418280958,-0.0124098259148452,0.0202675312196895,0.0249993406191407,0.0468023852349108,0.0344442321439857,0.0724564034157548,0.0255197385412327,0.0906697790194679,0.0106873432006002,0.0977255762176504,0.00242938977866954
0.0235410579646729,-0.0203331358069183,0.0339135547984929,-0.033877646195711,0.0516576210054083,-0.029108320299767,0.0756479217736036,-0.0170662089531332,0.0881871235656916,-0.00419582368278796,0.0182434507556644,0.0178719001571927,0.0409761402587097,0.0311376304499646,0.0571563997430131,0.0294757956302657,0.0756460708213155,0.0220979158086046,0.0921200732226953,0.00803846633003369
0.0228637007424196,-0.0196796292764636,0.046938300856788,-0.0260555483745459,0.0587763114948251,-0.0296841578779963,0.0787182379779214,-0.016362067429467,0.0905989969531975,0.000405773291988814,0.0224877285495623,0.019075534934037,0.0560539557335734,0.0272557575296971,0.0753146679168886,0.0317107670011379,0.0912499584629149,0.0181222932333373,0.0965256468996658,0.00777453445336703
0.0231015227697497,-0.0178259161069413,0.0437109031183404,-0.0310608700618001,0.0645030838808335,-0.0234705743845592,0.0900476102544468,-0.00591896933632428,0.095370736403929,-0.00396731505908244,0.0233248085617479,0.0234639986576316,0.0571299723758077,0.03566969730741,0.0731954848809819,0.0322928672431694,0.0903576136009231,0.0161735317160787,0.0973217305369325,0.00580481880465122
0.018367915571256,-0.0155270188990019,0.0347925343914544,-0.025651319312607,0.0495947039710067,-0.0308562333344795,0.0748534517646543,-0.0194237173165591,0.0936876423983344,-0.00654364421131743,0.0144879198051226,0.00717912562504815,0.0376517133548339,0.0138094693947449,0.0578712929135935,0.0250735039393215,0.0754273512333975,0.0208089983431798,0.094811156428911,0.0105471645393108
0.0121461635377593,-0.00941092118067088,0.0331808764265981,-0.0293515917820477,0.0561083601945769,-0.0265538232536301,0.0878348524555645,-0.0113074762124269,0.0990681608647382,-0.00739089677725078,0.0121740045472512,0.00955101786224364,0.0346164801768944,0.0204031381543154,0.0604376779236327,0.0286387462744086,0.083710094740732,0.0172072695944013,0.0950972942118364,0.00291734257354547
0.0153011881114618,-0.00982990750419754,0.0354736652438649,-0.0285209826798231,0.0532646354198359,-0.0304457555357082,0.0796113277386032,-0.0144009752064127,0.0951800916706371,-0.00345051739608074,0.0270980638818702,0.0196538439311321,0.0534995409787541,0.0353635094509971,0.0766732364737156,0.0387788324719564,0.094399447507559,0.0185098091234201,0.0984744391252152,0.00774487886428655
0.0171791662261552,-0.0135465290419111,0.0320052058284432,-0.0269558149558077,0.0485753653352477,-0.0302847044720514,0.0675978101183424,-0.0213106343372772,0.0814534704445779,-0.00590229225697971,0.00836920551399357,0.0127155446085753,0.0336441379311343,0.0248640107583609,0.0546592806452983,0.0352585724526194,0.0797685690119473,0.0161410775417165,0.089741058616525,0.00777768708403372
0.0158819097458293,-0.0152210944352368,0.0334274717125812,-0.0301216703749796,0.0469566297881904,-0.029687592142731,0.068437337491115,-0.0209754149553067,0.0846551452876858,-0.00463231263227111,0.0158171690267054,0.00972252113151274,0.0443826369283231,0.03272675446596,0.0672663536133881,0.0334391839815501,0.0848516224488306,0.0219431422121175,0.0982889883510001,0.00330827019894154
0.0179848630899891,-0.0163794898028175,0.0345075834228167,-0.0250373674437181,0.0561560528109041,-0.0280457981969134,0.0730648044286522,-0.0242782269884438,0.0932292111180831,-0.0107295336920495,0.022062198059819,0.0195539389937873,0.0504607692985952,0.0326269840945534,0.0720873934316436,0.0311717938202606,0.0879635925369411,0.0156635446237801,0.0958922870508367,0.00605042624252823
0.0180815099827615,-0.0194895836471518,0.0420855909088273,-0.0268646672851584,0.0745115535651362,-0.0147215697789959,0.0944359320044507,0.0042792799517423,0.0985669420092996,0.00506974890154371,0.0194074516026678,0.0272855200446584,0.0382898490886842,0.0371857655333751,0.0591045289594116,0.0354465506370612,0.0803291014851063,0.0204354952746764,0.0927613419673551,0.00784959769327441
0.0177345589449281,-0.0161006473229684,0.0363772546953423,-0.0303851440314706,0.0664067551136432,-0.0224882603757214,0.087536281632343,-0.00865186365546615,0.094311395596674,0.00686836641953905,0.012141617452745,0.0158598313142553,0.0388136042340942,0.0367715015822294,0.0656232967571223,0.0315349660685129,0.0857614274667436,0.00965244755905673,0.0918161658046244,0.00414818393129753
0.0138874452893579,-0.010061264951992,0.0289030714765032,-0.0265972517453822,0.0437482309390194,-0.0259527254930948,0.0648808286016218,-0.0179107400861484,0.0836787421679633,-0.00237614269801235,0.0200573703198014,0.0158983693315598,0.0413632721440865,0.0256570087381345,0.0610576063472038,0.0279810493268799,0.0807766380573221,0.0216935249743758,0.0960218377938809,0.00279393468496962
0.0125966178376341,-0.0140249103277795,0.0308266640560404,-0.024432837345968,0.0447672678307178,-0.028203972675459,0.0693036054955089,-0.0135636539311478,0.0883483964931323,-0.00521940579829559,0.014853619562367,0.0173589471933647,0.0377163357004129,0.0363980655786833,0.0586933178564643,0.034200441445458,0.0827329007973012,0.0192905408085777,0.0943531966947886,0.00405810618525484
0.0165805776318343,-0.0131142892762633,0.0319964705627665,-0.0286368683056373,0.042370966985674,-0.0259197880152514,0.0670925594204898,-0.0137409707931922,0.0921696262008086,-0.00224016564087333,0.0182479493191022,0.018738886282906,0.0547252436798841,0.0379234456582104,0.0771142022670169,0.0339079995977321,0.0931461982867453,0.0151567584490103,0.0986124760655248,0.0031613975022857
0.0153470918421385,-0.0121743835390005,0.0381382397185996,-0.0306159775463559,0.064021601122569,-0.0251793683093357,0.0891870640412959,-0.00611677515191325,0.0988843575231172,-0.00254827277705281,0.0343214799587,0.0133749461024852,0.0706574155855488,0.0285331836523119,0.0915090264082418,0.0139314856654341,0.100270345472058,-0.00491826329582021,0.103044057025394,-0.0108473178375679
0.0236905180337997,-0.0187099431907262,0.0438072030493384,-0.0302152448975758,0.0719964568673161,-0.0246472109538202,0.0924710098605867,-0.00344466240000833,0.094239642195485,0.000604731710818699,0.013852257884464,0.0106481628734407,0.0385346470929702,0.018741760339359,0.0628929620880053,0.0239905574027783,0.0777726824480431,0.0232520306506056,0.0948921389645552,0.00512665354775788
0.0204754829990661,-0.0147074881628899,0.0354482103780958,-0.025776835977233,0.0568995259368975,-0.0235158824324565,0.081731967972278,-0.016053457203759,0.100309016895451,-0.00790536305661851,0.0169823850678186,0.0210447514029483,0.0422506315312975,0.0405837586698551,0.0653925930032865,0.0384480481727224,0.0894713841148309,0.0161867510261141,0.0960127407167244,0.00944712952105311
0.0188038830570318,-0.0175877672325114,0.0386089432559906,-0.0277988286630886,0.0638602637616937,-0.0170070176447913,0.0833622203769471,-0.0104326658345576,0.0947846052154387,-0.0072827296031749,0.0348807087024181,0.0368203530095213,0.069778074806191,0.034588306928428,0.096393433035802,0.00503802774982005,0.100002195473488,-0.00379957114035095,0.0998880967622198,-0.00741067844452891
0.0200410128770847,-0.0172839530477587,0.0377135264541946,-0.028267876760364,0.0666637178179654,-0.0264915169573045,0.0982878961327164,-0.0152172158924743,0.0999342588831651,-0.00555426308069318,0.0295109413445581,0.0328697213840291,0.05464082663933,0.0433355875652633,0.0801384100414611,0.0243277100358914,0.0977986717206065,0.00531461114526158,0.101780207229701,-0.00411778240472005
0.027495701418044,-0.0241563688309823,0.0477261206721237,-0.0305310610291943,0.0705658132058826,-0.0249051622884682,0.0981704720283426,-0.0120144531143507,0.099204557816798,-0.00704394687189279,0.0333979503042684,0.0398850354817711,0.0682948287003389,0.0332120751741209,0.0976440719250389,0.00339664785462578,0.103704077339777,-0.00679073864093102,0.103521714902503,-0.00681746261097962
0.0200597590283791,-0.0163495579147485,0.0396299410511302,-0.0283250331909498,0.0546991642110286,-0.0290273570916316,0.0690780847595772,-0.0204623050395275,0.0874144121278693,-0.0056307524781464,0.020758159691772,0.014043009487474,0.0509089123988684,0.0295650992027283,0.0691143708780646,0.0324970632599894,0.0834840637063095,0.0253452820153641,0.0968803500137748,0.00993948209984437
