u1_5nodes_1,u1_5nodes_2,u1_5nodes_3,u1_5nodes_4,u1_5nodes_5,u1_5nodes_6,u1_5nodes_7,u1_5nodes_8,u1_5nodes_9,u1_5nodes_10,u2_5nodes_1,u2_5nodes_2,u2_5nodes_3,u2_5nodes_4,u2_5nodes_5,u2_5nodes_6,u2_5nodes_7,u2_5nodes_8,u2_5nodes_9,u2_5nodes_10
-0.018476520495712,0.0152804865778598,0.0054469324624889,0.0178116442221371,0.027716822834616,0.00791938154416194,0.048065247219855,-0.000625663622703706,0.0546698306558177,-0.00418053718615647,-0.0343486893810446,0.0100450382399188,-0.0236455430153094,0.0107906962472547,-0.0056284176271869,0.0199764731348524,0.0151367775596148,0.0229070571589677,0.0309912905876697,0.0242402261123471
-0.0408655241128652,0.00867905289598064,-0.0175359033943051,0.0169539518096601,0.0203001029950928,0.0161118576275715,0.0239287477617646,0.0165283026277683,0.0388229415830207,0.00872585390671519,-0.0230767986209793,0.0315683856976485,-0.0206738789750634,0.0257088522401837,-0.0189274473981723,0.0287090457331777,0.0146914943910762,0.0391747295111606,0.0244423725960941,0.0322173814455988
-0.0055621177810816,0.01342265155585,-0.00224378865479681,0.016575223449106,-0.0019164451670824,0.0156914297897142,0.00413807981544823,0.0145018581242677,0.0194894736951263,0.00765522688275688,-0.0121408491819688,-0.00398796245849446,-0.00451671743888223,0.00129864702335573,0.00081668624479139,0.00455306970442385,0.0085244048648207,0.01163548392632,0.0127784067687301,0.0132485213679475
-0.0248689584001777,0.000525735665637362,-0.0150038848081115,0.00106720386587019,-0.00910100573335448,-0.00329089052657495,0.00997921573754412,0.000247517888232339,0.0262624918695404,0.006491279016032,-0.0118370024543785,0.0264339667470251,0.000272670151388648,0.0298266763860671,0.0242436091472657,0.0266047364772445,0.044492053746588,0.0113406878013301,0.0448559140178612,0.0105055360886258
-0.0476299396286832,0.0042231365274824,-0.0461479519386936,0.00383497746080842,-0.0237659108694802,0.00280824226087862,0.00693775852684683,0.0118331184295898,0.0129593781281319,0.0120385668679797,-0.0284985753786047,0.00857448500595892,-0.00546370412058333,0.0291403081266313,0.0113550784599608,0.0277797862485332,0.0143276128414452,0.0271190686917648,0.022676122049949,0.0189913727790036
-0.0317316118980394,-0.0204859430261609,-0.0208241195709552,-0.0250318661121928,-0.0102722404855446,-0.0257342498243075,0.00912661707379173,-0.0191170809758204,0.0221024820740212,-0.010317841595522,-0.0237902428011231,0.00410781468857863,-0.00182525207333547,0.0271762513144179,0.0164558571493278,0.0368233235528625,0.0270549885748063,0.0294702600979598,0.0383119231789279,0.0197456537704869
-0.0326777950993935,-0.0183305345978941,-0.028482018180292,-0.0212415338596415,-0.0247160958799841,-0.0250837276382836,-0.0147093722799334,-0.0312150155089789,0.0129811511278484,-0.0262907900473066,-0.0289595969328536,0.00788109939409516,-0.0233209629691585,0.0135552742734951,-0.0058993723312876,0.0277414097378375,0.00688227138250356,0.0285170027858132,0.0256755039902563,0.0236629374743482
-0.029941347499127,-0.0189510488203704,-0.0157083907767475,-0.0328450543008443,-0.00996363591320505,-0.0311628745427663,0.00139670171689484,-0.028436240826285,0.0289527773417878,-0.0162503125123343,-0.0246740108208578,0.0164822499358283,-0.00241340192844143,0.0250510986488306,0.0147691535139699,0.0200639277413071,0.0247356113346166,0.0313546143241296,0.0375790888834914,0.0235652777882163
-0.039170646258324,-0.0145748804360682,-0.0284923031521356,-0.0221997610898293,-0.0119335664803656,-0.0281517655989026,0.00824970436586281,-0.0232556373714654,0.0287865435739398,-0.0180959497859685,-0.0330745140928179,0.00510036244769704,-0.0104606535383447,0.0153906212326395,0.0115071376178612,0.0238055872246526,0.0227152885547672,0.0298042771000772,0.034138396037067,0.0186999209632402
-0.0409230649003305,-0.0114979720595744,-0.0305946050191532,-0.0229436409327015,-0.0176098970152867,-0.0244143485278168,0.0015778905391556,-0.0210271933635461,0.0247182606939757,-0.0178560518201383,-0.0325727787607364,0.0109805669588726,-0.00745350089411378,0.0259787059304979,0.0130862869777459,0.0321816381956819,0.0282428596085457,0.0279879010817698,0.0423674564493666,0.0125566961382359
-0.0309791899634415,-0.00983278166684638,-0.0213362270711416,-0.0219015426577731,-0.019711360887233,-0.0243558475800558,-0.0103949393535473,-0.0266977524038242,0.0126931656222339,-0.0179875520423115,-0.0254272672320523,0.00936330987495386,-0.00688742967628169,0.0193509337534239,0.0110717955348698,0.0336501774301409,0.0256313564160019,0.0275998387784735,0.0368376285457178,0.0129993589845258
-0.0365601077858623,-0.011397927243261,-0.0259168771186929,-0.0251231007341268,-0.0175737371083531,-0.0284983092259049,-0.00490932063046856,-0.0278511892194113,0.0241768216196826,-0.0179619781269072,-0.0337523604256385,0.01252560356618,-0.00722245201332127,0.0189324349204533,0.0127689789821846,0.0251024457596125,0.0270661295966101,0.0250265250518373,0.0396860021609336,0.0201411761178707
-0.0280450257117705,-0.0101484568149766,-0.020770665408075,-0.0237804058340037,-0.0160254472515535,-0.029030115715531,-0.00468476963101819,-0.0259467231984899,0.0127690068377471,-0.0166257104831923,-0.0295552850500368,0.0097785939104338,-0.019207961883097,0.0165137081817794,-0.0162566680145288,0.0194261698655444,0.0124609835378276,0.0289756870709199,0.039210727126281,0.0185777634783273
-0.0342518622275187,-0.00873929276250624,-0.0391143107600341,-0.01446787394072,-0.0329165293348602,-0.0152863057176575,-0.0271830218602652,-0.0139865930837533,-0.000890082185849124,-0.0117593413393306,-0.033406064790373,0.0165652256590638,-0.0278877986168671,0.0189309823720973,-0.0182359204293938,0.024419958282099,0.00563100754054331,0.0307030796826387,0.036792341860232,0.0223697022053937
-0.0380784172735306,-0.011601207481853,-0.0310719351755067,-0.0118859092210371,-0.0127663757758171,-0.0183131447415904,-0.00358627581148644,-0.0212599202637217,0.0145947332687005,-0.0106575788773583,-0.0345040787526808,0.0121732194654182,-0.0190345230388296,0.019075287188905,0.00661080490774715,0.0293351849362123,0.0153700687129974,0.028480659507718,0.0264974233012432,0.0271825815634419
-0.0408406663791676,-0.032652310791373,-0.0242622933346127,-0.027317941820305,-0.0214020894096951,-0.0268594865052621,-0.00323622248545089,-0.0212162486063481,0.0220527024824783,-0.0126592160590718,-0.043299039813163,0.0066713389112661,-0.0148703166701331,0.0231761612539583,-0.00335701519679105,0.0299626316951889,0.0170002008776511,0.033079085206091,0.0365911275487888,0.0228860421416246
-0.0291507946735385,-0.00466558961096146,-0.0139504269054015,0.000368213965848673,0.00688145053900186,0.00484492975812138,0.0303600643181364,0.00532342167231235,0.0429166472663501,0.00609285010744133,-0.0325678440030298,0.0126308916289379,-0.00992888685947701,0.0206223411130429,0.0125878817880866,0.02519233292874,0.0365001665976474,0.0189762588392654,0.0459875508016532,0.00710670659966669
-0.0474099695555153,-0.014521322564092,-0.0471917644706608,-0.00014297113344359,-0.036571981712396,-0.0262876418836726,-0.0184911680936704,-0.0221717430057861,0.00600000198010679,-0.0157552683101983,-0.0479759449763005,0.00545598752409801,-0.0309647956771402,0.0264506775722925,-0.00523228724197945,0.0343167845908018,0.0188872872856162,0.0374375446656662,0.034790143033398,0.0249300869831405
-0.0359960499013673,0.00281727959661059,-0.0288462023512954,0.00495994683588056,-0.0104543581974116,0.0147240646594754,0.00930353079665209,0.0140832212955365,0.0315940668192408,0.0103929783853602,-0.0339085602055342,0.00237969177759997,-0.0264104301529387,0.00794269205097842,-0.00402890978823812,0.0184404783819194,0.0139529334632218,0.0135696429889128,0.0407728186453646,0.0102489212214903
-0.0336242465226934,-0.0164923561537802,-0.028378066955441,-0.0222049405526742,-0.00417571548061625,-0.0119327926486016,0.0167487363292484,-0.0187712385229569,0.0380331189094391,-0.011159838370012,-0.0291015773108509,0.0133588028714969,-0.0101121808827918,0.0211791162419175,0.00924297457515947,0.042319012840985,0.0299354105829496,0.0221412296761918,0.041060677374689,0.0131889555929548
-0.0321606970808839,-0.0234708381876012,-0.0348533758651397,-0.0273170616312009,-0.0295798895578526,-0.0299445056269549,-0.00877925486651848,-0.0261090640362643,0.016493565773828,-0.00590150449292948,-0.0212412187501976,0.0329683008079322,0.00860758423551014,0.042734401458869,0.0318395200942515,0.0329147209991975,0.0356514153655303,0.0222371559416576,0.0417692760277295,-0.00812049272873362
-0.0367362363271547,-0.0196167273836664,-0.0142223845746719,-0.0201177800817142,0.00110710802399027,-0.00828826351969582,0.0104569617872619,-0.0118820578565454,0.02611952458544,-0.000342842593797319,-0.028337001893359,0.0212949567830593,0.00102767357153784,0.030460738169493,0.0129626350343754,0.0324210703644002,0.0211393194329418,0.018848177545848,0.0271022847268096,0.00628782839678986
-0.0289246011862065,-0.0144822525074585,-0.0216907057950168,-0.0188596836798848,-0.00726193375229711,-0.0141289163465707,0.00502184169858385,-0.00266393935592865,0.0254884411368564,-0.00356987843575369,-0.034331403663645,0.0141832012165779,-0.00366418364696652,0.0290944056235796,0.00887060707358178,0.0332266765595165,0.0166274324035021,0.0375869147856498,0.029532096314346,0.0219458683118219
-0.0374351694867948,-0.0235447203286162,-0.0428615361364994,-0.0377928580221457,-0.0188697782662565,-0.0225775373925605,0.000490788367014363,-0.0127385929980318,0.0147329528659357,-0.0118871725761051,-0.0188493863508684,0.019391067323342,-0.00114300909507371,0.0230980532896762,0.0101875115044394,0.0194028904222599,0.018931504438778,0.0177673811296443,0.0343596218680407,0.0145061193807088
-0.0394640505276403,-0.0319105312474615,-0.0294292160996487,-0.0294115665349704,-0.0161248058971009,-0.0287292264575881,-0.00509468482036781,-0.0268569842306424,0.016624904800811,-0.0145574085619811,-0.0201329553779534,0.0369439385816923,-0.00980869700973153,0.0384418190058296,0.00668166640813711,0.0271378753983106,0.018802568422679,0.0284038450553411,0.0266173024438926,0.0293803123861885
-0.0291884400795292,-0.0130239430303268,-0.0270278473278955,-0.0180321528381929,-0.013360242198595,-0.0271314276960533,-0.00168858849066733,-0.0257465332185288,0.0154486227844276,-0.0191877405636172,-0.0338251034180207,0.0264873797624837,-0.0134780791783662,0.0310670404227721,0.0103104924029116,0.017709918050649,0.0221648801343238,0.0280826307807799,0.0255526583631108,0.0293222398775321
-0.0262962491751477,-0.0105201187853024,-0.023685712692853,-0.0204762102453517,-0.018850342953489,-0.0275726234001492,0.0033995215409469,-0.0211635734929496,0.0277135310847051,-0.0123932308682085,-0.0199251281408507,0.0150183224447555,-0.00422833322102702,0.0298086139078792,0.00525762721169784,0.0270763605738665,0.0217219697858602,0.0298012658223961,0.0408683741986864,0.0114921371963877
-0.0388549054803646,-0.0225409346603727,-0.0178146576337707,-0.0283636867677665,-0.0137566550232403,-0.028694871297621,0.0034144973445451,-0.030334945699768,0.0304571537108353,-0.0210250701165405,-0.0216224676636617,0.00800394381685705,0.00236310022477513,0.025649702585964,0.0123217161487858,0.030946142422331,0.0251578098753229,0.0264751966822542,0.0369944386180832,0.0156386470252458
-0.0417772396666636,-0.0188049498251661,-0.0333802691202872,-0.0299149562315516,-0.0112241562722923,-0.0257520208815591,-0.00229180699300943,-0.0272019026705954,0.0167645670185883,-0.0184319839417033,-0.0399059021871547,0.0133555771178202,-0.0104390244835257,0.0302087602624946,0.00548732578386475,0.0336636613110138,0.0181714676579168,0.0354935581401789,0.0269933395660724,0.0238377450547292
-0.0456904336198217,-0.0189344084919412,-0.026255549059765,-0.0250272748094845,-0.0117269161382077,-0.024732866413608,-0.00426830003696457,-0.0281221460241769,0.00685017080944996,-0.0272497601065524,-0.0162566666300303,0.0234969187451503,0.0351420192528278,0.0220438762757714,0.0312836890498396,0.0188235269136124,0.031850675141024,0.0172398776775413,0.0384958225872543,0.0106431251552921
-0.0391460269075784,-0.0144094087396286,-0.0227361254485528,-0.0166773345534873,-0.00851991915392502,-0.017849419960348,0.00779336139761838,-0.0134505068493473,0.0363347409479388,0.0184431314638717,-0.0219567886096756,0.0241305177894614,0.00140245418263981,0.0371677907351169,0.0174677416532857,0.030286145707804,0.0263872890094938,0.0348017416605171,0.0353422009759628,0.0265142222887573
-0.0353857618430569,-0.0111698182713632,-0.0251217528467811,-0.0216032302981331,-0.0107725559696487,-0.0306885084969864,-5.65420041997368e-05,-0.0315524144096618,0.0175094313911861,-0.01066216484742,-0.0282424153648721,0.0100887765288533,-0.00903777874139901,0.0292297228614172,0.013598786276192,0.0241065530112627,0.0249883106148092,0.0275401831099236,0.0373358798233868,0.0135421960419732
-0.0445508646882653,-0.0323859236986552,-0.0324080154950827,-0.031240241908036,-0.00818747069643635,-0.0232673951594636,-0.00227613167317743,-0.0263487149737966,0.0188454875567202,-0.0172300433488321,-0.0254049747258651,0.0420535823541274,-0.0155652958613204,0.0386542636211868,0.00857955622742097,0.0254636433632045,0.0205253216025267,0.0323454318466351,0.0327545737032635,0.0199521563084148
-0.0304448608973939,-0.0112299028717874,-0.0205818040992762,-0.0177326321842878,-0.00815263902003301,-0.0252124364425172,-0.00226701496034066,-0.0266038629636894,0.0228209486697871,-0.0213957463926126,-0.024668011944524,0.0118400058675442,-0.00389168550797012,0.0319604927498492,0.0117784338403587,0.0351932281189254,0.0191916441845551,0.0295994430897906,0.0292872034656778,0.0176675083871192
-0.0387810704138807,-0.0161508889459033,-0.0281328998732011,-0.0324734203848288,-0.0227239857624365,-0.0303234531498566,-0.00820294335745536,-0.0303535904211776,0.0175225024589374,-0.00837854830395001,-0.0321349348758969,0.00955669173934903,-0.00650924914317066,0.0285882102440983,0.0102657634561569,0.0289458287828756,0.0216082116569998,0.0283211912296027,0.0315939556490642,0.0128457153111872
-0.0274534710852607,-0.0220365086678281,0.0006912179580813,-0.0216854376511422,0.00821392700196234,-0.0223650644256892,0.0469068239449857,-0.00419756583604028,0.0540983403700568,-0.00638290280210688,-0.0406313978414198,0.0201798230166798,-0.0113851766185197,0.0387879257929908,0.00878598869746151,0.0371491559986378,0.0246922252772856,0.0212009586676352,0.0269672677422519,0.0205048143627541
-0.0363399948830051,-0.0129063447840904,-0.0350401824791515,-0.0168674227090023,-0.0233325348849607,-0.0278918616445602,-0.0193925664136048,-0.0283399923550249,0.00417304680310466,-0.0224035594513524,-0.0364059152256913,0.0149018847337516,-0.0152790983987665,0.0242589528404431,0.00465039355876269,0.0287866495559024,0.0170587503271734,0.0303788498270494,0.027164310487912,0.0216111452799967
-0.0381796851691012,-0.019386022792879,-0.0247913677762267,-0.0282104549940538,-0.0124437381833283,-0.0311349636258696,0.00246446189837383,-0.0311069358519596,0.0289494120073305,-0.0238963088824815,-0.0382315647696867,0.0260079051400423,-0.0192594773836687,0.0307209333041087,0.000626435483520217,0.0331167561966618,0.0224143143374296,0.0265956240621294,0.0423594285208503,0.0088263831901876
-0.0318230459647686,-0.0281461710429799,-0.0164257911980433,-0.0339392568886886,0.0146635978144129,-0.0204162423987397,0.0487689897590595,-0.00749225824494828,0.0535431116073567,-0.00733363062046021,-0.0370880309348845,0.0205286568170883,-0.00977057587500581,0.0210094731123342,0.00838834331308025,0.029519664558811,0.0204421710282172,0.0283721873967948,0.0340172357950596,0.011103748825454
-0.0437040535244785,-0.00565690627879656,-0.0441058205384584,-0.00813484887400408,-0.0316999568782101,-0.0221837472301099,-0.0130280204118301,-0.0291038674851327,0.0135863212773881,0.0026690945311476,-0.0391551860374625,0.0179084040225699,-0.00902307220480834,0.0308556433193938,0.0150043799961029,0.0232068421582019,0.0191131687384384,0.0192507660799555,0.028019269013862,0.00885803231638139
-0.0463167640234557,-0.00252540837475697,-0.0374570686279182,-0.0100233287330615,-0.0210632804440073,-0.0252597251652448,-0.00739974552649806,-0.00696290194692252,0.00985320219617117,-0.00990542545622939,-0.047999857487471,-0.00662248508399983,-0.0479415216854282,-0.00669489892159884,-0.0311311288329921,0.0123297023075329,-0.00173649891083392,0.028698415632537,0.0174261743036076,0.0280288027570277
-0.0348434468642233,-0.0115882873288312,-0.0277581131628854,-0.0226466378585665,-0.0115975944115442,-0.03254758569974,0.00344834286084841,-0.0352776517418027,0.030007503279749,-0.0267572156258397,-0.0451891890777209,0.0104674394474271,-0.0153643791679883,0.0292282725497334,0.010215476755325,0.0265151137777196,0.0257074920613282,0.0341808537844055,0.039894195107418,0.0162662590412056
-0.0401663363702794,-0.0116062217230299,-0.0243583154162633,-0.0216594569236787,-0.0136208725093827,-0.0258987913644444,-0.0058544195899847,-0.0285769316111783,0.0146999371036935,-0.021762613882344,-0.028586232268581,0.0165862259690402,-0.00828373450675221,0.0292915460765354,0.0092959477688399,0.0361740930519931,0.022700427323484,0.028687084684605,0.0344139620802122,0.0146191917376467
-0.0399944805778104,-0.0121582804054361,-0.0280333507257151,-0.027421178585222,-0.00998677410769005,-0.0326506695788886,0.00189961906975584,-0.0267158474639049,0.0173026691441626,-0.0113710237189007,-0.0361785534259266,0.0129000552924811,-0.0108875629919982,0.0245992655839999,0.00695951304878703,0.0242367406235968,0.0223092819507917,0.0246480888766263,0.0328735636691869,0.0153233290411353
-0.0336062072571842,-0.00615219235660467,-0.0292232564096164,-0.0182732458594193,-0.0102766517481046,-0.0268376917134114,0.00217932815182831,-0.0291141350361615,0.0247923009682126,-0.0193595633963796,-0.034243374326238,0.0154085099904714,-0.0114735021492671,0.0394280530237114,0.00453625805314027,0.035743166336952,0.0168028385916207,0.0312350609908813,0.0311487486343265,0.0165500804507462
-0.0288150252779511,-0.0131842162438828,-0.0169150084913467,-0.0231476781189757,-0.0141891385821376,-0.0238133304820648,-0.00150299716027309,-0.025698675526448,0.0228967306245613,-0.013196896799631,-0.0229418476292078,0.0136980341642789,-0.00923961426048473,0.0291020839230488,0.00667478697256743,0.0347977650781794,0.0270059333972939,0.0260831263123947,0.0349105872149663,0.0104423187904999
-0.0340215534508606,-0.0105191445319684,-0.0234169213417364,-0.0281976302984868,-0.00660736292396615,-0.0278059099976828,0.0128128552584952,-0.0214142188730703,0.0259364380153004,-0.0055329277719734,-0.0288639874730914,0.0168363554151188,-0.00858596440629027,0.0254541233758247,0.00573608601238637,0.0277072352321148,0.0233494400498688,0.0220967600883811,0.0330033454819627,0.0111345610940205
-0.0380728341419157,-0.0146110602577599,-0.0119309525304476,-0.0255209443156418,-0.000353270262886148,-0.025161405624484,0.00833459109915616,-0.0239992663802998,0.0304715984172166,-0.0160682934757821,-0.035680161242589,0.0163651236547554,-0.00679021451925396,0.0274832989328527,0.0111463208326384,0.0282985305221065,0.0270992773069464,0.0341594921457777,0.0370739028279364,0.0192800052902392
-0.0410225597337767,-0.0198218453144186,-0.0328555291147497,-0.0279195697425032,-0.0190873746925328,-0.0312028076393933,-0.00737118622919164,-0.0292153255359573,0.00687321435109486,-0.0259689488758126,-0.0409620166921995,0.0197337960208285,-0.0170845893905543,0.0204599226478365,0.000683041205868814,0.0336044264022663,0.0172760704493606,0.0298901656406283,0.0350516232685812,0.0124088305197118
-0.034984806938372,-0.0215492501906706,-0.0245801361512966,-0.0242550792586948,-0.0173314887145174,-0.024403907111116,-0.00355511331716868,-0.0198624228740536,0.0205180791232205,-0.00823273752658409,-0.0328094173783806,0.00726315696796292,-0.0140941373503727,0.0252370887540759,0.00742192031321736,0.0293669116335438,0.0216730004406007,0.0299791507186334,0.0346608233243833,0.0156525388702394
-0.0276558299831841,-0.0186776107529323,-0.017888069867323,-0.0201278600653613,-0.0047335529425487,-0.0210334592488961,0.0112781757349154,-0.0174264970490942,0.0256725254149605,-0.00548416855738806,-0.033919058460806,0.0157607888150022,-0.000717035560815541,0.0319918641585858,0.0152756520485863,0.026140158599621,0.0249285132094867,0.0123718723786398,0.0324476612013181,0.00465362960397051
-0.0355829959411255,-0.0190418784967188,-0.0168154086749835,-0.0250726736051761,-0.006881558684759,-0.0284793860500507,0.015055291545567,-0.012345185268412,0.0301739769578543,-0.00770308193976319,-0.0340368788361366,0.0238530660628312,-0.0163545571529968,0.0340303335798834,0.00447963005711945,0.0322482902197481,0.0203677847636146,0.0229264221576771,0.029749261473553,0.00742889294260119
-0.0442205160586097,-0.0188792355540369,-0.032299668297639,-0.022326269583749,-0.0140383783968122,-0.0234804699071178,-0.00206162968257614,-0.0182524459416691,0.0222600754437469,-0.0122332078633148,-0.0369917244939264,0.00662911245724181,-0.0215211181983441,0.0241450781469774,0.00309563914913729,0.0322674352928978,0.0164152801583098,0.0341982382825825,0.0298131002394495,0.0236952372737915
-0.0375001414707367,-0.0107955989769737,-0.0249381624518009,-0.0211244173468171,-0.00979159385029424,-0.0294472923235467,0.00476741581338921,-0.0252468765232696,0.0205460198564497,-0.0205747065025068,-0.040519201647377,0.0199629695854711,-0.0140238133459749,0.0289282224152316,0.0107170802905323,0.0270985712058076,0.025820158900205,0.0225564831113844,0.0364930470275762,0.00466346013729668
-0.0406767137260901,-0.0120649246320722,-0.0310101572439917,-0.0213791837857042,-0.0208164706115163,-0.0248096445534947,-0.00173835041292117,-0.00553666546303655,0.0182029117257524,-0.00267469273374241,-0.0420653597617686,0.0107540482294818,-0.0250649220250903,0.0239591011331402,-0.00573809814989428,0.0261498267546092,0.00826781945340539,0.0368631840639066,0.0191126378889756,0.026435372551855
-0.0370259255347963,-0.0152186062018606,-0.0193767846342365,-0.0249114606299316,-0.00693835684033282,-0.0262445383756752,0.00442731788593688,-0.0207762200433915,0.0277098951389498,-0.00727592762758891,-0.0415448119582369,0.0204490993078766,-0.0160079116625373,0.0252415332563578,0.00425503128309805,0.0282837793431129,0.0177437438410054,0.0364032902062607,0.0299329779083155,0.0223350981243439
-0.037725470344728,-0.0107419746504894,-0.0300795761850313,-0.0249166487744792,-0.0173025547223501,-0.0302786285314938,-0.00552997468384683,-0.0293523401729767,0.0159429386961662,-0.0262314067003183,-0.0342145551955503,0.0183349470673452,-0.0145682317363186,0.0317201803143637,0.00573727070777476,0.0319610887655582,0.0261791591134618,0.0223930821576106,0.0368335965492781,0.00707055320015043
-0.034561027455611,-0.021346333763362,-0.0202884248101432,-0.027565005548327,-0.0156229828438932,-0.0282015804108628,0.00260304398673801,-0.0228605048783686,0.0279244968218457,-0.00648772990866977,-0.0287685241012999,0.0138508508773654,-0.00319024785621631,0.0253658132328108,0.0183229401740232,0.0331640696760771,0.0284272188331499,0.0168754484302747,0.0324883960935871,0.0061105237210527
-0.0398074460775927,-0.0164839861061776,-0.0286615241470353,-0.0271273119593278,-0.0148328055608553,-0.0294544009695537,0.00397607187845658,-0.0208734686602058,0.025250765337276,-0.00755640334740491,-0.0346910362944603,0.011461048298075,-0.0154493465995347,0.0360461135337425,-0.00237556552174313,0.0455419343734044,0.013180110064308,0.039177263882205,0.0310261201458858,0.0263529559529191
-0.0372132210366823,-0.0142407868333849,-0.0301557834133719,-0.0216850099742504,-0.00990023811010098,-0.0252515962784197,-0.00464735919713878,-0.0238152899551837,0.0143332728548396,-0.0109081086566683,-0.0346118883843078,0.00912860033187646,-0.0115147664858045,0.0245266395135286,0.00782081164980758,0.0300957680840252,0.0161640899401266,0.029820510763304,0.0318984318184054,0.0149603554375004
-0.0382711666962477,-0.0155994183039357,-0.0202524026493783,-0.0290988245622324,-0.00128952183520813,-0.0315220971141098,0.0150047321150826,-0.0262103794753044,0.0302566819700818,-0.0150646710735676,-0.0410868091351078,0.0123307945421654,-0.0133740234479403,0.0212993103294171,0.00881098039783571,0.0220058235531867,0.025319823402048,0.0145210495202449,0.0328820050292667,-0.00252057431587062
0.0089154117729439,-0.0282500555445223,0.0430725429729242,-0.00233904496912808,-0.0474731078425154,-0.00277967225853881,-0.0476669169849441,-0.00127571723556239,-0.0289079200802777,-0.0155635382905623,0.0358251934679388,0.0244325099619088,0.0379146254960828,-0.00112256076222581,-0.0484960591318511,-0.000378127184686641,-0.0480344659906043,-0.000550184064373404,-0.0331704752178756,0.013514189862397
-0.0256271847645808,-0.0255636519973303,-0.0175532924854235,-0.0312267466820819,-0.0151720999189334,-0.0305782458908838,0.000815196036987751,-0.0218169397797121,0.0320186130223546,-0.013251107118544,-0.0192014750521693,0.0112121421270439,-0.00854594025989241,0.0175247953289859,0.0108175964083385,0.0300127056562028,0.0351172720556723,0.018791624507482,0.0436605603833918,0.00875856504717025
-0.0320808655116071,-0.0142553456564293,-0.0152051060263972,-0.019448026137787,-0.0057740287041819,-0.0278448470910601,0.011768871158999,-0.0250503550114902,0.0309830861617957,-0.0167969671481652,-0.0237851390853486,0.013538192665797,-0.00589684619936726,0.0222715989408656,0.0127325315003907,0.0276666634117223,0.0335487661403192,0.0280784974412947,0.0416499095094977,0.0100807717758005
-0.02095640346455,-0.0155512514083698,-0.0109155326238123,-0.0192276503583315,-0.00978727299233871,-0.0258136801663555,0.00461134873633693,-0.025773552469842,0.02093923622245,-0.0180220425199859,-0.0224285410231002,0.0145519134548058,-0.00409564373286983,0.0319482217937812,0.00896068042847586,0.0308630713849975,0.0241067954348432,0.0242795030020012,0.0397540853018453,0.0101355204239996
-0.0375187834328258,-0.0141997532587062,-0.0228828757049319,-0.0232682212904207,-0.00707500151608086,-0.0267380078160081,0.00353920163720676,-0.0222867246831011,0.0224900408020255,-0.0136880140273007,-0.0442640093073813,0.0109446022250986,-0.0187373590180882,0.0244526921759384,-0.00290011035883651,0.0271835296573045,0.0140762548005134,0.0362366430112742,0.0295887939131005,0.0223847253185623
-0.0269903013083277,-0.0313333510108073,-0.000797756562339102,-0.0256859848291118,0.0280004442975727,0.00665068724116168,0.0463383647827508,-0.00410136380648934,0.0501937877388817,-0.00682841525497376,-0.0289967192081783,0.00339161633364141,-0.00965223812152966,0.0209648823682403,0.0128952042295097,0.0254379675585338,0.0252361261309483,0.0174140283866502,0.029512079276622,0.00853575106694392
-0.0439278969285601,-0.0114473712298374,-0.0320296967784404,-0.0272835188757974,-0.0147079267627495,-0.0294884472315338,-0.00512022848922754,-0.0280923396703606,0.0132750488316356,-0.00511424212088738,-0.0357130668754965,0.0234922826731658,-0.00672503829729921,0.023089472259485,0.0134243289609061,0.0207065613243575,0.0323675879313102,0.0119171711194221,0.0330954183881531,0.00409280355904116
-0.0400857196075103,-0.0208963918709362,-0.0304337561166093,-0.036421268074561,-0.0198717956840022,-0.0368656801560724,-0.00371978198364656,-0.0286797634802715,0.0132901413991178,-0.0137283070876018,-0.0467397978461895,0.0145925374114298,-0.0439486163367283,0.0183551882825696,-0.0245700042378808,0.0389772881226762,-0.0049365258579385,0.0380128855834882,0.0114814156298463,0.0241373453700287
-0.03365414993785,-0.0230142402576186,-0.0128778273969349,-0.0308342230503633,0.00942888597363864,0.0184678896255175,0.043464011186414,-0.0076258445433158,0.0536787092983986,-0.00355913141041191,-0.0370065697886555,0.013614409282962,-0.0099142480729036,0.037072161406085,0.0130097092644473,0.0220610193817919,0.016166708635217,0.0117160601404667,0.0338135363865839,-0.00723721844180042
-0.0286061248878776,-0.0180651969850954,-0.0233669013206441,-0.0394534149174243,-0.00792694514489624,-0.0185216141725871,0.00510628820894844,-0.011581998589979,0.0219204151056813,0.00587458921355404,-0.0309478966575931,0.0174812754645577,-0.0032361716506663,0.0410767540236958,0.00820582790850359,0.0310378689163717,0.0205873972384846,0.0177908519146819,0.0299657271967076,0.00608271710977062
-0.0329612104292279,-0.0114544484129369,-0.0182621346474525,-0.0242238164623181,0.000731039768902771,-0.0210639108705003,0.0103996102887917,-0.0158422941032903,0.029181079772061,-0.0167099390090827,-0.0418124432518785,0.0164096365790255,-0.017066095446453,0.0301042748269849,-0.00171116330331218,0.0328529596067869,0.0133042430842021,0.0272733097857556,0.024037079642948,0.0268818300967047
-0.040115259746797,-0.0119848764167762,-0.0287770330259205,-0.0256442942747152,-0.0173900172547204,-0.0256209952658788,-0.00633704666722091,-0.0257221623951146,0.0111974151409257,-0.0200343620856909,-0.0416308820761562,0.0218805177135784,-0.0152713645455402,0.0253139053575314,0.00187056537992342,0.0341618503209817,0.0236862876848638,0.0261209823305991,0.0387524000068542,0.01406233006911
-0.0372264166279901,-0.027236179291255,-0.0186479282173917,-0.0251297604412381,-0.00657968774105394,-0.0274759501278374,0.012799263952133,-0.0230930657977254,0.0310320309408457,-0.0181442339736613,-0.0330539775374533,0.0277973959761187,-0.00898351997660536,0.0386029621249532,0.00573233841837808,0.0381950009218834,0.029189981002549,0.0254308963416316,0.0415062930380495,0.0108848458735508
-0.0311427104497248,-0.00882255354365026,-0.0172557447401227,-0.0174855656233296,-0.0126442911307342,-0.0237695689439017,0.00232442870661706,-0.0260952854448429,0.0221744384838308,-0.0182531174471968,-0.0278892853457352,0.0136906619767026,-0.00614660486442991,0.0278708111651831,0.00869962647896243,0.036586224752452,0.0312195205720057,0.0257993683390751,0.0395367929974142,0.0146140993892972
-0.0381522452704995,-0.0164296930270872,-0.0243913335248247,-0.0266711049462128,-0.00765506005313584,-0.0305916413429417,0.00486296298330636,-0.0316788215965168,0.0289886746147925,-0.0274944858437805,-0.0342828835923904,0.0107000038412772,-0.0144040277735343,0.0258872309863694,0.00644309371625703,0.0247297370392384,0.0202209343829169,0.0338960467322882,0.0373326838779522,0.0191565922122489
-0.0362876687119146,-0.0142819476241424,-0.023733738909891,-0.0255433185896691,-0.0102626361230571,-0.0319046944383602,0.00528974282382488,-0.0282103968637472,0.0212417036399599,-0.0235297655054254,-0.0359999389644936,0.0182051185902964,-0.0200258683688519,0.0334469736557825,-0.00397933746092512,0.0322412403082764,0.0145305378399338,0.0398631225870572,0.0292624874650995,0.0256235056519096
-0.0363835407461017,-0.0166654074112428,-0.0225412319776117,-0.0242301916635378,-0.00943133685181949,-0.0276828917056818,-0.000737863542360434,-0.0267324770687715,0.0220375635373565,-0.0121318561839944,-0.0304085478112847,0.0206613869177064,-0.0146775376547496,0.0354617399590579,0.00311093328219223,0.0327683954412819,0.0209374938662828,0.0312077745007949,0.0350457316962089,0.0206388348528443
-0.0337867604986606,-0.0138541365396495,-0.0160043477693119,-0.0270156621440619,-0.00528547436971281,-0.0287108722947186,0.0121232631693434,-0.0243398756666493,0.0200280846215109,-0.0199716993177651,-0.0340065843740416,0.00979784478653707,-0.0120126809449174,0.0195879829672826,0.00773866188169038,0.0274729837110903,0.0247353454999322,0.0333144530646115,0.0344663824517729,0.0243680004517447
-0.0292232869582578,-0.0187361845655922,-0.0223332978293923,-0.0313563873875265,-0.0147198806764647,-0.0325422256691684,0.00066105108382969,-0.0213953590319591,0.0209177064469367,-0.00638207920053855,-0.0323341987750015,0.00926603440340692,-0.0183490668309635,0.0242480615413352,0.0084807622312819,0.030784528105916,0.024885242830441,0.0320546573766758,0.0386634473183223,0.0171868578105011
-0.0305611987452632,-0.0158168463099409,-0.0213560839703327,-0.0226648265959582,-0.0127024622748979,-0.0420286952233501,-0.0104159421620839,-0.0403694518822615,0.0153321175164834,-0.0327772221881907,-0.0374392595551273,0.0259641034588322,-0.0158807411486903,0.0379261524724712,0.0191891878488582,0.0292001866625026,0.0357995432616708,0.0249853663291576,0.0393729071589748,0.0182690865032358
-0.032069806295149,-0.00886344592575096,-0.025479319311649,-0.0198019310018996,-0.0163530144629371,-0.0208399699323041,-0.00270401747930172,-0.0199678288107955,0.0202583506505829,-0.0145818777760279,-0.034216142613744,0.0133202474699958,-0.0233725696580467,0.0267757204961041,-0.00664469720164166,0.0374952926494811,0.013997911924243,0.0376555590442482,0.0266777928707174,0.0272621035141739
-0.0323324509212192,-0.0156709677354825,-0.0266779392567519,-0.0212138394255316,-0.0140440576210608,-0.0219390143225051,-0.00142845582350944,-0.0214306154309075,0.0202248915003967,-0.0199704740372325,-0.027231387322649,0.0127795004443987,-0.00715105911069329,0.0293365997294502,0.0170660282157488,0.0367478328568531,0.0334056326202826,0.0214113450263866,0.0412496051121434,0.0106826182524245
-0.0378608532867355,-0.0161561346731631,-0.0260188411770793,-0.0216459703846349,-0.0160939420907565,-0.0229108098618856,-0.0051883268908742,-0.0220397869774745,0.0247067323713401,-0.0139683349963959,-0.0422134118955745,0.00939535164892947,-0.0243720897301238,0.0280030475441699,-0.00298998861236556,0.0349317139397096,0.0143630818988402,0.0396092331823755,0.0270409422262308,0.0246595767302192
-0.0420544031970906,-0.0123343326725311,-0.032249862850908,-0.0196924440794244,-0.0171149705128362,-0.0206128542345475,-0.00503988645043649,-0.021727577911537,0.0152227309390009,-0.0169323076530307,-0.019906136524641,0.0183036200355179,-0.00172234616618657,0.0303810774783863,0.0149994921720455,0.0337793412810137,0.030484509847956,0.0240648963585567,0.0408281980820362,0.00699294747084913
-0.0345461749815299,-0.0152538050746504,-0.0202339632273237,-0.0240697787288605,-0.00536520691297646,-0.022950715820324,0.00549501215029415,-0.0139387064569147,0.0348716880127022,-0.00327257693724014,-0.0309368463347142,0.0233595866912098,-0.0118054253754,0.0317309027262543,0.00650103327246692,0.0320249624586974,0.0248703606416047,0.0175339431286862,0.0333674770454506,0.00275334649053044
-0.0330458909415234,-0.00682587421544019,-0.0227310497058626,-0.0226657979134401,-0.0110407666347565,-0.0285953889426168,0.00993219093649048,-0.0174642830916517,0.028998778984355,0.00101191234425871,-0.0358952585548097,0.0200253207384681,-0.0125435611555609,0.0333662324542497,-0.00012363248188089,0.0371235119089182,0.0145880966897076,0.0344098712778227,0.0304137861234285,0.0214032443390926
-0.0427408041407838,-0.0117835178449551,-0.0345872494934259,-0.0251697329639624,-0.0130522420015046,-0.0310878906969822,0.00265482228201936,-0.00997775359923789,0.0218604651935268,0.00323757618718145,-0.0450194111199983,0.0141983027552281,-0.0212404177254332,0.0189547411771252,-0.000273876168530341,0.0201095178057209,0.0140728959938308,0.0309702432515413,0.0256473534187556,0.0213779701713397
-0.0412239448235225,-0.0136808080420699,-0.0325962859372386,-0.0212974477979521,-0.0220433493314424,-0.0269729215353162,-0.0062204863741833,-0.00191787576087274,0.0157456346497574,0.0178326474182503,-0.0458182619333391,0.01368688010025,-0.029146843613504,0.0176054650981277,-0.00791786767249116,0.0268001139540343,0.0168990615962976,0.0304676512420459,0.0370981040009307,0.0210340586226057
-0.0415976595401225,-0.0214385232748042,-0.0263328156360673,-0.0231144065665128,-0.00733396577659554,-0.00401454695929064,0.00367409177349056,-9.12897910532125e-05,0.0238645341921229,0.0191149716576152,-0.0359834257071752,0.00623909227995517,-0.0106398426943254,0.0333478216991848,0.0117950901485018,0.0111777612406259,0.0151751986998408,0.000565567752330705,0.0307858707915652,0.0322636136690251
-0.042931850830482,-0.015221946823422,-0.0404396077972876,-0.0213278935972389,-0.0212635779825198,-0.0243683121990122,0.00179098793486703,-0.0250737111815883,0.0286117270581566,-0.00885350089531947,-0.0289425064517971,0.0205716943187923,0.00127937308966409,0.0398472984882553,0.0200687448932606,0.023604570663924,0.0337827911700679,0.0286526540675347,0.0456709081290258,0.00360153554841997
-0.0417316568023638,-0.015942865477956,-0.0284316436852399,-0.0207617105808967,-0.0136983976675175,-0.0269379643251349,0.00420810734397823,-0.0216391420990358,0.0263378678669583,-0.0117355030402442,-0.0491032299476998,0.00412201369475846,-0.0331348216262456,0.0214324209803798,-0.000692424345725132,0.0302222635165097,0.0203091776491788,0.037973478975738,0.0351465429036001,0.0233368728446322
-0.0277387065900859,-0.0194154612414879,-0.0174680687205739,-0.0326682201109916,-0.0126387028905767,-0.0408746263685938,0.00720356198709551,-0.0352533071384495,0.0360533523091567,-0.0149437329275656,-0.0395858116312469,0.0257887436616578,-0.0254196296120434,0.0440307334786801,0.0111858712286827,0.0426449495471855,0.0350121428935334,0.00377965378462911,0.0388961333029069,-0.00989960005645453
-0.0344653718207251,-0.0188332785816548,-0.0118599331989595,-0.0281839075558978,-0.00239460838698897,-0.0313525859097967,0.0194497873334053,-0.000493985985784478,0.0428301330028791,0.0068379909395898,-0.0369419734114675,-0.0104767890697154,-0.0151909020271741,0.0020794881255731,0.00601044061175426,0.0181581061771506,0.0318613020752786,0.0220963917617976,0.0392455299618664,0.0178381980418594
-0.0278027021367446,-0.0270748619736981,-0.0196396239544183,-0.0284232785889103,-0.00513299319769471,-0.0233755013880111,0.00964831574197977,-0.0199051234833414,0.029135630977291,-0.00530763594639156,-0.0386902830833916,0.0245520133564793,-0.0195467419010214,0.040299222260798,0.00488175265929966,0.0343970667424053,0.026672616884659,0.0279355756895457,0.0397680425228998,0.0180403621650729
-0.0292569311601257,-0.00939122911881883,-0.0182145409798019,-0.0235996881255368,-0.00459461649381212,-0.0291067021739459,0.00405496560971413,-0.0277600171082921,0.0250587458340434,-0.0125808970019853,-0.0292117039587207,0.0169863520860971,-0.000435244645643279,0.0220557795852155,0.0204961224497266,0.0238839325308499,0.0368310634127631,0.0226432917046479,0.0406519987210781,0.0159107800877785
-0.0393480436371175,-0.0101349242569478,-0.027583389222847,-0.023266113127132,-0.00906496423261221,-0.0182984020881842,0.00858719069273345,-0.0127104841153843,0.0301131972304654,0.0112803873041507,-0.0337197952543154,0.0110672169584854,-0.00528534376649566,0.0291404505672977,0.0136539081590977,0.0371890169439698,0.0309766268047639,0.018542032416528,0.0340200663158243,0.0144848484220331
-0.030937979538968,-0.0218985259017969,-0.0209978337179949,-0.0258123190434857,-0.0194085390138821,-0.0253016800924233,-0.0182627375453638,-0.0249907207085954,0.008679002554419,-0.0101962127911723,-0.037477426348494,-0.0140836819309758,-0.0195834455444084,-0.0151993117651244,0.00868654448094611,0.0162243036681514,0.0209743046369241,0.0253559987882467,0.028194815925047,0.0236379119189204
-0.0300948976831696,-0.00800562564228552,-0.0198206989709197,-0.0293164409254274,-0.0129735614538782,-0.0213417462644746,0.00957490869282682,0.00543683088096285,0.0309565340936511,0.0163791636795595,-0.031608178762551,0.0188688009979821,-0.0132832421016634,0.0264203577267041,0.00374191084281548,0.02954238822162,0.0232129291703222,0.0275944855435607,0.0316239617792248,0.015855529893086
-0.0364443057604575,-0.0110563227416005,-0.0216030541290022,-0.0227348503388735,-0.0066950878103545,-0.0260863067236927,0.0235752197389967,-0.0103504623925025,0.0425662330700916,0.0083626552820615,-0.0260304150405028,0.0069144665050951,0.00246037784848282,0.0208130976603048,0.0256090200372994,0.0289326396749566,0.0425730268400656,0.00810230219773604,0.043889301761173,0.00761333810068578
-0.0372100874896766,-0.0112388650145819,-0.0187963080498203,-0.0189651545294834,-0.0128651007589585,-0.0289907792090351,0.00494007744346713,0.00524614696017299,0.0215979293741281,0.0199192942026879,-0.0290453511903374,0.0162904597351098,-0.011255487920103,0.0193567794682735,0.0034196629256913,0.0270630364881834,0.0197027310701123,0.0263793579594776,0.0280593188092627,0.0180422961961339
-0.0352189586201461,-0.0158256210177874,-0.0156417912795686,-0.0274454800018363,-0.00260999273821191,-0.0269292699138046,0.0171788705353923,-0.017410867128236,0.0369057562480775,0.0181883800067387,-0.033019302416395,0.0121970825124185,-0.0105204178406642,0.0193670792392947,0.0145526975416837,0.0210794585598559,0.0320932974570808,0.0236561742010666,0.0401370057156246,0.0176287963693182
-0.0339125099708413,-0.0164039423057706,-0.0211369647896973,-0.0275262315011022,-0.00290611292059063,-0.0260984220686111,0.0133706914697389,0.0211743211985103,0.0370320400959792,0.0190907775866733,-0.0284065016032567,0.0135277642766628,-0.00507365488565179,0.0259197873995731,0.016173987930862,0.0242325892546893,0.0324080733738381,0.0334063533528423,0.0397933505784732,0.0190448665800067
-0.0319022154328163,-0.0211335747443025,-0.0193797846493613,-0.0284389092916541,-0.0073375983243086,-0.0307368058160369,0.0127884248864945,-0.00485835534832473,0.0288596471563466,0.018794576538776,-0.0285934705375458,0.00443408501113863,6.63661391079138e-05,0.0231475968842552,0.0235153506900757,0.0308411474267893,0.0316357207310624,0.0313716610312135,0.0381223852195584,0.0200715543440603
-0.0332234054765486,-0.0174635069637553,-0.015651621427649,-0.0286876012541808,-0.00647462490684007,-0.0324396795466485,0.00596178614050287,0.00701889469302227,0.0336687393044198,0.0139047091856495,-0.0353391876834674,0.0141254796639426,-0.0114446791003368,0.0239204071682032,0.00270284090264644,0.0314091049901697,0.0184607396096751,0.027402097803147,0.0287212647388599,0.0246217769540669
-0.026677818151763,-0.0254345102807988,-0.0187062667508184,-0.0276187634242098,-0.0140130962872839,-0.0237734203271987,-0.00319619345907742,0.010500135311179,0.0231653287668055,0.0201071737243988,-0.0338501646009418,0.0251512499483014,-0.0236902480341037,0.0306649448358459,-0.00652369994165228,0.0331841314697331,0.0158098988620787,0.032109565284602,0.0356783801882253,0.0210376922176513
-0.0236782524738638,-0.0095105063774522,-0.0169285683316216,-0.0191003788636314,-0.0122544519979756,-0.0233978486306883,-0.00190397552337965,-0.00692427236391612,0.0242065757317677,0.0202451148549553,-0.0273209618988928,0.00797313635016655,-0.00789356461871084,0.0279731233970217,0.0123671254763315,0.0303485979009674,0.0236268258351706,0.0214695429410148,0.0384833071359439,0.0157143397948065
-0.0317820230388918,-0.0136443112577494,-0.01693585414973,-0.0271824798237588,-0.00853403171122672,-0.0288975367788587,0.00198668122987002,0.0177905927578712,0.0281276947621093,0.013634381822373,-0.0344701646397609,0.0140471130174538,-0.0116408995904027,0.0269367216997258,0.00692739288044276,0.0325297675546267,0.0204908013223417,0.0244050130010651,0.0285160289092754,0.0179644469012816
-0.0369856608807283,-0.00961264069824626,-0.0301953191451536,-0.0141996174297461,-0.0176235165301905,-0.0213033728228157,-0.00420961091957842,-0.00167717549478887,0.0200855223103113,0.0261485365943776,-0.0288474549277583,0.0238101532631027,-0.0082404789160185,0.0382116731686543,0.011250430769358,0.0318007315490972,0.025282840965799,0.0271870468131753,0.0404659314271508,0.0158590782639113
-0.0352050443279073,-0.0156636742279927,-0.0259708959132222,-0.0226261291648493,-0.0114804097392088,-0.0121381094254513,0.0020597624914816,0.0304162363249371,0.0292634075808934,0.0164154284228345,-0.0343501361085468,0.0128291749867805,-0.0105675535728328,0.0247226533137791,0.0107705109103351,0.0293807675513038,0.024233606768769,0.0206504730685156,0.0396267509410263,0.0127999810075383
-0.0321641930614199,-0.0142885537441481,-0.0158245932634395,-0.0282077237113656,-0.0123420350215316,-0.0292362805090559,0.00576599363594185,0.0052040810832545,0.03176159218471,0.017628838129432,-0.0279965679484893,0.02214107897559,-0.00979723617700358,0.0193538010257067,0.00773545536046837,0.0306239283627824,0.0303088785610901,0.0251964559940763,0.0396090070496679,0.012802578187174
-0.0340868523449875,-0.0173072543739718,-0.0136693237354118,-0.0201101106568919,-0.00704186222354302,-0.0216444988220219,0.0134367020848477,0.0277581503623187,0.035357504939422,0.0192742175854113,-0.0304339125653159,0.0171893571444872,-0.00752395158336395,0.0203531077762829,0.0112059477361653,0.0335058694935291,0.0205073865803839,0.0277231004285096,0.0339516214043314,0.0201968949972818
-0.0347709035500388,-0.0135496779793217,-0.0215243329743922,-0.0275282162273318,-0.00990408373444603,-0.0241672632292847,-0.00153929376619386,0.0117928367347412,0.0227319079889873,0.0293191111933195,-0.0395529465446788,0.00653203706255752,-0.0215152543913507,0.0121750945569758,-0.0028997061781921,0.0235472129947499,0.0184082251739207,0.0359461535303349,0.0293692540094616,0.0224405099191743
-0.0337115065356753,-0.0155568742182885,-0.0148036737058803,-0.0266463959419707,-0.00391556313231799,-0.0246354768821769,0.00481292513734968,0.00939649900412201,0.027418974506636,0.0189410855783693,-0.0322261000814844,0.0144453655378494,-0.0104340510931442,0.0226231033872615,0.0152390725464671,0.0268516439687753,0.0235435320600202,0.0223592931154847,0.0437326427335481,0.00854084560233312
-0.0312415795255069,-0.0166246454008651,-0.0172098835476867,-0.0290287807853757,-0.0119307912800548,-0.0249963932718174,0.00313921731677076,0.00933294575881046,0.0249058677497236,0.0207949844702931,-0.0394737423372392,-0.00202500340907205,-0.0254359306706434,0.00859644427449109,-0.0020851465582031,0.0318596395084168,0.0172912799257569,0.0319386753113958,0.0297244660604086,0.0249262982321017
-0.0395734363721205,-0.0118131647455019,-0.0286456950932017,-0.023157610240111,-0.0207552598983408,-0.0275390293839905,-0.0104578246775863,-0.0146289222355102,0.00857260531576309,0.0184695261448593,-0.0354743716233656,0.00457563501055902,-0.0186431313288029,0.0171053293809517,0.00612502597473428,0.0242629121108419,0.0206226657845147,0.0357785407932489,0.0274360780862321,0.0332782582851675
-0.0317891373248138,-0.0115597522956156,-0.0143660565168386,-0.0224997189492096,-0.0118337697622049,-0.0260794313225521,0.000358330961903477,0.0070732792952437,0.0223613695021488,0.0286720077422176,-0.0307988007659068,-0.000393391972207497,-0.00748421435374378,0.0139794001504535,0.00306007695970226,0.0270669236425192,0.0185448794055775,0.036382397414792,0.0330012895761666,0.0262553830321253
-0.0353573686597604,-0.0200484336550965,-0.021047483235321,-0.0248008944574174,-0.00905479574714159,-0.0285744061881301,0.0106368285760961,-0.00333495093572946,0.0320056378189715,0.0187277737671212,-0.0422327070687067,-0.00736196187896461,-0.0202371314758998,0.0128169299451674,0.00613810566173848,0.0311799815763807,0.0289778898637143,0.0254488929794172,0.0303386195146864,0.0226109137147078
-0.0342174431297329,-0.0143250479215658,-0.0209669639008158,-0.0197430743976692,-0.0103851652504098,-0.0283957990837823,0.0044883462305936,0.00775685841200628,0.0230221591011363,0.0292731529414137,-0.0224884109144281,0.0128099631693477,-0.00471134290010327,0.024425713122107,0.016166582676262,0.0216836216397527,0.028435573488685,0.0317925301303054,0.0398612307260605,0.0183129255034019
-0.0321014672338724,-0.0169992733560128,-0.0200008021423935,-0.0263916312411401,-0.0100365889463702,-0.0236696171136447,0.00226887434620283,0.00106697688037097,0.0264645160215132,0.0194185303462176,-0.0311864572104419,2.93204067754561e-05,-0.0103091304445606,0.0199025599481286,0.0112904717381715,0.0222667325308814,0.0242835723890793,0.0208459623825054,0.0342578946021409,0.01490395034918
-0.0344640936530151,-0.0164642081259354,-0.0203752118904497,-0.0316466614951485,-0.013437679168063,-0.026666647659065,0.00653980246170145,0.0248602900565833,0.0327416442763656,0.0149923808600315,-0.0270542567380349,0.0138122885603786,-0.0133177615520543,0.0170087268436835,0.0079350116063097,0.0288889888009063,0.0187636500677607,0.0283064925738061,0.036713000023704,0.0167221360157835
-0.0310772164227037,-0.0139903800608629,-0.018572499007566,-0.0264489872006629,-0.00972834103399563,-0.0238765765055148,0.0018975340785714,0.0184526730410168,0.0181945596241764,0.0195693134276894,-0.0317383720934001,0.0135866484752365,-0.0157729447485136,0.0193078083928954,0.0042106940132366,0.0207410064108249,0.020844404246407,0.0329229731234335,0.0304550768207544,0.0176130767581467
-0.0335994722720692,-0.0147449587120508,-0.0171235317628842,-0.0281126566689104,-0.00377788836454695,-0.00791930528043837,0.00993412728048691,0.0256333505972239,0.0334484180484621,0.0143641242300345,-0.0348030907123074,0.0049970146819063,-0.0109359516536938,0.0150209985732229,0.0126417926847094,0.0299226422192525,0.0192010564429296,0.0256684475460514,0.0303942966206282,0.0163438226859211
-0.0331761225862572,-0.0203766967979253,-0.0175822878958169,-0.025284900318889,-0.0132270712050381,-0.0117504006369269,-0.00507644227553408,0.0101193733082942,0.0210677510926385,0.0263032477404869,-0.0282928481522971,-0.0218628329777147,-0.00981574000600506,-0.00927378923253539,-0.00128153821397295,0.0173967437146202,0.0175145268279068,0.0335229341896219,0.0414403928116865,0.014669947151169
-0.0318290125817253,-0.0245121517887551,-0.0174160869971167,-0.0238614464433079,-0.00991664811077633,0.0190702927186698,0.019662919714768,0.0219764675161557,0.0408334104465264,0.000871710182972722,-0.0384486456662795,-0.0121132793756603,-0.022493181644652,-0.000303267541206363,0.00444978561668243,0.0229341772916805,0.0170076768015784,0.0279163870489747,0.0429777607839688,0.0103768711105348
-0.0182221185980248,-0.027882195262062,-0.00512458988279288,0.00896509550934162,0.0275699092430457,0.0132838306931844,0.043245264327704,-0.00188465718019801,0.0441053913912365,-0.00469026599019147,-0.0307285807941096,-0.00788132320445667,-0.0104401128039799,0.0139371039491134,0.0162139713704869,0.0378610440735891,0.0241955315880388,0.0293396002026593,0.044996541036051,0.0076042529214355
-0.0336253171485118,-0.0149741195475724,-0.0178924816785492,-0.0284197927013807,-0.00355957850265909,0.000173219766769843,0.0150754716338006,0.00924196671856548,0.0337724544638834,-0.0023479062643462,-0.0448591779543574,-0.00634953069909438,-0.0296091983594699,0.00227105308122679,0.000206470654961944,0.0290687858168765,0.0232585249668829,0.0268122737577516,0.0406452435698433,0.0151674144044948
-0.0352412758790376,-0.0153279075726124,-0.0205999393409065,-0.0272183997847342,-0.00900249311460067,-0.011319762678175,0.00435553098346915,0.0221669466432592,0.0304097136557834,0.018000417964153,-0.0399790595346658,-0.0104820661986591,-0.0202691548495412,0.000656920080024042,0.00410874653717146,0.0198715544784941,0.0225039927282975,0.0347377712630402,0.0407701534677377,0.017947904557158
-0.0300746665662987,-0.0153543924012211,-0.0107741725918405,-0.0288613925859716,-0.00872240423501511,-0.0177265216447008,4.69520429342531e-06,0.0128555191746531,0.0238358526802642,0.011433179442502,-0.0370302810860336,0.00434417678200489,-0.0137552976745349,0.0151653186318594,0.00889972370251384,0.0253801601452394,0.0235704158709331,0.033693198126118,0.0394158127008216,0.018494149761018
-0.0372325938091386,-0.0173421007583166,-0.0203402244214173,-0.0230066746308233,-0.00335246360913078,-0.00250377097683467,0.00583770941341508,0.0199149013884872,0.0273892870160379,0.017841244925909,-0.0398734542775782,-0.0148926027563399,-0.0230838947056689,-0.000657225828384836,-0.00510141461609947,0.00782327399022619,0.0165008734055135,0.0308296023475152,0.0230546565241754,0.0355070373613279
-0.0241568871247892,-0.0274240066633501,-0.01061858927391,-0.0309985913304885,0.0115625890680642,-0.00384223670002526,0.029297572847027,0.0243835579589855,0.0435671795978242,0.00982115966230623,-0.0225475737685195,0.00088193613931781,-0.00137758558848907,0.0172682603880579,0.025801175387523,0.0295998690916236,0.0328518500865733,0.0325693693558176,0.0394470166357587,0.0177095493593577
-0.0304335726897826,-0.0207113089684957,-0.0103917668880548,-0.0245233656564617,0.00113521344270267,0.0077983076059942,0.0234495927901519,0.0260057568347084,0.0379493468305252,0.0130601633907375,-0.0327156066689403,0.00245334425386002,-0.00734119593039665,0.0151115677791639,0.0131071678385315,0.0301390728650856,0.0242147945542832,0.0359496375037644,0.0343676304466089,0.0203402069664234
-0.0385076399209677,-0.0156158080938863,-0.0301777298166744,-0.0242399894095506,-0.0204479249593761,-0.0270907583856603,-0.013801039899124,-0.0221813924208714,0.0114056622592561,0.0132461225632465,-0.0225996668308128,0.0275500988514257,-0.000248522556416707,0.0372674605476943,0.0251383823237826,0.0231750515184999,0.0364583138985203,0.0115436588958785,0.0405103009193523,0.00836443674316402
-0.0285359451686678,-0.0120356939664694,-0.0195461030734364,-0.0249400764418631,-0.0134493429352229,-0.0309859594174418,0.00582710506392204,-0.0165208536972834,0.0229291221782627,0.0158634127087667,-0.0353876951712153,0.0119576208150596,-0.0177871812834024,0.019086086773575,0.00199212680015539,0.0350397790999303,0.0184644702779611,0.0308615209153099,0.0317741317301714,0.0254978566877529
-0.0267955593571227,-0.0194066054172756,-0.0191002336047984,-0.0283417828383757,-0.012869933546045,-0.0184284778310227,0.00196236895446384,0.0214855495209739,0.0309362534246606,0.0143282699301963,-0.0380736444110041,-0.00760268031072421,-0.0202267529435156,0.00799724350492837,0.00223974707853789,0.0252798309847637,0.0158460555534901,0.0325770925457624,0.0250970128132153,0.0248581963124788
-0.0409785077089264,-0.00855908321080353,-0.0275334026676208,-0.0236970624536938,-0.0186840334486047,-0.0287104245201353,-0.00543449730241257,-0.0250768433689235,0.0206388159641074,-0.0147386991548797,-0.0388029966346294,0.0151463766045152,-0.0151121104711087,0.0308257104808567,0.0171100343310439,0.0255099108305109,0.0358962838531709,0.0160674895812668,0.0444895404487283,0.0055605231492984
-0.0366090843067359,-0.00907359246804829,-0.0222442083747258,-0.0231060489342956,-0.00556732607804582,-0.0195866789433055,0.0149595600822366,-0.0142805267633572,0.0324896983881986,-0.00920343874500534,-0.0405235986049631,0.0098455711691115,-0.0180450660539248,0.0280436182838567,0.0129683662798554,0.027818583852605,0.0324679990122695,0.0219491339911682,0.0402990840183848,0.0157361370884824
-0.0367675749936165,-0.00730832748136912,-0.0194153808441708,-0.0212191791528538,-0.00511271227206702,-0.022385412928859,0.00935109267398495,-0.0129776337497306,0.0208727017139935,-0.00550148516461961,-0.0362801142984212,0.0143304907356286,-0.00811323300203311,0.0240614058754789,0.0176430300877968,0.0261558253289684,0.0272875001160835,0.0222428358974202,0.0355910567634198,0.0146440688949636
-0.0384460505314491,-0.0145628582574335,-0.0219752704097211,-0.0251049208943757,0.00506124725884794,-0.0217489542387885,0.0186134779042647,-0.0180245640514568,0.0288310681176087,-0.0115740013081232,-0.0396317996301415,0.00770249097847455,-0.0216073251238986,0.0187311110990287,0.00269739394385873,0.0284817430185817,0.0179587294753854,0.02757678175443,0.0296828370891406,0.0235272910678641
-0.0331515432354205,-0.0110561674131841,-0.0232923185402187,-0.025589454801932,-0.00612556976708922,-0.024196152602375,0.0100764706951427,-0.0189665635220727,0.0381218372528161,-0.00982502264964703,-0.0289920102839142,0.0299390978103708,0.00108607286435286,0.0349919863065819,0.0244205411438148,0.033601095689278,0.0381049205597844,0.0238156098842304,0.0406306191057096,0.0160493798187479
-0.0320882739164932,-0.0105216043433918,-0.0211804993819509,-0.0209493290283576,-0.00877167993684164,-0.0240048753532104,0.00326111596114583,-0.0213863802050046,0.0252443252765819,-0.0140933553960621,-0.0241143153356865,0.021298455361037,0.0099035166703764,0.0243319682788243,0.0325301049924897,0.0328022472131742,0.0365107023276186,0.0253228947856256,0.0429650563157716,0.0105343182622313
-0.0351380567981929,-0.0125939153493279,-0.0194140703041611,-0.0206588553794881,-0.00411013978695133,-0.023498599934405,0.0104281747822074,-0.0230131343977108,0.0285279684154558,-0.0104479836625928,-0.0250385874529382,0.0278316640109847,0.00288907821135626,0.0474278768993802,0.0304339802312364,0.0387962362978538,0.0345929029262973,0.0361415018013437,0.0435247795149636,0.018348993593941
-0.0323945700414462,-0.0132170096460577,-0.0136710073169144,-0.0283516903349866,0.00399087906232697,-0.0250197938320827,0.00857253767591893,-0.0244979120331277,0.0258175363498148,-0.0127519596815705,-0.0295005979587721,0.00594818272478857,-0.00602777559006999,0.0194650978730954,0.0200418170093968,0.0257609491452713,0.0323892737364829,0.0311476230431008,0.0367733728528263,0.0253207621543786
-0.0362629422685367,-0.0129567288008273,-0.0236934732937913,-0.022752184278399,-0.0114514654313365,-0.0316043060986621,0.00628245482756171,-0.0290715444829092,0.0325403037289515,-0.024171186718157,-0.0374823433124446,0.0215151885049483,-0.0142423464393045,0.0360353590870488,0.0111490379895908,0.0354365697882698,0.0299562735050283,0.028545438595519,0.0412772754691098,0.0136146443538679
-0.0343502924610824,-0.0189302293062614,-0.0248883427666454,-0.0286350288944495,-0.014128528557886,-0.0304803837392501,0.00309232007218079,-0.0244688871906403,0.0203695194708471,-0.0123785099313244,-0.0368427494930245,0.014660326737875,-0.0147130060355218,0.0307472422815284,0.00930889582080276,0.0310302879449041,0.0200121709253854,0.0295292350497885,0.0313759807614464,0.0243370916718083
-0.0354446796381245,-0.00996998318102643,-0.0262584515713496,-0.0211170496938656,-0.0177959028613548,-0.0308906567851254,-0.0122886237477244,-0.031906323265141,0.018876938891726,-0.0249842933797661,-0.0333022128679482,0.0112814067958075,-0.0130142999715075,0.0150761733319543,0.00498032467366324,0.0235145020451516,0.0206580840343807,0.0301586979928306,0.0385706496206232,0.0213769619435419
-0.0361119321084361,-0.0127943390092519,-0.0253522664075936,-0.0250646022403392,-0.0100257739835776,-0.0293289503215278,0.00831723536821354,-0.0243465374980441,0.0301203581312613,-0.0120342704022221,-0.0240094928667188,0.0247426143245691,0.00870251474868691,0.0410229786090805,0.0325334116330694,0.031302633932506,0.0459721532944904,0.00821222584163354,0.0547728275486897,-0.0143139496926156
-0.0354614548689178,-0.0120427279485379,-0.0225656375514865,-0.0272403119613697,-0.00375970553153302,-0.0274367207350127,0.00526472837236569,-0.0272980532074789,0.020509287281709,-0.0162028271872654,-0.0330983349264835,0.0192080141232669,-0.0117683661192205,0.0435023700542463,0.00727209810619094,0.0422230107463527,0.0238636467640853,0.036636834656565,0.0416083400541356,0.0153350232144676
-0.0343306324325364,-0.0108471545729384,-0.0192589647440644,-0.0248377417322555,-0.00448440143606556,-0.0281935385235376,0.0115948920268129,-0.0230132925882681,0.0294457816162834,-0.0145601156819249,-0.0299929824906978,0.0180432274178684,-0.00951448960537061,0.0391083118371044,0.00424092176662784,0.0474758448753695,0.0258584387626226,0.0369776488154523,0.0470670638337856,0.00987665008838982
-0.0363118712040425,-0.0130082510580366,-0.0180427342814719,-0.0291908192295533,-0.00104022765510877,-0.0285211159024213,0.0187296777959602,-0.0225683861988408,0.0300158950519425,-0.0119842709017236,-0.0347873891103139,0.00707896467049884,-0.0198820298469841,0.022433201092237,-0.00138258234163344,0.035992344420459,0.023389996503953,0.0320940046394492,0.0399845214785069,0.0115626508768495
-0.0331391495515585,-0.0177981191377343,0.00172330379434746,-0.0261169289410026,0.0278182920487215,-0.0172553446057082,0.0356460027096694,-0.00872506211679385,0.0399174370708555,0.00390810953188646,-0.0356026032310433,0.015073641486529,-0.012551813745091,0.0381488885736241,0.00399511149927354,0.0440453517586684,0.02437585259514,0.0308721572944824,0.0409431972943506,0.0129609157344462
-0.0293868821504926,-0.0181544949957544,-0.0109841670073554,-0.0305881252532018,0.00837650862280812,-0.024514964909338,0.0199008428350827,-0.0226006747514385,0.0452104647611415,-0.0109966447993555,-0.036322249010013,0.0037168774253255,-0.0228782854747045,0.0159331471151284,-0.000907625664337645,0.0196863462784443,0.0158688848537891,0.0341019749161914,0.0274346756088439,0.0260988224182239
-0.0415567326910072,-0.00957373418504052,-0.0277540683802156,-0.0215261588066186,-0.011239221020599,-0.0329373290978617,0.0024193134616283,-0.0257172123820221,0.0169081331413319,-0.00730655964092043,-0.0376139541823918,0.0141467304539381,-0.0171631597972106,0.0415020703039968,-0.000329417293872689,0.0420267657372055,0.0197504233251878,0.0366738784937153,0.0370214710478735,0.0240697727409774
0.00179131477967147,-0.0292421004107946,0.0467363234599686,-0.00917831331986892,0.0477027108025872,-0.000504082824486809,-0.00249138783096984,-0.00334226978901102,0.0215619924972878,0.00198180734704725,0.00393239229313017,0.0349953204843492,0.0436851125399731,0.0161007031351812,0.0526574500700831,-0.00701925359699652,0.0513858477984463,-0.00631161884339791,-0.00755679147038602,0.0128544393134774
-0.0324579584756677,-0.0122647663036686,-0.0152352214167792,-0.0294473076845661,-0.00422496840746718,-0.0360566424963233,-0.00146794735822961,-0.0362233167839258,0.0191190232332689,-0.0266166205376414,-0.0247050135766225,0.0144025378596487,0.000203298655364893,0.0322487760752567,0.0184981894234545,0.0310610506635398,0.0291234435177171,0.0276217150424107,0.0393338541382494,0.0181448438647068
-0.0289430355337872,-0.0111054496515001,-0.0164916727644447,-0.0255969624992523,-0.00749445136633701,-0.0339772517680344,0.0047363893153027,-0.0281557720964519,0.0177363893459368,-0.0249600911880352,-0.0258692085395955,0.0149775834233914,-0.00478955709497968,0.0237756559737645,0.0119247693281241,0.0242163964246184,0.0243654435869078,0.0263074910503837,0.0376527569880162,0.0222002261645746
