u1_1,u1_2,u1_3,u1_4,u1_5,u1_6,u1_7,u1_8,u1_9,u1_10,u2_1,u2_2,u2_3,u2_4,u2_5,u2_6,u2_7,u2_8,u2_9,u2_10
0.00875172399108803,0.013943778882405,0.0263784999536114,0.0114677918086459,0.063090063369996,0.0112951660044719,0.0961297232215434,-0.000593589628647824,0.104792057232689,-0.00437524516410774,0.018924349993504,0.00980093944821262,0.0430901793527656,0.0201863554381131,0.0729211464952474,0.0252431304706541,0.0956740544827313,0.00655840481161944,0.0968614303985169,0.00414125315442035
0.0348584979538856,0.0164584671303407,0.0698885859005401,0.0158171694309155,0.0705288955037797,0.0160917234654079,0.0816922305009287,0.0163440513452687,0.0888180915661519,0.00855806179956984,0.0272875378517497,0.0309651457724063,0.0292549903153045,0.0256094164365459,0.0514278499428679,0.0324659977298567,0.0708188335974548,0.0346478818487485,0.089001898877178,0.00985136478312883
0.018737565148295,0.00144452962229885,0.0473094975005458,0.0161989558534318,0.0477890323946674,0.0162889961112805,0.0492262601840325,0.0167224768664146,0.0682399754613871,0.00783831500183555,0.0372750140443038,-0.00413447504485683,0.04605131481106,0.00178297231225182,0.0564988553370448,0.0112089627033989,0.0593770581958189,0.0113938597308999,0.0928812370368067,0.000181738291565236
0.0266153042948078,0.000380758899511853,0.0388628029596512,0.000504599056563709,0.0574316390147858,-0.00111717405030615,0.0780850033075609,0.008592828170078,0.0895582319283808,0.00379647975361592,0.0235705793983222,0.0191734733443722,0.0473453417908505,0.029693042523802,0.0700394917078981,0.0276825493906211,0.0931119812505673,0.0129777273755691,0.0948597829212671,0.0105087654901505
0.0111278307727353,0.00319094380255757,0.033390851812992,0.0076974840218965,0.0575077636406735,0.0118335062077174,0.0610171238860844,0.0120562278981209,0.0782881765432198,-0.00291175982555435,0.0208935160241768,0.00821750775217101,0.0472823534407748,0.0313427100523934,0.0614262224098332,0.027814899107944,0.0665125912694239,0.0261140044634542,0.0814347804202118,0.0148647567846331
0.0134063046474784,-0.0207892550953944,0.0306569293333177,-0.0261997497043907,0.0602683065829246,-0.0183975500691333,0.088147696222589,-0.00274664837796685,0.0944273528549445,0.00229636955745396,0.0273000819151586,0.00467896390724283,0.0529793222396201,0.0319149680396391,0.0684167741155052,0.0350770043538835,0.0829794788669989,0.0248776906453111,0.0903592749069027,0.0158341746266472
0.0091090970488669,-0.0103168332511804,0.0173185622748284,-0.0183570516005431,0.0241889681154415,-0.0242908761716422,0.0513387279388469,-0.0294535670577292,0.0883249202002819,-0.00703250759428298,0.0210696713998303,0.00787548008147093,0.0314503052021485,0.0185170962131847,0.051423558000627,0.0299758521048632,0.0682721854799824,0.0256345615884632,0.0930763830288895,0.00870421734435734
0.0265104792454605,-0.0270043783873144,0.0375938709134018,-0.0316586503257978,0.0403921015891639,-0.0312643117606536,0.0690978737071529,-0.0216280050167305,0.0857181503257338,-0.0116567991006109,0.0220745769874021,0.0158613341807072,0.0465670732515473,0.0253012106797867,0.0647901161353365,0.020235575732861,0.0762240734158229,0.032449470236507,0.0917560570873292,0.016844456822936
0.00587810545972766,-0.0044977424237377,0.0095518268588943,-0.0134114230829584,0.0253429130050843,-0.027001896440201,0.0522776274985632,-0.0230402819700616,0.0801623203064054,-0.0173254223047165,0.0150001517895331,0.00313287706389776,0.0382234296854725,0.0148638052878656,0.0622985633405449,0.0238910939110426,0.0740167558781253,0.0295940483282416,0.0866390314190287,0.0142310967244351
0.00795306750727257,-0.00928731272345891,0.0186321238032865,-0.0221445391378029,0.0328617972453392,-0.024310087389046,0.0538870789896873,-0.0209843533440346,0.0809719937017522,-0.0140412069173142,0.014107233997804,0.00965182469200131,0.0412876201989789,0.0245121974773528,0.0635706362338104,0.0320721053500929,0.0797293426711923,0.027378957144131,0.0944862199923148,0.00909626749523546
0.027717888504772,-0.0199074865458104,0.0303356081698439,-0.0245133201223493,0.0491732750358568,-0.0262810648872443,0.082211457041897,-0.00575933555888528,0.0945064402794214,8.35835067699203e-05,0.0241692696787267,0.00907482929555612,0.0467242881014927,0.0221310166517631,0.0665883409261616,0.0315717555717759,0.0836641353765143,0.019362127877071,0.0901147065669955,0.00341496457342557
0.0134398922141377,-0.011397927243261,0.0271123793971807,-0.0273349143307819,0.0369063708260886,-0.0294082472261056,0.0702873828439775,-0.0207786883484799,0.0907546437559897,-0.00371083661596239,0.0156755546053346,0.0121556869567418,0.0473065336967494,0.0186315214624426,0.0688403671164344,0.0260937186115502,0.0859905744626398,0.0223465776777425,0.0933819316067737,0.0105150251368591
0.0185849170561233,0.0072796731274571,0.0201226431923222,0.00573546280502543,0.0334508039149081,-0.0286622378470865,0.0701812508127924,-0.0107652800811496,0.0912108557982834,-0.0021911430943118,0.0282706313421933,0.0147236898453261,0.0326404343035178,0.0195745222075655,0.0406220932891315,0.0204518796279168,0.073181245048139,0.0265419151153041,0.0934501680508737,0.01275699359595
0.0119641966449995,-0.010542917692977,0.017018123431717,-0.0152669766457879,0.0230275868915637,-0.0141161728841345,0.0653788792602516,-0.00616206117496231,0.089775143595902,-0.00491114340268479,0.0144720381461861,0.0169495557639868,0.0278775794846121,0.0221023275880836,0.0364697256551064,0.0288421125561052,0.0750072611566528,0.0297280749639369,0.0926503288617652,0.0112643476080445
0.0136391351824299,-0.0131266272896774,0.0326021630453612,-0.0177966692738667,0.0455379020455033,-0.0187992266665644,0.0572301489987315,-0.017148812353724,0.0862355816145005,-0.00484106345929865,0.0147805804915336,0.0109568101496705,0.0323423455900092,0.0192209361165165,0.0598172357668522,0.0286248517382357,0.0692091680515338,0.0310774680573493,0.0898133736920577,0.014147750573575
0.0132976634940256,-0.0351217070382987,0.0271267877785841,-0.0270446431364983,0.0474816381350442,-0.020947828672536,0.0787227425152374,-0.0113214012216057,0.0924149460972652,-0.00447785083245753,0.00768571741067793,0.00715157556472841,0.038774853973531,0.023248383625122,0.054460599816133,0.0333840810311124,0.0822748701942605,0.0324383440046706,0.0937545589115162,0.00977210112378163
0.0128200129855376,-0.00761121160419687,0.0306575202576482,-0.00254923680023518,0.0527818878926354,0.00544213403103555,0.0796702102363189,0.00522929450379541,0.0936173151094198,0.00569287231222475,0.0142984331785536,0.0106263892864422,0.0385798712560319,0.0190894810930097,0.061898700601684,0.0250621746857839,0.0869184623762467,0.0186346867992041,0.0962372339477683,0.00691580227329292
0.00332531549183483,-6.26597161017387e-05,0.0137080556313955,-0.0261287306690175,0.0340068026721594,-0.0224028316233003,0.0642788331288568,-0.0124415632352941,0.0893149597875975,-0.00822752224233632,0.00190723062472445,0.00605247903083708,0.0328571342318344,0.0274414503188674,0.0527152383418314,0.0344123600731118,0.0778064306295114,0.0337345447155025,0.0913537998280142,0.013112008207053
0.0131073485012547,0.00291293050947901,0.023051252761471,0.00556303938549838,0.0483046523242408,0.0168020042876882,0.0738456488996877,0.00937261654909535,0.0995612941460248,0.00160552973231271,0.0149684114109865,0.00202514665828123,0.0215605830062149,0.00629696547649074,0.0450639365475182,0.0186043739721146,0.0651722535563886,0.0132254963648284,0.0911394938260663,0.01042773193612
0.0205862795111587,-0.0229315976948068,0.0348185746853628,-0.014535054565905,0.0542196413021153,-0.0197045023489911,0.0795099281230542,-0.0140033640036404,0.0908406460123539,-0.00936047527096504,0.0125962592184431,0.0105069020948504,0.0382244528139588,0.0199273869517708,0.0572699834154692,0.042779201328182,0.0799354105829496,0.0221412296761918,0.0915515200928542,0.0123621721218124
0.019152000047627,-0.0234690465797593,0.0162005246413087,-0.0275625902388776,0.0362513692365704,-0.0276100211357895,0.0443503848973266,-0.0249226617423182,0.0848239967189559,-0.00498458696283728,0.0298964061157898,0.0328567503336735,0.0627355198385265,0.0409659414396748,0.0818967528089247,0.0327882006833832,0.0898285529283946,-0.00155527576581396,0.0929984772282844,-0.00851476453694984
0.0304788897391394,-0.0202000817931576,0.0551931030667245,-0.00907551744416588,0.0812300769394757,0.000316882886340244,0.0922891500805735,-0.00207318315412646,0.095972589447246,-0.00436743603912986,0.0403066924917416,0.0220040671493807,0.065497095491777,0.0293686019826362,0.076919688183146,0.00624960249468683,0.0904216855084428,0.00913735688703584,0.0961038451094301,0.00359964069367152
0.0225794662275459,-0.0167873389872935,0.0323415739162181,-0.0183078506580741,0.0544236876687944,-0.00287643159375625,0.079728721987564,-0.00343614810440436,0.0950121822148358,-0.00198773299528156,0.0249648167505747,0.0223151276978818,0.0551464311737217,0.0300582268307532,0.0682562905682554,0.0373710522781196,0.0856365177846915,0.0149612200463772,0.0933388828153077,0.00567544160520238
0.00997644269318827,-0.0151804867470205,0.00757005744612179,-0.0369133512869929,0.0496394946118835,-0.0124926390014184,0.0722448399495821,-0.00908470046329401,0.0910135307815403,-0.00662561691217551,0.0240332454756407,0.0165020702012896,0.0488316386980139,0.0230924000680255,0.0601875115044394,0.0194028904222599,0.0696482538774873,0.0176168290009952,0.086029440138426,0.0137349577821957
0.0105114644796662,-0.0321842386760047,0.0216452788832996,-0.0289970083745085,0.0351375423691359,-0.0293160829324761,0.050055237498284,-0.0243236078023966,0.0787391935996822,-0.00629761724074296,0.0356850372149548,0.0423600254669921,0.0528165425652759,0.0281200568584643,0.0704349694363029,0.0300794883864333,0.0851666704280607,0.0193423545249138,0.0943854760242169,0.00571177119191633
0.0208115599204708,-0.0130239430303268,0.0281001545290548,-0.0182446266208921,0.0378198254790207,-0.027662582578358,0.0504379261911525,-0.026928416436747,0.08157992369833,-0.0123215334332045,0.0169501951681922,0.0280555402517637,0.0457934609852257,0.0314388942013064,0.0680849236450446,0.0246523639497072,0.0744817526277075,0.0299601210384658,0.0899011768112912,0.00809813191929555
0.024441721794023,-0.0108051499272082,0.0270593184142119,-0.0211700970576735,0.0375881716740924,-0.0283311996329505,0.0621432542036407,-0.0166298187773385,0.085918608925995,-0.00227223709091893,0.0293575832871523,0.0134381184461737,0.045771666778973,0.0298086139078792,0.0556548852643568,0.0269766481314252,0.0746699751636407,0.0260658781916054,0.0924516870010845,0.0107877359717638
0.0148208309148146,-0.0209665775212088,0.0331456233159249,-0.0276125646237304,0.0488452145433825,-0.0305927403017526,0.0787586250370624,-0.0219322651748578,0.0919679372804294,-0.00638817009522502,0.0256059673707207,0.00836787359524816,0.0523631002247751,0.025649702585964,0.062548177363943,0.0310627356564038,0.0763401277065218,0.0257889630810742,0.0875946172884567,0.0144968438986542
0.00932898861013384,-0.0197648067266311,0.0334324784538508,-0.0243572474764004,0.049305560922933,-0.02691805045072,0.0773076483937232,-0.0189195842955491,0.0936155651318717,-0.00473841518578351,0.0209364857416767,0.024464762026836,0.0554873257838648,0.0336636613110139,0.0763280227432977,0.0242402794772451,0.0840650228854864,0.00782830858787396,0.0908309641546506,0.000864659309224467
0.0134233109499829,-0.0254402898981178,0.0355404000150112,-0.0252549975147546,0.046045114383488,-0.0216749467261631,0.0484757454673151,-0.0279244560702938,0.0769887332305542,-0.0154168657715822,0.031322097672386,0.0222428405053452,0.0851420192528278,0.0220438762757714,0.0812636377077343,0.0187629581034472,0.0819945737973507,0.0172421369682841,0.0888356254091239,0.0103642130156908
0.0129564881147312,-0.0151369841253185,0.0312928446849205,-0.016747240616094,0.0500915378570119,-0.0113566435501185,0.0801147770450958,0.0137485884334176,0.095569288269305,0.015528513895105,0.0289237394738763,0.0243487822710491,0.0561988725991076,0.0332100299787403,0.0716821340532607,0.0326657692669336,0.0814941666118098,0.033258704432003,0.0920206223786942,0.0164822780195348
0.0110906547630637,-0.0101498323386518,0.0257398538081646,-0.0229792353094461,0.0455492457811071,-0.0340477756447126,0.0699408640720488,-0.00849977048648161,0.0901686398438379,-0.00301930826290106,0.0199312822064298,0.00966794450193089,0.0421946887752757,0.0281860026420742,0.0681982826700257,0.0255002426957251,0.0807928919067702,0.022758632990584,0.0906215111232825,0.00720442376902653
0.00794410983493121,-0.034200865211008,0.0406438387831095,-0.0230019864983324,0.0569016920096718,-0.0245763572332219,0.0867012830717727,0.00193950121540361,0.0937308633929796,0.00800786098225843,0.0230398238307831,0.0402622740034317,0.0344347041386796,0.0386542636211868,0.0594654013412228,0.0253945128987445,0.0716897389627701,0.0322325359051664,0.0854941375355288,0.0158662713732182
0.0195443098671444,-0.01123161746453,0.0310184406452628,-0.0192529985430166,0.0421161800226696,-0.0255383472802929,0.0587894160661136,-0.0233136308964293,0.0896689987184568,-0.0116094482986441,0.0235163250973174,0.0104206793338564,0.0527358753218344,0.0372163354115841,0.0667640518755578,0.031243517230298,0.0798575896964107,0.0168892844235643,0.0902128749917052,0.00185077415941182
0.0117031303086652,-0.0160602760921834,0.0233359609242782,-0.0319020624322566,0.0374285527963453,-0.031712513498889,0.065322037566195,-0.0103437381506079,0.0892141859637908,0.00223656336416986,0.0178650651241031,0.00955669173934903,0.0450561508011993,0.0277870051599962,0.0639840910753463,0.0315654815811513,0.0764326735662812,0.0206286131445441,0.0875755711937805,0.007003834936579
0.0302518925343308,-0.0262414002814253,0.056495845198969,-0.0219745363858733,0.0674051931046106,-0.0211814795640527,0.0995540574884716,-0.00517211182742392,0.104423696272656,-0.00646720155395418,0.0198749089045214,0.0188067223015658,0.0542636523284832,0.0384071848242233,0.0749196659857348,0.0210345954954879,0.0820255729703096,0.0156203131631187,0.094455422376723,0.00326919520913023
0.012972710207593,-0.0150154685953465,0.0230046963338411,-0.0267105694098808,0.0291020444831752,-0.0281207308184101,0.0373739463626618,-0.0285207918036804,0.0770937222310094,0.00710569972701279,0.0135834690295354,0.0156173383714518,0.0407754345998576,0.0284998161298588,0.0621938193765051,0.0347077855102219,0.0731596113923581,0.0254826255739281,0.0897635757262824,0.0148021189903946
0.0186710055034779,-0.024126789930841,0.0433448650912928,-0.0312436018323513,0.0828593248110204,-0.0224363388601457,0.0954654492517639,-0.00302641495527845,0.0943169442291976,-0.00416290418352026,0.0170935058568236,0.025344773925407,0.0506264354835202,0.0331167561966619,0.0843609491281316,0.018900609200807,0.099504894385252,-0.00660430936212197,0.100030405911907,-0.00503293459534797
0.0257741702633236,-0.035132200414799,0.0409867018563315,-0.0355319449194245,0.078363535809897,-0.000769251746165616,0.100881823169574,-0.00691524586982953,0.103603623650742,-0.00755503737737491,0.0200303988109147,0.0209320828461362,0.0486339369100398,0.0302295121129503,0.0679478162634408,0.0299296819876303,0.0849201568716556,0.0111697611747088,0.0948589817090687,0.00470963468776962
0.00931936809305586,-0.0136543293004282,0.0247696012231369,-0.0261760525844923,0.0426830020800169,-0.0296228711587832,0.0662420791353017,0.00268469542472515,0.0879609160539203,-0.0052990517766767,0.0108448139625375,0.0179084040225699,0.044296985828693,0.0312962350435867,0.0677481535825747,0.0202767076932934,0.0702169820284383,0.0190810513411734,0.0844117143423218,0.00256641369032288
0.00559792696557299,-0.00626838254740785,0.0242943591360667,-0.0148946737329101,0.02938313127737,-0.0272694941873479,0.0452405497974662,-0.00826949746246519,0.0828301067491511,-0.00758601266703456,0.0128649276303828,0.00621624212346016,0.0350859176822777,0.0315824293605476,0.058952700327803,0.0306115151223359,0.0673903027532313,0.0280421668111645,0.0861265729721861,0.0108932906945645
0.0173246840794199,-0.0159296753944073,0.0323860001138997,-0.0315788573433508,0.0519198178298909,-0.0358153832370356,0.0755082499766363,-0.0286021388315965,0.0934880987418425,-0.0076848795082276,0.00473450940772158,0.0104466867412522,0.0346356208320117,0.0292282725497334,0.0621787315623588,0.0274736330898368,0.076888418195533,0.0332099409606192,0.09110022478674,0.0134792806987698
0.00967722068190888,-0.0111949643638274,0.0301196688747895,-0.0224474762425509,0.0383689774174492,-0.0283973294553377,0.0586601756836563,-0.0237283589598642,0.0919906129032837,-0.0022288468186926,0.022102335807477,0.0165456748851563,0.0462809639908803,0.0295981588673624,0.0675115123587942,0.03323351832531,0.0824366624965815,0.0174468447682588,0.0911364847634708,0.00740630044435404
0.0209281062727809,-0.0255503300696518,0.0403329729401759,-0.0325657800614459,0.055892841835853,-0.0249615898479506,0.0813689224720401,-0.00419730811326182,0.0947976585646699,0.000103090590644116,0.0170289201283678,0.0134180511136489,0.0461663348097479,0.0233922494394993,0.0648658281080586,0.0213890197783365,0.0803940514530436,0.0192946241154387,0.0914853865544654,0.00173976476878625
0.0174902058907139,-0.00618177516457243,0.0279271959027325,-0.0216317061750633,0.0495346641621423,-0.0303236063689393,0.0785433800878477,-0.0184440552774526,0.101561863644976,-0.00695485627638408,0.0211345559643207,0.0207118528091942,0.0483273201892867,0.0378771862096415,0.0652045335363195,0.032360130165188,0.0822936901626395,0.0155662505260734,0.0941012686579711,-0.00223238123723142
0.0226421800945548,-0.0132680323616224,0.0355828079785537,-0.0231194684946374,0.0448270311953984,-0.0244565827859741,0.0733182870225347,-0.0121132727612641,0.0923574851773027,-0.0026496646825542,0.0270581523707922,0.0136980341642789,0.0434436023228144,0.0306187871551078,0.0634516974531091,0.0344540356398495,0.0795859849104769,0.0248979627153053,0.0865584921444331,0.0072603508756298
0.0162640615289811,-0.0101067793551136,0.0348527366738063,-0.0275290479033976,0.0570057223925598,-0.0227975692073192,0.0741781232140314,-0.00765808749803653,0.0927798623097322,-0.00767767454657939,0.019760024307204,0.0162910255494507,0.0414140355937097,0.0254541233758247,0.0562830911282658,0.027616256257415,0.0739845280646239,0.0218431171679122,0.0838298881063889,0.0107718594195203
0.0102162967297022,-0.0128424178141721,0.0420292695658552,-0.0277720454905529,0.0533474559475012,-0.0271288404355859,0.0796912686121646,-0.0166360061783749,0.0946987568210284,-0.00494652713844921,0.011094049995096,0.0155570146596495,0.0407417242190498,0.0268346966400207,0.0611463208326384,0.0282985305221065,0.078083601089247,0.0330659899751516,0.0875528201448119,0.0178449934911212
0.00850797435546202,-0.0216685036603771,0.0251067966047024,-0.0270622405553277,0.0389931821341551,-0.0299410915931577,0.0575230407606895,-0.0257442418334255,0.0898573877844896,-0.00843183670838439,0.00823347846108356,0.0199041106791061,0.0323590185835646,0.0201853368357313,0.0513306674124596,0.0338550674479123,0.0685926893311505,0.0295019602580495,0.0865079590972662,0.0103689306854313
0.00997564360038086,-0.00562645571363234,0.0231671642845861,-0.0205642762593747,0.0360566850356143,-0.0243701975046844,0.0625226021101028,-0.0126793679397758,0.0933492223141275,0.0020253498870061,0.0126414470963321,0.00391316196717834,0.0396466006072198,0.029153766929689,0.0682433675348804,0.0345573432000687,0.0852548955455079,0.0148989071102573,0.0944704853988805,0.00351589284418111
0.00933455018294788,-0.0182421256987975,0.0272839510063889,-0.0186211174459216,0.0460008154365247,-0.0208804019037051,0.0695723487855703,-0.00825988281006034,0.0888714375580223,-0.00299146115912412,0.00803397461615533,0.0105903531008282,0.0444712128669816,0.0327265020487246,0.065447947211231,0.0258875868758328,0.0759099467150527,0.0112568652168047,0.087137760200173,0.00483780472165077
0.0148167204691951,-0.0193035585794043,0.0349666523403505,-0.0264143933211014,0.0532051628377136,-0.0231037397513015,0.0733601814589902,-0.00670871569373388,0.0896344793987141,-0.00799659364540214,0.0176475856050484,0.0263732539113414,0.0433416878615228,0.0307497585396233,0.0650811410830085,0.0285415908289159,0.0778422240773189,0.0109628843011421,0.0949696504468876,0.00261492880896237
0.00439556931198869,-0.0111821484703623,0.0169027343172008,-0.0221470067047913,0.0415845577616624,-0.0194060145107604,0.0631106274409819,-0.0148682698435497,0.087813919793243,-0.00778002565238216,0.0136746369147877,0.00674916156365533,0.0363091265363932,0.0261276273146962,0.0618586436464835,0.0352634312131456,0.078478252156324,0.0252241701688901,0.0923671717680862,0.00701719517946247
0.0133505754639806,-0.0122121833164725,0.0304410419036999,-0.0240477297059997,0.0503284099559403,-0.0249261494244186,0.0676668270958433,-0.0216022984549796,0.0926297660324837,-0.00179493390652325,0.00948079835262301,0.0199629695854711,0.0368884351209149,0.0295349800550488,0.0632802935189243,0.0278843618117,0.0775028581210157,0.0202493657057206,0.0874683412040683,0.00429808085956323
0.00998806933365647,-0.0119082660863961,0.025872838702902,-0.0254021561567455,0.052157929784108,-0.00234093810557983,0.0837989264510431,-0.000530762792736816,0.0957951213409804,-0.00185820263556469,0.0166434491047447,0.0163660559113062,0.0490672023797314,0.0296019727418998,0.0696128643279298,0.025784412767431,0.0864210436241531,0.00805857677813837,0.0958695193786066,0.0021290267616743
0.00924529093947291,-0.0120266128542551,0.0270530383609051,-0.0212513704925587,0.0433596154267343,-0.0262281074682143,0.0610322285341373,-0.01754495386851,0.0837396987297455,0.00134148928326627,0.0147168180126734,0.0210747418593913,0.0463908818043218,0.0294694601046135,0.0668046031834171,0.0365493366679798,0.0810471312514983,0.0209721713740512,0.0927199289752298,0.00765644093146597
0.0183740460432436,-0.0216665855885855,0.0327089924048227,-0.0303656590759921,0.0479325650085839,-0.0292250535582203,0.0712535063419643,-0.0242080700788739,0.0962215391675029,-0.00767981854543511,0.0151811655062913,0.0178943939393925,0.035859850492266,0.0316445567200966,0.0571057852264329,0.0316258364824692,0.0778313187803992,0.0201940275112573,0.0893266761786461,0.00342103887985238
0.0156384801228139,-0.0215062847510001,0.0332234691942876,-0.0282435786920961,0.0522174326785053,-0.0230307526312037,0.082254308921251,-0.00479960478544308,0.0966705194842303,-0.00549594349974044,0.027780815990369,0.0120225203589978,0.0611623377781823,0.0342534725509298,0.0732289416187121,0.0259570695438199,0.082361077288154,0.00634762119484522,0.0868014931546817,-0.00344006945035465
0.0106713663541193,-0.0169725916131052,0.0248998638188763,-0.0312888697815292,0.0446633621686688,-0.024358779425057,0.0692247477400873,-0.0134930214549418,0.0889867564821322,0.000486240121778486,0.0211944265470924,0.0196024346715687,0.0463807545639934,0.0453376222550747,0.0700202765970147,0.0357928676510797,0.0902959664147646,0.0168221443348581,0.0945590771355782,0.00845967460790872
0.015555818612845,-0.0161555308303922,0.0386192435347373,-0.0246412867573355,0.0556725821599891,-0.0179397549969067,0.082905059132122,-0.00453518936983356,0.096058265534857,-0.0029268395664207,0.0153881116156923,0.00912860033187647,0.04302756883308,0.0237644492539793,0.0612539261710319,0.0302883150061145,0.0770254336739441,0.0224102239763263,0.0897859914591324,0.00427109528632241
0.0155882296307685,-0.0194381841546509,0.0410728507700988,-0.0308863808912199,0.0643707360897846,-0.0264221170240844,0.0831105378758892,-0.0128427010510185,0.0958897272481506,-0.00660375599867139,0.00937151451306798,0.012494810876878,0.0403383128512484,0.0209290006675074,0.0652785768971243,0.0204176671703337,0.0786693430444704,0.00811510285382335,0.0876205115043464,-0.00486741457109353
0.0888569347212784,-0.00983358331032571,0.0316493893321501,-0.00797384033803353,0.00237945426865129,-0.00228892311345463,0.00264631287741617,-0.0012097183524024,0.0364528637196863,-0.0324552390790665,0.094257705784879,0.00880284397809066,0.0222877035456108,0.00733379451803957,0.0017132386966267,-0.000438025885642334,0.00202216722008829,-0.000648217231533849,0.0555481022701251,0.0371884243607486
0.0258897487991133,-0.026265135377937,0.0325262996048733,-0.0312626444345774,0.0396765251439274,-0.0286441350492046,0.0750249968330155,-0.0113197010772381,0.0930979406716306,0.00113174135988875,0.0288765387758228,0.00688533462712947,0.0414540597401076,0.0175247953289859,0.062272528438796,0.0309750751211078,0.0872957435377763,0.016583301592099,0.0936826194571485,0.00844062337847199
0.0180173352731818,-0.0137478645556415,0.0369305213263135,-0.0220720766280932,0.0499501466816988,-0.0279359964042475,0.0752146123389753,-0.0194397553300786,0.0948672086014334,-0.00848306809051073,0.0251845225951008,0.0134909798480568,0.0448270911256958,0.0228418220021654,0.0643232126780233,0.0285872970990328,0.0839673419386415,0.027401570166494,0.0934715108435861,0.00655166054803649
0.0309321161112813,-0.0153406175032097,0.0401813085119717,-0.0257713958170392,0.053504224507397,-0.0259841865555339,0.0751999970302643,-0.0153402597911276,0.0899193503360938,-0.00228921958956483,0.0264726605113258,0.0144582896561411,0.0459043562671302,0.0319482217937812,0.0599040537978217,0.0306423196800885,0.0770357188521225,0.0220362423956612,0.0910825993600641,0.00904006954779804
0.0145224798049291,-0.0196553391709335,0.0429785184567726,-0.0264554422124358,0.0553977422326631,-0.0212052540024682,0.0780531042347592,-0.00661204612495202,0.0921151831598618,0.00112176340274647,0.0113239426765014,0.0221473957828715,0.0439872078077981,0.0240167769729698,0.0672453128102726,0.0351046892704687,0.0860516587674285,0.0141340033711968,0.094305383045648,0.00430746180687883
0.0204459783459848,-0.0299621438068245,0.0455331003606257,-0.0271774956086903,0.0764345544634852,0.00618174035112136,0.0964564628690391,-0.00434813231403601,0.100413404152672,-0.006883999908154,0.0248978430978998,0.00724080680319231,0.0546542516614854,0.0289701841596246,0.0753976650975918,0.0171709205839328,0.0804895078666651,0.00759455090198696,0.0900380086521066,-0.00325788292703398
0.0082895178477337,-0.0133521089339916,0.028449336288956,-0.0303000471719863,0.0425189259010709,-0.0275557322994778,0.0647576289042222,-0.0046903927015031,0.0886083049544558,0.00348947257859397,0.0155687498197026,0.0261705473498056,0.0493403395021153,0.023133982396786,0.0747696591156303,0.0257463814760162,0.0822964950744405,0.00728763034995642,0.0907337204335722,0.00444277104091118
0.00999736904496099,-0.0210958244076967,0.022032657930356,-0.0386815332002815,0.0420647755781572,-0.0318905025899605,0.0605087460983061,-0.0153940545010384,0.0949747433551872,-0.000164951017142207,0.00360751125053548,0.014818474615702,0.0312856213961442,0.0412898064022756,0.0601588418359353,0.0255437303466012,0.0789729515949315,0.0103879296741057,0.0836465645409559,0.00308842033062145
0.0135522465483274,-0.0192103258336462,0.0345436913959554,-0.0317569808626412,0.0570380636295031,0.0153060022146354,0.0933663099737548,-0.00767806048627997,0.103694301709496,-0.00357486631382295,0.0158590898367773,0.0167007816130445,0.0522211561861,0.032598025929393,0.0658013937256678,0.0128373265415526,0.0874618975527391,-0.0110313302112516,0.0951272507421808,0.00356322857335397
0.0212756904329334,-0.0179221430225547,0.0280542648542215,-0.037509302465769,0.045407450692215,-0.01599371105013,0.0647323174746137,0.00323369001023756,0.0904752515799972,0.00314102927679531,0.0198414376946989,0.0188799426019693,0.0490716529333393,0.0390687280306893,0.0658286082123495,0.0210120265530209,0.0727841024923006,0.0148570533529049,0.0850986060050477,0.00212931619440187
0.017592521636032,-0.0118694747352407,0.033920573203703,-0.0284658438667726,0.0514961238830074,-0.00633401218359168,0.0747667009403459,-0.0186686323381113,0.0895350067472787,-0.00848348953724307,0.016864702334795,0.026787374413104,0.0406126364912052,0.0343205470535711,0.0636547653761496,0.027045211444573,0.0832319106042315,0.021094461091804,0.0895813360245787,0.00138694394716098
0.0116561543176457,-0.0137330219650808,0.0264218708723134,-0.0263413917758783,0.0414564751192968,-0.0263818298595709,0.0666479194363905,-0.0132905189870452,0.0873063462428012,-0.00201635761702091,0.0103712545866431,0.0237522006460554,0.0388827514399298,0.0300014662982266,0.0652613424368546,0.0306661079043878,0.0827173420170414,0.0198565946533992,0.0939109219763753,0.00633187824719398
0.0189701205740034,-0.0270462966094323,0.0422846762324209,-0.0275076638667785,0.0713390608056526,-0.0212373847627718,0.0933894121011266,-0.00462478272166715,0.0954368332107722,0.00518306097506941,0.0162374820219796,0.0275875661125978,0.0414278854589171,0.0390186009619779,0.0569246945010962,0.0377244460876936,0.0800713486873767,0.0252860385142187,0.0924136886289855,0.00966253307150538
0.0221781505086445,-0.00916838445958585,0.035795306396538,-0.0221755661237743,0.0510986344281883,-0.0263655838645896,0.0790656871759087,-0.0127629441986666,0.0940232498173049,-0.00209863135558799,0.0212554894544787,0.0129973603013327,0.044181377102971,0.0282733880510825,0.0609901820419425,0.0366201694649288,0.0844680365058982,0.0246297597162595,0.0913455359276729,0.00977593859789225
0.0160414104290439,-0.0186421555166154,0.0375374961697447,-0.0300841139878288,0.060832983007913,-0.0298201408258838,0.0890513363973475,-0.0194285901581432,0.10301168774164,-0.00652948839844648,0.0215006120373562,0.0153727051498527,0.0527207246291105,0.0237359091886675,0.07526388976073,0.0304542961213228,0.0916456120776116,0.00976636978778161,0.0948545845724099,0.00418890043603174
0.0160112220996786,-0.0164740999810183,0.0329884605123334,-0.0324437063566216,0.0499355592313025,-0.029859529110565,0.0723191156371942,-0.0232188732560275,0.0888904640876799,-0.00877497211340438,0.0231366767862873,0.0304679782089494,0.0489252608005873,0.0318565431699603,0.077650384966077,0.0279042757744679,0.0910566632671296,0.0117362362519219,0.0949173825173938,0.00502961621494171
0.0253786246901738,-0.0247346832444092,0.0389626044819895,-0.0267903370425278,0.0507013850545265,-0.0258770259429186,0.0752908772500986,-0.00847300601052005,0.0943935459705112,0.00120900953506719,0.0195914521887153,0.0206613869177064,0.0412124225866434,0.0354979512284679,0.061036160935519,0.033144466971597,0.0819905720340979,0.0232444623654298,0.0924487649612304,0.00919469485396815
0.0170957949785796,-0.014816957155477,0.0366179684304464,-0.0271476158620826,0.0502666221060412,-0.0275902810464023,0.0655618605050844,-0.0225351096672779,0.0796126861223733,-0.0113585599781078,0.017088188336529,0.0113727174901212,0.0446250270396706,0.0200620211038067,0.0692969985460144,0.0315845903015312,0.0836960729139416,0.026148162161233,0.0922699932257575,0.00696472836368871
0.0240424587088866,-0.0217806448327966,0.0275561998463985,-0.0313697017553413,0.0387367372745588,-0.0303800480853211,0.0663508189429941,-0.00631710118871268,0.0880644435645902,0.00166835528614164,0.0176658012249985,0.00926603440340692,0.0326802869649648,0.0240601770431373,0.0597330692123007,0.0307181413611768,0.0774011997123728,0.0307137458206356,0.0908180431260912,0.0131040409220866
0.0277960986539972,-0.0221964651982746,0.037578081895549,-0.0413000917623768,0.047882275174356,-0.0380512208252576,0.088585763425255,-0.00721799253154004,0.0946154776514857,-0.00363896713414719,0.0116811158809951,0.0251983328258644,0.0347390729934197,0.0377814702654727,0.0704901780712918,0.0289196243370265,0.0864051053743667,0.0247451093415436,0.0901672914197351,0.0161990539109942
0.0186028793919621,-0.00932958799110232,0.0276105744176681,-0.0205996135208093,0.043048466974276,-0.0203791375330594,0.0628131341881423,-0.0166346078779185,0.0916050828969374,0.00103908337171838,0.0204373750007852,0.0175064955257639,0.0397664134796792,0.0371093394492947,0.0717704194518498,0.0307609202494693,0.0850409633074802,0.0184223536927005,0.0916658077201688,0.00891499505557172
0.0183926313462412,-0.0173983600093877,0.0280853459454446,-0.0211902072245124,0.0428560629132336,-0.0214181848171826,0.0685215081299147,-0.0200463696276862,0.0926811027783421,-0.00239535047213303,0.0224681245103211,0.0125638970834488,0.043738896236482,0.0292860528355765,0.0686825163276635,0.0357104175095887,0.0859068233959792,0.0189435004673346,0.0915790328863673,0.00995760269029071
0.0123960159995166,-0.0163590350978168,0.0242319031361046,-0.0217116289847093,0.0383925770810451,-0.0230284256765022,0.0565900560002313,-0.0212807402850406,0.0878413737497424,-0.00574507915448307,0.0111716010833665,0.0131030751099315,0.0395294689659342,0.0288335881724737,0.06528525065771,0.0388187732041161,0.0810491029445322,0.0209775034365883,0.0921719879594236,0.0101791768014578
0.00831851205937632,-0.0128627199936055,0.0226710505531743,-0.019895359404074,0.0377969412493639,-0.0210595969189289,0.0585615462953098,-0.0187220997279789,0.0919217477313391,-0.00447123197975807,0.00900498577432233,0.00765213391221504,0.0396407218731132,0.0238033926270008,0.0595561892272138,0.0345219244540167,0.0782159226372869,0.0275048522175944,0.0910030625333955,0.00676526230432885
0.0155418468719731,-0.0145275653510296,0.029778496418067,-0.0243790595811133,0.0455183137376999,-0.0219599182891162,0.0609879540922247,-0.00761013077995804,0.0920701947493211,-0.00097773927855659,0.0169498225100492,0.0239201063963227,0.0381945746246,0.0317309027262542,0.0579359896518888,0.0312959412600223,0.0774407781548868,0.0131347853035549,0.0880760034467663,-0.00345057735676203
0.0188805486633994,-0.00970584185940897,0.0341383554337017,-0.0271958973386709,0.0535845112557054,-0.0203204472824824,0.079305744542861,0.00182691780188074,0.0956577536511269,0.000970600901184102,0.0207066771127169,0.0278334743913689,0.0472414738337187,0.0365289925223823,0.0681445353902175,0.0324336892674395,0.0845844513470199,0.0150119109846737,0.0930900996992812,0.00464620148550624
0.00802872109737618,-0.0128413808888572,0.0239043062717407,-0.0332626251823152,0.0477288890451299,-0.0186089812854991,0.0724025984361572,0.00341932814793481,0.0906977577738469,0.00272237930543021,0.00667955507776111,0.0155293618646282,0.0412723639144777,0.0189207633061784,0.0633332929903983,0.0306121587709067,0.0770325443827896,0.0204253204190972,0.0871476329738673,0.00389540355780724
0.0117753067775479,-0.0170197353890342,0.0257452209441486,-0.0308458351555513,0.0457472369225628,9.97880813261308e-05,0.0761004794226532,0.0216583278574075,0.0934626459854593,0.00652565566165086,0.00418173806666093,0.01368688010025,0.0266261878026685,0.0172107137681624,0.0557008336942395,0.0333376380655528,0.0828157945276263,0.0250662815594939,0.0934297122047083,0.00812860002520054
0.00840234045987753,-0.0214385232748042,0.0239693537001436,-0.023236323604029,0.0442881951950227,-0.00656568301786215,0.0557178897896678,0.00880106996114424,0.0786369915473756,0.0235182800941445,0.0124347154447255,0.00355866311945598,0.0356667282749339,0.0339180440792632,0.0614510377116958,0.0124372440205984,0.0651751986998408,0.000565567752330706,0.0818651722803628,0.0329258253957542
0.00716160758041867,-0.0151536345477135,0.0147565371540577,-0.0241130673827443,0.0411138771629334,-0.0192472322083825,0.0598375976312902,-0.0211502051515919,0.0827779271179999,0.0125960220577004,0.0181653534707267,0.0182316096472364,0.0512793730896641,0.0398472984882553,0.0705387939443379,0.023971110262792,0.0840458823572199,0.0285590098349398,0.0958159247697667,0.00326297423714063
0.00826834319763625,-0.015942865477956,0.0252069976847326,-0.0238107427826188,0.045959636328202,-0.025661471127897,0.0722589199822045,-0.0163206348010877,0.092973992247921,-0.00415764298777224,0.00100839440874623,0.00464182054691558,0.0246888705549358,0.0261959581925613,0.059308130922658,0.0332748312678728,0.0836694169574481,0.0268335414581997,0.0941371492783538,0.00560733302274541
0.0291569492030534,-0.0287198555906771,0.0348046896189737,-0.0415475692774026,0.055568305269184,-0.037439941189545,0.0815294784852431,-0.0198647686246259,0.0963221232197836,-0.00543065536490996,0.0104141883687531,0.0257887436616578,0.0250289149846319,0.0445469103470605,0.0643454074301297,0.0400248276844572,0.0861442649464819,-0.000606300026062302,0.0893633265363583,-0.0115920752169882
0.00813924564969194,-0.0120872829556947,0.0330956463815534,-0.0264431877592845,0.0452409636917869,-0.0314261630754723,0.0677191128596887,-0.00524155399974309,0.0915598214345192,0.00719123621097812,0.007418501429331,-0.00842090619545712,0.032439933622949,-0.00105890185241612,0.0539859604975133,0.0169879698439533,0.0818613020752786,0.0220963917617976,0.0894588288294959,0.0175535766814808
0.0270209988841084,-0.0337502859425933,0.0457957710158136,-0.0232009492162632,0.0731149753357643,-0.0106971992199787,0.091419275616974,0.00823421958641751,0.0960593801914729,0.0043264766450873,0.0152179421558925,0.0311767474080089,0.0453479959241081,0.0368849946846772,0.076672616884659,0.0279355756895457,0.0911569565731657,0.0137795682541207,0.0954524482046246,0.00466866784771216
0.0209709082374207,-0.00992120144625426,0.033283471460653,-0.0245680661436879,0.0466854195715013,-0.0289902159718755,0.0612514146344724,-0.0249609969300286,0.0832626339730871,-0.00572536974149301,0.0190662837115162,0.0153772941620997,0.0475308488794984,0.0224531261762715,0.0698685702807293,0.0240646092663309,0.0868310634127631,0.0226432917046479,0.090651998721078,0.0159107800877785
0.00815846974097676,-0.00750240473359867,0.0223259613099655,-0.0231858242397487,0.0414423037436395,-0.01849665346318,0.0633318970282273,-0.00653224806867742,0.0884871931538947,0.00576932200170606,0.0162802047456846,0.0110672169584855,0.0536347257822996,0.0305636558168163,0.07453110649511,0.0274622661422182,0.0840200663158243,0.0144848484220331,0.0948385672774779,0.00442271334038331
0.0257161168089584,-0.0271336736039061,0.0307570865329285,-0.0255096798355173,0.0734704076994216,-0.000855708206737769,0.0943510220785825,0.00260462720462855,0.0933415929021533,-0.00221307783844042,0.0132603096199993,-0.0144744494360887,0.0413601725285861,-0.00469566267991113,0.0703151500436016,0.0253123112277735,0.0798125215539879,0.0219363828203461,0.0937390624239126,0.0097820227798914
0.0219418964627364,-0.00913148834361381,0.0328860489953478,-0.0301063121375698,0.0562799028113567,-0.000434065262930575,0.0839934102223221,0.0150078069031942,0.0948863207591275,-0.00365458042828994,0.0216138260649796,0.0196551800426654,0.0413814410056914,0.0305998242173621,0.0648222637770962,0.0305320385649535,0.0764717056026197,0.022611197385528,0.0934600359521251,0.00175472393049215
0.0125361290913655,-0.00966572142121269,0.0301840936263628,-0.0226931670106581,0.0491446387378771,-0.0249058190874434,0.0889064184835099,0.00191162305919058,0.0967151414217219,0.00580889766569043,0.0118239583585132,-0.00114479012886135,0.0422271129933445,0.0147192059889424,0.0701478334574385,0.0334874101349297,0.0925730268400656,0.00810230219773604,0.0942475972425438,0.0072754222846244
0.0117100306524834,-0.00974619058197617,0.0308144632848155,-0.0182162187114745,0.0375669757927302,-0.0284120656028918,0.0559190846218665,0.00788508734850819,0.0765053718185246,0.0159148998754976,0.0157347335739692,0.0143662516545768,0.0373680340358717,0.0187542238684281,0.0534196629256913,0.0270630364881834,0.0709934306644178,0.0276124071564314,0.0791499854940025,0.0156390760109358
0.0147810413798539,-0.0158256210177874,0.0364839916564648,-0.0296022974119769,0.0544646806885887,-0.0252277550853241,0.074768335013611,0.0102673061819479,0.0954229681617129,0.00984442417332458,0.0126872121895466,0.00911937674537048,0.0381270097599976,0.0181457358180368,0.0645526975416837,0.0210794585598559,0.0820148749375108,0.0237591307406739,0.0914472129124334,0.0150566029999204
0.0146697339882833,-0.0145646249305047,0.0295299166655492,-0.0280524228367898,0.0521712074263415,-0.0245232977042795,0.0757423533401504,0.0246791074742133,0.090344935178128,0.012860172853834,0.0160089552251725,0.0098398381512812,0.041016907734216,0.0233726869578893,0.065439050779157,0.0241837282294239,0.0824080733738381,0.0334063533528423,0.0907875699247744,0.0165816758441936
0.0235251183641942,-0.0251973304178569,0.047349180766384,-0.0294016229746307,0.0788596471563466,0.018794576538776,0.0924765119663811,0.00089165259007156,0.0971229806178827,-0.000421865181843084,0.0172344537022291,-0.000436781971706354,0.0647300305889039,0.0303747563307249,0.0818362997185172,0.0304863804393733,0.0944090131079424,0.0050062456124971,0.0952787776246304,0.00472502393731123
0.0154240995361297,-0.0162671910837315,0.0336640831245042,-0.0282591882075009,0.0439507567600495,-0.0321359351303224,0.0572278790808307,0.00969164076879382,0.0876510342499176,0.0101102181627944,0.017809391056237,0.0189192233548648,0.045692209908571,0.0282304330072478,0.0667022960392591,0.0275202464094514,0.0842025864427094,0.0185236060562865,0.0937626518017863,0.00808071461155463
0.0201862935918406,-0.0226145055592405,0.0312459831686892,-0.027599118852575,0.0362511762960117,-0.023097505109806,0.0480885858752024,0.0145690979796226,0.0792657533507685,0.0168967941897635,0.0146649769786206,0.0224436718510909,0.0258248661693913,0.0307665559102308,0.0453850036281981,0.0335692300082465,0.0691732448828635,0.030682129720633,0.0896815439859021,0.0161738661508766
0.0252214137247904,-0.00901051561913225,0.0339759527020684,-0.0202826996595582,0.0390462287310705,-0.0238617065480751,0.0591113965208876,0.00601527444528963,0.0899929179973408,0.0117417229603716,0.0217499279140411,0.00674531875023424,0.0421064353812892,0.0279731233970217,0.0629558702743069,0.0300902121796359,0.0738812023820577,0.0214269029419402,0.0911141328080937,0.0130536201793678
0.0188007457688736,-0.0139472027979975,0.0345824017693176,-0.0296227472480115,0.0464196047556797,-0.0122217447649809,0.0706735330279402,0.016970070640629,0.0904040984197485,0.00328741163155501,0.0178995672893167,0.017406657380013,0.0428687263955567,0.0298907259885705,0.0693301232763538,0.0260134245159064,0.0775551896636049,0.0189695440991749,0.0931272920864456,0.00442187365343655
0.0154395149365889,-0.0113323219570829,0.0295576079062781,-0.0209320331220608,0.0446540581302193,-0.00610867022905056,0.0691912316654639,0.0263814011476277,0.0912873667607097,0.00885080762149108,0.0146639834697074,0.0154227719966353,0.039747949134875,0.037782341684317,0.0600458438086799,0.0324272726207939,0.075282840965799,0.0271870468131753,0.0910542323348131,0.0144843273481986
0.0161905452673103,-0.0174180378006982,0.0290138635209612,-0.0203894462291211,0.0472660624111782,0.0179917694092045,0.0791367864740233,0.0166864693046379,0.0933576405583059,0.00449406409682061,0.0164504693158296,0.0134828681037341,0.0450921032873142,0.0265587300095849,0.0692797101234797,0.0211240211005882,0.0844283015545663,0.0199206462534278,0.0941230881677674,0.00697581124535711
0.0201248372139609,-0.0138459762486128,0.0368279945738818,-0.0297714152654555,0.0608916052708143,0.0200897862858893,0.0930724933050186,0.000377581123908735,0.0975527918433784,-0.00524557086420214,0.0186564701030942,0.023326843514073,0.0396871912906561,0.0193553618727507,0.058388682935691,0.030603428553735,0.0803565548388501,0.0251698764701378,0.092578957565367,0.008726666031516
0.0136819195117276,-0.0146016153244369,0.0355802895761047,-0.0195924441733688,0.042958137776457,-0.0216444988220219,0.0654506466116561,0.028458021104624,0.0881360170569629,0.0134800440278878,0.0138990254212795,0.0104919844019181,0.0398713690946064,0.0176147179934002,0.0590441117090424,0.0347878562474734,0.0702722542923631,0.0276448206580559,0.085151267663619,0.0187479447064575
0.0145562649667353,-0.0128513069540719,0.0294577294105922,-0.0279671260793475,0.0418199517697073,-0.0213553794830987,0.05404537388311,0.0237530067844699,0.0839429294132522,0.019098900182172,0.00889657286677265,0.00682567865131605,0.0276549892212584,0.0114593353664384,0.0471002938218079,0.0235472129947499,0.0687917953370762,0.0362414015996339,0.0809922423533716,0.0203253674244269
0.0311809845911183,-0.0274540190456478,0.0424188057922856,-0.0254664020729983,0.0553410708873105,0.00292422690654492,0.0744969658570489,0.0219965946688758,0.0966568278444446,0.00157317943472195,0.0145281477273474,0.0113774262690839,0.0379540790463834,0.0220338039611889,0.0652390725464671,0.0268516439687753,0.0738446476573996,0.0228089436945859,0.094023649857144,0.0080412679998175
0.0165283511593815,-0.0140550404846334,0.0327901164523133,-0.0290287807853757,0.039459845864013,-0.0224769441177483,0.0538489239508362,0.0165215871616942,0.0795304657163862,0.0170937309581536,0.00870876000514084,-0.00171279638474877,0.0371386134378485,0.0241799287890582,0.0712715043955107,0.0307024620060522,0.0919866275722075,0.0118230063462238,0.0941662155656705,0.00717017896018978
0.011349056823456,-0.0122547533432447,0.027703752041509,-0.0279186339728824,0.0437390517679844,-0.00594393533886644,0.081025292081214,0.0146204069781483,0.0906583269668929,0.00428643260322803,0.0226903430050732,0.0107028091188912,0.0654775083278573,0.0310727881622699,0.0841228097755962,0.0243661070691674,0.092384334672652,0.0124744923222921,0.0972487605274539,-0.00112949562168296
0.0360488460204833,-0.0233398850164762,0.0443107317995235,-0.0203417368539021,0.068202079486695,0.0312226508384614,0.0923615068495119,0.00287932006601144,0.0943325069993489,0.00010489518885343,0.0198694071283998,3.10455225813941e-05,0.043988450782798,0.0188913433655862,0.0625017187292946,0.0320897637755897,0.0745188612240871,0.0352899029701478,0.0939885332644439,0.00827325659839745
0.0130001804089829,-0.0186357939058622,0.028105520128361,-0.0249227512453565,0.0404809205334939,-0.0286577329111798,0.0610754787831981,-0.00162468786951009,0.0841418449587722,0.0169167224363901,0.00740541311580826,-0.00784426376703472,0.0314014304963821,0.0138603067497975,0.0596052804271631,0.031915865610243,0.0802720141990556,0.0232056790722176,0.0818239413779677,0.0214563011401631
0.0175529623876843,-0.0151168780349312,0.0327636631585484,-0.0235337279902968,0.047564875258711,-0.0169296262623048,0.064486410007974,0.034183025787765,0.0912622049348052,0.00782203429470611,0.015587164358937,0.00145428326640371,0.0429299023165709,0.0233861936437156,0.0686201611139781,0.0220951397224759,0.0793881431669655,0.0310142701525571,0.0946524504415403,0.00724776586742519
0.0164383669815038,-0.016338165958803,0.0321334726353547,-0.0267895866184865,0.0447976834320709,-0.01984084100581,0.058253666831685,0.0207758810819438,0.0870729956709991,0.0102143570646719,0.0173697846878169,-0.000897695061505689,0.0391881316530761,0.0193523673269263,0.0617412376425523,0.0223276670316355,0.0742842238653041,0.0209377362613495,0.0880930374118024,0.0110333653038103
0.0126062345309864,-0.0125550460295307,0.0288877632558567,-0.0305891474367947,0.0363209594352596,-0.027128439507341,0.057984089099051,0.0250969088917031,0.0862332346460818,0.0119512974653144,0.0210786657011481,0.0138529926620192,0.0361000442032588,0.0169392949635832,0.0579350116063097,0.0288889888009063,0.0694976490293664,0.0289018604200106,0.0892232649158736,0.0151546178761273
0.0193560099030339,-0.0140631660334868,0.0327251767521091,-0.0272381608234407,0.0487125870432216,-0.00577764885176634,0.0619004167320063,0.0249184213979519,0.084198701011212,0.00368268085282202,0.0148973362628604,0.0111359658582766,0.0332440790183932,0.019034885878182,0.0535307038009353,0.0207710940123545,0.0708907204619769,0.0327530510969658,0.0819973047367714,0.015912863048051
0.0144881622903424,-0.0124504930933211,0.0319527215645199,-0.0283314077365197,0.0457009630445929,-0.00877990203493824,0.0613811901066988,0.0263123163061457,0.0856156616024302,0.0121964864780246,0.0142811133638464,0.00424420058541965,0.0403897061113419,0.0156300631988639,0.0668745990288964,0.0260759620413371,0.0705855314761483,0.0256630157685093,0.0869829356956689,0.012002552622986
0.0168238774137428,-0.0203766967979253,0.0339863142384294,-0.0250576293139689,0.039769303582136,-0.00156599178692663,0.0702715677449256,0.026740990919441,0.0907601330756066,0.00551409045091656,0.0180395859162189,-0.0204246864729809,0.0379461913212283,-0.011820892609129,0.0483021643979458,0.0168570150451753,0.0679605838927662,0.0338613593683827,0.0931494909578189,0.0109217901159792
0.0166247326921221,-0.023009409122882,0.0327593008635014,-0.0230774291838311,0.0416883890980452,0.0232816300930026,0.0732689472174873,0.0189928837792276,0.0927246263885573,-0.0013130950313408,0.0106186233876385,-0.0122623882139596,0.027506818355348,-0.000303267541206361,0.0552369661938058,0.0237788389184005,0.0680611235067455,0.0276636325292779,0.0942815509417848,0.00874680982845767
0.0298998059277029,-0.026918909210983,0.0444276803760881,0.00363521039218129,0.0754627930555519,0.0153445948674232,0.0932400160859116,-0.00187189781651697,0.0941049468285684,-0.00469406060123867,0.0170930227450467,-0.00810372179228163,0.0381771065807303,0.0123125396868513,0.0662139713704869,0.0378610440735891,0.0766287876840855,0.0264719884518318,0.0953382977112332,0.00706200605937662
0.0155379094331683,-0.0139964611585878,0.0324727753225022,-0.0280593768499386,0.048329492912405,0.00486470447464154,0.0701188507343996,0.00707181262943469,0.0868302787996907,-0.00271035097560502,0.00390896457886445,-0.00561584063035141,0.0192022920682692,0.00102210311263686,0.0502064706549619,0.0290687858168765,0.074757034259218,0.026177204737758,0.0932384189839199,0.0110563872924912
0.0186940987035437,-0.017419970330707,0.0389769913954375,-0.0186353928110742,0.0669829146433904,0.0208301441061833,0.0973591770079755,0.00738181833809907,0.0970292262239111,0.00032157040790582,0.0144850570756971,-0.0100432039323459,0.0474921862493578,0.0135093604700098,0.0743123841477208,0.0337636443255826,0.0914682266558467,0.0154779011989656,0.0947844241623596,0.00612337899846338
0.0150084201060824,-0.0126186782133955,0.038991405833801,-0.0289359147234407,0.0414733911658767,-0.0165572215895932,0.0527315104110624,0.0141508306880188,0.078778157383184,0.00914530409329025,0.00284841531604335,-0.0076463669399721,0.0173585066167943,0.00844304111679895,0.0539232144166809,0.0211659177515518,0.0772341039968175,0.0308307234868033,0.0930026605254295,0.00980834027430307
0.0155888807630806,-0.0194239584256758,0.0383022290679045,-0.0152104778067916,0.0538997659105669,0.0165948882877565,0.0800081144560296,0.0174817091583456,0.0940705262264828,0.00660994345315484,0.0143836091012066,-0.0138565880746556,0.041352675973208,0.0051120081753413,0.0696685782252077,0.0351366814314504,0.08942463054658,0.0156284025438978,0.0952173770234868,0.00746208113102675
0.0224674881318286,-0.0252852093951609,0.03938141072609,-0.0309985913304885,0.062293411356633,0.00144039799957638,0.0824726149943522,0.0227031272351639,0.0964294547458833,0.00521678014120847,0.0218894723653794,0.0023849208791434,0.0460681926104401,0.0167754592629158,0.075801175387523,0.0295998690916236,0.0828583651457645,0.0325544632664425,0.0902511050482391,0.0153829672811957
0.0163506148778359,-0.0172664550327421,0.0383542757997192,-0.0250362089148367,0.0511352134427027,0.0077983076059942,0.0753294770487458,0.0258611082820867,0.0903323373222446,0.00968370593019555,0.0160170270767339,0.0012100095339961,0.0420196995380875,0.0144507223980095,0.0637223848941365,0.0307501671599576,0.074836574823967,0.0351418919815406,0.0849724240112254,0.0194756849889014
0.0117589485336654,-0.0158650159299657,0.0207015768265287,-0.0249798239835352,0.0313538292215674,-0.028104874833672,0.0524818548065784,0.0069263191737662,0.0927121621907742,-0.00016172173136184,0.0199719928388185,0.015880572429107,0.0432182544433156,0.0385768523847006,0.0732826401062139,0.0251733182211394,0.0865276099648331,0.0115480630444911,0.0909533097217851,0.00783319491228331
0.0209945962296949,-0.0114692610693572,0.0314728083945194,-0.0263491886022263,0.0403970627892652,-0.0302140325199792,0.0652608807058491,0.0103824200294569,0.0920369952354347,0.00301104037050609,0.0167636824158045,0.0136269665538361,0.0449069708061786,0.0306444682862808,0.0716274172454297,0.0297634807354619,0.0895338017224949,0.0152367092031078,0.0931515612465464,0.0090932539942322
0.0232044406428773,-0.0194066054172756,0.0316387843361443,-0.0281284878614876,0.0449106875142216,-0.00171057502517581,0.0725659345577316,0.0221518564418498,0.0945632055980167,0.000571187801007957,0.0147047138769116,-0.00771932429018896,0.0446292116882682,0.0195272336929419,0.0661684119894004,0.0324783097839348,0.0821724192713827,0.0161250265077498,0.0941599586910367,0.00371956001371031
0.0087390526279822,-0.0082539417378668,0.0256324321888173,-0.0280846339599604,0.0393522863356101,-0.0260800403543614,0.0698209943392298,-0.0153117345036817,0.0908300396456042,-0.00477832302610379,0.00625513072057229,0.00905139693520752,0.0303127593964153,0.0292124548630506,0.0661245171402695,0.0258017924380263,0.0873501086771412,0.0141720055668701,0.0946239539622745,0.00540223264645274
0.01206301879331,-0.00783642103910313,0.0297738138123738,-0.0235039994713563,0.0514053233356964,-0.0178558233074651,0.0748529876065999,-0.0115118147249263,0.088576385468791,-0.00585219392981068,0.0123622106848966,0.0127875492656639,0.0504831990051136,0.0303844954634395,0.0840809812113102,0.021304903988134,0.0922392844943352,0.0105599719785597,0.0956360915608765,0.00291918491924478
0.024603681661872,-0.0170378202541835,0.0530157044416669,-0.0169753396068524,0.0776374536271541,-0.00487773927746267,0.0854247578438362,-0.00445929865233794,0.0922348828188209,-0.00282961646485228,0.0101620547526603,0.010664862298316,0.0403750035640845,0.0240375042706606,0.0687625973572155,0.0260946526435079,0.0795572593827705,0.0203386857928098,0.0886652538923502,0.0108821127264708
0.0212461393451516,-0.0228333543788664,0.0623725233506371,-0.0200027835784446,0.0808316936149653,-0.00964306330671264,0.0947905604354811,0.00134714140270358,0.0958661029741693,0.00474170638949165,0.0145355955251824,0.0115414534885745,0.0534274054777403,0.0286095931061549,0.077209372098374,0.0244082479332342,0.0913798905648627,0.0168724962310542,0.0945060504409224,0.00710257631458241
0.0182289893843168,-0.0123548837459024,0.0326940141996586,-0.0274304450302484,0.0548710909044023,-0.0210374314293768,0.0889565600807171,-0.00934280159201918,0.0948938873776237,0.00555102485953488,0.0210079897160858,0.0299390978103708,0.0538842481800709,0.0351423740573911,0.0766355757839114,0.0326764035152257,0.0886495512391411,0.0222321409600443,0.0916507442239676,0.0135544222226957
0.0131885919954486,-0.00676788584133443,0.0296183890583371,-0.0214925750930643,0.0455288299175464,-0.023704911636547,0.0689662363950966,-0.0163872004337851,0.0881585594958159,-0.000527133445471011,0.0242232481144962,0.0198502133754004,0.0625393991661908,0.0249178644524005,0.084030248575956,0.031906013897068,0.0884947327161287,0.0205025050002186,0.0933354919456601,0.00987998425331033
0.0326176375895284,-0.0205662430823212,0.0722604090304136,-0.0155269565339003,0.0898523857544699,0.005157374928395,0.0921206081763626,0.00666954662410587,0.0930369771090205,0.00314817978626316,0.0451345970681763,0.043990210732754,0.084221581497787,0.0368459739994905,0.0999695265994168,0.00497820450231543,0.103296015374684,-0.00326363741640157,0.103295411061437,-0.00327162799760179
0.0301321561583764,-0.0265950971957243,0.0577171605949682,-0.0247966616630181,0.0864809029403648,-0.00245383671648191,0.0934702121899994,0.00526283257490321,0.0948917179705957,0.00533409677431381,0.0260669979299499,0.0113563410010431,0.0633577965659341,0.0208135752222842,0.0836133221875722,0.0303732081603746,0.091667342121675,0.0140273751077766,0.0959844244037699,0.00449512166969653
0.0188765702030312,-0.0176032432937568,0.0368329525575805,-0.0303034827756019,0.064948237742349,-0.0274552071133835,0.0966407322643099,-0.0164005207760387,0.0985936388340936,-0.0085509600207037,0.0105004957363656,0.0193228486510148,0.0357576535606955,0.0360353590870488,0.0624096781937344,0.035087999459572,0.0828702335954521,0.0261571367335984,0.0922473215503743,0.0115549671139095
0.0223102667840285,-0.0260753776729895,0.0399145023239312,-0.0302479336946268,0.0736724846657231,-0.0105422373766021,0.0900144841338956,-0.00208103532077621,0.0923537994566641,0.000935865968956911,0.0176307578880348,0.0178409226606585,0.0516443077226629,0.0333873774492711,0.0704651711621841,0.0294125246717572,0.0872333335743584,0.0179193230076591,0.0949994949912059,0.00491188165881915
0.0188559239088272,-0.015056459224527,0.0319943792093113,-0.0306267647186765,0.0556646670664904,-0.0290291406570704,0.0889413471078307,-0.00655834920399743,0.0904442419964343,-0.00224818116913613,0.0161014835649806,0.0106699821346793,0.0404190533757612,0.014378058420519,0.0615313373111848,0.0299006554456085,0.0845090492860366,0.0249841920771885,0.0939232992159604,0.00906686225961875
0.0246477335924064,-0.0250646022403392,0.066434901874651,-0.0210088491372134,0.0894760964370267,0.00223442320428028,0.0893934464107902,0.00239259062965228,0.0904763713704299,0.0022720965111118,0.0166468100477617,0.0136768801667881,0.0530724449988081,0.0372692324814893,0.0800839334636748,0.0341701547760674,0.0959721532944904,0.00821222584163354,0.104725632098372,-0.0141126115116764
0.0192864645515686,-0.0173943398633748,0.0435934659066612,-0.0275772577918669,0.061967853371792,-0.0234247159705533,0.0835671241375303,-0.00687589744244586,0.0914010154762555,-0.00290988326871384,0.0147787551693173,0.0160256848246163,0.0372311441057524,0.0427881543610008,0.0580206002947911,0.0420492136184191,0.0756448781916824,0.0349635954590796,0.0929726275295011,0.0131302304145976
0.0156693675674636,-0.0108471545729384,0.0357259785028965,-0.0243381747473248,0.0498733837593292,-0.0278695063819587,0.0764439306928977,-0.0160801733598401,0.0920371320793369,-0.00699016250224566,0.0212744942100538,0.0196656483267704,0.0454391517821755,0.0397636994144153,0.0636432408921106,0.0468414908747115,0.0945027324385239,0.0145309897497081,0.102488973180862,-0.00205665832651483
0.0142080844052884,-0.0135575164505344,0.0369889238387582,-0.0295400980713446,0.0605202933050201,-0.0262675043456122,0.0784511386035835,-0.0137746155090216,0.0907813758380199,-0.00184865055626122,0.0146084652691708,0.0064767584028123,0.0311212133904776,0.0233353859783364,0.0540302173674437,0.0386857204793995,0.0817924348407814,0.0231938012321081,0.092313696704433,0.00823573712669505
0.0157873787670284,-0.0167408949627983,0.0517233037943475,-0.0261169289410026,0.0789159638240839,-0.0157799766609425,0.0866474653556263,-0.00767922675855824,0.092733002763756,0.00578722631218902,0.0128881738642797,0.0135042829188201,0.037448186254909,0.0381488885736241,0.0549119093333896,0.0444421616956419,0.07858839991442,0.0255462008734957,0.0927843300125424,0.0118375423546408
0.0199395710326663,-0.0174540898463672,0.0392725530971224,-0.0306401686322608,0.0595739347811364,-0.0243054475828779,0.0818451224536186,-0.019726675751886,0.0952566942624586,-0.0107940837721095,0.0190202633873297,0.00850126001144313,0.0484035774422153,0.0194664189351539,0.0721964830499386,0.032317875074001,0.0900238270314778,0.00985575496531704,0.0952955997627428,0.00348341158773882
0.012635304992882,-0.0129737412168655,0.0380551635243946,-0.0329124666604907,0.0590075752016874,-0.0153157300607099,0.0884004607829008,0.00294482526363849,0.0944611222810271,0.00398857957557787,0.00957994195810811,0.010608781569224,0.0323947746074843,0.0410778705442892,0.0496705827061273,0.0420267657372055,0.0704258828072919,0.036384401086471,0.0888726117228738,0.0210503392620833
0.0715398893784589,-0.0258081562734772,0.0973702055007359,-0.00564361575077229,0.0980408851999784,0.00121270880280178,0.026334620139339,-0.00893468282317264,0.0800873164138003,0.000298422927722842,0.071695780692961,0.0354504964435803,0.0953131245578244,0.0108908312274612,0.10256261915683,-0.00688403137033964,0.0960886113356631,-0.00368751552371413,0.0439275900123414,0.0131282292787038
0.0265350392697289,-0.0211547298371318,0.046799019777517,-0.0363764473852383,0.0644780159742803,-0.0287581879691235,0.0926203005932477,-0.0104849949616817,0.0934860818955083,-0.005600166457457,0.0316067536707305,0.0181090378123751,0.0600872941062324,0.0329789683641127,0.0769918451213644,0.0288314456307321,0.0901703232657208,0.0170946235176855,0.0986291664513244,0.00359314458975331
0.0210569644662128,-0.0111054496515001,0.0368263579229605,-0.0278999982989061,0.0531099051691391,-0.0286920042225064,0.0731961092993104,-0.0226084235821893,0.092411429679592,-0.00984537988337467,0.0305656253906987,0.0201052788028176,0.0543435379365643,0.0232755598028087,0.0736704601531311,0.0259319297367314,0.088766961376758,0.0209531349819477,0.0955290804962679,0.00584986005775324
