u1_1,u1_2,u1_3,u1_4,u1_5,u1_6,u1_7,u1_8,u1_9,u1_10,u2_1,u2_2,u2_3,u2_4,u2_5,u2_6,u2_7,u2_8,u2_9,u2_10
0.00434753736921151,-0.00643122650196483,0.0239320917495966,-0.0138711396343569,0.061006046022329,-0.00770179946238788,0.0969926704717307,0.00662993818474868,0.0951760586187291,-0.00282216113918961,0.00222417167210628,-7.1378903824845e-05,0.00236137334175986,0.000192628411677794,0.0018898116797403,0.000379843420784151,0.00187493608238102,0.000200599076861218,0.0632675742422765,0.0351316572767004
0.0402441176459827,-0.00438427810489024,0.0813110206296383,0.0102645553819393,0.0961847888336863,0.00994575806884488,0.0986422299672225,0.00250011681181593,0.0990923440957779,0.00119379979243879,0.0383268992632421,0.00676035534953018,0.0720256246843086,0.0260119898161755,0.0691689240380239,0.03133034802765,0.0704706898206678,0.0312607674323506,0.0957568817987186,0.00807392785346087
0.0206412034832007,0.00228032240772003,0.0669353186614117,0.00538619323451324,0.0857415502054719,0.0116024125552986,0.0960996627719697,0.00418650099337,0.0963566550535323,0.00313975106654469,0.0390694003571286,0.0108688678039685,0.0709880290312573,0.0422423104306892,0.0685435455942001,0.0405094162774109,0.0709682922768009,0.0332744429600472,0.0881845645848826,0.016029442221921
0.0366846188842248,0.00186563798783258,0.0828066203519674,0.01108987775871,0.0921649760468048,0.002037057668927,0.0954731985964315,-0.000305244518976152,0.0983387964296216,0.000719240898469103,0.0546571558181348,0.0373164784938163,0.0725111160569697,0.0287855021750256,0.0991311261941045,-0.00151757149196336,0.0990598161620435,-0.00147636906341288,0.0984713868944868,-0.00163737613572588
0.00156303511582619,0.00176955232513496,0.0452083683853816,-0.00190519587477601,0.10344303788326,-0.00922580243991575,0.103292583055925,-0.00700424901689886,0.101459939499359,-0.001305669827704,0.0429547749071833,0.0148679969656587,0.0776051580231814,0.0306158193051112,0.0698023243371321,0.0401864944025663,0.0733996265087433,0.0317049818310369,0.0977879023903068,0.00374790585742827
0.00689489651578876,-0.0119745323945351,0.0218996936899406,-0.0163200334958806,0.0381892258752403,-0.0214103470288506,0.0795509452151745,-0.0018038621676342,0.0973672885381202,0.00260093398906493,0.0362125923577646,0.0227515133553578,0.0676841160862058,0.0386730246417441,0.0688382596841464,0.0357135172854983,0.0728016602388531,0.0291874548797222,0.0956340513263243,0.0043470163018868
0.00618224540110703,-0.013833851873232,0.023713324140769,-0.0235757098235682,0.0416282719010703,-0.0262849585790909,0.0830423672625439,-0.0119085383269324,0.0964888649131163,0.0020254947295151,0.0308608132755668,0.0148492363880006,0.0703228548501419,0.0320456187367599,0.0740875554403845,0.0374347591899375,0.069592694913238,0.0304206073335403,0.093819084153383,0.0153017181027724
0.00933104814634507,-0.0207557406075459,0.0382200492963322,-0.0313115778415704,0.0681884593762502,-0.0153734300519476,0.0901058916791603,0.00105995995087611,0.0916291392534973,-0.00010499062729334,0.0177187875725594,0.00976702813486015,0.0674723281487357,0.0339806778877397,0.0665035903014742,0.0414518870245315,0.0715850900907253,0.0328375123208052,0.0939476767651971,0.00811866540168106
0.00609164954539611,-0.00890203207220553,0.0184597577469261,-0.0287695520190384,0.0402913128985964,-0.0241856041342589,0.0672628207971395,-0.0186463452306466,0.0911487844295027,-0.00446822189230821,0.0259674452581583,0.0111681852983097,0.0670730276899991,0.0224108141398065,0.0751343380586805,0.0361565278328878,0.0821081667407139,0.0241438502602945,0.0952539517809654,0.0093885632366379
0.00807568567522007,-0.011828002743588,0.0289164568491,-0.0329924645501008,0.0659476970203311,-0.0227744596938738,0.0866886042299756,-0.011473665826753,0.0942366644207539,-0.00767466378476327,0.0162756824678288,0.0177660866119278,0.0492978231601741,0.0363277160315976,0.0646324715518674,0.0331113467678876,0.0687542338229798,0.0292400407423546,0.0962569718227074,0.00698224321464842
0.00537456997950223,-0.00733611687316213,0.0363935150121736,-0.0214985825029226,0.0832303924633892,-0.0180933636375827,0.105108855956278,-0.00950745619371287,0.100256829618898,0.00367637362588456,0.0463750570576191,0.0131904847232903,0.0668508383196132,0.0180396425223654,0.0690329653944139,0.026581169309192,0.0716667211892238,0.0295456339626171,0.0929418777844855,0.00934978081610187
0.010590857309958,-0.0122097569113132,0.0281255405965353,-0.0169584261966925,0.0345255084961745,-0.0226089256653802,0.0378830106562615,-0.0266369990315798,0.0782791225384362,-0.0182587783470358,0.0274077735833411,0.0163194594246877,0.0604826795076239,0.032089570977167,0.0696481000035758,0.0303792301380279,0.0792930485320582,0.0207593773386936,0.0934353113962909,0.00851320208873463
0.0265267739597164,0.015856696861913,0.0457744054876871,0.0216311652777386,0.0396129767348922,-0.00162098354886884,0.0360974489600011,-0.00778889556071036,0.0888231741078131,-0.0107940618643764,0.0186681064350229,0.014496781346822,0.0549077085991218,0.0292171038948263,0.0710354103812521,0.0266063433574075,0.0726502954683343,0.0241970283259531,0.0958036589419829,0.00430924462252785
0.0245688138596587,-0.0183976602614685,0.0513857663295389,0.00209431986130037,0.0660271519169627,0.0369551346570503,0.0775715637383584,0.0182516952365658,0.100846812035291,-0.0132126438703618,0.0116932895661382,0.00884209469922949,0.057658013757981,0.010147538608739,0.0721979062848198,0.0319547497388964,0.0705996521985922,0.0361095654934767,0.100074082927863,-0.00450145982924709
0.0449774086743809,0.0300556930345598,0.0575887848992114,0.00664468324329047,0.0674910753199304,-0.00894598399789504,0.042054990353636,-0.019378198303305,0.063952845715546,-0.017728438924265,0.0470147038326752,0.0269845597827068,0.0695165247393529,0.0332931688339686,0.0854659429655321,0.0137911585469537,0.0977705339066788,-0.00191622721092538,0.0973703952736349,-0.00194203631352329
0.0154987350958279,-0.0165473789583946,0.0414580815238735,-0.00953083897373829,0.0628676525457575,0.0270601650482354,0.0733075164985114,0.031019723606897,0.0846564416396915,0.00795425678180144,0.00384598903925144,0.0128129434984769,0.0413323038362947,0.0066998344849691,0.066950965849561,0.0245582627058431,0.0712166581392901,0.0340293444647335,0.0884675004674369,0.0219779905251621
0.0216612089816993,-0.0221366694075594,0.0323703944256814,0.00963717476974072,0.0297387831021021,-0.0225538855585813,0.0489414232822808,-0.0118710598222383,0.0772236265379498,0.0249617892036576,0.032105063398712,0.00484664640202997,0.0358418089086472,0.0123784372640295,0.0636294527969763,0.0354329997787048,0.0722475910624925,0.0269435074512931,0.076021907346611,0.0371624730810113
0.00755607715985751,-0.0194105766002629,0.0201790246698131,-0.0338134294842117,0.0431993224773102,-0.0232088255839916,0.0445658705994647,-0.00810353664502486,0.0737341434226667,0.0146716168750961,0.0420172454307967,-0.00951937257068797,0.0486739928868262,0.00246248333682659,0.0803457758791619,0.0366830041589448,0.0700464731779042,0.0302344658277909,0.0830853853817909,0.0176367938399141
0.014782358582389,-0.00838187194895806,0.0290896530574794,-0.0267739118859274,0.0633762170708389,0.0129961721865148,0.0732115471781457,0.0297670052199305,0.0859496996781449,0.0159198922790399,0.0299574792129219,-0.00597877337857274,0.0513225997426162,-0.00904603434811421,0.0731868174091512,0.0217606327088953,0.0697461495139604,0.0372811357147674,0.0829370538741236,0.0196501776868578
0.0246813469938052,-0.00491435750616807,0.0323515472079685,-0.0237413895617516,0.0743463095632544,0.0234242364508383,0.0661770569082716,0.0305045300372166,0.085324035653759,-0.00273024540585264,0.0266796530696933,-0.00057347676739849,0.0497679948918473,-0.000343993148158949,0.0668512583935883,0.0171051630832949,0.0706664531526475,0.0331158957335538,0.0684404303603394,0.0197770041420846
0.0266918363504879,-0.0175647273781066,0.0506815186647334,-0.0132775648392749,0.07389140811107,0.0238499991595257,0.0732346469607813,0.0361772225003731,0.081440781825417,0.0149552228529891,0.0159169035011378,-0.00681425263602568,0.0469686095606648,-0.00163828509108552,0.0662088760481712,0.0118136847940348,0.0726690879022737,0.036273770883156,0.0721209129572594,0.0302372272678034
0.0208233788261194,-0.024162541792098,0.0485783171641366,-0.00575438242074794,0.0686023286550473,0.0173692293566473,0.0745906852313887,0.00573585992122981,0.0880476398374719,0.00267460431774713,0.00993858950060988,-0.00909226119837364,0.0487346641312974,-0.00764672912674559,0.0723825939140503,0.018589770206333,0.0704897506469384,0.0280789995670516,0.0948268187078222,0.00761198093856146
0.0247791016731399,-0.0225123729673909,0.0564297957143121,0.00517294635124165,0.0736644235339714,0.0232254020077942,0.0742580142966925,0.0213142906706845,0.0877333688776237,0.000487409802538101,0.0118939169029731,-0.00597649218205032,0.0522550345615372,-0.00960125286202666,0.077190426762842,0.0217517276813926,0.0703170850428267,0.0318660940076375,0.0817580434028004,0.0214044454881582
0.0133232598056739,-0.0402714558378157,0.032441132726779,-0.0219897597030875,0.0274555534325031,-0.0328585062731239,0.054937200420697,-0.00767134263918875,0.0887495115115079,0.00345104717285041,0.00793216727191098,-0.0115724611663559,0.0506303612883311,-0.00270169439370392,0.0704081311505678,0.0315383677938417,0.0679502744904758,0.0345074335624067,0.0947100208609522,0.00897687699141485
0.0145210321784921,-0.0157327435879457,0.0345093376588646,-0.0130864340344984,0.0597760363275004,0.036777830610395,0.0714726990636765,0.0172499827837757,0.0889063462086255,0.000214339424888518,0.0167193030535221,0.0085076251488875,0.0438045607168356,0.0145281938554345,0.0627526052993464,0.0412337829881808,0.0728417742659955,0.0289773398227703,0.0896812909944597,0.00850379334833854
0.0189348194351873,-0.0194361179443777,0.0349602970419428,-0.0272474398905821,0.0575840540061894,-0.000599493929380539,0.0712978384264253,0.0213471021751885,0.0857214739695767,-0.00478232404598571,0.0276311030959491,0.00246710853508463,0.0510971722641192,-0.000830420076535478,0.0608911487786301,0.0107219253768329,0.0710701625466301,0.0357884998945189,0.0756709248841977,0.0262387094225955
0.00921691170425329,-0.024227843036278,0.0331602165617611,-0.0285832118348018,0.061734331580017,0.016969690256397,0.079872357490556,0.0277789737906164,0.0872220477803123,0.00252458209333074,0.0100122175064786,0.00195104570022807,0.0383075836061111,0.00239360647261161,0.0590479955731091,0.00833076556706213,0.0745191593446582,0.0314933045017942,0.084239966501665,0.0203628138877466
0.0297096855714431,-0.0301065340654009,0.0626796501049022,0.0196139204680454,0.0810280279123429,0.025158350744528,0.0858001118524001,0.00956089733608623,0.102510552122464,-0.00893234469924146,0.0229612128595794,-0.00350086425844418,0.0561754702538009,-0.00210548505557027,0.0801390662945394,0.0372807562678203,0.0761941515427713,0.0206438637638775,0.102654056645804,-0.010489800499401
0.0126294058457217,-0.0333116082486279,0.0285281313081407,-0.0213438394663198,0.058557081922057,0.0225220462250372,0.0733873044377057,0.015695659952694,0.0917296568426057,0.004062330237568,0.0072685450941703,-0.000343522505844849,0.041437853875877,0.00226799095380089,0.0706064143257884,0.0225837057758499,0.0700327397472835,0.0307844599671521,0.0722318655501553,0.0316993323495554
0.0179668634387194,-0.0253239179581975,0.0431834513260819,-0.0134853878283657,0.065364138352629,0.0233286986200219,0.0792714493210314,0.0119135886951526,0.0955569774103898,0.00634435073957212,0.00588348698913343,-0.000837239233965614,0.0303532027414078,-0.00359216291434652,0.0623548135506001,0.0104398221906565,0.0663150013436591,0.0318820634943672,0.0897517884287226,0.012501653867081
0.0173538638402609,-0.0290128099444103,0.0442561173370248,-0.0150429798301132,0.0617356103544961,0.0145057081808493,0.0794958773478116,0.00659578343943514,0.0898841521853777,0.00650635306804334,0.0267403530594379,-0.00940772208595573,0.0521856523299863,-0.00707120940652304,0.071412603187437,0.0231941474540971,0.0742230149331426,0.0338254111098687,0.0827858431126677,0.0203451091339474
0.0329324746332091,-0.0235489279494003,0.0576402779821379,-0.00490726576826194,0.0728267521435972,0.0168803620715966,0.0737047228712495,0.0148698808577728,0.0793826544504897,0.0119597559695702,0.0240238236163458,-0.00126633994329005,0.0656271320732388,-0.000214939069463261,0.0747403173298627,0.0265898519226935,0.0717057991821762,0.0286664724926963,0.0920723488349521,0.0119339653972363
0.0248391403623757,-0.0267111308968022,0.0349863910908905,-0.0215082828078469,0.0711709458066863,0.0175938058064523,0.0724881465659562,0.0280013517679548,0.093051575886004,-0.000737647555770576,0.0315656719217418,-0.00388932846069811,0.0569597720451788,0.0039050577499219,0.0797765112820204,0.027400848725882,0.0690178323131727,0.0363254066250672,0.0949515638162569,0.00682706802812663
0.0305177285480941,-0.014293486278589,0.0247967205088765,-0.023073723789177,0.031477258717925,-0.0255378668889807,0.0616203768765955,-0.0164133171698676,0.0789513913351643,0.00678495885919404,0.053707891189706,-0.013808351762567,0.0582631004646438,0.012128005685525,0.0706217077309619,0.0289509795121694,0.0741542910802425,0.0285429234239093,0.096303805577948,0.00647081565888934
0.00729939986705067,-0.0208362243366718,0.0206585752474932,-0.0333478947192471,0.0322574057400264,-0.0284892255754578,0.04809621379073,-0.00235299401705245,0.097919089028744,-0.00168240414151606,0.0401023940512371,-0.00230409088029844,0.072163841011873,0.0209225127157224,0.0781107506010118,0.0320770511458678,0.0699463685284442,0.0308774295855552,0.0803878526311008,0.0200266073127413
0.0257303455322734,-0.0176869821225901,0.0472495636719688,-0.0147480161136872,0.0322359771096628,-0.0303159277904641,0.0813562849151286,0.000542915158563441,0.0954241523639617,0.00201903667398284,0.0448665864231207,0.00183410507377154,0.0698339057468851,0.0221123772837795,0.0719227533961084,0.0277413384505557,0.076481769686816,0.0305518423756026,0.0707752667706827,0.0326738369162508
0.00395518612623982,-0.00504253398694348,0.0049415713247306,-0.00781331755630227,0.01428499944748,0.0087225223684836,0.0175252233106911,-0.0272508764988712,0.05401765255467,0.00951509402420939,-0.000628980828848651,0.0130680500447667,0.0611321861256551,0.012611571263808,0.00371107160057019,0.00957791168097369,0.0192913934419767,-0.00273275550124427,0.0748569169726394,0.0291344388561817
0.00714848049145316,-0.01080345780408,0.0359967885967502,-0.028136901188833,0.0587724935539314,0.0143901941275426,0.0736099291325933,0.014005757188645,0.0797657560879465,0.00672796464249817,0.0109082456795779,-0.00711346606887305,0.0350884524394794,-0.00628401357156568,0.0591325919439784,0.00725650522520088,0.0682771494513354,0.0312478319464459,0.0891565829522659,0.0108868322580509
0.0297531109905671,-0.0307915082457147,0.0542428028908705,-0.00526268447670435,0.0736957025404885,0.019480794740544,0.0755462301809227,0.0199469050583086,0.0960665722071838,-0.0056585330016462,0.023615124197419,-0.00498955904374371,0.0530277166418665,-0.00781508658575804,0.0706698501453486,0.0219834380093702,0.0688994751023257,0.0320936379761842,0.0858796792215566,0.0159360675462112
0.0250320163368183,-0.0272516894910099,0.0499512690783702,-0.00946930473587683,0.0717307700969835,0.0221055751085937,0.0772625288544529,0.0246443868941812,0.0822388576346558,0.0154573196606907,0.00825238932844726,-0.00787176730877952,0.0374511460328856,-0.0100830598281545,0.0652017434330232,0.0151941411885747,0.0685664896398348,0.0357392602310746,0.0830082010761815,0.0180434489350315
0.0115081429717312,-0.0237221549447222,0.0288712414938747,-0.0309353131186733,0.0697227001321859,0.0035159555189516,0.0830817256183152,0.0196901177711045,0.0898155328530442,0.00101801459907075,0.0120161429173352,-0.0143873906465132,0.0522215381862831,0.00266172291658227,0.0664648639009061,0.0248770681934144,0.0597485272786169,0.0361006231495547,0.082870025815795,0.0158973359917853
0.0075908683553401,-0.0195407021928295,0.026133875886328,-0.0370552483525477,0.0330185278820073,-0.0216877347851684,0.0595120432092504,-0.00893191178736869,0.0817633435239944,0.00723198408272815,0.025716463589966,-8.32339519343193e-05,0.060080886328372,0.0178275321894065,0.0672183042714799,0.0294527601424192,0.0801472236464839,0.0227253259892423,0.0959794324895008,0.00296857759488433
0.0162968609551588,-0.0209765563337549,0.0510728377018355,-0.0234067655334025,0.072786843922342,0.0156340151515275,0.0802313326483853,0.0222554373943127,0.0845649960261293,0.0131975591625294,0.0139331713875011,-0.00599569935284916,0.051917500196207,-0.00845201503801038,0.0747670603185287,0.0139404564044473,0.0683234205014205,0.0328655363339974,0.0903073220325731,0.0123743421130747
0.0109333210872397,-0.0126704032746858,0.0486424305900073,-0.0178938468980798,0.0636327022106001,-0.00163791732791149,0.0819581651596943,0.0154711994268203,0.0948471181093125,-0.00786301525378388,0.0180345269191378,-0.00385713132023857,0.0444427432521534,-0.00224498317897819,0.0683667520126675,0.00980070396554605,0.0733957911510144,0.0269078128561493,0.0785895924322454,0.0212613549032688
0.00968522882774293,-0.025974984690203,0.0305684887256102,-0.0239604352463076,0.030927255747567,-0.0285449160482206,0.0418972741351226,-0.0174838897923716,0.0851186892068736,0.0122319253064879,0.0157236599286632,-0.010672928234755,0.0517917375018944,0.00255158159705536,0.062485856807042,0.0174356374057181,0.0687614427874077,0.0324362010356013,0.0930694906307748,0.0113179187012263
0.0163871063320199,-0.0251655877030892,0.029112568381895,-0.031819077097262,0.0647017559898508,0.00667938930490203,0.0790931926632664,0.0155456898571413,0.0908719381800481,-0.000308296978161668,0.0541394752246207,0.00538879315053457,0.00224943326399988,0.00200106584251577,0.0515347116019217,-0.0105651906974947,0.0785530487197513,0.0259219463401584,0.0802158678241148,0.0184016715304267
0.00844671516768736,-0.019917938645469,0.0307679301321456,-0.0264189651011785,0.0660997238591942,-0.0120845474766544,0.0785952714976929,0.0217215512404617,0.0877722558179787,0.00863775687654505,0.0287713959407868,-0.00505518148714941,0.0600576572111643,0.00208796034646566,0.0746629771107137,0.0285020620663516,0.0728316594829102,0.0290803229293417,0.0977001269566622,0.00148235615296183
0.00996308256005127,-0.0197753905546204,0.0296832852276436,-0.0290506391812019,0.0729179168636787,0.013873234554741,0.0824704698094007,0.0241970736599818,0.0972249991735483,0.00178378468385476,0.0235506905660872,-0.00258942516675926,0.054274580647206,-0.00405444191751112,0.0830182148393041,0.0344780842549809,0.066768442465743,0.0383497197791184,0.0866119818145091,0.0136213093521598
0.0038154697660036,-0.0156812194141345,0.00719453152505656,-0.0174267043700203,0.0184077953727245,-0.0242814296912131,0.036941622333146,-0.0220200084172276,0.0689730423970079,0.0300457039583099,-0.000510258330277714,0.0135721399868124,-0.000335820098202731,0.0119037016148379,0.00120512381226664,0.00237082346835321,0.00201947137453789,-0.00179221001036022,0.059107557104308,0.0402254922849983
0.0180576878851081,-0.0157730115640253,0.0288511361595959,-0.030632774093318,0.0767460624503093,0.017017767266462,0.092229932150505,0.00515131130645401,0.10283463528503,-0.00542017520633681,0.00659869596263399,-0.00328857601226872,0.0421948323069121,0.00663806374732096,0.0727099412453299,0.0260066500274897,0.0885361181897282,0.0154958747269322,0.105713970479963,-0.00807656738861174
0.025153509715778,-0.0252268729287364,0.041055426683859,-0.0224235095913457,0.0732553258388144,0.0214989238084376,0.0803052456684358,0.0179918569540446,0.0956264555264672,0.00347556269939461,0.016462536034387,-0.00371931556061958,0.0540309640431991,-0.00142249116577806,0.0687549214282499,0.0188962801595481,0.0612531052664063,0.0368689751109199,0.0903491967243207,0.0120044668550289
0.0208956346122397,-0.026969839423613,0.0353923250252625,-0.02933259571351,0.0302422817290032,-0.026299246055915,0.0919303237137296,0.01658814269694,0.103391438196152,-0.00427373606896898,0.0467805468349897,0.00714852729787447,0.0646978212345301,0.0202287008292689,0.0710290782222651,0.0143344667576766,0.100260639362111,0.00829467612600519,0.103076398222237,-0.00739982186838953
0.0112869152403599,-0.0273733784542834,0.0254417669982274,-0.0309784226269243,0.0345176140161028,-0.0281029665634658,0.0613926446742062,-0.00185241999726344,0.0932415681508163,0.0115451235677214,0.0205952758396053,-0.00519845632285206,0.0499167351001516,0.00775758212401436,0.0674605255479572,0.0272059169358583,0.0739806177757706,0.0325311380953772,0.0937530668791023,0.00939948378146809
0.00998850245364049,-0.0242345725865315,0.0344268450945875,-0.0316634416308196,0.0662012380644314,-0.00837125799823692,0.0793005583929515,0.021951608242853,0.0974234718671533,-0.00593465649392467,0.0103736884998117,0.0102381154573884,0.0532275967797625,0.00875078909175202,0.0675876713974218,0.025572731047806,0.0723408870097459,0.0348711716584,0.0934231306251672,0.0104127077257139
0.00789113980110843,-0.0209226406711117,0.0256804129285232,-0.0407561762396452,0.0246129019124365,-0.0335805996355591,0.0453815608232179,-0.0238337107646052,0.0958829247569178,0.00337643631059955,0.0365924972962596,0.00690274500788671,0.0693349396110238,0.0364000242862823,0.0728320036289043,0.0311965689553864,0.100715558317927,-0.00583633963302573,0.102526697123403,-0.00925855814470085
0.0166315042510493,-0.0136928000772083,0.0310545303055932,-0.0215825272705166,0.0338710869372387,-0.0316084895709376,0.059835395723436,0.0169456609927002,0.0884336433217269,0.0227400490557646,0.0191489827114172,0.00247175757243496,0.0584389809888307,0.00665663462519861,0.0613241241685612,0.0184952128858241,0.0676875657121493,0.0339942237632281,0.0882035457717171,0.0229755180965769
0.0195966850444251,-0.011411582966667,0.0417106149454903,-0.0191617217641,0.0361100250092922,-0.0171468215963265,0.0665163243527963,0.0324030656295518,0.0866626455593941,0.0140877328118399,0.018322614169562,0.00594706484552321,0.0476631478265491,0.00926335922046683,0.0699524591203734,0.0226708691226177,0.0669602334578598,0.0328150071715754,0.0850634922931531,0.0289224131890662
0.00711751741980497,-0.010722926616315,0.0318353236757258,-0.0221992360550726,0.0254731762495815,-0.0280587397615623,0.0350367667744294,-0.02658178264504,0.0853564153039332,-0.00199802466564523,0.0026875866665349,0.00142101963423184,0.0199663642684226,0.00762739288447394,0.066541854859371,0.0199661892526152,0.064036152436571,0.0260394359745869,0.0919046430303724,0.00816892905470356
0.00493755793448235,-0.00746284545227276,0.015525971946696,-0.0376766447062861,0.0329399024736272,-0.0293164875252041,0.0411337365195884,-0.0227942604968822,0.0911935701513084,0.00410658411747838,0.0124547927541348,0.00634820989129151,0.054266053730144,0.0298992346776849,0.0656794641612732,0.0349955040713625,0.0687896394383327,0.0311189966498087,0.0784395975434527,0.0169842246655795
0.0151927050216957,-0.019042692821849,0.0335402680531016,-0.022942405039236,0.0422562722552653,-0.0206749140427372,0.0792608545151346,0.0365104369321594,0.0885051410595204,0.0221471391831752,0.0165503176062611,-0.00468758434441502,0.048660930568584,0.0113344850809403,0.0611812837505681,0.023405032680768,0.0729453372838553,0.033342820171589,0.0906698694947801,0.00856833669922503
0.00251002245998577,0.00991276969591847,0.00626544838683247,-0.00385358377668357,0.0237236085117922,-0.0301872751765339,0.0244869269484434,-0.00555692276779332,0.0643919775661839,0.029151703612308,0.00322077119463156,0.00226125645794003,0.00339495419552162,0.000738698267250776,0.00228664409784884,0.00273144036415831,0.00216455718326355,0.00244920252180756,0.00769877612416949,-0.000559953120051356
0.0169221533543069,-0.0122667453049745,0.0269025830948877,-0.0312738956540075,0.0455481931694298,-0.0028168435644725,0.079824310642593,0.0352396042124549,0.0889085263727857,0.0228975264156591,0.0158217683534788,0.00997919189351124,0.0444726495271336,0.0125542404194033,0.058435640067175,0.0324028046356735,0.076570112043842,0.035720239526492,0.0714443971385483,0.0239009212961817
0.0131953664210677,-0.0107137122992461,0.0277399387206013,-0.0247275308775924,0.0374495899772489,-0.0228646006479032,0.0618606091671984,0.0316844912744709,0.0839796837049124,0.0203617373983089,0.0183757435596953,0.010343340706528,0.0490705083355079,0.0100543870419116,0.066805239436151,0.0217910530159026,0.0661965838186464,0.0430519146245609,0.095729491472296,0.00581430497499922
0.0184868675677711,-0.0211199284658065,0.0316088845552,-0.0252184741209376,0.0418532053326085,-0.00887804725076254,0.0755261729200073,0.0377765385290921,0.0880100209055296,0.0238189090563411,0.00649733809107748,0.00394562569078473,0.0211315008119285,0.0125461180682899,0.0521265142561709,0.0214631777831427,0.0724682968310096,0.0408386590144012,0.0824306613562009,0.0257988199328403
0.0197282098801795,-0.0170301363671695,0.0342019426332667,-0.0290760147325877,0.0534577028829676,0.00991279699801169,0.0709556210701746,0.0338047575947948,0.0833361546752419,0.0166548783295717,0.00386794206709479,0.0130025437675238,0.0187546590953949,0.0127808093244857,0.0568629595159414,0.0131534772495797,0.064524928243725,0.0385419171182574,0.0729499882845819,0.0271075681959605
0.0077719528804714,-0.021352406137979,0.0277650443279963,-0.0363180278512739,0.0253419388840121,-0.02007380136829,0.0719528011818836,-0.0089691718160861,0.0951834891379362,0.00743307848465449,0.022094384737531,0.0157660677597859,0.0583117017219173,0.0397841206061378,0.063407410232243,0.0346144392550326,0.0779409831084611,0.0234726797115699,0.0910330587396929,0.00458548566780126
0.020063840342273,-0.0149737473369557,0.0249366013502972,-0.0325485153292861,0.0486890570560805,0.00358556053980066,0.0829996838124056,0.0163588242257708,0.0950026990165432,-0.0027515238004379,0.0181650031230131,0.0107968858247498,0.0338452327253916,0.0056511156092638,0.0571960601769695,0.0244999128940909,0.072834001572837,0.0314788211587305,0.0948096501722039,0.00164506400059981
0.0258096293351644,-0.00261409260829615,0.0339937870368333,-0.0229519614903575,0.0305858325990079,-0.0300475123766046,0.0774562118680218,0.0312041560430908,0.0876583420295021,0.0265264205966283,0.010893844141335,0.0171517671261828,0.0384366431553305,0.0279269719226728,0.0616076388194703,0.0237371343609797,0.0714614259107218,0.0312835423778026,0.0832275910619675,0.0246623101115799
0.00773594413928828,-0.0149544235862437,0.0254246534657325,-0.0309848262136535,0.0359744495737,-0.0220118367691944,0.0802152344670661,-0.00346743211841995,0.0944379695826306,0.0030039564911266,0.0147122272083619,0.0149162871408443,0.0501581473484331,0.0507193231652984,0.0627990728386224,0.0405207524008586,0.0710573849092658,0.0253474014881394,0.0884175703567483,0.00652176715374073
0.0178762736910561,-0.0169844808043575,0.0318313116602545,-0.0184615659420606,0.0440433543613815,-0.00537362012355392,0.0726637475504545,0.0350283091968246,0.0885849953350837,0.00114811622033161,0.017690166169668,0.0110347329963283,0.0463149235386274,0.0263300062865135,0.0567559334146652,0.0263439200336239,0.065132800837516,0.0411911308555826,0.0805688487359059,0.0174100486782905
0.0120281932861858,-0.0103579308490138,0.0252037065909529,-0.0196453180166002,0.0341218187188005,-0.0301325945083804,0.0479422328772783,-0.00505800538357717,0.0848144827918374,0.00321751200834798,0.0047251890794621,0.0097121136824874,0.0307062355459936,0.0313876990723042,0.053453954559565,0.0292779410373195,0.074808549050399,0.0353766114554429,0.0912453790946762,0.0100802789197152
0.0211938692345239,-0.00803814779606079,0.0278226663304778,-0.029528720124226,0.0388422224912396,-0.00582040422234353,0.0707387257182461,0.0159650957779788,0.0885776323292685,-0.0033751336916109,0.00447685654169934,0.0106507050781235,0.0270255964532334,0.0249450666551969,0.0497045050339136,0.0194629538975635,0.0638627272478394,0.0407235100601294,0.08615717019729,0.0109612307754651
0.0219970641877118,-0.0132852500839953,0.0072706615877157,-0.0109132024611494,0.0175303207343663,-0.0208161055190527,0.0381538903326235,-0.0163055129978764,0.0949930240365759,0.00791317249420302,0.00159597883486189,0.000278285685291508,0.00109574017989388,0.00356086487895404,0.00280375247348676,0.000992607842027805,0.0646866876805525,0.0366577669547067,0.0737367082598823,0.0275051175204252
0.0109749845339977,-0.024017034547682,0.0264573990781971,-0.0360687330555434,0.0305930473140176,-0.0271358729733554,0.079425043838207,0.000269505612214085,0.0955345472960526,0.0078695556199079,0.0279173483804806,0.0252508651767538,0.0565464504443943,0.0430462002488482,0.0616676272118963,0.0368288101858735,0.0820907256046301,0.0200745671890809,0.0894152670604278,0.00513154549853806
0.0231054144976351,0.00361566833186338,0.0332451630188538,-0.0266102897529931,0.0411342015298789,-0.0302939079924186,0.0819037174581973,0.011034621438752,0.0927040364679642,0.00770325558762671,0.00946866841475637,0.021417769276756,0.0247895913615317,0.0302842428852812,0.0548368083693394,0.0234117797252112,0.0675972715497385,0.0244409812351913,0.0763355802276977,0.0252930782739854
0.0105234058509305,-0.0146585389530332,0.0347423424920228,-0.0266649049910277,0.0338824615906841,-0.0272097812446836,0.0788082122425626,7.53387165243639e-05,0.0985618975853191,-0.00211832100497095,0.0147177598305135,0.00638320616704687,0.0436711951835297,0.0168452366888362,0.0534746256475792,0.0201212180788157,0.0633187215507772,0.0286298731492873,0.0775344867303314,0.0247380408318447
0.0120022263248033,-0.0149958803559024,0.0321990913757242,-0.0236005600393934,0.0336829174796678,-0.0292420676582506,0.0752245544529892,0.0232423250321668,0.0874510874456872,0.0246487559046875,0.0246404806745746,0.0101577081080945,0.0511633785774823,0.0259256252196634,0.0691861787287534,0.0377254472255173,0.0945751632738021,0.00641332912330281,0.095955144801976,0.00320786052506346
0.00924191698193428,-0.023005931339049,0.0249116912078569,-0.0355485035388873,0.0357189924260217,-0.0306062063863772,0.0925755234158343,0.000220454850503884,0.0962355236500827,0.0045346075024517,0.0197662492367153,0.0293125792451878,0.0483550278114024,0.0502685915453143,0.0645924739989603,0.0406138659580712,0.0758184974646715,0.0289372404904387,0.0915961316398285,0.0105253996622069
0.0183345050153783,-0.00678162327706618,0.0278197511834039,-0.0227083358055791,0.0347892786302104,-0.0290672124598209,0.0716356693265895,0.00325391697903962,0.0960284046807228,0.00456600250303779,0.0136109189218084,0.0144097491912528,0.0383267783369137,0.0249186603200699,0.0537179537804893,0.0264945910106675,0.0652651736573184,0.0286346993918628,0.0766550260641,0.0248738283281522
0.0107543085636632,-0.0128552419599085,0.0302416827769912,-0.0189026478110675,0.0320337420371625,-0.0305479337811785,0.0638332115958761,0.00200630107874127,0.0945149111794977,0.00906152135963866,0.0116638671866061,0.00973226686028538,0.0459910131500796,0.0222304592767179,0.0575427966062264,0.0240435753709033,0.072079889285378,0.0324633282920496,0.0954600136230474,0.00438885135806654
0.00980307944776799,0.000836902546308166,0.0251967951622095,-0.0204077554660481,0.0418432588526875,-0.023092432430626,0.0926058371214114,0.00990009967399282,0.0973760669879593,0.00293381982676136,0.0315936392127459,0.0207441279440433,0.0551250559913932,0.0267524959416111,0.0648824654924153,0.0239889448985144,0.0757644324158211,0.0291650445650812,0.0944075015755751,0.00549948935551813
0.0142919067159832,-0.01768799984751,0.0316595180137649,-0.0220939805157522,0.0344098076425743,-0.0275020304874419,0.0801651018709258,0.0139279454926245,0.0981037849644178,0.00243437790690366,0.0166374367474438,0.0130902034899468,0.0550271780778687,0.0260226898823675,0.0653178014159092,0.0288544760517026,0.080681245506476,0.0286248040252155,0.102086809085467,-0.00113629900469354
0.0114867895674615,-0.01770097739095,0.0320190749132034,-0.0226978730152948,0.0377506320052464,-0.0179154046537271,0.0655278535955096,-9.61940935045023e-06,0.0855958146642616,0.012711697443517,0.0209094401235596,0.00985194559671317,0.0452918784258146,0.022688515933426,0.0566246766305044,0.0275890922967734,0.0697708234284933,0.0290343522814639,0.0759875218502961,0.0269171600929829
0.00636836709253251,-0.0120583448190941,0.0260183121075838,-0.0355594084035328,0.0350226426401603,-0.0143000887737474,0.0818538632381969,0.00949781153894621,0.0918933618189606,0.00189887018766657,0.01314486888151,-0.00460233445846023,0.0434192785986028,0.00146736483256745,0.0586141775213553,0.0183486539451019,0.0681834285775018,0.0279234809176254,0.0899027752620067,0.00801483146729117
0.013332212223205,-0.0233630140785019,0.0299145051113758,-0.0234659174993114,0.0603545458638677,0.000534116247756728,0.100774616338228,-0.00524425481069285,0.103092093664583,-0.00792632079935008,0.0175785922781535,0.00708232392794754,0.0486983207902233,0.0263504694772958,0.069258667908071,0.0349931006031715,0.0959153539532186,0.00415284286687109,0.0976744024553628,-0.000798038393091138
0.00494366736004979,-0.0102235927366269,0.0158047929595517,-0.0333068030614387,0.0278987571675276,-0.0328962779697885,0.0428699188389059,-0.0276590398084331,0.0834512487618322,-0.0100461671941588,0.0268734721555282,0.040675413307854,0.0464327937589725,0.0517219534336183,0.0622286337619532,0.0413120671380422,0.0779963002634531,0.0252975594762343,0.0926579142523286,0.00505644635377589
0.0135352631317091,-0.0122927885678723,0.0271739678824818,-0.0274176028036822,0.0415146176363458,-0.0206910039045559,0.0777929341239187,0.0106994212426024,0.0903930041862208,0.00157450479404724,0.0142638080960832,0.00742930194185655,0.0295623605845089,0.0196900914045841,0.0520494902093144,0.0178999839553139,0.0663745192100538,0.0357558902990464,0.082472481746714,0.0172991391041349
0.0154310821881545,-0.0242980420660799,0.0300645972859613,-0.0261113101191352,0.0533134021359378,-0.020340711228949,0.0936577089830127,0.00747318655930324,0.0971620944877687,0.00339954664540081,0.0111190194042511,0.0177441387510741,0.0332108558450285,0.0486239897038495,0.0431899955606818,0.057202822410919,0.0594192801746757,0.0345610631341468,0.0844805056139522,0.00837246628936058
0.0203498002946452,-0.0181267208927651,0.0274947273663304,-0.0305803998536341,0.0776571077235415,0.00804477750123301,0.0961386431317296,-0.00159890538690251,0.100313468899535,-0.00533965381312131,0.0147689065171563,0.011654656989829,0.0456698027307303,0.0171240424827222,0.0684475275315908,0.0304886111649048,0.0916931903830623,0.00139351758823271,0.0960497069638665,-0.000965772182452582
0.0268700861999794,-0.016736765912211,0.0362604815074314,-0.0196528861624696,0.0803226961576831,0.0164032023560327,0.0920075318270039,-0.00260181603452111,0.0995877782271176,-0.00552771851827764,0.0145926111879473,0.0162860911306787,0.0385431096809846,0.0195230289441472,0.0641074821912332,0.0409868992480801,0.0930250360304902,0.00279394681765207,0.0997628376599952,-0.00686800078826023
0.0168122634781551,-0.00510481354988292,0.0358717815440192,-0.0262118317044,0.0310570965924478,-0.0260312857111549,0.07054147996644,-0.00536267629248508,0.0963607477953261,0.0111300041107369,0.0146670223114897,0.0162189854299321,0.031502800814741,0.0344082682856679,0.05490725846883,0.0282500522073525,0.0610901319713877,0.0269886020262927,0.0915372711125016,0.0168593736764627
0.0183388556083455,-0.0166877255919951,0.030276784311084,-0.0267718789063637,0.0549266704323074,-0.00951837382088205,0.084132733234824,0.00345630883212967,0.0929226369973342,-0.00550438009690268,0.00582978491019071,0.0121959370543624,0.0141892657503698,0.0173921265029927,0.0354719975299427,0.0250241016626719,0.0548189157762303,0.0324683315797377,0.0797234064130931,0.0186545673639762
0.0328257576680568,-0.0248966798168398,0.0883071227114368,0.02018610085157,0.101436247931397,-0.00593499595687418,0.101390485015348,-0.00578211059809728,0.101440126385025,-0.00569110527377936,0.0243093207973541,0.0278548482992527,0.0597184557485169,0.0274168622856353,0.0909575128903088,0.00552009959463146,0.0934304402146233,0.00242266110291604,0.0978797928528228,-0.00304630012775303
0.0218884883710991,-0.0376167478408782,0.0510354447299677,-0.0180200427331059,0.089399046784086,0.00334174468436826,0.0922529194866147,0.00493695285991818,0.0853817712390644,0.011851443119587,0.0116374493270588,-0.0182415187488737,0.0551117935897478,-0.00320435470002099,0.07547726783972,0.0203623302391038,0.0721872679287159,0.0277762727612469,0.0862298383812165,0.0105440791932921
0.0212551239874673,-0.020864001782968,0.030879754210139,-0.0320590820524369,0.0672107461172047,-0.000384526400955644,0.0670764876751042,0.00509660137222404,0.0836623233149926,-0.000776960631538514,0.00656230397159602,-0.0109176676904654,0.0190968419856353,0.00503138347552508,0.0628759137975525,-0.00525095344474399,0.0816862629343408,-0.00742844893753834,0.0973876126782647,2.55990517276089e-05
0.0228279861673119,-0.0228183475989762,0.0790809654335012,-0.00996614231903215,0.0903133388804377,0.0142264978012512,0.0653419566136306,0.0349109227927095,0.0870403051232638,0.0100600938613153,0.0375334860857456,-0.0263444028037201,0.108584892466185,-0.00787264309828862,0.079671219804609,0.0273867642760303,0.0603317302871996,0.0374521955078454,0.102891331063015,-0.006274119802972
0.0182372572247895,-0.0206978036496527,0.0276933245479253,-0.0182510129012655,0.0504123786651832,0.0336741790813948,0.0667513727589249,0.0365010430828892,0.0830514408298245,0.00819668842865936,0.0445618917744204,0.0496299305706874,0.0529315756236801,-0.0062601068280596,0.0063871294209864,0.0114627615595592,0.0124675261782108,0.0257200365292009,0.0645748265506844,0.0418476643846277
0.0176462210056459,-0.0296305755761274,0.0276121832989499,-0.0296741335353195,0.0443494223666015,-0.00161197092015209,0.0656422634936596,0.0314263643407698,0.0739838485241894,0.0207864161372917,0.0126034454013808,0.00612084338312013,0.0333148462630137,0.00271802728976486,0.0604197291668427,0.022080254472039,0.0652872145950362,0.0371058931917036,0.0777842656083591,0.0190699613490165
0.015265409618272,-0.0151573526505008,0.0330406440197328,-0.0305014526816659,0.0594461876366001,-0.00830117218933119,0.0745816166063408,0.0212883912464089,0.0806901754570224,0.0113518807513639,0.00737766102290441,0.00754652740027045,0.0399751629270905,0.0055927371611559,0.0549808567647013,-0.00816596024010406,0.0718850735150074,0.0315811321082137,0.0743295988789507,0.0222851029574067
0.019681512915261,-0.0192043797911683,0.0305145833616233,-0.0309496138026566,0.0623761029733127,0.00898387633038432,0.0772935123222797,0.0192104383812551,0.089225377528067,0.0024666027860575,0.013925112965997,-0.00313447160528238,0.0389050296486311,-0.000711939884802897,0.0673907013902156,0.00902286842340528,0.0694815191580165,0.0297197973855203,0.0948120667977856,-0.00407702725017107
0.00970960726875068,-0.0208147555491789,0.0341091330652662,-0.024529873330536,0.0525764557181138,0.00221426617025743,0.0651692478976141,0.0187659241268293,0.075307868730755,0.00851469558522742,0.0128414502906795,-0.00562848235153132,0.0436761424890074,-0.00736727929158142,0.0588600623726924,0.00846497964627388,0.0639984515224099,0.0307284306664181,0.0854597788905669,0.00679673612801432
0.0142958963595274,-0.0203006180164013,0.0340393394224961,-0.0293310429504485,0.0551209557765924,0.0016445929792938,0.0721178803112192,0.0109637204899099,0.0831680153518527,0.00249853118905972,0.0214061690292805,0.00175469024260704,0.0555354454254404,0.000773485651318746,0.0697636377070017,0.0162331240231145,0.0663587078157338,0.0353564763684818,0.0922515764241694,0.00766210684627433
0.0181605897508786,-0.0209536082619156,0.0386490465241529,-0.022305505661169,0.0729858892576626,0.00837099674098781,0.0796862050842871,0.0129919373423606,0.0866162937270772,0.00359522729272767,0.0124346048061501,0.00538470940685738,0.0359444602184914,-0.0132454952512311,0.0590630888858721,0.0072082501953203,0.0742997506395391,0.0257983910507926,0.0695453497970439,0.0264486274201739
0.00522570889335046,-0.00910420726194735,0.018287727421095,-0.0269368091669113,0.0305561160918659,-0.0276758673120469,0.0410756641121361,-0.0283146518945276,0.0775939453129653,-0.00271900238176187,0.0123832045602826,0.0258696188702701,0.0461885493509741,0.0510952006286739,0.0651510688028921,0.0404993429194638,0.0746276052028642,0.0229210195308735,0.0981700512188261,-0.00685394262796896
0.0261645241792935,-0.0279012370632745,0.0682270179408151,-0.00615897877617479,0.0897474903829735,0.0102310638181098,0.0860338250871266,0.0169067983397245,0.0797606130790513,0.0251847945511001,0.0366857354805662,-0.0117174927085878,0.0760817228886494,0.0181136702192984,0.0745539980221017,0.0287075525151869,0.0782622109430439,0.0213671519218709,0.0922241262766823,0.00501881448402832
0.0251547431739173,-0.0158567535911453,0.0325761037858487,-0.0337894002819783,0.0444171567519877,0.00653660115577449,0.0575930167242271,0.0286405259727787,0.0755362324065698,0.0137552025649598,0.0214526635387337,0.000240271211076119,0.0396532363891291,-0.0105616918971785,0.033750003052799,0.0100286366944307,0.0579082258792211,0.0370383063756428,0.0767287511276544,0.0193922772368107
0.0314859795586975,-0.0294205141530633,0.0682056636677206,0.00497987848083386,0.0828362086706344,0.00819027318283068,0.0822326383512182,0.0156624055790851,0.0862766460075988,0.0109293929452708,0.0369406987907289,-0.0154994199602243,0.0622165622100147,0.0140142047373823,0.0718398855201173,0.0246998741419456,0.0717064846497114,0.0320486787130173,0.086042336381501,0.0124769295355217
0.0137747200456748,-0.014686338503634,0.0260040484888706,-0.0250666344795882,0.0354827160545572,-0.020674331869957,0.0777968543645546,0.00234215283227635,0.101283077130396,-0.00560512011105657,0.022545862461873,-0.00346300476459651,0.0843865339241039,0.0145843445858807,0.0676081595007913,0.0418832858089739,0.0702417072762221,0.0343045661434086,0.0822624767900567,0.0180926376463654
0.0225496582439338,-0.0218148552814879,0.0587627816609482,-0.0131377892554033,0.0860686488095328,0.00869995474854698,0.0757437039326674,0.027762759422957,0.093517365906736,0.00314158293929765,0.0142565230641902,-0.0107461305392956,0.0365225163952457,-0.0139079987554936,0.0720125964132913,0.0133661805944865,0.0724134196116661,0.0253764769050127,0.0672050890775256,0.0323229778765927
0.0177420701921404,-0.0214574998852598,0.0330738680416761,-0.0258041512460868,0.0600012306181736,0.00822310006751138,0.0738409154398306,0.0144698159072649,0.0886753333034485,0.00585632249940082,0.00243853781650913,0.00860196215707853,0.0200260337269354,-0.00773742012588585,0.0459883609668644,-0.00808582175173811,0.0682382582767808,0.0235596767656067,0.0769387709162802,0.0207476524553644
0.00625640007295558,-0.012400428236123,0.0204454326768134,-0.0234211964187541,0.0332669168680878,-0.029865760395362,0.0612001368283372,-0.019928117646214,0.0937974563615382,0.000376396773258147,0.0118988609780694,0.0164028542375049,0.0388838737112143,0.052033611994373,0.0529231657322952,0.0469692716176993,0.0615937767339522,0.0357908060261752,0.0788261934228682,0.0168524349633636
0.00997923628072572,-0.0171815609064283,0.0313490537791126,-0.0314072167728433,0.0573984905043872,-0.0160867452062012,0.0991769673839739,-0.00282544311472046,0.0981184384530481,0.00151763916546374,0.0173244292500947,0.0240768621991421,0.0468629014428747,0.0493842376300156,0.0595424853962776,0.0381887214650157,0.0678440327239875,0.029933125014574,0.0795484938706666,0.0129620445609217
0.0273970938775843,-0.035989069376887,0.0700000278804885,0.0078183149558063,0.0936523847416855,0.00546668022198581,0.0963567756499266,0.00470854450258467,0.0798841866822599,0.0273575552297828,0.0493876267003353,-0.0219058301590977,0.0722804164645598,0.0227318667913641,0.0801649268045575,0.0187862852043874,0.0776316613748854,0.030860602349623,0.0780240431369104,0.0235896355663302
0.0246856752157805,-0.0204508078695241,0.0336813252545383,-0.0331084546384447,0.0465835024356506,0.000150109523443285,0.0693829296323497,0.028165838175951,0.0874438486451078,0.00438464502716272,0.0336282874827505,-0.00462315157667672,0.038940829467897,-0.0276637738147534,0.0334802474786247,0.0115473556285191,0.0668151430352394,0.0344517271241168,0.0857973153334396,0.00882897844867225
0.00563195629552214,-0.00764996505486639,0.0332723309321321,-0.0262978126521707,0.0402703515817431,-0.0312225643030291,0.072943697414956,0.0162108178622756,0.0790348532425964,0.0159336272632933,0.00886809759205819,-0.00711630227159253,0.022780784409645,-0.000267920535441166,0.0474938516373536,-0.0213287092788452,0.0510343052500745,0.0253338529713577,0.0790968688783109,0.0225561673379544
0.022472969247541,-0.0334776041096738,0.0396838664784729,-0.0217337355091431,0.0514850307943779,0.0234563546713514,0.0616462671589598,0.0321770765318709,0.0822047437678698,0.0137067189791717,0.0327199557247196,-0.0287960031572269,0.0354089446578965,-0.00987457337490111,0.0427544487913064,0.0351673698672194,0.0633964557485962,0.0334970212176494,0.0860835979987769,0.0135894165932824
0.0258254089042208,-0.0197623674074432,0.0310689195696081,-0.0274609817175184,0.0395471148383475,-0.0154297663746694,0.0579181045809012,0.0280585002335422,0.0790886325468083,0.016682988442894,0.0273396529509733,-0.00243995945517812,0.0367890330513978,-0.00245946635285556,0.0291062752957168,-0.0115732343157489,0.0549770285892957,0.0391857614055948,0.0794750784133653,0.0193778565232589
0.0034431825612261,-0.000972553894496471,0.0253216344782543,-0.0297620851836788,0.0448047668628748,-0.007076005152371,0.0576975300274407,0.0291178078390379,0.08309480333017,0.00969362091642879,0.0184427066121664,-0.0218129913652502,0.034224093149718,-0.0148244473058625,0.036726834821896,0.0191063577594446,0.051853750112624,0.0361553719894285,0.0757759327344743,0.0197442643801245
0.0232546737493957,-0.0200012970624548,0.0319043245851749,-0.0317836870196327,0.0421971023967504,0.0120723266630758,0.067430443497874,0.0157568973477438,0.0821142643636481,0.00644837359589927,0.022504700936787,-0.00790982943810923,0.0241759543837085,-0.0204030945800745,0.0352786398420981,0.0227475893233255,0.0563276314064472,0.0363500792562431,0.0761075035168952,0.0181607103083391
0.0212443634940804,-0.0199961847700414,0.0241036175311489,-0.0298554555561693,0.0333558772951608,-0.0304688766696646,0.0653768365124676,0.0299301827771138,0.0851751807300768,0.0118828118766445,0.0268309465281777,-0.0114860739475821,0.0132919465581202,-0.00575194472548567,0.0287322297339441,-0.0185558330545855,0.053244516130811,0.040851202233056,0.0771038992839645,0.0271402938683752
0.00883710668555101,-0.0270035040528777,0.0224441990920857,-0.0332021686337944,0.0356833995007456,-0.0295806080108237,0.0820098248433233,0.000905073043796446,0.099712185501644,-0.00744067348094273,0.0116082309962591,0.00426191104238334,0.0600107539231991,-0.0117059927405214,0.0782894077686984,0.0117701221590543,0.0663119655611436,0.0281320415674607,0.076122572541923,0.0194739118606383
0.023223319072561,-0.0201819791955631,0.0261278486542585,-0.0291467425304979,0.0402701000443892,-0.0157682071151303,0.0653914168622195,0.0137589094549241,0.0768945161152071,0.0193692049511993,0.0162172442633269,-0.00113773210265809,0.0161835762852525,-0.0149499710103204,0.0495229427199665,-0.00268531933045301,0.0732549901525967,0.0250825724984453,0.0946355821348812,-0.00373112915930219
0.0150312962338828,-0.0209211106290866,0.0266008197742454,-0.0285990019672119,0.0484836881034185,-0.00973585983273394,0.0664390318087763,0.0232402464349524,0.0869490167861846,0.00933658250993605,0.010196275571934,-0.0159817534969222,0.0272618625043858,-0.015815356580949,0.0378145073841952,-0.00288408203343087,0.0632102193052364,0.030428303348433,0.0872631959118075,0.00504765067631079
0.00959242526233123,-0.0163762431755038,0.0245071288786359,-0.0285879137202886,0.0341729387210769,-0.0283280675987752,0.0708922891908324,-0.0132455049336813,0.0961194426244237,0.00599358018887509,0.047072123103262,0.0478223928615147,0.0484451869632812,0.0488684952036346,0.0446007441694114,0.0380337561136637,0.0586499226561152,0.0342711394287631,0.0713502336908236,0.0304747916274181
0.0202945704014504,-0.0218005373961282,0.0306186463908592,-0.0300762645880036,0.0490691309249061,-0.0016957427590524,0.0586045211962107,0.0196853975085146,0.0757500166539948,0.0199820708908434,0.0140160051995896,-0.0080608532285947,0.0342660961416386,-0.0161811799691012,0.0356402342341913,0.00119491783887303,0.0493710791592573,0.0297487988951379,0.0656104604375971,0.0275797011606009
0.00861999760602846,-0.0142075579426871,0.0273217681583863,-0.0302006177992054,0.0471877618914238,-0.0104401686188268,0.0642819755829729,0.023192422964362,0.0818996603249615,0.011924546491096,0.0183610089459321,-0.025608453824408,0.0393186744638727,-0.0160332603260716,0.0547245468905368,0.0254405392048648,0.0790708257429174,0.0182358849440375,0.095974248432105,0.0053273418384784
0.0169868142462928,-0.0184247817114517,0.0296997902881567,-0.0291528601091118,0.0539653895296585,0.0127882974517949,0.0729827946600368,0.0233319484128015,0.100429774380015,-0.00205501331892483,0.0129522635962514,-0.00414261393777541,0.0295206469871134,-0.0289894905946854,0.0446027174072562,0.0158157831045541,0.0634090422318561,0.0356801334885091,0.099832697876155,-0.00632750866980429
0.0245582941797459,-0.0288220138906403,0.0398981700516248,-0.0265492640879384,0.0806005453362489,0.015637207127738,0.092693118508765,0.00684118619773498,0.0869143411200555,0.0135400641326047,0.0249449247361026,-0.0267250179702538,0.0388803248148287,-0.0174538029802744,0.0735362844642871,0.0195179633782178,0.0750947093659499,0.0222695299300186,0.0839220038896906,0.011911697696168
0.018551112295658,-0.0247230177578912,0.0337419293716132,-0.0292413862172716,0.0516730723693774,0.00847689627978895,0.068421472630934,0.0295526254195437,0.0880261046666887,0.0135920868179174,0.0175321494870697,-0.026617069671115,0.0372068657543214,-0.0219463323486829,0.0478349867605487,0.015326404193467,0.0633736626912031,0.0403642693040329,0.0834930697094755,0.0199915236386584
0.0205353269766414,-0.0187486633428054,0.0312738545428118,-0.0321900437547433,0.0533750994189378,0.000325016632880784,0.0719740079045209,0.0221075584385304,0.0882047783886532,0.015525372764745,0.0134447068529577,-0.0117350927901929,0.0370822200416796,-0.0253245522328173,0.0410672804297861,-0.0132567086420229,0.0621911630467391,0.025194441292882,0.078008510186146,0.0225723092887061
0.0146945484742179,-0.0246636103538062,0.0335476792952077,-0.0314134038714622,0.0481181698934799,0.000837328767375714,0.0627830242768072,0.0269366978280083,0.0756912605138849,0.0220012822529631,0.00669615753015099,-0.00970917594742758,0.0284770681887545,-0.0299317534690407,0.0410628532227511,-0.0096504090406248,0.0534359191820326,0.0309988013270319,0.0740611419816306,0.0247868736949469
0.0239161365931859,-0.0211732014607144,0.0358335523023495,-0.0298811887327293,0.0593153223951101,0.00309370600675696,0.0781588983695336,0.0185313439331662,0.0915722890064447,0.0125958305365261,0.0311145308103609,-0.0197469887485636,0.0399413599167134,-0.024507734742267,0.0605900405796934,0.0116106104913957,0.0694369871061758,0.0295575929535219,0.0911572590533861,0.00858235012017178
0.00733917770174156,0.00844442485455902,0.00734602559987529,0.00835608312822212,0.0352474171290204,0.00113490678657646,0.00934227777464676,-0.0117814238862511,0.0211366023175411,-0.0112837918957356,0.0238278912202329,0.0354826995020393,0.0357476974315498,0.0543454133086415,0.0156774201890837,-0.00674535755251998,0.0108202036641706,0.0204530619563677,0.0387010459477914,0.0315646175074096
0.00567904563963945,-0.0138704860380721,0.023761324360536,-0.02451486256398,0.030856080793681,-0.0306344845360272,0.0578558549091837,-0.0197304385103994,0.0960969654517967,-0.00187611652850314,0.0299472569002768,0.0264690299247479,0.0398922670651404,0.0356266056149321,0.0542599384745151,0.0479620413920541,0.0555653662009019,0.0457598705811348,0.0728269900014069,0.0226719173757182
0.00692507270146055,-0.015072112526282,0.0223025659316266,-0.0289372765639677,0.0288073578180896,-0.0328622466942056,0.0490195218377217,-0.0259741154456652,0.0896106705950654,-0.0110439234635561,0.0132182869978237,-0.00102009297098613,0.0338959674349789,0.0254799026674351,0.040510660799409,0.0450575229948797,0.054214369325523,0.0415289571568982,0.0765465116570968,0.0265352904551268
0.0203337393359431,-0.024129437748055,0.030195110913058,-0.0302113286917278,0.0866063983258558,-0.0035593143287364,0.101869391688753,-0.00492420471810508,0.101910586999073,-0.00393729558523405,0.020800663944357,0.00293623898733822,0.0458130310500327,0.02943062976105,0.0611327724207979,0.0408952757446904,0.0868927084181217,0.0188686517694765,0.0949029295326586,-0.00549351066270218
0.00586723517729681,-0.0144213492564912,0.0177898399608846,-0.0238223367574283,0.0256736458998912,-0.0297309297015125,0.0354323204612665,-0.0280279177841087,0.0866945902487316,-0.00788927262629693,0.0130838356265602,0.00852536535683221,0.0343858865385376,0.0295548206583341,0.0502190600089195,0.0493038207742635,0.0685172135906967,0.0329240277843116,0.0948594109027506,0.00755796665822649
0.00644247796099177,-0.0157935800388749,0.0256341801511476,-0.0320171471741588,0.0307587948056275,-0.0296611502079091,0.0585812401493473,-0.0200143958480633,0.0958447803828809,-0.00111498376716354,0.0141729784049857,0.00892857594341236,0.03908880404535,0.0357813138661763,0.0467144819077919,0.043063155582027,0.0669037337042228,0.0347017772774131,0.0904826419834296,0.0123660617865421
0.00689087408768146,-0.0120611191315237,0.0254667170149895,-0.0245839598146207,0.0318767215406332,-0.0301437210759594,0.0378047963690059,-0.0302927552752582,0.0862836225606967,-0.00787249291358836,0.013631319256106,-0.0141135474034732,0.053032130303361,0.00967108825769342,0.0604805657996395,0.0344613926823299,0.0865057865494919,0.0172873616961801,0.0962423703379483,0.00472101646761733
0.00631225501175118,-0.0144523484842952,0.025588140601874,-0.0284831085542809,0.0285238802414743,-0.0296573443564562,0.0326225710569257,-0.0289894588897603,0.0940148586919616,-0.0101597653650707,0.0217450098933139,0.00163705011310056,0.0558044096204319,0.0307774198394332,0.0636283270674968,0.0450734274198871,0.0697512963727187,0.0298053452325437,0.0969245631832769,0.00617016759716062
0.00856317972135238,-0.0147452580190303,0.0226280361371722,-0.021270596934467,0.0250313084446795,-0.0260859716601185,0.0297119501771865,-0.0290392976048121,0.0556557746309544,-0.0219806466055032,0.0127707141454587,0.00803777593321758,0.0446731387650547,0.0368318698141957,0.0602917748579314,0.0350839213445761,0.0876329166135682,0.01815212622886,0.0941072481749436,0.00247300362922345
0.0137193264942972,-0.0160629867394862,0.0262782066121615,-0.0236326229242492,0.0288147098924846,-0.0269683887172807,0.082905820093434,-0.0144959669962085,0.102114867309178,-0.00779758800157811,0.00547198472535397,-0.00463577735281445,0.0272912925755315,0.0196502821899541,0.066261855541971,0.0371073556546791,0.0963846907954704,-0.0040464088844552,0.0955853439957367,-0.00483123845479934
0.0284982736177467,-0.0246194808893464,0.0334999824317341,-0.0311918755821088,0.0304087201036642,-0.0306928281778885,0.0885570752481428,-0.0129499052958371,0.10205896607151,-0.00389815750934368,0.00758968040805547,-0.00869917387858101,0.0200995049727702,-0.000541176055670641,0.0539337943868317,0.0328420065639402,0.0674174472207667,0.0354191990812835,0.0935472030807711,0.0108260959915728
0.015796960307471,-0.0201468671584309,0.0283562553477976,-0.0271634573281816,0.0293733165629505,-0.029079852851171,0.0781873821310305,-0.00812188309101622,0.0980137503982394,0.00388610348009932,0.0185283035682037,0.0158568071648727,0.0447414336269158,0.0389377695991408,0.0584199604379409,0.0399716897298774,0.0733055797944367,0.0318701723637314,0.0938822103031955,0.00371711046456529
0.0019673324960421,0.00331280378723013,0.00157433866003919,0.00333143578862317,0.00244615363227768,0.000676976698361054,0.00330525837205885,-0.00352048821574806,0.011621872069448,-0.021174275269508,0.0296577678401128,-0.0145898271832933,0.0685590938376476,-0.0143319216891482,0.0212942588548569,0.00415879529494355,0.0185262001877448,0.008664143148695,0.0185120134307224,0.00873753027715623
0.0112351628269106,-0.0125732565048767,0.0261923954867873,-0.0320216817644112,0.0261431796101605,-0.0291622242596727,0.0532063649100808,-0.0263384917111715,0.0908284644477082,-0.00822523467388707,0.0106552098763104,0.0111263009507283,0.0360304243002958,0.0387330159296728,0.0557679212538543,0.0455314205714327,0.0709059024615801,0.0368234182830392,0.089239653444438,0.0190785868160367
0.0109377676208044,-0.0134870308721939,0.0283927975322658,-0.0318059179232859,0.0305599573630163,-0.0282951363482512,0.0481649159518796,-0.0258799355778975,0.0920882902294777,-0.00347300872383993,0.0169151796797224,0.0142583188849586,0.0371436927327312,0.0340856745633531,0.0566762846211358,0.0437441883309059,0.0607326847717575,0.0312987675008601,0.0804829115364199,0.0155441881507587
0.0153848554061729,-0.0227534042308934,0.0274519749936342,-0.0268136208534119,0.0283607148698129,-0.0296002715752051,0.0641286670760964,-0.0152675266623358,0.0969954867458321,0.0061648566363391,0.00773126740103897,0.00411007952087045,0.0325365079633836,0.000171675718544695,0.0681612706225072,0.0181839672080221,0.067013674495503,0.0327109138501588,0.0846627952495373,0.0149424893440162
0.0164243887397517,-0.0164748181972123,0.0328473702869006,-0.0275088850979677,0.0289285380474903,-0.030320049994555,0.0559313823094687,-0.0220061874018771,0.0990901499567108,-0.00201531026134576,0.0252177484432695,-0.00547522961195103,0.0633038380374144,0.0173586141480456,0.06762194871652,0.0357548163206226,0.083587742471087,0.0154054453434379,0.100229390178363,-0.00708261077990099
0.0121875460072958,-0.0200496074763379,0.027356959885172,-0.0264299328234398,0.0307848001832451,-0.0310395594793464,0.0693523849607622,-0.0170210853959069,0.0994697289254589,0.0043434983619368,0.00547135322466875,0.0043743576952265,0.00985153130689323,0.00270669278389411,0.052346888237334,0.0266245633620686,0.0666439132387599,0.032472940236023,0.0856155353034617,0.0137809636465119
0.0119759995795804,-0.0107106489365002,0.0325910420399523,-0.0302850521454607,0.0290043105861021,-0.0310682224225893,0.0379814468999357,-0.0292624796593722,0.092459729929058,-0.0086179893130133,0.0110835804040404,0.000204905656655794,0.0486631122254162,0.0274013562456826,0.062005055241121,0.0304269745576888,0.0712194140590588,0.0279694173937428,0.0888532417463355,0.0184683963464014
0.0201207834972865,-0.0194884347265407,0.0346338946312671,-0.0324065564944141,0.0320185133587087,-0.0312084077156685,0.0525247675071258,-0.0257404282414454,0.101384218414688,-0.00109611156542782,0.0295210962252685,0.0267186234915659,0.0611513575733201,0.0355805596896448,0.0719851393369905,0.0288258906733762,0.0723231785356019,0.0085952859815029,0.0963893828609181,0.00637951129953199
0.0103482952306146,-0.0155906022981613,0.0255773562514521,-0.0242043511092541,0.0283166366913674,-0.0292996316736791,0.0320234597434038,-0.0290750017448767,0.0843705043345147,-0.00969222294963776,0.0220952591572517,0.00197795394773575,0.0625213942255637,0.00337208509145047,0.0738934321351483,0.0232051560379171,0.0724075997850581,0.0315144560943423,0.0956742837493818,0.00385628825967375
0.00797094450053741,-0.0151169806596509,0.023879110298198,-0.0298673306239149,0.0280380951402959,-0.0301474674590988,0.0347275627686014,-0.0282109030072363,0.0903899535304935,-0.00694780906074128,0.0198646644006899,0.0133666318237251,0.0492878917064098,0.0341041142626295,0.0661559358328202,0.0331906160023822,0.0787444820846632,0.0230750406840594,0.0919963631142619,0.00565577255291266
0.0101053392273403,-0.017937010171101,0.0236817652774554,-0.0284426812228323,0.0289095688034182,-0.0292547071518449,0.048280299030106,-0.0262313380970093,0.0955431990242232,-0.00215918069784431,0.030755069953202,0.0270933969198809,0.0535952227253012,0.0417455312708049,0.0580569141840729,0.0417726086319315,0.0678582272825952,0.0357117260254647,0.0797697533044489,0.0202355153393643
0.0145585964259566,-0.0164289834618012,0.0282089475300832,-0.0295890861230897,0.0314630197289212,-0.0305837031842985,0.0834791192201193,-0.011954191538376,0.0979872325859425,0.00303522095811497,0.0209207371005817,0.0216467130623981,0.0566370451648894,0.0371040446372088,0.0634024160946424,0.0361869295303601,0.0628304074600652,0.0263495909347798,0.0651963868318296,0.0303486095721998
