u1_1,u1_2,u1_3,u1_4,u1_5,u1_6,u1_7,u1_8,u1_9,u1_10,u2_1,u2_2,u2_3,u2_4,u2_5,u2_6,u2_7,u2_8,u2_9,u2_10
0.0170210550832861,0.00551628884133441,0.0424891497367583,0.0151104103318258,0.0635211008892428,0.0270633024628975,0.0932446265977383,0.00987705136464226,0.0962393310658022,0.00625392052981996,0.00857767127159172,0.00507438225667302,0.0184583934519867,0.00693726346902414,0.0372539977449521,0.0118876266503802,0.0598455612416828,0.0194737520613579,0.0846395098921922,0.0116513199945886
0.0168161550351845,-0.0116758623172267,0.0363344326527605,-0.0275136097972514,0.0514473423070741,-0.0210569023113999,0.0699933880671776,-0.0051293486970065,0.0903336802066345,0.00238703265629912,0.00665321247781868,-0.001154170598162,0.0244168195928199,0.0163067906989643,0.0565793181211263,0.0222810514509407,0.0808553257627782,0.0150683099877468,0.0940444095560682,0.00431323079314175
0.00684495475044952,-0.0108359120991538,0.0271981195019668,-0.0262707692970777,0.0389109105251165,-0.027547860664075,0.0600586621421615,-0.0259875115014422,0.092538300818859,-0.015191206226729,0.004680598505779,0.00666575015246066,0.0192754150823348,0.0285847989051103,0.0390895385408446,0.0327145789349458,0.0673724335749306,0.0263706126792655,0.0850981322651136,0.0205988818984744
0.0245466311834497,0.00929653641682299,0.0591028527288572,0.0153949723226315,0.0842823370817315,0.00658385060296414,0.099136715341662,-0.00113637717177814,0.103566334218776,-0.00430341509356793,0.0151599992731693,0.00773935777817425,0.0375825037966253,0.0119237665916247,0.0680850834829537,0.0112853913953465,0.090282971815356,0.00427285369294436,0.0958414936237029,0.00244183105839142
0.0116336823794997,-0.0010541538085457,0.0289926212317359,-0.0030096098397303,0.0457548540908535,-0.00428626721317198,0.0670640815074113,-0.00191663769127162,0.0856358539318921,0.0038214536796289,0.00716583551912021,0.00108196931933668,0.0236720780629503,0.000612942950783063,0.0419228208256862,0.00175126694386044,0.0679752353592683,0.00650122574098709,0.0842645500865451,0.00203126613064134
0.0184349619460022,-0.0141039471515918,0.0371043023011426,-0.0281452511820145,0.0570610001056682,-0.0152127241072574,0.0792591986042351,-0.000167770138233196,0.0906351262665061,0.00598327838534618,0.0220639324224721,0.0109195238477796,0.0460013753311819,0.0226894591983337,0.0656250955593995,0.0379950165354695,0.0851926206026937,0.0246281869623384,0.0950154404523373,0.00983726811632389
0.0136175760686251,-0.0135925985354282,0.0323372863234756,-0.026683932212574,0.0547166119063769,-0.0196829100490203,0.0784888450660509,0.000376376542806662,0.0937105535404826,0.00636020784265486,0.0136830137717743,0.00820997514209762,0.0362213139900548,0.0295389816312954,0.0590840823337842,0.0400105136677139,0.0781057331729185,0.0296878564196497,0.095107357656102,0.0106055336832318
0.0153973462890444,-0.0120301036775251,0.0339350833529727,-0.0263176202045168,0.0464906033657558,-0.0271719026709724,0.0676937074111067,-0.0195885715810395,0.0876064422527469,-0.00252960006415978,0.0151030066809495,0.00696382621440768,0.0373572880096165,0.0281780476773273,0.0573990145571806,0.0325493998676269,0.0810301516430945,0.0263527426024829,0.0933409152701323,0.011393636822073
0.0158084912134601,-0.014401524438998,0.0332119409006726,-0.0275229107094206,0.0539219571267637,-0.0217724199665085,0.0751445369586315,-0.0131787894628647,0.0863235368317962,-0.00442497902627707,0.0371413981885264,0.0293645785848499,0.0713900859541985,0.0349200690459044,0.0956863496181385,0.00771859057137034,0.100315058773678,-0.00313072485044393,0.0964911467364729,-0.0026095913470716
0.0215199203843997,-0.0205758022883909,0.0364954767217805,-0.0273258887221205,0.0516826801559001,-0.0217162012110974,0.0722169373921374,-0.00578660898090576,0.0926639348740411,0.0031045943168161,0.0292175465544785,0.0171543928987172,0.0586978639019836,0.0307437977388323,0.07965240622908,0.0297063297427473,0.0961860449221021,0.0129926966640095,0.102297182167283,-0.000354592857709913
0.0252516075202578,-0.0163222884487831,0.0403786669953189,-0.0272000104289471,0.0623776374296527,-0.0164703573843219,0.0858578164617909,-0.00513228218786043,0.0927839632862201,-0.00210037215482406,0.0218325938430799,0.00251702135726138,0.0414339335585659,0.0179965838514356,0.0625608516374723,0.0279635533368977,0.0756265286043699,0.0268323109978287,0.0890404355675809,0.0169474869352928
0.0401425208318156,-0.0187616715973023,0.0498082376793982,-0.0239458152962798,0.0784164675093929,-0.000375007450027009,0.0875774792787066,0.00509998591339821,0.0904466962207347,0.00573126722600351,0.026322306276709,0.00610614824162658,0.0519086362873244,0.0274665613820569,0.0687670302699527,0.0366454974938683,0.0865552940978019,0.0208499477149068,0.0962937254425343,0.00476610571528619
0.0103898816672331,-0.0169199954332314,0.0308882867891411,-0.0268704184073112,0.0441650644524078,-0.0275733387072347,0.069644759324303,-0.0218866561737133,0.0894907227389573,0.000883740754403775,0.00978121551310004,0.00566119133662888,0.0375927563061971,0.0163451011119821,0.0613715347053071,0.0311781830322552,0.0779576935522703,0.026732436163613,0.0908312540637315,0.0124764850554236
0.0183012244757505,-0.0333540531404856,0.0441670812773384,-0.0248903770951812,0.0821697685386098,0.00546477668537006,0.0972092755802899,0.000985501094442637,0.10319252003407,-0.00532584777100714,0.0218401514352931,0.00152995511716843,0.0436892887637347,-0.00418646682951696,0.0670996178437169,0.0288246364862329,0.0863954232075308,0.0228650502908736,0.0942156523451206,0.00625480002831296
0.0201895258993029,-0.029421570562833,0.0377891257285591,-0.0225249771617732,0.0687610902893229,-0.0197725248794046,0.0863041431209371,0.0122326909110594,0.0994920457173681,-0.00592704010055569,0.0146609200540482,-0.00473618507285414,0.0424327460329021,0.0367148936160651,0.0765608154637913,0.0156872378611601,0.0830584455089505,0.0140568045159605,0.0982197689161915,-0.00381204808341223
0.0168877576200598,-0.0270365001394978,0.0347084936027921,-0.0226223321609919,0.0752915002437997,0.000820189210774853,0.0893473047463273,-0.0066892555389685,0.100614443762274,-0.00362421452259958,0.0145005826228636,-0.0223777269285813,0.0477791002186954,0.0301799519501575,0.0781289564764301,0.020337732444968,0.0925996156152969,0.00772393017934833,0.0945371054819169,0.00454353575008048
0.0391339168228846,-0.0298025838304001,0.0672246186294341,-0.00944778446884083,0.0863838812469829,0.000366510165864614,0.0900498579615144,0.00813479067357087,0.0996362894532167,-0.000128181215943395,0.0253382182114007,0.0155857753801951,0.0617824517360128,0.0452658022122942,0.0858207531354351,0.00903547864116898,0.0931048611054395,0.00197136003737381,0.0943662800059784,-0.00113741276098843
0.0381363005952306,-0.0275718606174691,0.084078901403329,-0.00858429275915901,0.100854749667345,-0.00408907471883533,0.0940231408290715,0.00144319856446547,0.0881597926695904,0.0048990628255647,0.0184617505787223,-0.0160199017311476,0.056435959111472,0.0243144300319202,0.0860411454541369,0.0161161376573664,0.0958072922678045,0.00429504308354644,0.0958119396790408,0.00334601933486483
0.0226144331687203,-0.0260928368083795,0.0425684461314792,-0.0278048754881949,0.0620375317915375,-0.0116317432626197,0.0834122636180351,0.00823872960070496,0.0964313424650678,0.00458624049079555,0.00810363203658187,-0.0175235377251846,0.0336352005283531,0.0136267375530537,0.0583442296871289,0.0353025553615137,0.0803912591223531,0.023464791006082,0.0921615857819646,0.00869724279841267
0.0198662622177667,-0.0180522909284704,0.0388755519277382,-0.0354681221187463,0.0585561329320316,-0.0205673765307952,0.0717343401366457,-0.0138834267575457,0.0917716920588187,-0.00504836077255426,0.00868265089228681,-0.0159810003376891,0.0280213254068188,-0.0103809926903028,0.0592048392055894,0.0266594426285254,0.0761681502267534,0.0242972947338141,0.0904468100128024,0.00908383188668039
0.0222127973043504,-0.0248386969603699,0.0475241895053421,-0.0284394164341569,0.0644932615910733,-0.0168137169879695,0.0871193160941127,0.00504589310380877,0.0971208224589059,0.003202408315399,0.00983933985710726,-0.0145630942063494,0.0428669710993727,0.0184912592118624,0.0706201477140053,0.0315422898997405,0.0867557953826969,0.0171661891915754,0.095826031925745,0.00466445590421685
0.0177572858387135,-0.0217086199816876,0.0368202094355747,-0.0311847886610153,0.0576506084438566,-0.0243425156394084,0.078448189886542,-0.0119692189838052,0.0937690362566787,-0.00498731491841191,0.0145368425743929,-0.00345261648241904,0.0360254610711564,0.0165544886459189,0.0606289564672968,0.0316761315604892,0.0766191615157052,0.0275144281410277,0.0914621787789077,0.0107772066452488
0.0188581752026502,-0.0258813439420384,0.0242389548917105,-0.0275478152347951,0.0354385612901837,-0.0241760437825556,0.0654425047499418,-0.020244857266288,0.0878848340005195,-0.00935119944027207,0.0204441956355002,0.025103318255634,0.0446323669084401,0.0429443857740086,0.0547534823678369,0.0465053995709733,0.077755415364756,0.0345502085089351,0.0913270016642687,0.0104063882516374
0.00931450790925749,-0.0176748587990143,0.0262791793725059,-0.0266665440402348,0.0531784655250372,-0.0155168374859067,0.0765167392457588,-0.00812737780484491,0.0885559016742723,0.000362660551983249,0.00923876352931258,-0.00888314036323835,0.0425129844343023,0.0211886375132502,0.0761539382835886,0.0152529995678958,0.0852689424917963,0.00057028632132366,0.0882577827800851,-0.00329237784849084
0.00953498525043406,-0.017505720894404,0.0290542379216882,-0.023384639826486,0.0555376850861326,-0.0234537382675807,0.0664074955768355,-0.0182786326224555,0.085514460173869,-0.00793107519552808,0.00755303436875366,-0.00232585036482934,0.0422297034640702,0.0280779300356018,0.0691124085447457,0.0251637303579758,0.0790054814930551,0.024912731921081,0.0935344343297758,0.00404829637866459
0.00892988096721493,-0.0186191048918832,0.0271898843602728,-0.0271057215363328,0.0462568551917432,-0.027770464250761,0.0759477383974009,-0.00351692673918343,0.0952380733161434,0.00903409102139658,0.012468085332424,-0.00445885081980041,0.0269535303154232,0.0154758145372614,0.0557620553939521,0.0434909888362443,0.0808531039931844,0.0204726805144928,0.0898386721588277,0.00501749334311366
0.0206379234324809,-0.0219170302866216,0.0385724815305256,-0.0238490882425855,0.0634658539251009,-0.0123038367768993,0.08563371032328,-0.00665259725745342,0.0952614585726934,0.000706976772362411,0.0176281345024474,-0.0114090024947318,0.0359884924886243,0.0040228457169533,0.0643836407735254,0.0280819624756189,0.0857581021372588,0.0220085347837554,0.0940100198724614,0.00991009333113551
0.0167429366260338,-0.0218486287286201,0.0434254867930814,-0.0233006011984372,0.0646035267428713,0.00590211864696624,0.0784002771839826,0.0257969290852762,0.0918628342868579,0.00709574566489027,0.0232123371044908,-0.0141784682056126,0.0549570225113181,0.021100114974093,0.0725105211862693,0.0315026894354188,0.0861533241441149,0.012126271032575,0.0945722769170931,-0.00308078968042536
0.0120494418186017,-0.0172561679883872,0.0379336115674465,-0.029912622921966,0.0653510387305077,-0.0114196886509539,0.0769674592360678,0.00568327499313703,0.0917592594334765,0.00472461570578375,0.0209121993704359,0.00493690508742309,0.0492577573289082,0.022066682554084,0.0680898996939643,0.0264986918819343,0.080734799695639,0.0211009167296227,0.0893039730320352,0.00901073463622636
0.0147168594614146,-0.0201407780302959,0.0296957486751385,-0.0292727598171795,0.0512491992152353,-0.0223578875294954,0.0709626567892414,-0.0155426015134988,0.0879619711111649,-0.00378487657977369,0.0102469881367554,-0.0108554520735868,0.0279410966046943,0.00285115967674623,0.0538494377409537,0.0266785744416829,0.076632046896572,0.0245054211430833,0.0916472232785066,0.00799252446164973
0.0104655959250439,-0.0140108458730419,0.0276906249197788,-0.0281857604352692,0.0513897741702231,-0.0145207932939044,0.0730590274220779,-0.00887792064213467,0.0883200507727459,-0.00479633431160262,0.0173186068630341,-0.00782153984696493,0.0504423454539991,0.024084885302168,0.0787836282989377,0.0236883411547538,0.0897556605197753,0.0108026123067682,0.0939204348979192,0.0054950757787117
0.0205462404774256,-0.0283749277414031,0.0428674583268362,-0.0226679801033028,0.0632833843833739,-0.000458577767984089,0.0841581710953157,0.00395488287500573,0.0965192381641482,0.0027801497268728,0.0140848078654475,-0.0054687243577487,0.0422280465670138,0.0196421860267024,0.0650088877132228,0.0275650342035728,0.0828707491537642,0.014150128099893,0.0950081524431143,0.00474273256006578
0.0168531144306814,-0.0205352074788737,0.0391476614435737,-0.024569736617951,0.0629776570258569,-0.00593020703273682,0.0809131966371797,0.0111338426913273,0.0943983853704685,0.00769361222640451,0.0178547421933708,-0.0143490411406575,0.0394964887866803,0.0069263819216905,0.0644067970692136,0.029684598447698,0.0858478143113373,0.0195092289604874,0.095701941559704,0.00476149745519021
0.0212632358828768,-0.0197820714974485,0.0416289569885109,-0.0262229694233323,0.0610443979920166,-0.0115964622683212,0.073566043389281,-0.00149868543204678,0.0902229504763218,0.00753637021359044,0.0180600690790805,-0.0115691310679899,0.0409373260073961,0.00178000582377735,0.0639342136341777,0.029906369984236,0.0766648659092032,0.0260361344476496,0.0893963265994587,0.0131448427809839
0.00517151572870106,-0.00052135822812357,0.03268853789801,-0.0278657373776628,0.0526240340818453,-0.0156028462533823,0.0878980125744138,0.00170165315202956,0.0935683892625592,0.00286000996731557,0.0181534615782343,0.0320765949797574,0.0472271292491647,0.0473828795648916,0.0807461864910501,0.0196080367886446,0.0941903830757563,0.00988662801584847,0.101235711883602,-0.00891689584120229
0.0217085081031964,-0.0142555601513667,0.0408820752589959,-0.0230339323632093,0.0462682590169372,-0.0206964843999038,0.0670389680619556,-0.0075794640567099,0.0900617954312275,-0.00216709185544341,0.026309610909978,-0.014104050376526,0.0454463592250577,0.00352238540613659,0.0601336734596682,0.0386656100922929,0.0801028281131513,0.0166871594693989,0.0948599871038455,0.00544760935351164
0.011408455684845,-0.0158660772008402,0.0256530273142592,-0.0266253960316276,0.0475059181286765,-0.0223796236842263,0.0801124789972246,-0.0137413930365676,0.097565407284249,0.00234527762734794,0.00568747342120079,-0.00749182222174319,0.0182606134480065,0.00656743342339819,0.0519450870291588,0.028630729482095,0.0785115676963058,0.0221315251505136,0.0911724971793503,0.0131471919565427
0.0135963756541937,-0.0158152898822064,0.0325665086202487,-0.0269427248677617,0.0592675622104196,-0.017910422496243,0.0823638791648232,-1.7030925676271e-06,0.0926585797527486,0.00686058496516831,0.0150740178392863,-0.0120236486231804,0.0240243212106417,0.0313648312303504,0.0512033653011533,0.0289496466563373,0.0807784248116465,0.0103088263071405,0.0922428890619471,-0.00441208084866188
0.0180462905226583,-0.0234923292085855,0.0375932497708891,-0.0236377408430652,0.0650941499233877,0.00745512780067231,0.0848584748384897,0.0115097689873553,0.0922769789485201,0.00591589044047814,0.0122449737071985,-0.012533747210991,0.0320949232421572,0.00646447163039376,0.057611404784625,0.0281467529574847,0.0791836836271508,0.0223765940711726,0.0903879553978863,0.010976669077295
0.0147499608565767,-0.0188892434492756,0.0364914163069548,-0.0275243526851382,0.0647334060490766,-0.00356003961517228,0.0785609721154997,0.00964822767648423,0.091772854571255,0.00295240055615536,0.0151819844334034,-0.0134555400672164,0.0415194814056676,-0.000384398551289438,0.0662578536248031,0.0216488715887375,0.080790176420807,0.0192352398189066,0.0924325612369848,0.00895760037505712
0.0115561526309898,-0.0117406612758426,0.0262072382151473,-0.0299752931344162,0.0494922844410207,-0.022762603041892,0.0661300483795735,-0.0139534373809484,0.0873865073819119,-0.00431619276506079,0.0186918665936455,-0.00948690866770082,0.0478572647701652,0.0104025863481848,0.0794304100871992,0.0291932708739887,0.0930576986676885,0.0130787458480351,0.0953206171254674,0.00587621674456658
0.0125525339916765,-0.0156868176183975,0.0272049048642576,-0.0289409299112721,0.0480796818954101,-0.0220307858421504,0.0674870569676753,-0.00976250011184973,0.0845034751836947,0.000218692581370536,0.00849341052550788,-0.00949817904689956,0.0279109558744603,0.00301925335509746,0.0510765971653414,0.0272341800697835,0.0748461726003599,0.025693437327296,0.0911762428706387,0.011739688871851
0.0149954989470807,-0.0131856631679466,0.0333507731937677,-0.0265565970201206,0.0528969113475065,-0.0196002257667905,0.0786998803012959,-0.00256897356500733,0.0957156639958113,0.00218030038357298,0.0100746176230103,-0.00392888346105042,0.0325185133165263,0.0172626871245913,0.0532830965820956,0.0328577997511768,0.0760258602712281,0.0241257499700264,0.0947144536290812,0.00587000592754835
0.0099761147223404,-0.0194644096926914,0.0323534979008979,-0.0227927828139392,0.0515789788972612,-0.0224821059856277,0.0763723459008178,0.00126197933041381,0.0922234793720872,0.00347819170565247,0.0102643210554251,-0.00716808171117848,0.0319332660153903,0.00751676735060891,0.0528018501560935,0.0242996507755937,0.0740697793955928,0.0267082219680263,0.0894627239972718,0.0136258522680445
0.00556347682453618,0.00128509092846989,0.0294797307983003,-0.0356447844008199,0.0710775156585538,0.00114726847103469,0.089601129930128,0.00854434010507928,0.0904440426229572,0.00548189809396096,0.0214704179345672,-0.0227240347560194,0.0450141112448604,-0.000796083308877431,0.0736636691113206,0.0259320067719162,0.0874877260807397,0.0280319225168815,0.0944389504033143,0.00956794579845802
0.0190295135465683,-0.0174116190163303,0.0342717865000153,-0.0290917348991944,0.0589973966228894,-0.0133159143822674,0.0875003426750945,0.00168392125074919,0.0958455034230559,-0.00507267122869305,0.0170374216083911,-0.0122931004007785,0.0292519881391273,-0.0131682922612986,0.0485582336082449,0.014209047460065,0.0740505212484509,0.0245861311899023,0.0926989894370296,0.00705078551974419
0.0204237786234588,-0.0226779690357948,0.0338144764251061,-0.0269202975528377,0.0477616419378879,-0.0173441389659362,0.0691127256559731,0.000171052740946914,0.0934241637850861,-0.00128761773025674,0.0142006570106532,-0.0127332878977608,0.0271794754148035,-0.0119449919945933,0.0497049117028221,0.020573594265073,0.0717858444101736,0.0340293038957637,0.0889764380603898,0.0137768601746446
0.0218597736046482,-0.0136906508366562,0.0339617249149076,-0.0357837633419104,0.0498656709870436,-0.0279202474676149,0.0763735900825971,-0.0147767324500725,0.092713201802611,-0.00541483124148084,0.00644217388454919,-0.0044763930644367,0.0219324727937051,0.0343906906538705,0.0530961332894799,0.0431284281390869,0.0886406922952322,0.0105818661558951,0.0948936865102938,0.00343089278487805
0.0120256755074042,-0.0168122383146458,0.0256792682547896,-0.0206465651096012,0.0470657947881024,-0.0215178812652205,0.0666525905798156,-0.0183978380902248,0.0942548384410482,-0.000708131553272499,0.0111691384877977,0.00215999535860221,0.0427038265663195,0.030360824618198,0.0683533439447413,0.0318554580584577,0.0832597070214365,0.0177314332256108,0.0944041758166992,0.00446775929736561
0.0179780585178097,-0.0153048870901105,0.0405073390699312,-0.0249976948853369,0.0668875818840214,-0.0156515835485691,0.0807938793567893,0.00624112043376122,0.0958492732423766,-0.0022032210659035,0.0214139033712624,0.0117569667474382,0.0451550764116644,0.0314873004089722,0.0673003181518347,0.00826337169200888,0.0780386858405453,0.0241367001451686,0.0915458537241937,0.00947096672402431
0.0145529732297031,-0.015346938362124,0.0335054284438766,-0.0267958543027015,0.0536511373709579,-0.0195508118747111,0.0805836559473524,-0.00216332256337143,0.0952028336782535,0.000499476141663459,0.0116689433898238,-0.00792715776490058,0.0356023585964252,0.0206343323026867,0.0573862481818988,0.0316627823429817,0.0808095860996065,0.0220788544704747,0.0941696671249776,0.00752084665110109
0.0129990927352921,-0.0155494669512989,0.0289503607111946,-0.0253010315765811,0.0604600532277545,-0.0193187140061649,0.0862835535723888,-0.00823799210861126,0.102151886505019,-0.00693929668056349,0.0116761929185252,-0.0107682217069691,0.0296647045626312,-0.00124840710614917,0.0626350529627525,0.0242282701866356,0.0851303770806621,0.0211123928142837,0.0970590154462128,0.00215861606944537
0.0200386515239093,-0.016334853628836,0.0387433902534981,-0.0297176195664577,0.0647304953629373,-0.0136436685181534,0.0882328855079421,-0.00208017162554608,0.0932001287235691,0.000796401525275754,0.00952590245663174,-0.00635896395103327,0.035893144401099,0.0146680455489968,0.052361296766135,0.0489939037522964,0.0738726509631657,0.0266424143021167,0.091934625683255,0.00806498167582644
0.0115891924767612,-0.012506160815512,0.0282694516774413,-0.022390733358887,0.0556137155014,-0.019846884172075,0.0811279955602881,-0.0053172771581075,0.0972342451584277,-0.00122053548335091,0.00731968146328534,-0.00598775160625368,0.0315180947735578,0.0103883780432096,0.0602869379495789,0.0316599970246149,0.0836999520684722,0.0185340857093989,0.0947443685071246,0.0089742776027731
0.0157433498309743,-0.0216905199686644,0.0277075752224951,-0.0283040985779035,0.0443444262552269,-0.0223206139553676,0.0711011016416435,-0.0179220015618863,0.0902201861185926,-0.0018862652715547,0.0105598692991687,-0.0110632456773782,0.0260544384540766,0.0100392464495034,0.0504000852349384,0.0288207458544518,0.0722030537868392,0.0245555113556664,0.0892065419553226,0.010814628929005
0.0174297717700181,-0.020074076839494,0.0379312916566396,-0.0275201019781537,0.0563246672981044,-0.0186053802652171,0.0765192118295364,-0.0099642472200895,0.0947885792211207,-0.00584910502146623,0.00731938878037025,-0.00945304428221191,0.0350891131754294,-0.00797112620557604,0.0518581734150062,0.0154034836291321,0.0691700226835954,0.0247954292343712,0.0878128397243158,0.0104079407796202
0.0189626765305728,-0.0175749833468288,0.0390087512614055,-0.0270391193816753,0.0523765491494515,-0.0248999843419793,0.0853558670616791,-0.012910619271157,0.0952374648722954,-0.00941328957682961,0.0230832353340934,-0.000862086026473252,0.0436347970549923,0.0164418889266963,0.0615339693073479,0.029679075904061,0.0843968065838679,0.0217378582486802,0.0952342904098399,0.00549534428379576
0.0195316898998708,-0.022723579250764,0.0321533182531145,-0.0293064070437754,0.0524932079428682,-0.0235801849188968,0.0687465186920403,-0.0179023508077525,0.0907660079875723,-0.0030591012490051,0.0194283309759629,-0.0096052791096294,0.0342348998309036,-0.00247653975589847,0.0624889998028131,0.0203010004146926,0.0796672746087912,0.027407966949495,0.0918370663735351,0.0156635826565496
0.0169700424443576,-0.0143961144852895,0.0377077534351996,-0.03440176189111,0.0552079200275749,-0.0253582706191992,0.0677992482629679,-0.0211129462570245,0.0865350527637704,-0.0109953891147934,0.0167259939786158,-0.00967721301750688,0.0347731901498682,0.0157209459120321,0.0597514193043272,0.0292872765954879,0.0797331611601462,0.0252519797366501,0.0923967219663266,0.0121125181977913
0.0129343584274623,-0.0137847176139456,0.0314527990579392,-0.0263291143668152,0.0446335822447591,-0.0237137799055519,0.0691944157488109,-0.0122251516440897,0.0920653329485904,0.00561532792107314,0.016344295905557,-0.0142220087515739,0.031372506191039,-0.00412971835992655,0.0540071918707884,0.0179721941443731,0.075604946891339,0.0318900453014377,0.0886286079744719,0.0191900913425325
0.0102415276659413,-0.0136636981425775,0.0219787772667643,-0.0254168703100744,0.0384314402719544,-0.0248316430409796,0.0612276902452934,-0.0207175965404197,0.0837522639797812,-0.00283061711245385,0.0103667513134824,-0.0127861459659979,0.0235000308222183,0.00364368029305802,0.0544161735905651,0.0214572508820792,0.0784998203922016,0.025207570900695,0.0936723419415127,0.00604350232307873
0.0209544702976663,-0.0246365839785627,0.0334232539394657,-0.0271655983977942,0.0513777234243527,-0.0212932628411884,0.0746528029854625,-0.00304805463495443,0.0953772459497763,0.00198828251450764,0.0187546563309528,-0.0157019264818709,0.0376960827010366,0.0180141679228334,0.0616063083018204,0.0296521712039949,0.0799362198825855,0.0223802844131049,0.0942862744730321,0.0038583628423984
0.0205325984463505,-0.022565604769384,0.033541783035712,-0.0268796642545315,0.0541026821176058,-0.0121267507499332,0.0769200999196944,0.0057397923226995,0.09181152866632,0.0066998959923513,0.0175100935014578,-0.0163675105036679,0.0320166497387816,-0.00299947577059384,0.0587621469360877,0.0250200016077861,0.0786255332751921,0.0271280265167109,0.0914313208492629,0.0118889666902272
0.0225949160940718,-0.0246981047470802,0.0405285078208561,-0.0278795559180419,0.0643071034793082,-0.00914835153312651,0.0751850643472616,0.0106902935516306,0.0918089296765342,0.00739425201246259,0.0202714375096471,-0.016613855386426,0.0435133352754676,0.00529004700874576,0.0669929902883452,0.0193039844214971,0.0787928411608591,0.0287078328785679,0.0915353858145435,0.0172812926665098
0.0229507268299545,-0.0275640473814706,0.0358417309441023,-0.0265769291255529,0.0571669968013618,-0.0136354077360151,0.0782619239361145,0.0114515524504324,0.0907691660651676,0.00721449412077571,0.01144645358168,-0.0183898944411487,0.0259478323762705,0.0096610625089228,0.0549833659872977,0.028442752984148,0.074607868815729,0.0250600222775407,0.0871940506419457,0.00906086471375539
0.0308152377973081,-0.0334784532040011,0.044864463684001,-0.0260302248083207,0.0694434179267605,-0.006426927238373,0.0848946624073815,0.0108627437150381,0.0947045090266605,0.00396094668713821,0.0197209065928224,-0.0168239083395706,0.0537212008148067,0.0266061072525141,0.0733056294996454,0.0308397993949355,0.0982929154429188,0.00446830179020669,0.103593276387159,-0.00793619511417664
0.0192401590639566,-0.0219150104785411,0.0351237461671033,-0.0239904044221125,0.049829661353588,-0.0188534005012726,0.0676985440326919,-0.0131608372078068,0.0924026285629033,0.00200171588571149,0.014607273980094,-0.0141125002884245,0.0373637220527992,0.00961885689524994,0.0651929764199063,0.0260275888050243,0.0874230175113046,0.016290894069737,0.0951311899402752,0.00532280660442171
0.0101287673060977,-0.0100627392438679,0.0203677235255809,-0.0241527138818268,0.0389380063925342,-0.0252110465893022,0.059462907959342,-0.0176311658927175,0.0845930963781341,-0.00191467437490273,0.0049839667759902,-0.00586992418532181,0.014032423397586,-0.0141413229729692,0.0337319588898357,0.00295917152460513,0.0692208342403516,0.030724386351953,0.0890218188247073,0.0150393154061392
0.016178181093355,-0.018000924228403,0.0345144508545851,-0.0283419528682105,0.0497656192227235,-0.0149386398038167,0.0768257894092526,0.00596206991455599,0.0921990371674428,0.00549730162913967,0.00911853721703876,-0.0148037483315338,0.0265788123445112,-0.0151685133030452,0.0477969879966366,0.0158798889331428,0.0740563186015244,0.0292008186338629,0.093610102632793,0.0116396282195516
0.0215858571519731,-0.0244355995706468,0.0347687130282786,-0.02492018703368,0.0489915927754164,-0.0183240633720046,0.0797842381744752,0.0017449953602898,0.0960718944996351,0.000552487853002121,0.0161522124252713,-0.0142386128883192,0.0310035536961873,0.00721575977708935,0.0589979562464376,0.0352346659276595,0.0812436621080506,0.0218494427443246,0.0943208722183334,0.00754530475071098
0.0225783373417226,-0.0175722226483317,0.036959152567827,-0.0196789215105268,0.0545048256773158,-0.013885753471132,0.0895271437750607,-0.00344010979556498,0.0987295711050662,-0.000568887510705332,0.0148287058645482,-0.0101037142641817,0.0386312767921099,0.00841725188291735,0.0699584163088562,0.0353804120613138,0.0901504390302305,0.0166997041806671,0.0952342731429188,0.00654609333019508
0.0303980892669272,-0.030747917601637,0.0464023636877939,-0.0240140237839963,0.0892372469606346,0.00141935996785524,0.0980201459673606,0.010921508885028,0.0986535169930179,0.0103559366846758,0.0129639835398678,-0.0112568133368791,0.0607674758474693,0.0339519930457693,0.0878200043705754,0.0184490407852129,0.0966947514289375,-0.00267430471143472,0.0957220407912044,-0.00466903674129102
0.00792514489457074,-0.0105909213630477,0.0205146172472296,-0.0211263495420853,0.0331275420795137,-0.0258962686911534,0.0572825275187998,-0.021883977873164,0.0836728068142854,-0.00595108778377351,0.016864150745383,0.00563065326468304,0.0285253185484717,0.0190523243275072,0.0485525326406213,0.0305502135061518,0.0696840010850686,0.0244707722620125,0.0859717624384022,0.0130276690237356
0.0250407637843386,-0.0278392680595502,0.038234431972036,-0.0216176379316198,0.0667703181715212,-0.00136510093930085,0.0852192632779912,0.0097552824453492,0.0984906107069947,0.00491749707612293,0.0165633744870153,-0.00529584724561272,0.0438810665971794,0.0282042505581953,0.0739580389399674,0.0149260613936464,0.0856248448303798,0.0216389076694895,0.0955393873924468,0.00751635028306623
0.0247932950545848,-0.0222238725998217,0.0615997949574593,0.0161915834725861,0.0943011376634726,-0.000731364192907698,0.0956081164532146,-0.00302833145549004,0.0800540424036623,-0.000648560542964021,0.0235151794396428,-0.0238454702824509,0.060780652059744,0.0015583176205667,0.094172150168771,0.0123411844419017,0.095843699017403,-0.00168269716429183,0.0786328408294382,0.00140351190845255
0.0239919962269737,-0.0263745161416367,0.0322388876320666,-0.027422987201341,0.0524571231029918,-0.0223561754672174,0.0730612110941536,-0.00347407414278771,0.0923099359712949,0.0198812296460999,0.0115061518692228,-0.0127325326400617,0.0323211972418441,0.0174893552304058,0.0660619454581982,0.0236343868166345,0.0779156401743338,0.0274552782458329,0.0897987644390158,0.0124704064018767
0.0165123735299814,-0.0174868898770794,0.0263325898938105,-0.0242834376431444,0.0401726540206348,-0.0209682553990513,0.0650163037541706,-0.0152631903444892,0.0863935574331972,0.0010119077307579,0.00686193983140859,-0.000170712013580216,0.0337143792188943,0.0256760280262938,0.0687456021929309,0.0278661389868638,0.0872859648550246,0.0138482591707468,0.0957380375418783,0.00421680887156331
0.0334867062856303,-0.0271146863664016,0.0528685171645562,-0.0181003350492126,0.0925136534554598,0.00641890859562654,0.0995818924632005,-0.00582779566587586,0.102123692189194,-0.00961806606035202,0.0153412221575358,-0.0145258477467534,0.0323372493144651,-0.0112951004848095,0.055362498395817,0.0231740358216908,0.0788490806263345,0.0297876963292765,0.0910572694604494,0.0137880188791024
0.0310191457063919,-0.024195663677396,0.0382755245330104,-0.0295590875040671,0.0501473747143402,-0.0169645982561762,0.0810957701914119,-0.00738571072280979,0.0939545390971237,-0.00275758906432366,0.0118504569503018,-0.0148742871980057,0.0264201431977618,-0.0190938797323956,0.0539482601552684,0.0196552527688259,0.0770151272586054,0.0212737958367491,0.0929254092566995,0.010023500750599
0.00473200998777674,-0.00858298511434973,0.025147101327191,-0.029360105807635,0.0337570563508301,-0.0258428220622843,0.0546407199439672,0.00885136413653367,0.0885127648052514,0.0111822976911811,0.00358909958008789,-0.00770053565015748,0.0127365035205399,-0.0143728143954396,0.0325342897200731,0.00956520111389307,0.0626648040935591,0.0289164111742923,0.0871009768315163,0.0154732694374055
0.0174028465209211,-0.0158596737898131,0.0313179370920432,-0.0288709658367608,0.0432161007400114,-0.0205102728454954,0.0752198099160333,-0.00808981333628774,0.0928584385225278,0.00576542549438127,0.0140040441413607,-0.014574586908056,0.0269340769280321,-7.0522286643481e-05,0.0479245151910401,0.0250344641778245,0.07726806577568,0.0238282701555142,0.0900358821328595,0.0122208036100203
0.0152543129053906,-0.0114771455333526,0.0388058883543483,-0.0275423629312385,0.0407005671333929,-0.0228849778552363,0.0596854043350857,-0.0073778982010497,0.0883722249641102,0.00298878884653957,0.00900657366293441,-0.00884208258226505,0.0394381658956561,0.0260755473422537,0.0670173189406685,0.0381131676082561,0.0920404059708591,0.0122679859723864,0.0948739112150308,-0.00747458192890277
0.0103854890056936,-0.0128350942575966,0.0266673557961602,-0.0242330252957072,0.0435080990893524,-0.0310876882638759,0.0652757138020005,-0.0247213085201917,0.0927573002279535,-0.00869055274840235,0.00818815039244525,-0.0127136140045628,0.0302050698120384,-1.97083848949745e-05,0.0527933226549145,0.0230318420435689,0.0763934595578529,0.0286416652957246,0.0944942280723682,0.00651082836140461
0.0150790349684322,-0.0142720163531044,0.0327240905362553,-0.0302854679652027,0.0482245227489813,-0.0301003433509053,0.0736620492108888,-0.0197993655989959,0.0941826770790724,-0.000701109932349316,0.00889929709650229,-0.000505202454341829,0.0281170476602534,-0.00220061789963656,0.0489184389016748,0.0130847249905606,0.0733068232760579,0.0288310301124679,0.0921136698170219,0.00999207595520363
0.0150708017121277,-0.020542257078791,0.028639946295062,-0.0302060865896266,0.0460534849356098,-0.0294370053862369,0.0689132032301812,-0.0242795150731518,0.0993160010519279,-0.00493961658245115,0.0102299856998975,-0.00677407167624556,0.027908594659604,0.0119907602744675,0.0618245179875457,0.0265185596088452,0.077047493518263,0.0270638361299252,0.0918737218566946,0.0103923979695894
0.0159372116081841,-0.0209721188687899,0.0285687754615192,-0.0306291211804863,0.0460383920098028,-0.0228517196193684,0.0761113671833127,-0.00927591531953548,0.0934225724126524,0.00654686477733615,0.0173420690263791,-0.00635654645431102,0.0330013509145732,0.0138201369489678,0.0597859228108861,0.0346129945953847,0.0799945177730722,0.0189828633455604,0.0880590936509917,0.0125478128896082
0.0183620674271379,-0.0230283687760568,0.0423455885475127,-0.0242787739799742,0.060383424161623,-0.00909519134998973,0.0802890449309191,0.00611108243001413,0.0934333076180938,0.0035104030457569,0.0156779071678076,-0.0190396128856747,0.0354429907278914,0.00580940504242998,0.0657042058594413,0.0294075264824206,0.0815508000553325,0.0175936601863435,0.091108619326579,0.0086126558828327
0.0197854832644052,-0.0237256722924143,0.0364452071402991,-0.0264972592835728,0.0591646679126696,-0.0083283188653461,0.0796950143808531,0.00648450063819343,0.0906654616925499,0.00183277561963727,0.0125633753559043,-0.0121843548661093,0.0313101268695659,3.02448997261176e-05,0.0614996610542963,0.0281719295565546,0.0810380428277863,0.0212719223333322,0.089515269192769,0.00683564425631725
0.00910219112718692,-0.00582344005508401,0.0239998334634049,-0.0269612925625562,0.0350151790878118,-0.0261071574869192,0.0628146546050715,-0.014562372633345,0.0832712791325343,-0.00775611778784597,0.0113859268174212,-0.00472012075565182,0.0382728378338577,0.0329236679492126,0.0646235641491937,0.029121260847453,0.0862375613882264,0.0228406358931404,0.0941480391363528,0.00647144869580915
0.0149610889273123,-0.0162994033382276,0.0317831069592253,-0.0313376133920842,0.0539627025475953,-0.023762286024783,0.0735128691274832,-0.0020032831702407,0.0909721454908819,0.00255962383383738,0.020307242835902,0.00924576750777103,0.042182256840344,0.0216000024907258,0.0628531365779995,0.0326959951898934,0.0759514248502442,0.0241137105895047,0.0886606401370826,0.0111757347639243
0.00928125047724258,-0.0101862679002743,0.026673806866417,-0.0259919877579337,0.0563064783019774,-0.0194581860035089,0.0750195540738377,-0.00969202981628035,0.0862027243082021,-0.00102797431283837,0.00888301126856125,-0.00672949549653087,0.0260874380932475,0.00371093255056674,0.0572426599956273,0.0249001934662569,0.0753550979159176,0.025636670405027,0.0890001802659396,0.0136110645356351
0.0257302065697202,-0.0241246470205868,0.0449496063184378,-0.0274093719693226,0.0653785278798369,-0.00645943956225685,0.0823600125567721,0.00120617569154176,0.0985215081610809,0.00363295941603315,0.00841480623609733,-0.00819970071843074,0.0325164681130963,0.00741177953617556,0.0605907347255658,0.0284470212770088,0.0799807713512912,0.0251235480681866,0.0950931502154675,0.00679898750181495
0.0255020692266522,-0.0213284997171745,0.0337070223017419,-0.0277416908407275,0.0447378095898259,-0.0242086311080696,0.0674660922627379,-0.0144370791978795,0.0880028680351934,0.000732251816907871,0.0127673872025245,-0.00735794483596229,0.0343472447222784,0.0142568987709045,0.0655079881785211,0.0337406972461755,0.0775264362405834,0.0254889997877412,0.0962032635421678,0.00384429595191637
0.0196519877486115,-0.017602942878551,0.0366634891480186,-0.0253696940301836,0.055494854133037,-0.0139237156565749,0.0769816282216115,0.000858031528738929,0.0927842303592527,0.00300990816587468,0.0173089707475648,-0.006936774359175,0.0373946297646912,0.00950386760227589,0.0611114918236284,0.0316310674987062,0.0768542445667514,0.0237491719331589,0.0898662748923139,0.00993095235305505
0.016168908719193,-0.0236072145748067,0.0279878401095296,-0.0253612559670975,0.0464224394653474,-0.0161166525109669,0.0752024947818907,-0.00347297244355976,0.090882581351448,0.00577495719827821,0.010683080542564,-0.0137681753572343,0.0291761914898686,0.00939777426022309,0.0617725932794739,0.0313883375087353,0.0818589218007888,0.0256113939390053,0.0937067412872946,0.00859793032831854
0.0113792508305422,-0.0118457975872991,0.0294256038671075,-0.0280930013664069,0.0526001054667181,-0.0232337718466737,0.0748237718328083,-0.00371465322621604,0.0924690870707845,0.00440268677252314,0.0062023200811356,-0.00291226846900294,0.0350445788652532,0.014028474403791,0.0586391363149866,0.0337465624104592,0.0779944626535464,0.0223247594456204,0.0925227200252832,0.00569915802979033
0.0153944959197203,-0.0117273343883494,0.0286410968060428,-0.0212187123272246,0.0392664354919726,-0.0233627000705114,0.064401369751095,-0.0141748742990073,0.0895708827719429,-0.00753186759807443,0.0172757218761744,0.00501699940998748,0.035009126614461,0.0156140699596089,0.0535546498601475,0.0293772878656078,0.0754421489428886,0.026146334635018,0.0909910601632514,0.0104284216963208
0.0128305746778741,-0.0191099967198711,0.0313379983754646,-0.0264110085066724,0.055191353715403,-0.0150762309898781,0.0772408472422558,-0.00124806175198284,0.0970868724189316,0.00385643769433096,0.0125842444486484,-0.00610623546516416,0.0399374493330149,0.0201519450638778,0.0685746499759916,0.0345290645565381,0.0872086750377553,0.0180767936601207,0.0943902317811704,0.0089097446246647
0.0231160494750232,-0.0291131828873782,0.0294792310150268,-0.027817063526972,0.0525850567949794,-0.0144846366588777,0.076259928654055,-0.0016427999206122,0.0982894052992807,0.00409058108704955,0.0125723448927571,-0.0122630069577574,0.0385539725676231,0.00204727443198823,0.066244180239483,0.0316409444182499,0.0783082485750166,0.0283327298037559,0.0948577014276054,0.00637830355749596
0.0130372980895345,-0.0100857124398431,0.0302158005778755,-0.0231389659939429,0.0438291639462535,-0.0218855820885544,0.0646544607281603,-0.0145604903931433,0.088051368796149,-0.0104786040856399,0.0152130283299723,-0.0128313825813793,0.0324037559793081,0.00462888495410741,0.0628731227360742,0.0305774876592975,0.0815589440684694,0.0186971774623028,0.0952786716673296,0.00384767743330174
0.0129398743503568,-0.018558677098698,0.0326847073380055,-0.0278045957391595,0.0610117300878888,-0.0218054797920539,0.0889257453185995,-0.0102278956842696,0.0966146224233686,-0.00181785984122493,0.020017070749846,0.0124326968093747,0.0411635519421458,0.0344873833092486,0.0691214451385824,0.0258248926645617,0.0875212850809682,0.00637619145536417,0.0922576565873782,-0.00167523069350101
0.0118950618834046,-0.0142135483624626,0.0260941030191056,-0.0318385652300553,0.0332415895202976,-0.0264452504667859,0.0579561719445103,-0.00589837691688703,0.0851021607010697,0.00265002968277668,0.00729215738835404,-0.0051201293640871,0.0253613477010489,-0.0144744554615789,0.0487291184066181,0.0091741977024301,0.0708935184445198,0.0324383823100163,0.0814796363889862,0.0260321384615509
0.0164854711081351,-0.02025482353151,0.0387993739422111,-0.0248622443597087,0.0580399257504436,-0.0173126979982703,0.07363736950989,-0.0054949042338308,0.0926351355490425,-0.000375470075106094,0.0159829889402921,-0.0215494460241663,0.0404771494261192,-0.00232578762429655,0.0698769994899978,0.0280047147760387,0.0876132069602416,0.0149680988243832,0.0940882100779305,0.0085464877883089
0.0166155092061442,-0.0172590282908651,0.031867138504039,-0.0286923438664226,0.0491902132478323,-0.0194816886911969,0.0724839884013882,-0.00239376898660594,0.0896055311579861,0.00967836386155089,0.01598248521695,-0.00890456081199902,0.029703758471578,0.0116900598221028,0.0575437297660196,0.0277977347353307,0.0761522391934151,0.0283424125572253,0.0904042453305524,0.0125889197462359
0.0186779511059714,-0.0234035476123797,0.0342414859164092,-0.0296826741797085,0.0577805649061571,-0.00276082036339512,0.0803223429716239,0.00654314867889479,0.0931439205170957,0.00485103340261121,0.016207659043782,-0.00822905384046466,0.0348452190205767,0.0156329476258249,0.0657986207496847,0.0397891797656856,0.0836811614567913,0.0177822979674746,0.0915640935593115,0.00501364139910544
0.0106862059665856,-0.01108860846467,0.0310190422758938,-0.0300552661216046,0.054412917837828,-0.00486029038069288,0.0769755675982772,0.00773381338881493,0.0915410919315154,0.00742895017732211,0.00742203387390624,-0.00173808585340194,0.0311159581606495,0.0129886447005317,0.0614831623109024,0.0300420718414659,0.0793813291514172,0.0203693988388006,0.0904176292852564,0.0071834360568572
0.0121499584246484,-0.00837439624595902,0.0332958531749584,-0.026509973694085,0.0512517258988487,-0.0206988228004494,0.0762381647618098,0.00221781769979126,0.097825960498686,0.00232719957880283,0.0176242335469115,0.000756783420960512,0.0511472339289339,0.0261626785693749,0.084970612140298,0.0199401756752133,0.0947280761398802,0.00576106410971633,0.0949931813658008,0.00357225709433974
0.0111930401948372,-0.0124313427483026,0.0284402967657131,-0.0194715014044174,0.0398033717690282,-0.0303179366921654,0.0628612445382646,-0.00970448980580668,0.0833498315611338,-0.00337736242118577,0.0065376359373462,0.00759077738815344,0.0288392420591702,0.0132079185050194,0.0512037449421484,0.0234605982084541,0.071100696738469,0.0370698002618825,0.0905707670323462,0.0131776740316271
0.0119284875459404,-0.0147440893556056,0.0272218636651345,-0.024789125133515,0.042180645378726,-0.0248477789323344,0.0657803348673285,-0.0164966673402059,0.0885918649972605,-0.00049460990165198,0.010524112028664,0.00115633151646141,0.0337703559205108,0.0203460118471896,0.048837223920615,0.0220021853225347,0.0706933028132856,0.0286794311196258,0.0910029506340638,0.0111511460462718
0.0195795585107888,-0.0201165747534109,0.0328654961327158,-0.0276882392062719,0.0475597534378671,-0.0267852239461844,0.0766362735058266,-0.0108664677029104,0.0821816376679989,-0.00161675146333883,0.0103401740828628,0.0171952105909855,0.0320938205395469,0.0204095046751852,0.0521286876261558,0.0468915921073902,0.085602688446812,0.0174557424521471,0.0933445689224428,0.0102758967709458
0.0192132088794562,-0.0180550347674507,0.0344358804953633,-0.0232893927430295,0.0530014967858321,-0.0180557278295673,0.0742855211281313,-0.0147618969860825,0.0952859949271329,-0.000748600137698398,0.0165793856590032,-0.00856949531971235,0.0333284071191726,0.0145924260261869,0.0643158176362019,0.030521489886776,0.0799743965534186,0.0253927058309616,0.0913045819424186,0.010709068554025
0.0165818906430773,-0.0153823720184472,0.0321187279932268,-0.0284793343033232,0.0538524670891308,-0.0220289077334452,0.076797186921492,0.0018602625274654,0.0956178261366683,0.00399662655192901,0.0130599651109875,0.00767086348634171,0.0357843495653597,0.0162369618595553,0.0547351935389326,0.0219042993636831,0.0755427523517758,0.0259585438253257,0.0915463992426312,0.00956534971189463
0.0214130715474651,-0.0226416144947477,0.0302628511942316,-0.0280977490546677,0.0505040759662562,-0.0117026270193368,0.0705724738445912,0.00119819161285634,0.093061561648589,0.00177817465737199,0.0137141260155263,-0.0186417226885886,0.0349583745537456,-0.0119154157001206,0.0532082974467097,0.0148806010580023,0.0729513085275007,0.0344001762686104,0.0923880333853609,0.0136235467423405
0.020782633241886,-0.020058318386656,0.0371874098712787,-0.0237355157082681,0.0572418746349977,0.0154917863124729,0.0772943975604294,0.0250101055388432,0.0910704838573583,0.00939886641551804,0.0179011063849049,-0.0169119353938851,0.0344523701002362,-0.0157261805060838,0.0523470892824682,0.0115304498393398,0.0717334688370002,0.0303465970522959,0.0893547900882659,0.0128728538532926
0.0180492472972723,-0.0182316066163086,0.0383996851766979,-0.0286700878823372,0.0468725419630991,-0.0186401546875283,0.065649850386662,-0.010926214525097,0.0889634010878396,0.00631580883788866,0.0122887916687271,-0.0121477299900507,0.0332109378534608,-0.0207448359693034,0.0471593925442326,0.00532506539418453,0.0753937292331485,0.028403954082613,0.0833858566795189,0.0186940382038997
0.0245462877415683,-0.0281818221547907,0.031688933012558,-0.0268163441618758,0.0354999672472764,-0.0264648412008042,0.0591545697575728,-0.000692145340764701,0.0834478411066087,0.0146846445532458,0.02232028227843,-0.0189351189434303,0.0320109193922114,-0.0166119682674051,0.061359060198316,0.0186416188878306,0.0753403129178532,0.0286274599295558,0.0945766010039772,0.00602988699154688
0.0288892647205665,-0.0304529906094028,0.03574790091798,-0.0331328066450404,0.0750364073898154,0.0188025834588719,0.0983809639049218,-0.00316373655239369,0.0959085859367622,0.0010397275525228,0.0194978767584739,-0.00871296361013545,0.039339560377274,0.014813101795806,0.0760982600447013,0.0353503937117625,0.0937125033404446,0.0069172693047499,0.0930471201167574,0.00874816931927377
0.027127708948897,-0.023166755916237,0.0346323967846745,-0.0288796893870008,0.04479408008871,-0.0124968412425601,0.0706298282737597,0.0209307117374739,0.0882242960448192,0.0166046352892099,0.0145527310119833,0.0166350609058677,0.0289932109098284,0.0163702847055962,0.0642952080670196,0.0358456903906212,0.0863907487454745,0.018937913902264,0.0939243729016712,0.00625577883000982
0.0207563867859743,-0.0206412570814695,0.036212234287058,-0.0262927704910707,0.0572324602467877,-0.00196376072269712,0.0856568446407518,0.0124114454439325,0.0974051875025277,-0.00497697332250578,0.018970632926803,-0.0136538827503659,0.0359203314681672,0.00188689123999419,0.0672507774596592,0.0268082443686053,0.0879195794669432,0.00855947568837464,0.0941884910618794,0.00521490103410331
0.0264821577010462,-0.0222957385302572,0.0388365410347731,-0.022018760459237,0.0640226318898501,0.0145094553229007,0.0895437078286795,0.0132131725280887,0.0967660795200003,-0.00243052269872528,0.014667329498972,-0.00267631566066726,0.0444704252611786,0.0274424586863079,0.0680131054193095,0.0340408496325363,0.0865675376442126,0.00740821934571391,0.0929958397748628,0.00452017413831555
0.0165236728839838,-0.0153595699814846,0.0328737842549982,-0.0262055258587177,0.044109001193947,-0.020078538540659,0.0673169872700854,0.022892890599675,0.0904830170226565,0.0124024577625857,0.0130115880036143,0.00985363652029267,0.0331063249747685,0.0137876184693807,0.0493967495906592,0.0105183021108196,0.0696004896125914,0.0316464044766318,0.0882406232570061,0.0143524406066267
0.0213892866318466,-0.0180084005362589,0.0320058405729629,-0.02730296476948,0.0416460580612019,-0.0163594532018345,0.0664311886152681,0.0217336103466729,0.0839526925633507,0.0138630457769184,0.0235045448899682,-0.0171361926864793,0.0322918504821296,-0.0111129802032005,0.0580426268437715,0.022187349434077,0.0674910852307626,0.0265661234350807,0.0866463712687594,0.0183067716166632
0.0209605059248746,-0.0196147033366313,0.0337552249293347,-0.0259210524227212,0.0458452774203699,-0.00943945295382099,0.0704605235067351,0.0186185670410715,0.0855938694631253,0.00813948726546271,0.0153540708465566,-0.0131479752130117,0.0270030210393408,0.00402484890560242,0.0499244451598829,0.022045643976918,0.0687403186196936,0.0262783606595994,0.0862697015728641,0.0189730397769748
0.0238981629266202,-0.0241930749254599,0.0355340099249999,-0.0250217432892266,0.0462199727397643,-0.00986975505357513,0.0728864389635274,0.0171019667304497,0.0909233341574793,0.00420296651355449,0.0249063999199438,-0.0193321393437936,0.0369842488352666,-0.010490820580101,0.061995582399183,0.0267038624429447,0.0693452571335292,0.0275921326525627,0.0926263310688628,0.00997446224847084
0.0267143941096894,-0.0260302056789553,0.0344313466606948,-0.0274112589377871,0.0534199829787824,0.00508539665772223,0.0755587530011661,0.0189392971155351,0.0908270532820152,0.00888205988274572,0.0231868448360659,-0.0165789648586908,0.0327078768249986,0.00689274169931783,0.0594112748592382,0.0235421491298248,0.0756136249039546,0.0291002234144802,0.0915936584746772,0.0124070789671978
0.030182037991327,-0.0294702237291022,0.0414113691593469,-0.0188787600204777,0.0820745183863154,0.00802232240546766,0.0961301959899692,-0.00507955443834729,0.102475627474531,-0.00786536597380631,0.0296076720940174,-0.0115706274581683,0.0618308605168748,0.0261640036830828,0.0826726631308679,0.0204306759746224,0.0956268035460066,0.00240209289288685,0.09805754444592,-0.00107288669457868
0.0198832907507708,-0.0171257190955861,0.0340763064355163,-0.0240811039462825,0.0582699283226357,0.0034721652477258,0.0834871053917516,0.0196162493570805,0.0945144186658207,0.000466072596284505,0.0183948631028097,-0.0128573875574408,0.0356496098422608,0.0111918560767682,0.0662610566612624,0.0354929513400182,0.0804716095060157,0.0234971798634074,0.0939701224050595,0.00213122543632678
0.024100996345039,-0.0226814654349066,0.0377760747479574,-0.0257641437027868,0.0555908890030263,0.00203505063914934,0.0803447997000486,0.0157926697475803,0.0951534161729111,0.0079289373720924,0.0154574221090656,-0.0151897957035232,0.0367025977145666,0.0177651015643311,0.0672425477248317,0.0333736180138294,0.0837561957554882,0.0197348318351523,0.0983986925608761,-0.00548601391032654
0.0193361854696712,-0.0150398461522901,0.0367075357676065,-0.0255377077792025,0.056623191102159,-0.00715866934055403,0.0820092556466944,0.014180110474099,0.0903553584561045,0.00695443484325856,0.0176732524073197,-0.0109808474633348,0.0372294047749149,-0.0114786856969796,0.0656064950412153,0.0253522730232266,0.0804785376344332,0.0245865249572777,0.090106579575397,0.0077869619328066
0.0222005347607993,-0.0213830171317691,0.041028505992204,-0.0319210870000353,0.0461529675538962,-0.021467023872042,0.0677595865228409,0.0246363332795082,0.0819767565752412,0.0179542625926983,0.017386894783217,-0.0135602041035005,0.0404029069741262,-0.00492957091436981,0.0487524278791054,0.00685890961664108,0.0685613384387521,0.0320201265767836,0.0799601556636885,0.0217577485650854
0.0324486217224287,-0.024369376902297,0.0371057277666396,-0.0288800277182134,0.0596482863595241,0.000427829644179343,0.0855176419352468,0.000151463822798722,0.101481799570656,-0.00409871345558627,0.01781825353708,-0.0157548139796192,0.0404158366697394,0.0305950642099204,0.0676222450774391,0.0277267631656722,0.0903818185509966,0.0187241520588245,0.0944200631297958,0.00966069974907745
0.0285324647957716,-0.0293276226396387,0.0359624429372308,-0.0188534226613127,0.0601200476992438,0.0140408668771775,0.0859730382656605,0.0185918010968898,0.0959428704926034,0.00217618346031964,0.0129744313524572,-0.00264421829690156,0.0447876232516886,0.0312820132354168,0.0655452417525527,0.0306189250048275,0.085303096580238,0.0193574613565851,0.0949137989384846,0.0056262708167937
0.0106477615268146,-0.0167919608441235,0.0275452550201032,-0.0282621313510002,0.0371324073033973,-0.0265797020200674,0.0531962898296333,-0.014574299077908,0.0808897290402754,-0.000345603565891319,0.0116310759724118,-0.0071673149171309,0.0309492712203263,0.0146224538785828,0.0609581044340836,0.031577394208267,0.0753311568557364,0.0289600263023112,0.0941550932231565,0.00640146921864768
0.0252778058139986,-0.0238344821810985,0.0377823308192427,-0.0308969731732249,0.048927657361413,-0.0293181901041921,0.0818865736515776,-0.017220946001448,0.0971230890706825,-0.00690078847136551,0.0203916027351421,0.00541119577157437,0.043706750778052,0.0223025104984674,0.066583463374286,0.0290157719437688,0.0820485781235444,0.0241450571410173,0.0907811705395356,0.0150246443854916
0.0217937872234531,-0.0225494229719029,0.0426360664657532,-0.0284642749314833,0.0690064308506032,-0.0259784388562162,0.0963888840779928,-0.00662526058072888,0.100286746832471,-0.00627304850964722,0.0290820756213177,0.0207891332633516,0.0599854980616231,0.0279073490422409,0.079373122381908,0.024589973804992,0.0913232047359666,0.0136901316137337,0.0969075305022294,0.00166508037090324
0.0240725490489693,-0.0205638282805339,0.0389085022421861,-0.0288781993040229,0.0467024684362771,-0.0273195391049777,0.0778852488419508,-0.0160450322914222,0.0983874672752343,-0.00570154025694962,0.0163762490409477,0.00789607486860824,0.036729421038591,0.0158373148942022,0.0612793135509922,0.0321171880309331,0.079789223441589,0.0258221401275728,0.0934239354365405,0.00959846167622808
0.0161411253101987,-0.019119813626949,0.0304018257776102,-0.0294027375974092,0.045912696398386,-0.0240202773229276,0.0476955727596341,-0.0242253783975452,0.0820561780072612,-0.00206025219024491,0.0148629203231839,0.00269370024815988,0.0438481677538259,0.019667292406351,0.0697524487704836,0.0236182923507797,0.0804032003923622,0.0245849210987118,0.095646961153435,0.006753561355216
0.0240689129071117,-0.0195413646490028,0.0421176703795578,-0.0273827482641646,0.0709234183143481,-0.0179715156237769,0.0983693279481796,-0.0098908489622938,0.100022284399259,-0.00228414351546705,0.0158730994818257,-0.00103292601188887,0.0417624337560603,0.0316599759753946,0.0637159580598045,0.0309545000737739,0.0793514207071524,0.0231769057857883,0.0892666569717867,0.00929170871671598
0.0133103222620619,-0.0165607376960876,0.0317795613107863,-0.0229311208037573,0.0559155435318404,-0.026233421204112,0.0761796807551717,-0.0161425748272962,0.0913253673548462,-0.00448167673896861,0.0161598859990855,0.00610528358756759,0.0340172892945882,0.0210451646829956,0.0541755649061486,0.039717804863988,0.0721801619635399,0.0253285788981833,0.0879776744663688,0.0115927774430546
0.0300131651884911,-0.0273833050521028,0.0756073771034386,-0.0164330934412425,0.0926799535110059,0.00812867003723519,0.0938394260903936,0.013186388385605,0.0951655721040701,0.0124184947494763,0.0297214213468837,0.0182148830721471,0.0553257109517336,0.0489936539500254,0.0825557295400964,0.0377081381389082,0.0901219316598136,0.0247396401994354,0.0986855108934506,0.0027409238967112
0.016030926875582,-0.00958466159777894,0.0354973254718294,-0.0291323545897025,0.0432894639017627,-0.0304712657136474,0.0577674492350467,-0.0278525511474771,0.0872685930523003,-0.0149101572324045,0.019752878948599,-0.00131377226719719,0.04199516620643,0.0224708684401604,0.067099591824806,0.0274739903654984,0.0855245222635875,0.0215218650423951,0.0923732261325879,0.0108515781061768
0.0336870523182336,-0.0250041606916675,0.0633166239256765,-0.02367282870632,0.0890967687997499,0.00641237947245984,0.0888570604662398,0.0055510304266832,0.0869597615325823,0.00260470804701723,0.0338078861382099,0.0399371586005859,0.0537581925099034,0.0503859454795442,0.076138346113623,0.0279675284471132,0.0939357491535873,0.0080750789806991,0.0971061733935193,0.00259146619199566
0.0269884480228944,-0.0190000413393879,0.0389161188354192,-0.0274022173891081,0.0510449739088722,-0.0164025486421707,0.0666951240043846,-0.00891041576514316,0.0899967268436214,-0.00374290925259681,0.0221594606247959,0.00174732370204003,0.0383683711308317,0.027784433917285,0.0599202002214283,0.0320755416965543,0.078976881053998,0.0191315085420804,0.0921959746301127,0.00526309854585435
0.0118762795322125,-0.00794589180971043,0.0381895864233897,-0.0233151545958448,0.0600783080730285,-0.019587539161251,0.084717413378546,0.00167127668528851,0.0944410139272639,0.00982765767642596,0.0205136987210285,0.00464392946065648,0.0417025154942159,0.0376489387378268,0.059331080428906,0.0443525842157763,0.0842415748561466,0.0175301757408274,0.095015557215193,0.00635259472655562
0.0168165192639773,-0.0161540448660557,0.0328437854813769,-0.0306857874199427,0.052497631289132,-0.0230166714306127,0.0795311780396043,0.00300998783107542,0.0934351184449173,0.0120757183575314,0.00395439200548609,-0.00265150504800505,0.0241441384912231,0.0318906080446671,0.0578336298291657,0.0469674174395663,0.0798183170151774,0.0220538883548579,0.0946256445330402,0.0044479747637409
0.0231231709930766,-0.0192569529000926,0.0375574201551572,-0.0272625935034633,0.047631834074403,-0.0241130462036911,0.0609641511912103,-0.0150823098102402,0.086389310168979,-0.0041515676994244,0.0188612614922227,0.00166807630226364,0.0327320692247661,0.0195808062510561,0.0556803066868202,0.0358277966319973,0.0731257971238888,0.0244183688592169,0.0931627638720253,0.00510371432750908
0.0308387565404212,-0.0179451618803332,0.0383538181338781,-0.0281765741166031,0.0539697770424103,-0.0238446869196268,0.0781323981019554,-0.0130100203735867,0.0955349587678759,-0.00447094035844311,0.022917342587065,0.0100761903492743,0.0334532191952681,0.0255317728197153,0.0546273845548436,0.0323295804876784,0.0765531972818534,0.0238171590018712,0.0889198385195989,0.00951885363047347
0.0307470824551298,-0.0232389323269406,0.0468170334752682,-0.0261657511557294,0.0607143408770595,-0.0233268013899784,0.093571181076763,-0.0114352961690764,0.104905868249903,-0.00976520857375743,0.0145382040033789,0.0101640187155514,0.0324690651477404,0.0291473713958863,0.053074866754964,0.0306793904093375,0.0781847158745675,0.0233862571284217,0.0965871800681212,0.00310258344163456
0.0201276397158296,-0.0194175824760189,0.0396713276645613,-0.0275972298164771,0.0589053536038469,-0.0165185666199844,0.0670023809734798,-0.0115408483118158,0.0879282616450971,-0.00195035646320879,0.0157322396038037,-0.00593642146331947,0.0312140978540487,0.00917704174834194,0.0605959501066472,0.0231169689114288,0.0752644486200836,0.0279001636494571,0.091760827772721,0.0115058581657554
0.0244719199127166,-0.0148590598902757,0.0435555152078454,-0.0289196047367656,0.0666502058020558,-0.0241029249283271,0.0903204297505035,-0.0136247632081373,0.0998931999842498,-0.0104978227351502,0.0240053676692699,0.00848559818779051,0.042717170588736,0.0320781583207277,0.0613401910937066,0.0353303800162127,0.0875895112935938,0.0148049441429572,0.0937481714602005,0.00448684808070856
0.0360900799050512,-0.0271110297144143,0.0630210888225097,-0.0228012118139619,0.101009686096889,-0.0181388981182807,0.0932771404539153,0.00023602599921124,0.0925256192173593,-0.00129020906689797,0.0149941861294472,-0.00620489633049342,0.053575282284347,0.0334153636298267,0.0796362126387089,0.0166907155572823,0.0906743443563102,-0.00107676345159955,0.10235703572228,-0.00921199670863661
0.0319321662287253,-0.0249035008611767,0.0638156926431202,-0.0238815825329487,0.0945112570855616,-0.0140044586267817,0.0966849286411587,-0.0031960936740403,0.0956898245112191,-0.00380355646663774,0.0296863271458006,0.00515572309014788,0.0672738123594199,0.0329633806844891,0.0935763031766601,0.00754365550282642,0.101823218957833,-0.00839998613779256,0.10056483987613,-0.00468612956895936
0.0295240955747661,-0.0210342389143513,0.0340423359725017,-0.0278837514307507,0.0609148717377569,-0.0281514547511345,0.0838891716129384,-0.0191168653469247,0.096144852173538,-0.00642940360113483,0.0197227479909506,-0.00385071277121066,0.0376363011173226,0.0224930219331886,0.0567395920022639,0.0286832477358811,0.0732407395916258,0.0246696981438042,0.0868731178505225,0.0186738845945186
0.0155938577654397,-0.0117276349375064,0.0344095452093451,-0.0283230887139238,0.0516835909698178,-0.0263596492912638,0.0715629585695885,-0.0140811162448257,0.0816953662339986,-0.00475372715760175,0.0143246206886471,-0.00401435942663803,0.0385538137978302,0.0219169210707638,0.0641320868965743,0.0345295093120433,0.0838182897623129,0.0146820972391201,0.0925675095981273,0.00303140794283457
0.0173893274149425,-0.0225278449902941,0.0342115531161994,-0.0289132550756402,0.0409533869362476,-0.0303200084954891,0.0522931543185079,-0.0251484897077447,0.0847532923533474,-0.00755218354736211,0.0146527780478733,-0.00772089509651342,0.0305024629516197,-0.00304407374987711,0.0561732870927548,0.0311742427862944,0.0667783084092395,0.0361782951634233,0.0943382611022937,0.00979410210129457
0.0216176869236216,-0.02035658431422,0.0337185298238621,-0.0295942587764468,0.0458482151488951,-0.0259451145083754,0.0693316332362007,-0.0172953002309608,0.0898633166431715,-0.00522540306937254,0.0276761636505525,0.0142892716629169,0.0427460768270285,0.0345506263816249,0.0622218259775325,0.0394540612670259,0.0820296312980838,0.0198075151625129,0.088534521617052,0.00899235193231368
