u1_1,u1_2,u1_3,u1_4,u1_5,u1_6,u1_7,u1_8,u1_9,u1_10,u2_1,u2_2,u2_3,u2_4,u2_5,u2_6,u2_7,u2_8,u2_9,u2_10
0.0732145437797036,0.00146950789008464,0.0720221888736124,-0.00481164000692146,0.0664985243980207,-0.00173280120878142,0.0606064800207505,-0.000447816556744782,0.0423306224577289,0.0121144051344903,0.0787970284460348,0.0201402077088948,0.0778858837148014,0.0183641735530246,0.0810323941866172,0.0180004916820913,0.0814865505464237,0.0180282569319725,0.0807833036503437,0.0203393474734396
0.0197163417813963,-0.00134793669595684,0.0411111545129518,-0.000852744480988624,0.0636266223398322,-0.000516232884391402,0.0792284303467828,0.00450553764297231,0.0882261619957193,0.00533529082475412,0.0328194830598412,0.0206945233357742,0.0527214379327692,0.0278940674638255,0.0620973865764364,0.0273953972379997,0.0684901955676847,0.0259818827606292,0.0800398835210246,0.0202129963211068
0.00685078277820365,-0.000917641620629678,0.0243918958441974,0.00121905885762074,0.0405720008016535,0.00508539059084721,0.0693376568089419,0.00655467314448295,0.083032144142093,0.00684078143777351,0.017725579955964,0.00764349379106212,0.0453527570171601,0.0222569129811119,0.0654735917738779,0.0254899051474303,0.0720984095667272,0.0259275315700683,0.0828506495609324,0.0151379392935838
0.0110736081023896,-0.00380862167877719,0.0294299051313075,-0.0164031704162124,0.0411209531413754,-0.0189646014391977,0.0575290627672475,-0.020152899274427,0.0873869167520358,-0.0117068094619918,0.0276937559908509,0.013452342714849,0.0482773106992043,0.0216861767379241,0.0657550663621186,0.0193276018815973,0.0852295777022224,0.0172862753336078,0.097309831511076,0.0031337597037376
0.00939637235134399,-0.0121023205947524,0.0269804234610822,-0.0224082859272533,0.0456949700261642,-0.0276189933130727,0.0666428078703808,-0.0176440911151567,0.0926844052733554,-0.00607817980306174,0.0174454135487428,0.00881601709830204,0.0415882921214303,0.0242448888997142,0.0593685718884386,0.0303241676472466,0.0772194944194501,0.0262249347184996,0.0911727995527057,0.0102959106507837
0.00794709574997283,-0.0135237591230863,0.0303300160098918,-0.0231965510319011,0.0482146906242034,-0.0249728356268647,0.071970942783983,-0.0111689293988132,0.088251860145682,-0.00100128039199407,0.0171457818729675,0.00581767550949892,0.0432677626310649,0.0233781589047068,0.0611753500106942,0.0305728522798055,0.0775335224587133,0.0273127206899111,0.0931520875545483,0.00984551295166243
0.0057064253264557,-0.00850369099141914,0.0241923493203623,-0.0214006772470341,0.0403114842996554,-0.025719941960187,0.0645491971549521,-0.0204725679383843,0.0833010037384443,-0.00559126717646737,0.0173179442321149,0.0139537644736547,0.0478355148088165,0.0334526945099545,0.0748128068960967,0.0290929690056159,0.0903932821030079,0.00781682792632529,0.0959907254702804,-0.00566112997957705
0.00689127148433488,-0.0116055240535874,0.0255284100305728,-0.0240656201339617,0.043391236192086,-0.0287904643925906,0.0626022676200876,-0.0223854196274334,0.0799408539367272,-0.0101927140433327,0.0133573834680854,0.0142532484145211,0.0403447158301411,0.0318251156084634,0.0658885683461977,0.0314886362876276,0.0859596016323032,0.0131117310489187,0.0881192417960049,0.00924599671588878
0.0145986367873703,-0.0137437145731236,0.0348781727152461,-0.0255336851833739,0.054656232174052,-0.0293182066115716,0.0715585642677396,-0.0186964289565363,0.0863527801437347,-0.00520653890744632,0.0166673698528334,0.0168680185153708,0.0395674462023542,0.0337736575416008,0.0619858368991234,0.0362107821468078,0.0800925487293271,0.0264822914911584,0.0940751897354782,0.00630091535940008
0.00551646972878632,-0.00728286172409906,0.027718867706689,-0.023582616496842,0.0532299943227818,-0.0262969793504592,0.0735514600063877,-0.011164171020326,0.0906607463325137,0.000608804894602344,0.019190426364735,0.0210650472517673,0.0485449750325778,0.0382333124885042,0.0666585589116743,0.0347116348704519,0.083454571265853,0.0183761557459903,0.0921415326882924,0.00715064582208177
0.00799411066948046,-0.0118933115669358,0.0269894941192189,-0.0248817005750374,0.0466644284517101,-0.029228715654297,0.0690323112128586,-0.0200813102109277,0.0879735258344305,-0.00578972007124368,0.0164927646621604,0.0179652634779765,0.0417636852198856,0.0368207057158993,0.0619620461997068,0.0388943798093454,0.0798976774138946,0.0257382392856889,0.0922351545700795,0.00869623029911298
0.0133178332641763,-0.0132222883737892,0.0399638934783864,-0.0301349900613783,0.0577810405615548,-0.0306547668820862,0.0806780706796146,-0.0153049252543278,0.0935668243273035,-0.00483641856109557,0.0133133470668296,0.0154349800184952,0.0346089840115642,0.0372177210045,0.0545923221069768,0.0402441507126453,0.0762719690073931,0.0262885027445368,0.0904395948260808,0.00940065554706825
0.0246319867145247,-0.0232722823229755,0.0383621883949661,-0.0266465424973927,0.0516989340863573,-0.023827141316738,0.0712237115987502,-0.0216806583974699,0.0913821377421596,-0.0140208616191566,0.00567892377042965,0.000356438253260697,0.0208775962557405,0.00743728604878917,0.0460409292658731,0.0208038684276931,0.0726817684980505,0.0265946539778645,0.0919966990234099,0.0163863808301339
0.0237692925885165,-0.0225035814580414,0.035886444495206,-0.0285608672574922,0.0364175667007991,-0.0273648014156128,0.0563897404517968,-0.0223370348926288,0.0835042029693691,-0.014431291507044,0.029835414407309,0.0205248092342199,0.0528990031514717,0.0263271632752312,0.0689686644503489,0.0276311958341344,0.0801115090655165,0.0202000949177924,0.0899628393329171,0.0127513183926531
0.0259632517786589,-0.0253979938789213,0.0357773525098041,-0.0286260043840474,0.0362921637703926,-0.0286731494660338,0.0491247705647698,-0.0253504056352191,0.0732818619930843,-0.0179016904103903,0.0283611265229083,0.0203411434697269,0.0505615872182371,0.0277824385063097,0.0661998447692158,0.0288180466165118,0.0818272107734234,0.0229338740978253,0.0926850782160567,0.0139252840077223
0.027720985337834,-0.0238954160769114,0.0393909103649305,-0.0272094448208883,0.0497689171897291,-0.0262494232983008,0.083854391452421,-0.0118326494976609,0.0931741553932278,0.00628655079303836,0.0450009730650016,0.0280121603391639,0.0643126792781715,0.0289414351210149,0.0743828063620135,0.0280308504105077,0.0771871539632225,0.018640281558993,0.0820296024698394,0.0110811019657859
0.0268444463305145,-0.0330882344974269,0.0518660437948111,-0.0175067634551263,0.0323039281852883,-0.0322844152474757,0.0352721406649064,-0.0225020829385613,0.0874569285767793,0.00464827751949312,0.0205607802971856,0.0140742308087522,0.0410838260594534,0.0323455832572855,0.0521453618397323,0.0317733970859582,0.0595297962477944,0.0175257062420774,0.092843966922853,0.0172863592507176
0.0222428843158076,-0.0413686949113476,0.0255187486496953,-0.0349007297047699,0.0318727559822374,-0.0317191129470043,0.0612445710363015,-0.0174713880303305,0.0917203017252817,-0.00806296539830939,0.0255493538552329,0.0436639488872616,0.0293818017864715,0.0408375005245785,0.0419613838185888,0.0376738015118351,0.0587755777263882,0.0353062008765046,0.0893369720922041,0.0108080325739466
0.0273417258796699,-0.0271462403019142,0.0398598428904039,-0.029152944145028,0.0488851714675815,-0.0217292067754024,0.0712833606482489,-0.00621044163443274,0.0973638573947986,0.00163886638760719,0.0185744333515139,0.0128106074250443,0.0349633273829673,0.0187417386958275,0.0553629538367156,0.0379793519406122,0.0674250054044972,0.0171923095393241,0.0833900541255727,0.011912808370207
0.0412980712519909,-0.0310804438516973,0.0483108015454607,-0.0397000115422838,0.055237853758178,-0.000666972267249184,0.0815820027835128,0.00989737992260014,0.0878393742529332,-0.000389542907537014,0.0321954340145436,0.0172775506887026,0.0350794408595307,0.0330643875785212,0.0592126522705163,0.0276967572150209,0.0769833735824492,0.0185481604221208,0.0866627970338136,0.0118431404457875
0.0265560184402411,-0.0195334541271159,0.038481806952185,-0.0275676190630845,0.0432845668241891,-0.0283733607880556,0.0669398832811008,-0.0270792409177309,0.0965184462348201,-0.012737187611579,0.0184451050038138,0.00736076139111723,0.0378236698225778,0.0192735557469113,0.0594399050646431,0.02211194290612,0.0749544488458956,0.024540178722326,0.0912822433969072,0.0102141234506613
0.0024472770285102,-0.000597849470108771,0.00240970062218183,-0.000824359674433316,0.0251819397245813,-0.0185469250780909,0.0509112571819069,-0.0289841698387547,0.0884004358319806,-0.0221892840122805,0.0134921378291962,0.00724170828583708,0.0383286213022114,0.0246571361238314,0.0531304464647591,0.0284025674740105,0.0721153670985249,0.0279229779764507,0.0929105240617739,0.00951991158081001
0.019535221342591,-0.017470529776696,0.0409520081475737,-0.0261964851759294,0.0648366318002107,-0.025672379326127,0.0872705535080044,-0.0179574056587093,0.0961132281581295,-0.0112960186349191,0.0206399603336337,0.0120325338222949,0.0453408635820389,0.0272539194153247,0.0678150928560532,0.0292653825286182,0.085896701854183,0.0219235748620752,0.0947385109733459,0.0109012528913342
0.0144884412148948,-0.0159183847499013,0.0311014633874757,-0.0312104863748595,0.0489499755979599,-0.0286376849562155,0.0734517350534207,-0.021797475077789,0.0845266609470269,-0.00311502047874308,0.0173564672915241,0.0225165484926042,0.0361778679545715,0.0366294139307133,0.0536917972467111,0.0310553018958175,0.0719467443295092,0.0305353370089254,0.0911993439419345,0.0106831234115807
0.0180899607985705,-0.0123154642393153,0.0327579005488688,-0.0242608835814184,0.04362530681841,-0.0255304484396888,0.0593683590664058,-0.0228829245495309,0.0808285073877346,-0.0115763820431885,0.0159966401794313,0.0180565368432533,0.03227454478258,0.0251193697836451,0.0527105069852699,0.0277294846953911,0.0707300287127655,0.0254116359199659,0.0875593522333517,0.0203591801632205
0.0140587395645822,-0.0182154239077012,0.0254554410676638,-0.0283387496293976,0.0352366625109427,-0.0359437765887545,0.0521835652796959,-0.0340029261423506,0.0875067996193283,-0.0177532252490971,0.0102710614635063,0.0113736044477577,0.0321811869706967,0.0303081837904089,0.0445834628870762,0.0351411475713859,0.064232455863513,0.0312385984305749,0.0902408125880698,0.00131558795669432
0.0241944312325328,-0.0207885899289132,0.0391562247887473,-0.0271109712095255,0.061456767116053,-0.0243307024064006,0.0797034913352825,-0.0202359204078162,0.0943149528775453,-0.0109291649794017,0.0124370328230099,0.0111009825610473,0.0368385347106346,0.0264652683693786,0.0638751901112242,0.0342040460783173,0.0834749898306841,0.0305853737813422,0.0918198505882464,0.0192918296024636
0.0095756708020636,-0.00490666868543294,0.0338205672658063,-0.0199851319678917,0.0507608282166823,-0.022647632391119,0.0690596593738815,-0.0230687033942877,0.0934506761165195,-0.015179953581016,0.015430991170469,0.00946585604490793,0.0391810269538762,0.0282814787063498,0.0674647117746666,0.0372423266395098,0.0877156548578583,0.0241005239967839,0.0966709085744566,0.0119723289168672
0.00715603887380264,-0.00602144721071025,0.0289333973870806,-0.0216863232497047,0.0458756576557035,-0.0259095663950624,0.0702643710897589,-0.0217589409275825,0.0912870754308808,-0.00905480637556958,0.0194176385545345,0.024134135418443,0.0429730713206059,0.0368788609420072,0.0607067646758583,0.0404757732850362,0.0778556952065505,0.0287509814241492,0.0922962283297703,0.00285966812859386
0.0209799185454274,-0.0128858182710086,0.0399343905832202,-0.026962341427127,0.0588836489719994,-0.0292601580134962,0.0821068560823105,-0.014884974127461,0.0915059072688773,-0.000388798939155865,0.0188892120436742,0.0165769593421501,0.0370868162966085,0.0267077022369758,0.055432317504948,0.0289239988584182,0.072767005307427,0.0243055615837559,0.0891487266261972,0.00701847202770465
0.0124936122082276,-0.0102572484721375,0.0383756552003458,-0.0155112320032686,0.0560737252028827,-0.0155151587028207,0.0745137894576854,-0.0141593160367393,0.0965632646044742,-0.00886871685334057,0.0104537754830326,0.00172474119035835,0.037710675996369,0.0137169639015742,0.0574505664092662,0.0173058103486018,0.0734103606415387,0.0183095857745287,0.0931397203752652,0.00666016507393425
0.016373183992402,-0.0127064137358836,0.0395718743242258,-0.0218614995934834,0.0529097784561733,-0.0240516044018509,0.0659613476012716,-0.0142217591076577,0.0791752650971735,-0.00895403381411793,0.0156285591868359,0.00741195396510238,0.0331073383918148,0.0222696875725838,0.0509586068071905,0.0293071979493306,0.0658238024035511,0.0231046123465077,0.0807775642377577,0.0199491509571392
0.0140100350622998,-0.0111092163492118,0.0366570412891628,-0.0226688782314918,0.0505398146109846,-0.0188193554813779,0.0659850749362713,0.00734256342041607,0.0789907131981066,0.0141024592955567,0.0131420179505467,0.0127349343242673,0.0301108475059384,0.0266609194872433,0.0465640838513332,0.0203371783169423,0.064184571520854,0.0274285429792332,0.0888627504266708,0.00757369245038518
0.0198223933095477,-0.0113176790541922,0.048986401575253,-0.0264573376657176,0.0765395237260786,-0.0164878342804374,0.0855612574466637,0.00591332578565076,0.0933351807277742,0.00252466162610867,0.017224936283814,0.0125090098951746,0.0383744260170022,0.0249479066583738,0.0577987519424801,0.0271397352164571,0.0758187909342501,0.0212825870519261,0.0890105788319732,0.0105252170760941
0.0144797776795611,-0.00887887406425319,0.0352581311089866,-0.0257762980859504,0.0435588682131099,-0.0263704168686396,0.0811959973500532,-0.00743801463200456,0.0952777112321192,0.0050951865863096,0.0189687471441424,0.0174477678332686,0.0425336403280922,0.0265727143816692,0.0743020945854125,0.0136316701509171,0.0891474389764574,-0.00134209563285962,0.094881879500102,-0.00514749630093431
0.0187954368693713,-0.0103939232160369,0.0457973447014497,-0.0238746354732144,0.0637769962960356,-0.0266566902965354,0.088780588749504,-0.00396184355863605,0.0919496550848433,-0.00374789974915895,0.0174901359922809,0.00594169994010539,0.0389401194141472,0.0185016564250024,0.0571261372090136,0.0305225703485739,0.0822347119773185,0.0181961893366576,0.0939037970697069,0.00590795838644896
0.0117754868486669,-0.00896872961249999,0.0213155876670626,-0.0225891946748123,0.0394754699985986,-0.0239741065752748,0.0720172961076764,-0.0173941450020551,0.0871875696279756,0.0156448787964051,0.0121244699777875,0.00586115456612338,0.0196957747825687,0.0122237500810206,0.04226967095594,0.0219487640358139,0.0640754936676281,0.0189489288928725,0.0792122941339334,0.0265450035307736
0.0105428373301476,-0.00148658319162837,0.0330123076270396,-0.0205971596372637,0.0600817531693663,-0.0182079832954186,0.08262832471889,-0.0121793272285512,0.0980045912806917,0.00455713471873948,0.0247903954966202,0.014640181619112,0.042992593243456,0.020168383777331,0.0643829625075623,0.0205064621172131,0.0826703591322424,0.0218623543344799,0.0958362255720386,0.0079471268361262
0.0255343229397226,-0.0130607768835512,0.047786157262657,-0.0251823359659267,0.0474913668539718,-0.0087904637959233,0.0639520358470301,0.0135691717956096,0.0818954505352116,0.00781203785071181,0.0321528222981394,0.0105541332252821,0.0315275570328345,-0.0054252736958123,0.0552044401771676,0.0221085539680221,0.0739629606030274,0.0221474615708638,0.0927477221237538,0.00607941924062124
0.0264920106499469,-0.0212465709078415,0.0471883883722736,-0.0221628696861347,0.070199044534646,-0.0127504345784747,0.0773227740225863,0.00881521499790977,0.0877740619289334,0.00839537823786254,0.0155688784039614,0.0101446427080976,0.0355618336604586,0.0214663669114071,0.0467386306017497,0.0237646288951796,0.0552517521627656,0.0320082985126884,0.0823679357226129,0.0162094309739862
0.0120403056233328,-0.0114278457501851,0.046768116940344,-0.0244001019428589,0.0751515677161546,-0.0106387869165978,0.0944451237165306,-0.00210167132340153,0.0958237525253874,0.0043508704418787,0.0148927714205657,0.0221300162181864,0.0312026211225965,0.026888081111334,0.0534897115444766,0.0307835192474381,0.0775080653309596,0.0158043936147426,0.0890818702074008,0.00394517230312835
0.0263729656370272,-0.0188328773552713,0.0389990048377693,-0.0241977021477097,0.0522274466964763,-0.0217466423032721,0.0790613991433821,-0.00749075342639831,0.0928669938676592,-0.00426559338038563,0.0172849495340681,0.0233656315517211,0.0343397142599141,0.0363561114366105,0.0483409529447338,0.0378879315407234,0.0720846205875765,0.0259426685739917,0.094490741057131,0.00103482531378275
0.0147173080686718,-0.0118447905872845,0.043715481835634,-0.0227405611262141,0.0636207039030637,-0.0122157819484233,0.0768762461095435,0.00018250366924706,0.0937118949702859,0.00308137245019642,0.0116509773094605,0.00450747230667887,0.0335568270985188,0.0291975207127126,0.0559077984930162,0.0235397640813432,0.0777469950354026,0.00511916286186515,0.0904444057705261,-0.00137770005874602
0.0127034472227339,-0.00985246683558696,0.0273987088103522,-0.00940389413808472,0.059170563075612,-0.0190942222772122,0.0789171656747985,-0.00421026543552654,0.094751702972425,0.00572321812655397,0.0144024335241082,0.0147632473026912,0.0283664097700791,0.0199452740348146,0.0551386568144932,0.0295679190416291,0.0717032579619775,0.0205619856458117,0.0892108358977794,0.007444160161312
0.0106915044024554,-0.0114783733100903,0.0338069769415686,-0.0166832427386899,0.0575447697349612,-0.0210480485735701,0.0797456819458554,-0.0161124632847453,0.0906559817788948,-0.00648164846632978,0.011240971656497,0.00800081289459701,0.0352057801286329,0.0237593641313762,0.0576037520687773,0.029511929311567,0.0740833390292713,0.0218851790093016,0.0897958854362363,0.010885020169909
0.014653795048969,-0.00628999855067036,0.0303135395326123,-0.0176114960404574,0.0666411550993168,-0.0120619260300538,0.0844754487161695,-0.00198493866640989,0.0936660515228224,0.00275155204172042,0.0121593950676043,0.0146829253104316,0.0394194560617928,0.032102663680874,0.0774256339843764,0.0142749585506907,0.0900494012317392,0.00810971766109789,0.0952560641801278,0.00418371362756354
0.0240195569777304,-0.0140018404483907,0.0566409121558544,-0.0133125332754523,0.085620368111096,-0.00371857600720239,0.0956126161022864,-0.00593646071905351,0.0968075411220191,0.00287267623938187,0.0161351581137929,0.0152118995653147,0.0453867551796148,0.0333417583299696,0.077452737427923,0.0199105168670562,0.0901990730587162,0.00680600251945625,0.0925056288992193,0.00621410163830024
0.0138833484309902,-0.00962220633267497,0.0368509192198518,-0.0141042578644308,0.0669750978195467,-0.0269509267212538,0.098370650219108,-0.0121844238435522,0.101057707391905,-0.00668010486041578,0.0157251053484848,0.0113124237739728,0.0378178861547856,0.028339692485014,0.062650459888305,0.028114094067348,0.0862744056927187,0.0151586902206422,0.102012890983718,-0.00348093315406781
0.0145405651167201,-0.0102051371208733,0.0339837918741902,-0.0228980539760649,0.0538147952364946,-0.0141045891911928,0.069261305526556,0.0195079547212025,0.0922346867186424,0.00735036893817484,0.0109118332848731,0.00921723159429843,0.0311473623875023,0.0192437949184743,0.0453526371055629,0.0195380553397265,0.0612808988261969,0.0321992973431912,0.0843057668544538,0.011199531617719
0.0133434591915106,-0.00694053531013373,0.0350587315795695,-0.0294075854950084,0.0564094100165613,-0.00047069790384226,0.0802905943573441,0.0201969370458479,0.0975386336418771,0.00162070190554354,0.0168841648827803,0.0120471623073,0.0323536211737572,0.0142753155736561,0.046691661023707,0.0264302682307639,0.071298906018378,0.0226260066091828,0.0913452185557994,0.000600251059959124
0.0069187603719295,-0.00603143782783463,0.0286665627154798,-0.0202599741201958,0.052182089587869,-0.0170093913980759,0.0663680638947175,0.00531954552786386,0.0829888564975316,0.0202054070653161,0.00892658686629673,0.00622759423702899,0.0326595402886675,0.0219851452188038,0.054967858074027,0.0249291993966398,0.0729296175178275,0.0385298985685808,0.0927085482430665,0.0100357484640463
0.0182638803586746,-0.0220213605979814,0.0400090367955386,0.00441006998599659,0.0648816664049141,0.0289176552988191,0.0691928925453927,0.0245168479324353,0.0825556224092997,0.014136505184654,0.0032500396400986,-0.00354076591108389,0.0166313189576765,-0.0240088504230871,0.0328762881171163,-0.0246220396482491,0.0536481097416539,0.00142005924841643,0.0776879625960944,0.0233949911467406
0.0131655263195362,-0.0194481652846373,0.0289150088893807,-0.00778292341569846,0.0408897476283953,-0.0139255530505336,0.0696218365193801,0.0344322348028668,0.0819843550534,0.016181159135127,0.0172576303501387,-0.0175854443039447,0.0306309821306295,-0.03454431287337,0.043283971422498,-0.0182693855592832,0.0586241118685887,0.0236742097156572,0.0803059117520136,0.0166951349887796
0.00321238234852411,-0.0061772501002788,0.0236540372444697,-0.0202333904011845,0.0257495429635897,-0.00816591470248021,0.0642032965640257,0.0245571810720968,0.081646782752809,0.0148791124930599,0.0307714401137733,-0.00568261358697934,0.0345741531714383,-0.0294919071865482,0.0372883190435338,-0.0130139171630399,0.0658668082627738,0.0223462342288346,0.0842059384458608,0.0262982491909819
0.00703533543011179,-0.00996496854569895,0.0313526420199862,-0.0185448030760301,0.0520530329253774,0.00763850271449412,0.0643542965211971,0.0199975546072586,0.0846037597365479,0.00612212804724769,0.0329084441392708,-0.0201464429788488,0.0355643724182715,-0.0299346044893314,0.0400804683026139,-0.0259153192532826,0.0659263638932955,0.0177846980374433,0.089906423366261,0.0134313515413166
0.023345059014044,-0.0181063607486075,0.0359191434022026,-0.00316195846482563,0.0656403787714373,0.0205121553302426,0.073040708463867,0.0266985562755719,0.0796807093381944,0.0149007017775372,0.0239882425919331,-0.020273088775967,0.0340653633658383,-0.0343235324081855,0.0592125680048236,0.00364332206275824,0.068172124240282,0.0272788462752475,0.0823486346187205,0.0177830860070586
0.014566453073525,-0.0111094297682762,0.0238039691487987,-0.0112591872404136,0.0413041760557619,0.00921937010140072,0.0660452068617713,0.0273359034030263,0.0775874733368362,0.0161846046241091,0.0228719786755207,-0.0154783739281651,0.0325094774320215,-0.0299170814628237,0.0422804636222804,-0.0213675974772973,0.0677995153977083,0.0218340876251471,0.0844060648948406,0.0147501360818932
0.0144450715177009,-0.0269095625985306,0.0252101806934445,-0.0241572159597882,0.0481479580981828,0.0107901869332992,0.0629641278333384,0.0350874511504863,0.0770991654764599,0.0166546287718998,0.0274533547045619,-0.0285772152392379,0.0381634684043465,-0.0263186566137272,0.0620856300264263,0.0175860158148191,0.079521391232615,0.0214164689241899,0.0963536972226754,0.00335810582316338
0.026319085974719,-0.0298770507484866,0.0315262404027123,-0.0290225326055232,0.05213269133025,0.0291186853134586,0.0694477260475358,0.0293623288255501,0.0904936567852072,0.00997892079274729,0.0390445233217778,-0.022921109638003,0.0432896306538187,-0.0245548400380531,0.0627019899189997,0.036092395183408,0.0817169910924769,0.0225783570863613,0.093903758260686,0.00676317826993565
0.0110554269215547,-0.0133213800110878,0.030955100552771,-0.0321193378119566,0.0415714664270848,-0.00365180763342404,0.0689332570695503,0.0246365116315882,0.0807145417709563,0.0151988154347863,0.0210483512309142,-0.0203465930115291,0.0348038235818922,-0.0323873572286235,0.0525818232030815,-0.0171818826877934,0.0695937428566437,0.0231478657799712,0.0848056559277353,0.0125109591246288
0.00832714277984312,-0.012756337982146,0.0255103031634802,-0.031423863607962,0.0423331954931322,-0.0266266813459613,0.063121237220887,0.00938674004928901,0.077497103648564,0.00607134869828536,0.00719508139476908,-0.00095446105543668,0.0244095641578457,0.00771614274129729,0.0400865864788348,0.0171439690743106,0.0637588823565333,0.0376562469455152,0.0870373199077858,0.0153043030250154
0.0120123971857766,-0.0123069727909745,0.0238561536918107,-0.0333918177538047,0.0535980479095144,0.00579867861464056,0.0694406549246198,0.0317744291124975,0.0955111148568455,0.00475828073872404,0.0146838117082763,0.00155259055556894,0.0292347960510926,-0.0254676705512336,0.0563738101357935,-0.0018954028060558,0.0759627299091481,0.0302309697247163,0.0993466708342253,0.00284067354939964
0.00662665837736125,-0.0165246133699322,0.0237093001353272,-0.0315017859466813,0.0607281221540227,0.025889800208458,0.064860321214103,0.0177319512437444,0.0922305767084446,0.00509496618174335,0.0164205830582191,-0.0158553396996317,0.034247267096331,-0.0243218273323108,0.0598544619493501,0.000768637921067636,0.077335769778979,0.0355138262271057,0.0880277665331244,0.00808517516008746
0.0121127191797326,-0.00981974448217126,0.0286866706236355,-0.0084007623125338,0.0586660613725224,0.0184478895095292,0.0778852502530281,0.033091229714281,0.0836843106996996,0.0253273354329879,0.0144892839176143,-0.0109252607502024,0.0307497622476055,-0.027765184294396,0.0520963703688188,-0.0137371669810253,0.0703925868502731,0.00586629478745835,0.0861697445266271,0.0279960944505879
0.00819010672512505,-0.00459406305855047,0.0271510022065195,-0.0129465584295634,0.0518657814498136,0.014132318551235,0.0783988570296938,0.0310013538562791,0.0872860369245115,0.0134450763226546,0.0232486254385009,-0.0218165128548776,0.0364481788472788,-0.0260347870001297,0.0637926062587385,0.0107713919214829,0.0806591773635091,0.0195404046147491,0.0902549065072565,0.0196769134578285
0.0142090969112613,-0.0110246661707962,0.0274663597235866,-0.0134225928028096,0.0473208460799282,0.0327178995051224,0.0621499168832599,0.0428710354426518,0.0767707755251892,0.0251080860944783,0.0202251638728161,-0.0206365241584185,0.0310300482759335,-0.0298969845996615,0.0529267075711221,-0.0100492489694007,0.0708826418215689,0.0285129003358847,0.0835730877833495,0.0187986548801822
0.0104776099898216,-0.0105285903597633,0.0359121603059476,-0.0241642690844132,0.0519636063613304,-0.0021643190687755,0.0730606407281861,0.0310338082169623,0.079542769966945,0.0216882767322997,0.022183035894046,-0.0185706836467991,0.0395348090678398,-0.0292236029701859,0.0691927807222398,0.0187874241427093,0.0835861209389969,0.0205357150415013,0.107256381438493,-0.00942816661945541
0.0176408560172481,-0.0145176849434971,0.0311127160042705,-0.0228956333383766,0.0433707292952722,0.00855098636053876,0.0757821763533493,0.0308640362042641,0.0848970376536608,0.023399871188375,0.0192214370969938,-0.015885482642595,0.0385333403786694,-0.0339234744109444,0.0490823551805472,-0.010829056808056,0.0746946768509368,0.010357075318209,0.090851089217986,0.0170509461254406
0.0234702162281103,-0.0176087556373987,0.0296212449168281,0.00369416352779177,0.0499021460089747,0.023097251496371,0.0671719321158457,0.0296709025845253,0.0854235065836451,0.0167053610392297,0.024458052437441,-0.0172465017375243,0.0341095117549286,-0.0258476968943634,0.0513185493502768,0.00930249534055383,0.0709303548166785,0.0313440592803858,0.0897887581639673,0.0125144962950929
0.0118228980083949,-0.0167145048876262,0.0349593165576384,-0.0319051532734512,0.0673460266077655,0.00517070752394975,0.0730880319831608,0.0241735151659118,0.0883503950910501,0.0040075831183133,0.00622013355984107,-0.000651101480940841,0.0273593315615081,-0.00109365017199494,0.0632100555628354,0.0245363557654645,0.0724463111524792,0.0348438181347166,0.0901921603273061,0.00828320559876573
0.0151649502095275,-0.020428696651124,0.0324534697493007,-0.0354540803387012,0.0445675578353972,-0.00556011328863867,0.0713244749618839,0.0336944167443774,0.0900723532892143,0.00484056361860329,0.0145766332451336,-0.00647647800038087,0.0336728597334395,-0.0276553927040554,0.0469271959079996,-0.00856507422265383,0.0715201733902595,0.0344218434530729,0.0888251798026904,0.00782069515359725
0.0240791562438959,-0.0226296465318288,0.0291457637546179,-0.0178220334750217,0.0574376282599339,0.0161812782271706,0.0784906114427294,0.0321830123137796,0.0897815942244885,0.0147478119537638,0.0186617118800934,-0.0172383526784922,0.0317547000162743,-0.0302107359055262,0.0522290566367623,-0.0143405333078515,0.0712023464690819,0.0132357209923047,0.088951133848587,0.0164982493903057
0.0194883394119001,-0.0176534654957844,0.0247637430246836,-0.0153666468459179,0.048066209121421,0.0062667045438233,0.0721758799689928,0.030671103791861,0.0771259053330101,0.0296046331827548,0.015519032078834,-0.0190225711634501,0.0285682390069833,-0.0281673500518322,0.0400737002505308,-0.026855911209093,0.0633247430476467,-0.00254775883545362,0.0747122860055527,0.03197041535735
0.0215993156804937,-0.0333022857467073,0.0258084668214512,-0.0151298118203052,0.0598382805062041,0.0228090731179669,0.0755281125364618,0.0213796499428036,0.0959610913735147,0.00492619750896022,0.0238344026901457,-0.0218312091171627,0.0328225047244022,-0.0363299073668853,0.0419262403720874,-0.0160274797647469,0.0643178241549544,0.0281719882892729,0.0822947416060034,0.0184530096783502
0.024362313913,-0.0195351955181079,0.0336411023330536,-0.0116351858422714,0.0490405310217889,-0.0144832465071524,0.0724729557350678,0.000285700763322834,0.0896141556810261,0.0181928471133145,0.0289956986752663,-0.0246431769878942,0.0321844284895084,-0.0249387713550201,0.0538306371448998,0.0133236424122615,0.0734201784081192,0.0285218006154707,0.0853506592648875,0.0218060138827771
0.0101903787744079,-0.0167089608733478,0.0316729619847989,-0.0332626369273228,0.0313032509951987,-0.0322332271062132,0.0578349234688776,0.00514768515469711,0.0803955226620743,0.0169044295186008,0.0207607195968285,-0.00282061819078133,0.0288046021579339,-0.0162717969601941,0.0342574756804791,-0.023134780826583,0.0627039338049441,0.0322250087983177,0.0823163842955536,0.0193739331910151
0.0245260937057138,-0.0415617796287443,0.0285256525377002,-0.0408540458235103,0.052332024063516,-0.00645700277218883,0.0721328242675601,0.034169991469305,0.0913622994019929,0.0130075817793405,0.0125369535353901,-0.0145078083545104,0.0235620991359819,-0.0263801580891744,0.0465746072412924,-0.032915775351275,0.0618913630348966,-0.00886989440721707,0.0840112228172476,0.0168188166320349
0.0160975940630588,-0.0263551898425573,0.0174118375664054,-0.00891525023881901,0.0388587312324825,-0.00985468589844802,0.0622866487083858,0.0344541003428174,0.0822835106248618,0.0211523642096766,0.0182928545109834,-0.0275738466857093,0.0377622983978173,-0.0291261082958253,0.0364573075510682,-0.0187240577031651,0.0668746799929379,0.021233725447015,0.0902312374906406,0.0126190456423898
0.00864473894962888,-0.01220097925861,0.0304374967219389,-0.027639862032455,0.0510667127730783,0.0145522307995061,0.0777437983500417,0.0332765027009192,0.0816823636130314,0.0270499970381154,0.0100684078375657,-0.0178984638156613,0.0322148422949714,-0.0298845888155206,0.0448708947264514,-0.0109377806821873,0.0655808057593026,0.00260036460139047,0.0791165149919988,0.024141928324282
0.0132880980121845,-0.0142681927340159,0.0311399711406715,-0.0321371279898631,0.0398795322489347,-0.0121348057755782,0.0613876578715818,0.0296661377193112,0.0786185507396722,0.00923563412448257,0.0155693280047959,-0.0162376899947576,0.0308589850691815,-0.0297017977456496,0.0452795481814548,-0.0101619843520736,0.067689845367112,0.0370699617054764,0.0851373992362626,0.0118207816559855
0.0101713138821143,-0.0129883804799881,0.031891107290481,-0.0299258737672018,0.0531521302759311,-0.000225591755817601,0.0728533006158739,0.0364266548859792,0.0856775121265397,0.0241582477519389,0.013143553162583,0.00175891828160781,0.0338275386132638,-0.0119324048597763,0.055273930006242,-0.00823029488158817,0.0681309606753049,0.0115381665628625,0.0835162573469192,0.024150477540899
0.0216531690423114,-0.0215493355376462,0.0399859595615711,-0.035387187816949,0.0499939802369323,-0.00514175997022023,0.0780354114541672,0.0340815940181059,0.0854315578297691,0.021653991108248,0.0238809661194019,0.000946719632279656,0.0396932681748456,-0.031926198355517,0.0530355691592632,-0.0123502645324512,0.0731265584966313,0.0180251748521044,0.089172403147643,0.013701265526874
0.0181622843158079,-0.0192195362227784,0.035729473512761,-0.0326789055176148,0.0486211587658943,0.00099984975503687,0.0738531175697273,0.031897783615579,0.082052004213356,0.0242534822988129,0.0109462844039207,-0.00196457962945944,0.0316851420968158,-0.0253246614682036,0.0505471061832194,-0.00925153096616704,0.0669486045143247,0.00723886723350152,0.0834587671982105,0.0256450998810399
0.0146248135859209,-0.00945298925879869,0.0236081591565131,-0.00547758760509531,0.0449079899565499,0.00134938063799166,0.0583304691336336,0.0100128587219605,0.0798396827422449,0.000447700658976552,0.0187449012022641,-0.016968436444892,0.0329488156857864,-0.034266701289691,0.0446157924506142,-0.0193296746747594,0.0610662923530671,0.0305344157041519,0.0794607492726559,0.0210607030864996
0.0181574727437156,-0.0223588056170155,0.0333840654738085,-0.0415388348764654,0.0415999926322941,-0.0341420393131357,0.061905310350594,-0.00467564641707081,0.084183851907687,0.0281691992616177,0.0164404747876555,-0.000209722782059393,0.0291870071199021,-0.0166905581750531,0.0499095083841214,0.00743837746218853,0.0712183440135692,0.0287496622235811,0.0853905638415463,0.0171506301976855
0.0230309339485846,-0.0349317660369523,0.0310528591267377,-0.0344203365059836,0.0370361412411024,-0.0215888522919257,0.0579288997444966,0.0323856796951139,0.088566553060466,0.00820212293032202,0.0242939615885269,0.0407066017153113,0.0290648552772606,0.00685290646420059,0.0360418092685094,-0.0271534222075864,0.0679387494002299,0.0145889776393222,0.0762779048232526,0.023004865678953
0.0126219509222662,-0.016906600172837,0.0412599097408728,-0.034698029686792,0.0436515685538948,-0.0268514031028664,0.0528222550016689,-0.0191287743590449,0.0848266808026902,0.0144569806042946,0.0142041803178067,0.00339513469728066,0.0349219263490625,-0.0205856486540706,0.0478377199208351,-0.0132693549252882,0.0666372279548556,0.0324214005827447,0.0871029804357777,0.0147106806333258
0.0251919297670278,-0.0385162617500912,0.025572041280449,-0.0332778094760041,0.0453306881664627,0.00907137363480971,0.0711931069050587,0.0247028431145334,0.0948071144229048,0.00613706099182026,0.0138889450109781,0.0106458838328938,0.0233977193953694,-0.0255803437903106,0.0489984448513764,-0.0110171996095803,0.0642062664599668,0.0356140091175517,0.0901620861180238,0.00443162658052509
0.0125734303968624,-0.014322628495618,0.0366798188637423,-0.0375855218994683,0.0423296949258103,-0.028007698899415,0.0522138739768922,-0.0247403257714426,0.0800824948875092,0.01444817671444,0.0196928600807975,0.00523085489270181,0.0312441293237381,-0.0210561865635646,0.049019955699407,-0.00713408877868032,0.0696689222628178,0.028233685924733,0.0862947366799292,0.0117981438562982
0.0174117763341761,-0.0263220164212196,0.0286456924251153,-0.0316136522350814,0.0438117715815775,-0.0255563107102669,0.0637567005701225,0.024478205424335,0.0862303226404262,0.017665954455253,0.0135306879867854,-0.0170728998884983,0.0295822886346892,-0.028068378068942,0.048929261929409,0.0106232510809115,0.0620138336794634,0.0453750298291491,0.0875880721385812,0.0168595552737564
0.0136014427867123,-0.0129972434597057,0.0264258248435055,-0.0328745510725736,0.0374723307489677,-0.0309340438869595,0.062342098265091,0.0182631584179536,0.0866480100044061,0.0234245272889777,0.0169239814019391,-0.0135310445730859,0.0279027843875983,-0.0313395912640922,0.0442380514136468,0.00693693916550764,0.0660608421875768,0.0356060634946102,0.0859877651780475,0.0121588751037713
0.00981979644118594,-0.0139808461634019,0.0265448120857606,-0.0198138134578651,0.0489070115131243,0.0238078326204387,0.0723922050478555,0.0326885542988927,0.0771642145066714,0.0240109794748445,0.0255491499854014,-0.0198314269884338,0.037554543047372,-0.0304991054753007,0.0511488523640582,-0.00906116912690162,0.0694074900520761,0.0214902170056284,0.0837708474474055,0.0219169050356745
0.0108710631546633,-0.0146703161993973,0.0235299308131303,-0.0175855259592765,0.0469179626591663,0.0136658007775746,0.0648528112560345,0.0298583244172509,0.0791405696341792,0.0173182934914913,0.0171679715309781,-0.0169415057288517,0.0323423180976627,-0.0350636690822768,0.0443840818124177,-0.0161071000433238,0.0607973523640862,0.0344835683883353,0.0796163396734954,0.0235971544778032
0.0211818653283686,-0.0243563065983387,0.0330035008641052,-0.0342220965254255,0.0369056276784941,-0.00686920131288947,0.0617014532406789,0.041274635961913,0.0804541505641928,0.0198218780701215,0.0233617718405904,-0.00515960193446363,0.0347712964031471,-0.028024859977709,0.0458514481780717,-0.0078487918194066,0.0661767091236961,0.0371304154595319,0.0875699483273521,0.0124829630644467
0.022836686222053,-0.0229849698866019,0.0335165385646784,-0.00806470555229224,0.0654883451811436,0.0250774701462301,0.0808155905101369,0.0153830429304226,0.101270255313625,-0.00688446644051813,0.0228878346440098,-0.0200061517267328,0.0308063732099235,-0.0371132411586024,0.0482141371667409,-0.00492126910134745,0.0680139043384581,0.0354438607697594,0.0868141970914569,0.0180125753565541
0.0252919643840058,-0.00842457804323113,0.0288409228934951,-0.00646485760193718,0.0443188922739314,0.0114852759478326,0.0627692079665292,0.035299115972841,0.0797633957476313,0.0247981173781058,0.0280149756853822,-0.0270829463807858,0.0306429419875754,-0.0275950201227952,0.0434967935939329,-0.0126235039476469,0.0570367506380776,0.00857353120034968,0.0804065318130542,0.0283901936681696
0.0123447063649221,-0.0115720029288246,0.0304290242009514,-0.0355266270120345,0.0309360433105626,-0.0343040185605867,0.0512145821979871,-0.0186052413691246,0.0695869996440821,0.0173641480047077,0.0123436821045784,0.00750144990837773,0.0305812235741929,-0.0097919885608336,0.0334828047470796,-0.0287001140334226,0.0569657684600877,0.0116037026155511,0.0716785628725128,0.0310666686656914
0.0174366320211472,-0.0142679644339086,0.0288443256510856,-0.0220768007898519,0.0529834199712146,0.0167678736249757,0.0694107104571477,0.0253431225378468,0.0894368074129593,0.00782499463174207,0.018028123796102,-0.0173350063312663,0.0296503607322859,-0.0311360955285413,0.0437633771168405,-0.0185522005997398,0.0627417798546861,0.0282422777362447,0.0852592704788554,0.016360958564943
0.0133022698228653,-0.0149193118171703,0.0282963861395781,-0.0175659559102471,0.0516223653638104,0.0207837091871806,0.0736137012150673,0.0265748122445828,0.0806735224585054,0.0164019054188642,0.02439682143364,-0.0233851591558414,0.0346916794164304,-0.0295597103813465,0.0550129910923852,0.000983633124695947,0.0656865778789389,0.015128358577531,0.0796520554971792,0.0236386024031948
0.0195410672891949,-0.0208986220189544,0.0327317369307821,-0.0235178456776198,0.0526796736273493,0.017847558628054,0.0722818388950344,0.0218454719549746,0.0792025294674974,0.00945584252551257,0.021896248321588,-0.0214629435867132,0.0359945277702437,-0.0322421233698979,0.0606225378595182,0.0122958498299188,0.0728403667113078,0.0302665693794989,0.0905849703454464,0.015259490751109
0.0251026596919067,-0.0180443630460245,0.0280373956462691,-0.0157954076748122,0.0415049769454439,0.00143844560576267,0.0629016643761333,0.0300740326441331,0.0732936306146436,0.0214830467603478,0.0227643552790692,-0.0144547771191251,0.0378159642481332,-0.0332504636462926,0.0394734609910857,-0.0103494227922199,0.0665639921387847,0.0322151958939307,0.0767711810232753,0.0274649031990623
0.0202308856034655,-0.0165989396941096,0.0318050592736029,-0.0330023092705759,0.0442295636492125,0.000303763216728081,0.065669252410765,0.0313453757718291,0.0858014743512804,0.0173125990850694,0.025196437203066,-0.0231872290513728,0.0322736258602068,-0.0377274282664487,0.0482747834291846,-0.0101879022101648,0.0658033101510044,0.0203214085284244,0.0872437620495734,0.0113621795822633
0.0189401461622997,-0.0233123229204531,0.0286366366300265,-0.0261194964120135,0.0449722337777617,0.0184957283373333,0.0630626471652456,0.032143156789513,0.0708962377247756,0.0269873114870363,0.0260340935751134,-0.0232509216457466,0.0377135244366472,-0.0299069091334934,0.0475639365613196,-0.00728520321204755,0.0664722202086801,0.0217962578630433,0.0742858307886906,0.0258473993420061
0.0188790286325293,-0.0316955999101617,0.0403306027745918,-0.0235910743645412,0.0618310898321007,0.0153039741068896,0.0796781571864623,0.0228069396615621,0.10058968047668,-0.00595656588296834,0.0414799869483282,-0.0265080581701728,0.0415795414867781,-0.0264860108161209,0.0520004045402558,0.00748850395564809,0.07532893673385,0.0291995684440435,0.0957886357602752,0.00674982490834973
0.021434191550831,-0.0208059074512944,0.0369472091908347,-0.0279006003662784,0.0452329798046821,-0.0193522058882221,0.0660707771388803,0.0200563191288895,0.0857081217723981,0.0203199786461242,0.025304700405621,-0.0206404015475564,0.0403754724156957,-0.0274974320319267,0.0555291089407161,0.015599095938346,0.0687927242628733,0.0333422822126124,0.0882617277712643,0.0133726879462891
0.0268350351948457,-0.0245786932099431,0.0316805712178392,-0.0283688045483673,0.0519335881519458,0.0111100888295331,0.0720699564296095,0.0277490717113007,0.0726088020867561,0.0263032617731567,0.0277363765463443,-0.0211974285130575,0.0345351382668243,-0.0287949799055686,0.0475988058214844,-0.0155912360490587,0.0678622546426787,0.0204402220706622,0.0746928560509761,0.0276240817707188
0.0261565087354706,-0.0316409885299426,0.0281578583584283,-0.0333694225573177,0.0350152643851452,-0.0306109595560572,0.0643688841004207,0.0220041755310515,0.0829414399143117,0.0221523621807305,0.0306338172872586,-0.0320140596363791,0.0323135993213026,-0.0339945730839061,0.0477271178730823,0.0041843558355638,0.0671063406461295,0.0323201760182277,0.0867978191121922,0.0165378704119159
0.0103944855885816,-0.0281617859254363,0.0218580532561723,-0.0316471151322019,0.0493584525790219,0.000585863033181473,0.0680493615843812,0.033322640258832,0.0763450750215602,0.0231399151777934,0.0319724838875813,-0.0198691381036687,0.0367259977914261,-0.031339171891456,0.0605558372206686,-0.00671856357611004,0.0732499707672739,0.0250603880498439,0.0920354497916468,0.0107582865597102
0.0288971498472359,-0.0297813706790393,0.0304400007936278,-0.0298725483511883,0.0387445663593347,-0.0259386886735322,0.0561550388734806,0.00546759712139979,0.0715569967551692,0.0200777045602041,0.0156784379765856,-0.0134438694322685,0.0318471423804146,-0.026232996349394,0.0379991483851827,-0.0156026269880405,0.0592290679795726,0.0205146635308916,0.075391870226875,0.0281751167344778
0.0168643729716505,-0.0147807466278111,0.0307191454576173,-0.0322546849086587,0.0472007751704323,-0.0145109172478579,0.0650685070150347,0.0247822355206138,0.0870882329176255,0.0163905829325421,0.012814800729645,0.0018946136503423,0.0288781572007689,-0.00789378140623687,0.0544047641360469,0.0107848095526496,0.0687263645758903,0.027004938165554,0.082942264274432,0.0135165170483437
0.0139751268429417,-0.0183212264344025,0.0319018567838195,-0.0239865796149125,0.0424764894621004,0.0198107804577773,0.0576943288933962,0.017889679289654,0.0835926615244834,0.00980732568475233,0.0171896674874862,-0.0169240554657821,0.0332865029646714,-0.0256280856595477,0.0487206797203527,-0.00140847128740657,0.0713074711931342,0.0336787064965578,0.0900754364560065,0.00839082351845848
0.0243319858784048,-0.0270951038721799,0.0319331581952042,-0.0281873273497619,0.0490709541088433,0.00586939648486611,0.0756691453206865,0.0227544535411717,0.0932374789733268,0.0106132952737076,0.0201706240286016,-0.0130907981730224,0.0362442775639004,-0.0283933771825067,0.0662661331518015,0.0275018554623932,0.0692963701210249,0.0269035267970703,0.0788146229048753,0.015227059673568
0.0146552335219643,-0.0179801130051714,0.0355593232042888,-0.0273594420322546,0.038988421239291,-0.0280190698054612,0.0630344681080478,0.0206725681809615,0.0908460958591175,0.0106544989859491,0.0210031302316141,0.00439167571967596,0.0362722156264457,-0.0193105039340562,0.0474367998216971,-0.00692295499629467,0.0705102970432442,0.029733019070463,0.0923522143016695,0.00904873479899754
0.0207110492442704,-0.0226732694828042,0.0240080377402568,-0.019488864208237,0.0470894656406638,-0.00393808575161074,0.0691701784594081,0.0217799922334477,0.0732326648437028,0.022086750781802,0.0195010974405235,-0.0139575097911397,0.0274912238988151,-0.033880305572876,0.0427638106950315,-0.0197923939932991,0.0691539618590843,0.0244118241666059,0.0833416407839229,0.0138185000403455
0.0164535196391565,-0.0132643714263446,0.0251163252361292,-0.0232858293338591,0.0442383412568382,0.0038032797229694,0.067068727762278,0.0304748100013124,0.0836353371857112,0.0175876160741551,0.0209599632599978,-0.012986848653286,0.0295676948354849,-0.0288905203691883,0.0468605476096138,-0.0112888062619864,0.0663309838834684,0.0162294340012524,0.0824789157976937,0.0173047780633068
0.0141137403273975,-0.0196666029974191,0.0256047462818814,-0.0239536777517631,0.0326631536537682,-0.0250364487591238,0.0576107759812245,0.0166358266741618,0.0712652031366904,0.01726903081878,0.0218120145697459,-0.0239023522680982,0.0284068064974234,-0.0316084619281453,0.0428562218077892,-0.0141630253681373,0.0647610909101348,0.0357284227682091,0.0790781990329074,0.0207895289019604
0.0142089848336517,-0.0197638515462163,0.0338904335569285,-0.0135472304930991,0.0611272577117647,0.0283917527015403,0.0690510706978441,0.0272053963047594,0.0930301092089336,0.00637235906756943,0.021604420437344,-0.0191943605084398,0.0404949215823664,-0.029907669667274,0.0649208288681948,0.00930647839053361,0.072999276443893,0.0294217513302928,0.0913381569264131,0.00271854295153147
0.0160406275342663,-0.0212010675614299,0.0321156404509628,-0.0317924550255602,0.0365719225580262,-0.0157427863566263,0.0623606474700702,0.0207728955103884,0.0892807119761739,0.0100367395637689,0.00300214537309298,-0.00238850807997482,0.01636823104107,-0.0124235186325934,0.0358943579178266,-0.0280389623216009,0.0571069697989306,0.0247576802690943,0.0875148509438408,0.0157847155584225
0.0208973472749271,-0.0228218987324896,0.0308644782373056,-0.0217545285978697,0.0484836402122679,0.0150283776555998,0.0727945209888515,0.0251821404481669,0.0933662372468486,0.00901864353682244,0.0210341668150141,-0.0173302288757613,0.0323706985083082,-0.026761207491701,0.061928336196414,0.02713809393125,0.0763630930261343,0.0245158638636499,0.0943036780363056,0.0116078301473056
0.0114993911445284,-0.0131048101530964,0.0279108133184132,-0.028819114791422,0.0485348715031768,-6.87749538490754e-05,0.0702770535666237,0.0352604524465384,0.0885327599597967,0.0118762728885458,0.0173680456089723,-0.011794022673865,0.0350653263844753,-0.0318452364919113,0.0547180173826556,0.00179647268446312,0.0694385444963861,0.0334975017534914,0.0888470821643195,0.0118716904780956
0.0245709116217811,-0.0272650028445869,0.0343663099829283,-0.016234104712916,0.0631512048007786,0.0226595624663372,0.0822095495715707,0.0229031547834208,0.0960018138191852,0.0040415733456182,0.0272564783253474,-0.0289722754938865,0.0402155691765803,-0.0281550193790598,0.0743731868649995,0.0313960306082293,0.0808854495486114,0.0208144044537144,0.104039440531007,-0.00581834274391194
0.0372742479064954,-0.0326729166857463,0.0389756016770665,-0.03351796119685,0.0561136519953051,0.00436983382478946,0.0735755033884612,0.0265249882605409,0.0948307038540437,0.00635942291018931,0.0194422552453721,-0.00534120859543858,0.0331512214412469,-0.0181650611535696,0.0497621090644589,0.00228568247923101,0.0668217376319995,0.0324400171202099,0.0888663458985577,0.0152316000784567
0.0163892213787708,-0.0194172376462222,0.0305878306545102,-0.0385745827485568,0.0379230166357894,-0.0285749181877652,0.0618784161438896,0.00420968413503079,0.0864034436495741,0.0133772608040171,0.0137868046795246,0.00284634738242925,0.0294386678719265,-0.0214016391812479,0.0376203133896082,-0.0266365945850606,0.0662597280276866,0.0321564683709545,0.0851323719246824,0.0160373522658387
0.0175782824937383,-0.0321715448950636,0.0318986266507104,-0.0340698976274876,0.0461324574645505,-0.0195620004513751,0.0714801520068509,0.0183049468810968,0.0920585099084922,0.0101754513078735,0.0335498713184809,0.0357639821305894,0.0280641671673569,-0.0154641225644767,0.0477682053724755,-0.0213153133959079,0.0719707230050684,0.0337957342137259,0.0930320294947391,0.00840933479371071
0.0133255990299421,-0.0140229230321803,0.0376052719339905,-0.0406545913466985,0.0393885399710824,-0.0282928828192022,0.0647246513720369,0.0133831671212941,0.0892682435733622,0.0170120974822021,0.0136469349354499,-0.00370560508223495,0.0284505514278955,-0.021095558903934,0.0443326643515438,-0.00333293560393613,0.063476890500824,0.0320059634458319,0.0841703901629701,0.0142090640558493
0.0178426436127369,-0.0345552645570406,0.0341103717095412,-0.0335247541495248,0.0522483666504214,0.0195999829379068,0.0734821299114134,0.00896888511052084,0.0790575301815284,0.00327567262704816,0.0239381131965142,-0.0294918489150257,0.042405522206146,0.0125585783173494,0.0591801623384412,0.0304081041791795,0.0733874948604691,0.0140210994754606,0.0825918892880695,0.00666801423864574
0.0114079240041828,-0.00757567205226166,0.0385218953244467,-0.0313861381194238,0.0410000778976727,-0.00869155235483368,0.0638328357858097,0.00553253863487888,0.0831173673914918,0.0212204050276392,0.0150247557472284,-0.0124176798593251,0.0363926830700604,-0.0282684888553938,0.0394469528918646,-0.0213169513727093,0.0676544878106707,0.02731049699238,0.0869584467906836,0.0135456071983609
0.0237661862639899,-0.0130626912243497,0.027709287852624,-0.0308596340260264,0.045727559801809,-0.0118922028762748,0.0612630625857742,0.0226794901904453,0.088321497330274,0.0186055427056785,0.0178345010866928,0.00171967210368909,0.025725897434444,-0.0233099748699433,0.047474588351948,-0.00902347203863905,0.0628252489726593,0.0316852896383218,0.0850129405171641,0.0168941907335227
0.0196647127664441,-0.0216107007030278,0.0300016290789675,-0.0372048934125133,0.0401665935897836,-0.00962040850647141,0.0741733051890708,0.0360048689901503,0.08356448783847,0.0254009998259698,0.0185948452171586,-0.00396827502673278,0.0338181855050659,-0.0289592050478897,0.0477010230645016,-0.00151148395234565,0.0655930949043718,0.00777587180733004,0.0822300512894557,0.0220712847869826
0.0105770134621888,-0.0153299332425803,0.0309613080332667,-0.0312639525687197,0.0436453829084089,-0.011858422121328,0.0769470620902816,0.0131426402592267,0.0962800876261366,0.00437372637527697,0.0218393108684106,-0.0250179315363593,0.0347520902261808,-0.00992662372760164,0.0452076803298219,0.0199553643518402,0.0720508311355297,0.0101458759713231,0.0908853901982563,0.000510699106042535
0.0178216397234944,-0.0232601533636961,0.0304100893373342,-0.039662169377801,0.0521174204120284,-0.0045864266481344,0.0824179043993471,0.0293509724157314,0.0936701581476241,0.0106621854565291,0.0144531017711672,-0.000944108373964952,0.0320087607938237,-0.0331255037976596,0.0536899110722669,-0.00754936095446161,0.0693388006689851,0.0293226622629085,0.0909036069071277,0.00476870163334733
0.0106277375442648,-0.0163004445777585,0.0223548162735488,-0.0324496169340625,0.0379183086782483,-0.0349468760335575,0.0528935476328563,0.0131390678287771,0.0897362717602048,0.0203306012492106,0.0103414072394949,-0.000208371607362534,0.0270904164345921,-0.0292580149638033,0.0419889839943318,0.00522233146510197,0.0662866412042272,0.0291948988564341,0.0939479987127622,-0.000787476246641923
0.0224963715997712,-0.0263082869388322,0.0359111910774578,-0.0194993468216251,0.0554491036847016,0.0249605111109989,0.0626863231824726,0.0259628111827721,0.0844928199312094,0.0190333467304984,0.0355188675874996,-0.02956099186866,0.0430979942286512,-0.0251126545743398,0.0643460819311575,0.0225727546573864,0.0708287218868511,0.0266766993409009,0.0846197755956285,0.0152007019097115
0.0178332413872952,-0.0150992563754046,0.0318313709898293,-0.0245318281776571,0.0640542984551673,0.0329078597053676,0.0766248417021321,0.0216485536744019,0.0950138685983953,0.00585207102365391,0.0227180376928719,-0.00774214302683011,0.0345516844117296,-0.0264412657762943,0.0508405746081747,-0.0112331246321645,0.0668494312809773,0.0270921745424586,0.0856877258651362,0.0175142851330722
0.0195157138721244,-0.0160929188135767,0.0435334465825727,-0.0375053486765756,0.0558240527549248,-0.0334487523141118,0.0673268595845498,-0.0143959969118327,0.094434017818027,-0.0062233461410172,0.0122431097565148,0.00509769224240256,0.0218604635712529,-0.00010528222718498,0.0615373891260875,0.0231972045501351,0.0713251209514948,0.0234238366085334,0.0908016941660036,0.00365586184950059
0.0142829762663714,-0.0115808543208947,0.030445988769875,-0.0260455188374358,0.0357550315205862,-0.0296824328093571,0.0554532715473919,-0.0168241825936387,0.0831683917401083,0.00592702918586238,0.029577087320288,-0.0227221932494885,0.0327007036774061,-0.026716850652903,0.0421425080651752,-0.00507036695078218,0.0667349257536464,0.0266192884962951,0.0836141313253269,0.0155473919175627
0.0148085112857629,-0.0126060931186282,0.0317856859762656,-0.0234921816124461,0.0349879899016726,-0.0272727990386491,0.0527396274294854,-0.0246132432534834,0.0837682829259368,-0.00899623612586517,0.0145300392621729,-0.00564410674897698,0.0283697116692229,-0.0246814726281487,0.0414474420554689,-0.0132009855673829,0.068204155083326,0.0304665285423215,0.0857031330234024,0.0186750667265381
0.0159597441320429,-0.0207414662122418,0.0327326779355475,-0.0284389818635868,0.0509684462382682,-0.0313125449535681,0.07058740124199,-0.00946632082917104,0.0899428634601316,-0.0037293129874555,0.0147250456004354,-0.00992731285794745,0.0278353822331537,-0.0241045689972947,0.0474122282987751,-0.00806437069724742,0.0663556376865447,0.0332308586855518,0.0879800184027162,0.0140048449413121
0.0123089436856276,-0.0128117655288465,0.0256214732438767,-0.0236568432481663,0.0371466874220306,-0.0273944009472765,0.0546968779347435,-0.0248234432703412,0.0829066307211735,-0.0120297327754723,0.0202763751170591,-0.0108276968645343,0.0303381451824054,-0.0244296398246827,0.054984469010304,0.00414613009437459,0.0706736156346905,0.0370820729874087,0.0838352392499154,0.0312108242882777
0.00593970095490337,-0.00843206959001126,0.0203833927476346,-0.0227045783569967,0.039644097495251,-0.00332855854541095,0.0637454090746875,0.0301793747876898,0.0815981930136102,0.0207142040099145,0.0154959271156803,-0.0121401189985401,0.0351118879351949,-0.0288923726228465,0.0449601265235992,-0.0106707631739919,0.0652141243335069,0.0351227647245777,0.0846946921115427,0.0172434294348012
0.00860177601106409,-0.0115003570501254,0.0298395133919851,-0.0294131352940658,0.0488056335147283,-0.0317520508819731,0.0683842604670263,-0.0164019047019064,0.0881959099481636,-0.00469858167605005,0.010813474295388,0.00315154243020646,0.0340067459246223,0.0238695627470397,0.0626089430387481,0.0353007239467175,0.0824613929742683,0.0238855681500345,0.0965833799481498,0.0040391578193526
0.00901418545393984,-0.0151797018145806,0.0284120672825316,-0.0315126562551705,0.0506727948130425,-0.027807860779943,0.0716755205616105,-0.00707587590960647,0.091001231255667,-0.000528778028046567,0.0136016822687457,0.00624499723234071,0.034426620271734,0.0237238943708926,0.0585586919111251,0.0342894127528319,0.074571922020042,0.0275892012204176,0.0918995549378011,0.00974408628910017
0.00923058172174818,-0.0184968569589064,0.0248126991511062,-0.0303898730003018,0.048540853081493,-0.0267421847841375,0.0791419562936542,-0.00533158014104627,0.091298661010515,-0.000844232992550471,0.0100394709496454,0.00470005630113085,0.0319516183654775,0.0208746503571478,0.0655851334342664,0.0294829366098336,0.0879855054678788,0.0190006874544129,0.0980373902191849,0.00442938608161037
0.00489450234278132,-0.0109280236150604,0.0209977478920896,-0.0274758713966301,0.0391829327881955,-0.0319982852565507,0.0672738653133387,-0.014779883251073,0.0861468768905422,-0.00160699649811782,0.0135572265136937,0.00819815269019842,0.0343159837104898,0.0313666260467279,0.0594138194933279,0.037588175210198,0.0777384615568723,0.0274965934125811,0.0922108129459643,0.00758055109340238
0.00743513228526767,-0.0121444765713343,0.0266086176992958,-0.0259981876453812,0.0295775571952912,-0.0276902700739566,0.0366504891977823,-0.0295990541655959,0.0703642962888783,-0.016365274078399,0.0105288984080359,-0.00219315618697972,0.0350247440014236,-0.0185503385750845,0.0503245235362122,-0.000664709821088766,0.0713219602881019,0.0356874097257785,0.091855941959661,0.0169250572457068
0.010732579269724,-0.00879201946431511,0.0271208237086175,-0.0213168452652458,0.0438192775602706,-0.0262591091809442,0.0731790414601064,-0.019867978763159,0.0908343756375912,-0.00729754908519966,0.0169716183331977,0.00850880233094861,0.0403978042213359,0.0277178242370319,0.0680244957334592,0.035276821825392,0.0911875906365132,0.0151392718667019,0.0963840741108845,0.00635027626982364
0.0062440154692817,-0.0103691535459122,0.0174717660457441,-0.0237692437324488,0.0312816630201823,-0.0284215244625355,0.0535709578493987,-0.0230119171025671,0.083026828263793,-0.00486632690348119,0.0173083548577734,0.0109204597406472,0.0309736198686733,0.0288530637868319,0.052237850906521,0.0376840417715568,0.0766281385398944,0.0283570290302657,0.0927233866573108,0.00969645875894889
0.00197004544174074,-0.00934460675993849,0.0139802023946683,-0.022376310288552,0.0396837204502805,-0.0297387465957095,0.0657044171628835,-0.0160396021853643,0.0887450751779981,-0.00295742851948637,0.0137330366933381,0.00663377123247008,0.0289713482216582,0.0266615899224574,0.0515037367109999,0.0385460877082608,0.0789302921448815,0.0261232780270366,0.0959919324116496,0.00469801900298267
0.0057658396633736,-0.0161787847897598,0.0316999622059121,-0.0281012725159639,0.0609259197341037,-0.022792977109634,0.0808868331063675,-0.00659720803210834,0.0927055267188032,-0.00324780535108096,0.0142815835538779,0.0124528536420025,0.0372659310199401,0.0336459608382756,0.0633708818798476,0.0379494137655697,0.0879032655488914,0.016875057754174,0.0946360370699477,0.00364998150968853
0.00401675837629007,-0.0134390799771111,0.0213196161649015,-0.0284174004999284,0.0457197167541551,-0.0276808391424971,0.0682222984428272,-0.0102476675287655,0.0868150003135699,0.00273802575692895,0.0156862002806006,0.00465647926024126,0.0383686863784406,0.026215449782334,0.0559485758998622,0.0356829200320257,0.0806888274718711,0.0277288035626121,0.0957121032605617,0.00650739858479168
0.00549587039199624,-0.0129312325241186,0.0260362313665359,-0.0273559051126094,0.0495282417611251,-0.030729231584499,0.0762573797450012,-0.0186579703775545,0.0917671193312978,-0.00732168326597017,0.0179528577602949,0.0175847033261629,0.0410630653786389,0.033601521267558,0.0703012839342425,0.0332547443972561,0.0969895394016398,0.00244003574159397,0.102053658006371,-0.00819911682249007
0.00554633867843216,-0.0213210262339194,0.0242104813059194,-0.0281554749897404,0.0521666570948224,-0.0246610761804363,0.0782650807937345,-0.0107257943079887,0.0953930354698773,-0.00601263751659913,0.0171003879664615,0.0156242162805135,0.0409465274654999,0.0326428064676622,0.0659999140318101,0.0369103020910285,0.0871919946823197,0.0225830885339416,0.0966172160072184,0.00689912087987892
0.00771903633813056,-0.0151782664525571,0.0257018913326134,-0.025883522679984,0.0493448258316103,-0.0294724678914989,0.0783773606564273,-0.0189692810476141,0.096234165110819,-0.00728265514799215,0.0114173348139454,0.0088773256258158,0.0341422556214578,0.0303976255230117,0.0598538006590853,0.0349603913044037,0.0807939105063937,0.0237308907738426,0.0951258687364401,0.00498979074483315
0.0102624843808248,-0.0107429389292285,0.0305884563244251,-0.0256538695553976,0.0501033876090524,-0.0323569752287137,0.0715836031912578,-0.0230734808871814,0.0915308484835,-0.00742189322172707,0.0142350035926921,0.0109706163423339,0.0394945444438219,0.0330159801395304,0.0613234813376923,0.0354494644314584,0.0805586412526579,0.0217137404734641,0.0928098642873919,0.00571596355832747
0.00381188523710344,-0.00875524634254327,0.0117258295818434,-0.0237902664988855,0.0347710800157565,-0.029634534686934,0.064456204053485,-0.0222136737076672,0.0927329707095331,-0.0112365556621567,0.0120095666564687,0.00979317258561306,0.0385481561082234,0.0328847143381289,0.0727420429929845,0.0304133469475302,0.0900111638252137,0.0152880474221541,0.0965586949618091,0.00864529134905606
0.00604333514701441,-0.0192247970658428,0.0253988030889403,-0.031678451509712,0.0567614468425339,-0.0302521928256396,0.0909653101723501,-0.0136810922036593,0.0967485876320027,-0.00678386575656853,0.0128279025879326,0.00547860476440095,0.0395193644781766,0.031155233612783,0.0651206548889672,0.0372367780887227,0.0919316523874579,0.01859291364684,0.0982463440159637,0.00561469499532765
