u1_5nodes_1,u1_5nodes_2,u1_5nodes_3,u1_5nodes_4,u1_5nodes_5,u1_5nodes_6,u1_5nodes_7,u1_5nodes_8,u1_5nodes_9,u1_5nodes_10,u2_5nodes_1,u2_5nodes_2,u2_5nodes_3,u2_5nodes_4,u2_5nodes_5,u2_5nodes_6,u2_5nodes_7,u2_5nodes_8,u2_5nodes_9,u2_5nodes_10
-0.0341677076791963,-0.0202981539627951,-0.0239434236643531,-0.0236036903205414,-0.0191122152401685,-0.0286179301644232,-0.0175570345070146,-0.0279042284356996,0.00792166102266817,-0.0126304828544488,0.00788589693485056,0.0185794271889366,0.017221682928045,0.0296690102223517,0.0193159151157308,0.0277849353498749,0.0192604886159122,0.0326246567401188,0.0188740297840043,0.028319500244483
-0.0276112748055485,-0.0166508741612486,-0.0211316667429372,-0.0260217405778947,-0.0181272791507315,-0.025500637841943,-0.0167026977850784,-0.0286907449953117,0.016805128292689,-0.00582472842925707,-0.0127495204622527,0.0203529222631199,0.0146859271734606,0.0203335736492212,0.0194684044242653,0.0247202083459786,0.0187509869705587,0.0276651981529952,0.0187214719134341,0.0275818681284214
-0.0256857779005914,-0.017308428327968,-0.0228381599540371,-0.0266491127442259,-0.0197677639695933,-0.0293539081525224,-0.015140234177745,-0.0240829450901821,0.0150725115445472,-0.00725159196131179,0.0054788405387401,0.0187787353384356,0.0183678677070764,0.0235933758691538,0.0315475228960063,0.0122394769959356,0.0309602602546404,0.0197520302965528,0.0179876661884654,0.0276952065137116
-0.0224660311287138,-0.0179411977787867,-0.0206380291148203,-0.0231590480062296,-0.0173714133236904,-0.0299973932071048,0.0012206364527535,-0.0215051426148562,0.0284809331751206,-0.00698506015702568,-0.011230860433185,0.0222276349296897,0.0121968673888072,0.0240382370057461,0.0157296886853439,0.0279667589933947,0.0190879388417255,0.0264542899030164,0.0219848134752761,0.0231283748787345
-0.0300658110193459,-0.014496463927852,-0.0235898295821071,-0.0195603766462079,-0.0196299415180309,-0.0240005472419993,-0.0179795624698288,-0.0289462661613188,0.000640455294170458,-0.0195667550956431,-0.0186427360273771,0.0203775023699705,0.00347698621532416,0.0284878034647317,0.0175482811533543,0.0246412101960917,0.0191368568911947,0.0259857763535604,0.0251158070861198,0.0202181828213999
-0.0260718714741498,-0.0136430690511768,-0.0207747151252899,-0.0201356030154044,-0.0183577912728126,-0.0273212786054702,-0.0184674386335779,-0.030874423380587,0.00417515946517317,-0.0165578550109045,-0.020285814566663,0.012064385271423,0.0101559154195124,0.0255103519142457,0.0156442008013527,0.0265985438156853,0.0197226672654811,0.0288519081051679,0.0201454088064759,0.0255260127164939
-0.0236735272109752,-0.020320683947496,-0.0206967810830998,-0.0231925412424408,-0.0173163049369482,-0.0268430755834561,-0.00200874942086748,-0.0225312059561591,0.0139283539640185,-0.0130350438851377,-0.0152299666430059,0.0212914765780105,0.00361429067039981,0.0261267688404311,0.0113997018743925,0.0270388404085176,0.0173843697166649,0.0260536920117564,0.018564359528528,0.0254575551160128
-0.0370415310573675,-0.00745261016718399,-0.0265950264721726,-0.0160064500105171,-0.0208573715771181,-0.0208325419744234,-0.0178093148810901,-0.0274190586798112,0.00649991796435871,-0.0186518592274791,-0.020682942176717,0.0201506913134359,0.00781017385846604,0.0297827298633078,0.0149206559157548,0.0280874861983481,0.0173644148006995,0.0267261888523672,0.0349612965703121,0.0122566470813037
-0.0294940181945794,-0.0150907869948516,-0.0222012117721491,-0.0227015323234993,-0.0179033732710413,-0.0259927007038876,-0.00588181686289299,-0.0227875114454869,0.00870467086303517,-0.0193160416171501,-0.0175400056549878,0.0190844064838189,0.00477248972466469,0.0271552327691959,0.0168969669235276,0.0255259486779326,0.0168851476158676,0.0255554572707174,0.0310029649341798,0.0143858287053542
-0.0349711109664216,-0.0107012575199224,-0.0279185499643121,-0.0157844575296158,-0.0220690759852379,-0.0211715885879398,-0.0170896392363385,-0.0280462570460199,0.00620181479360382,-0.0186258195808486,-0.0161341514890833,0.0180540300850955,0.00649027536344439,0.0252810864965511,0.0146007312475397,0.02363418970273,0.0223642156238936,0.0218172133951436,0.0326013369369174,0.0119361342587399
-0.0342646481723397,-0.0126800938153923,-0.0263121572732449,-0.0237611775390952,-0.0203337391085751,-0.0262155670253145,-0.0106323761376094,-0.023828068245877,0.00918924513488974,-0.0165898534362754,-0.00901370945353202,0.0249253332764358,0.0165471567972134,0.0201232225427157,0.0179977680437156,0.0257021386582738,0.0201629729151188,0.0269349891742622,0.0197084635643231,0.028671156254909
-0.0309037773556478,-0.0210994248025626,-0.0205827773137029,-0.0283118735090371,-0.00489280457575247,-0.0279354501051066,0.0265143656965924,-0.0240797289755218,0.0537746218924778,-0.0188851940723973,-0.0127504437849778,0.0232983564682465,0.00991436583927323,0.027163685632411,0.0166156052742215,0.0262142431214993,0.0195765506260779,0.0266388779557341,0.0321617712540847,0.0139813640193978
-0.0274227920032793,-0.00797308538737411,-0.0195773462957352,-0.019618513646533,-0.0168830302855383,-0.0268220796551491,-0.0108012963358821,-0.0234610136568433,0.00705247669806315,-0.00813318298938318,-0.0191368075927705,0.0102059118260843,-0.00431864548684309,0.0119972615590368,0.00679399837951876,0.0197294077842958,0.0174569534215716,0.0281600773032232,0.0204314070008439,0.0291002325322656
-0.028746181414246,-0.0132945631715916,-0.0231957020903453,-0.0223443463838526,-0.0151258259950549,-0.0257430036890627,0.0195037372661446,-0.00810521777533698,0.0383264711103846,0.000633556900968765,-0.00273302462884308,0.0111981922473017,0.0141756664509939,0.0212780272192882,0.0205340132511305,0.0268487648647669,0.0186458968660417,0.0282741999668162,0.0200216695349429,0.0288879073231248
-0.0308393810813291,-0.0157102863489356,-0.0223832067671781,-0.0199994415907996,-0.0169812072385929,-0.0253147329093767,-0.0100522536142768,-0.0326669429964488,0.00699351395971913,-0.00566337368762937,-0.0244039353288309,0.0111764802622021,-0.00495894887796227,0.0114133838401762,0.0175183028172693,0.0110702261643577,0.0210008258066936,0.0249556973170542,0.0219380291496613,0.0275380932878223
-0.0194186656170534,-0.0194622483235552,-0.0160657472104105,-0.0242153852639014,-0.0147784010810292,-0.0258038383127646,-0.0165449057314216,-0.0272960179655958,0.0150022032649294,-0.00978441373203988,0.00569844378792265,0.00270326503993869,0.0176379697489154,0.0201119882289069,0.0177319519358142,0.0279707451297589,0.017808607121888,0.0281934244511466,0.0197262506771129,0.0270875214464158
-0.0366771340902396,-0.0169570839692829,-0.0195782224850637,-0.0238946017836795,-0.00916955675020536,-0.0254443803169147,-0.00718783471329195,-0.0271153499663506,0.0151577888445227,-0.00677316065648453,-0.0121494088369136,0.00394368610667445,0.00938642640180403,0.0132604896341749,0.0223139842490642,0.0283432288357093,0.0208841016675753,0.0288761277342492,0.0216278998012327,0.0274906821104083
-0.0367632991420485,-0.0213295635035058,-0.0279829442164431,-0.0219285463482095,-0.0224160369917508,-0.0272999286737999,-0.0198824682114847,-0.0296472629690461,0.0107372752106334,-0.0135488712630286,0.00883626421343273,0.0342203245545322,0.0181908300322125,0.0272194204033688,0.0175793057393833,0.0296078207106956,0.0175787050663231,0.0296101535697882,0.0177937777786717,0.0288194532146407
-0.0356529547276422,-0.0107526025576608,-0.0276941581074032,-0.0191940421605638,-0.0222134777082485,-0.0264004487760058,-0.0191823534151136,-0.0295443969674561,-0.0019874288139307,-0.0208104686084644,-0.0287338241521584,0.0193211692534675,-0.0151729837287541,0.0164431970156022,0.00686369501085424,0.0273404624136755,0.0173751351610716,0.0272806658418464,0.0197339674671139,0.0263496273822867
-0.0444022023911846,-0.00813024530513435,-0.0214996318879727,-0.0213670166617422,-0.0200666303090675,-0.0283945902087055,-0.00709837174532245,-0.0266283712713926,0.0157824611542208,-0.0245670596404449,-0.000699549778083015,0.0118384635503999,0.0107874362980466,0.0202750203704396,0.0167301591464183,0.0263281233449601,0.019518476621916,0.0266131674591574,0.025788907573529,0.018736136242356
-0.0313226428108686,-0.0258592027419896,-0.0161744286476232,-0.0245015531038816,-0.00868952410153215,-0.0229452184775733,0.0298837854967881,-0.00786451703860172,0.0369182166206273,0.00129440955219239,-0.0277725703907968,0.000436217828163358,-0.0162503701715491,0.00413114746059497,0.011027271800054,0.0151612527484368,0.015351892587962,0.026183320686438,0.021534268316254,0.0244011667646786
-0.036859682629496,-0.0219826027369643,-0.0236289142563869,-0.0297453902304492,-0.00944658090216296,-0.0309559625066489,0.0310459536572463,-0.0379037214835839,0.0479115751848174,-0.0252555771580293,0.0132615998006943,0.0269572568013222,0.028329919728782,0.00723645716941121,0.0473531899436152,0.000207298181086203,0.047717858028616,-0.000931717712314846,0.0489338748952081,-0.000508025810748154
-0.0239986418607312,-0.0164964285003536,-0.010236485776688,-0.0106793757550435,0.0153771407054945,0.00166561612173462,-0.000928232803071704,-0.0260874085620653,-0.000348583191296496,-0.028138587085451,-0.0139671156420033,0.0122870954955653,0.0134647290595426,0.0239093570613377,0.0337726399880665,0.0130839428744281,0.0408587387604646,0.00680250458856656,0.0419993822993693,-0.00399200380808654
-0.0466516596914738,-0.00888365397460412,-0.0456027916512868,-0.0115446999459739,-0.0197430388367969,-0.0198402821969329,-0.0186319973044359,-0.0245410733070026,0.00206482436849356,-0.0283155288758996,-0.0221811112489847,-0.0016040420668543,0.00145124128051834,0.00734730442883225,0.0132814066417516,0.0222243369081083,0.0172635953468193,0.0260230641931248,0.0240070667139727,0.0201649882486525
-0.0227896736932164,-0.0198764299873995,-0.0146631788200963,-0.0330366766402237,-0.0107215921139692,-0.0280774101189829,0.0208550483531928,-0.0133202985000352,-0.00718422384421862,-0.0296166905419514,-0.0347922738686067,0.0140267597616736,-0.00625365675775898,0.0273841855972218,0.00543942339953704,0.0356451908651521,0.0178786823891413,0.0266786541038091,0.0279855485775763,0.0160926187723924
-0.0327936142167463,-0.0198327763487947,-0.0265644673274365,-0.0203412796086569,-0.0260609341860729,0.00405820740701965,-0.0274748515240011,-0.0230702219250927,-0.0196168753971596,-0.0270588922352346,-0.0389635721216832,0.0228079575810897,-0.00300835031706544,0.0454827670418339,0.0158292403961665,0.0334148280718795,0.0266809234959997,0.0220209593294727,0.037965248476149,0.0110856636475017
-0.0272166545927542,-0.0124146358022294,-0.018525277829018,-0.0194707515874962,-0.0165606732023051,-0.0262413543173102,-0.0170530292737315,-0.0266816071879423,0.0167957041281011,-0.0162866747436212,0.0325669591075718,0.00902401561065686,0.0275222903051342,0.000365491784320294,0.0322171188003223,0.00346612149192178,0.0345141812657443,0.00238109899076056,-0.0041782302385424,-0.00257224426247284
-0.043882227878565,-0.0113380809250717,-0.033721504334375,-0.0210222824406521,-0.0242068663648095,-0.023111925873422,-0.0190454703526486,-0.0266127799721591,-0.00149648273106594,-0.0235466473778779,-0.0302584691416892,0.0183962761552004,-0.00501269399035137,0.0359219732330338,0.022492521554925,0.0282357472465342,0.0291136439002109,0.0215309165211789,0.0375770132484132,0.0169981354286897
-0.0241791486557467,0.0201688101794983,0.00721274738140822,0.0478700455530202,-0.0103659038250448,0.0255320592049739,-0.021612690166318,-0.00743129973104565,-0.0203779461326284,-0.0275556307145624,0.0123594748367153,0.0231718464466877,0.0233158787826171,0.0337460983519576,0.0409799985447996,0.0134146620306708,0.0463162509209124,0.00111903787437792,0.0441429629519961,0.000764383122188267
-0.0444519268746689,-0.00378085806801904,-0.0147240744342126,-0.0294482445501152,-0.0118291093528053,-0.0310394317180701,-0.000611905549802708,-0.000861157582164457,0.00402400113161696,0.0360645968889133,-0.0195618870688708,-0.037328398208246,0.00155663146405172,-0.00277547600113015,0.0275091229091232,0.0156526179186177,0.0406891443893677,0.0144966553122238,0.0429379483078692,0.00423335055603544
-0.0128132782517911,-0.0300192232755632,-0.0184112562642389,-0.0261391638618279,0.00345345536691222,-0.0166126197578976,0.0172221253737256,0.0384062098585949,0.0383511074220904,0.0341363225347786,0.0195525122821518,0.0181920482537632,0.0126713833759824,0.0203703241735373,0.0341863087523071,0.0147536410459194,0.0473498752451497,0.00112842022387286,0.0476154001136096,0.00105358000999267
-0.029285453104451,-0.0244500905708295,-0.0113907349306046,-0.0304708017889919,0.0362227639279014,-0.0336496582480066,0.0526449781621165,-0.0120708034897559,0.0378603012795576,-0.026423876788143,-0.0125054623724399,-0.000509802306405193,0.00379762517748105,-0.005491140480902,0.0230929635977236,-0.00503804324998168,0.0211051925410799,0.0211812625566688,0.0393933659213796,-0.00145685055142831
-0.0400739522435229,0.0164470162851638,-0.0377069422084693,-0.00336629052887135,-0.0288033487456737,-0.0278685862460072,-0.00465256820687305,-0.00314391698164081,0.00796013990185702,0.00811718169078618,0.015663596522808,0.0333278902852728,-0.0286603416442339,-0.00618127596907761,0.000996089469546818,-0.0324524751671684,0.0216126712172163,0.0098742785916009,0.0149157808441803,0.0162935228052528
-0.0301969456400183,-0.01377657342178,-0.042782179616257,-0.0150340719453136,-0.0192067513542936,-0.00792011815088066,0.00230729179359807,-0.0240907357281586,0.0278736963736791,0.0375453961224711,0.00642351146653818,0.0210520718031956,-0.0090956418609974,0.0175385854246716,0.0351366736861088,0.00901724445415851,0.0449797031350578,0.00258563066496361,0.0257710105785092,0.0209523111814884
-0.0237128285195386,-0.0465376766353765,-0.0229479572992595,-0.029728385728872,-0.00407999591902919,-0.00256696813291228,-0.0374701319972014,-0.0277172014292171,-0.013820163314936,0.0246403185288523,-0.0411173084158535,-0.033758655413379,-0.032473905672865,-0.0391435171193051,-0.0101132433256214,-0.00269771785024235,0.019594146238433,0.0303541388374545,0.00337935853573794,-0.0161883187175955
-0.0468566390671753,-0.0113047537568907,-0.0460593109530638,-0.026899201851612,-0.0334846182256398,-0.0226174270574404,-0.0245239398292638,-0.0258979458708601,0.0137535589621465,-0.0139737210748369,-0.0378742647719793,-0.00751936305119344,-0.00383699838126244,0.00579841440558176,0.0223955429372865,0.014162194202899,0.0224188521073651,0.0251322468872284,0.0218592699475534,0.0272342207464871
-0.0243735167691227,-0.00425031403125643,-0.0196443029482049,-0.0122753716724369,-0.0212040505438972,-0.0233039189723795,-0.00858973803504988,-0.0264256480924834,0.018762368823808,-0.00689579788672126,-0.0206598929803415,0.0088317124343133,-0.00246069452549732,0.0192932833217662,0.0133899501426713,0.0201522738962247,0.0237361549212824,0.024050071482081,0.0327983029063126,0.0101231746387166
-0.0320136992551631,-0.0172998385011243,-0.0185430529504516,-0.0291662444388051,-0.0109604478510311,-0.0165971701881277,-0.000333258510589134,0.0259168607847002,0.0376190269984044,0.0281157997222432,-0.0105421298046745,-0.0253009958399555,0.0126644851473521,-0.0339098892610586,0.021958878167621,0.0186606759703317,0.00921602000284915,0.0407380893456888,0.0300125712140471,0.0264403352551109
-0.029323575544319,-0.008022519192207,-0.0274070672904039,-0.021745993080938,-0.0205900049949267,-0.0261626394189295,0.000344196655295073,-0.00386435343593456,0.0269470457062636,0.0236616519975321,-0.0184215026361985,-0.0232251340277693,0.00804663977882569,-0.026764292002292,0.0186612491804939,0.00864529306988848,0.0170068783762925,0.0291911800760973,0.0263069377560992,0.0242958020061378
-0.0307000218786863,-0.0249402429868947,-0.0165863139491077,-0.0244812063082347,-0.00721936303285352,-0.0108565018662803,0.0187249542935634,0.0495472174666433,0.052834945729081,0.00724577194389816,-0.0414053926800885,-0.00552718403286161,-0.0117364269720206,-0.0170791233333218,0.00782505401188864,-0.00116267695254321,0.0184729683705916,0.0385615612379867,0.0535029239132267,-0.0107488238043467
-0.0269067021152599,-0.0351712031049174,-0.0157048659765515,-0.0210073278738058,-0.0170168877520197,-0.0284177227141107,0.027529224871309,0.0383335984604898,0.0386536835547741,0.036520830533283,-0.00813281911987446,-0.0349694667344502,0.0208881264255788,0.0240672388354788,0.0403972669928724,-0.000325718011497549,0.0403413269586711,0.0138409047863476,0.0444303584561681,0.00659159752566845
-0.020917488944893,-0.0255626885952662,-0.0223792982998788,0.00913637498771646,0.0344075231864635,0.037793713936085,0.00314533374377838,-0.00725684293783426,0.0634198719102447,-0.0147192134232452,0.00822040810924321,0.0126220463076284,0.0365064152226823,0.0101793061390361,0.0330536911514906,0.0188800528724777,0.0392600830532409,-0.0033117046702903,0.049307469123117,-0.00529268204363898
-0.0292169934941222,-0.0182533941490328,-0.0226099175746921,-0.0240802565594859,-0.0153757710473851,-0.0305798231663924,0.0151004207527645,-0.0358862859561228,0.0340151772368775,-0.0344831980086265,-0.0283098874195556,-0.0178809021015673,-0.0130015546807902,-0.0278324557777431,0.0116420134921259,-0.0326796434004308,0.018416379357833,-0.00877747870242257,0.0196180895795703,0.0227241617039979
-0.0318529749471225,-0.02251727593484,-0.0207742572684447,-0.0273785634813628,-0.0203975855053744,-0.014950880155392,0.0049019537576299,0.0483156042743998,0.0341036743115289,0.0313092120985461,-0.0249354252259028,-0.0215424015896419,-0.00699153247750028,-0.0322262310605715,-0.00218735356425804,-0.0110622665013707,0.00814763631153503,0.019941133969416,0.0236121933105249,0.0307074801911418
-0.0336896403757524,-0.016462516683109,-0.0256141224596496,-0.0240663898353634,-0.0178563191554206,-0.027886656392588,-0.00186838233322826,-0.03392416297868,0.0353291187862881,-0.0273159356852154,-0.0266306918554645,-0.0221005623482162,-0.00443640792190134,-0.0341975266816328,0.0105966742528796,-0.0361786546498992,0.0267150015029492,-0.00405034217293186,0.0166519747772343,0.0277479820850766
-0.0290284397885858,-0.0185835162642956,-0.0161452102546403,-0.0289197336641807,0.0127748339346245,-0.0351537468460987,0.0384575093745641,-0.0188819478215208,0.0424626373943261,0.00282183579264943,-0.0146841638606711,-0.0249914494216868,-0.00213258404454092,-0.0345175959996614,0.0181390882676336,-0.0293942799149665,0.0150018612522651,0.021038077874188,0.0289591411683824,0.0188919571315252
-0.0280365545140587,-0.0198232483595436,-0.0212146670239577,-0.0246542262682493,-0.00999452991556824,-0.0261326987297594,0.0124403062143555,-0.0183942031689421,0.0295768001732943,-0.00930143119085528,-0.0340463426605525,-0.00882294184700467,-0.0139313133724588,-0.0206905432153019,0.0147687480492726,-0.00683660066139462,0.00696732429907375,0.0310462764834009,0.0216841482034269,0.0248854284135218
-0.0285886408942869,-0.0206482498069257,-0.0151283875795143,-0.0243976353247441,-0.0258049657636343,-0.0240448711486171,0.0034401143626384,0.0227862979379387,0.0227871108352871,0.0355928513354008,-0.020745239840101,0.00792135174854507,-0.00388810875674855,-0.0146125090143892,-0.00167958704269343,-0.0355282431959358,0.0106565748334784,0.0285143423158588,0.0213351142389498,0.0295384967589169
-0.0284080212962747,-0.0136824414729419,-0.0187015789415476,-0.0228521381272354,-0.0147038315674853,-0.0298826251654269,0.00825167297696115,-0.016336191622286,0.0321026653032017,-0.0117279723670824,-0.0313496725523097,0.0175972696470226,-0.018359096374771,0.0220285788560536,-0.00215173603687428,0.0271009506520065,0.0152688039257521,0.0234681888657536,0.0310461186954437,0.0168664638677156
-0.0179209001025408,-0.0211432635507388,-0.0159629779492196,-0.0356103021046251,0.0221376987280262,-0.0393503198656832,0.0414171721941895,-0.0278334473665548,0.00709552056234312,0.0211770668762027,0.00147951049386227,0.0169024690119171,0.000730796704954398,-0.0132384360278972,0.0157688023478814,-0.0136933807184416,0.0171222869185013,0.0293527459405006,0.0279231444917774,0.0158267034570647
-0.0275694620316635,-0.0221918987908436,-0.0173018731993761,-0.0314071675777015,0.00243305350523039,-0.0391451186401921,0.0514943325367071,-0.022319071045834,0.0379935927966323,0.00490385008661411,-0.0157942379129029,-0.0240908486103737,-0.00405077608424301,-0.0335708983645838,0.0129351332150913,-0.0330445654028033,0.027808372403132,0.0130476159784267,0.0205855416731558,0.0293239997696826
-0.0245551278054249,-0.0417258587765315,-0.0165788607139811,-0.0326007344892335,-0.0140362510744764,0.00995028622256526,0.0339591188092089,0.00413687368809496,0.0290881058846523,0.0181413559822664,-0.024289092729395,-0.0320409394455028,-0.00862493744061231,-0.043785422171751,0.00893850468902302,-0.00558729689009641,0.0147180091391074,0.034252614376147,0.049491852535376,-0.0025377521608123
-0.0305955031277607,-0.0186767150918544,-0.0231471930133692,-0.0229431929129028,-0.0189461786027674,-0.0250550901599911,0.00322504569975083,-0.0275493408999224,0.0316884235022999,-0.0286631293845951,-0.0192029928300416,-0.03401439320369,-0.0138676800883238,-0.0366237904688167,-0.00472734150823867,-0.0393974767208507,0.0151665445482526,-0.0129810096085566,0.0207183954569788,0.0175560908255176
-0.0276898068428531,-0.0171156577899797,-0.00822837507705839,-0.0221252649137665,-0.000717424761873069,0.00843590873529468,0.0286732066509213,0.0398712531519319,0.0419615162027644,0.02608135938699,-0.0205708341156087,-0.0129493253163657,0.0189606502423945,-0.00491952648176643,0.00724663186474318,-0.00723940296744381,0.0120994476804235,0.0428838837895181,0.0402006712477639,0.0116314433132578
-0.0374486378140257,-0.0110618200153435,-0.0298061446394876,-0.0192387648610525,-0.0217265821579722,-0.0239823933855023,-0.0085309885023369,-0.0281136467742944,0.0276530435995078,-0.0148085614384407,-0.0326081391880192,-0.0115119146255063,0.00446222230747384,-0.0250671539093702,0.00695944271044255,0.000890352771427688,0.0164237454282919,0.0157682894326815,0.0223629808169821,0.0257200988796628
-0.0331328417676768,-0.0191280269273225,-0.021715378632938,-0.0312785425930876,0.00373164928084372,-0.0347186792757589,0.0383543050292001,-0.0274922000028264,0.0500376182298268,-0.00166325701792413,-0.0322280564766078,0.000602867427383108,-0.00974263220671511,-0.0293302957179766,0.0171016627291515,-0.0357013558047185,0.0239983385731275,0.00674165951391149,0.0188883089796304,0.0306015383136375
-0.0305820060750464,-0.017240532010919,-0.016886125183114,-0.0244663632029448,0.00323010725571382,-0.0190690563984522,0.023284031698633,0.0171613180787728,0.0412259265402104,0.0230577441258068,-0.0217056735880279,-0.019652343959098,0.0013597327361331,-0.0276403007640923,0.0189838840801705,-0.0104519232432575,0.0179539807188259,0.0296069486036584,0.0502851329350715,-0.00877767182794131
-0.0214137930815108,-0.0239309331881414,-0.0128108522427306,-0.012471556481403,0.00619308638517643,0.0539461072475918,0.0360528442626133,0.0361876434506309,0.0341476648126634,0.0327642745565551,-0.0225422907508474,-0.0210427146686568,-0.00211175703305635,-0.0356182569391226,0.00975492687522153,-0.0225822651761785,0.0158499872832642,0.0260600894289412,0.0190486922779619,0.0389172737918721
-0.029396448958962,-0.0166862675873785,-0.0164867242151182,-0.0245567810676457,0.00297702055034605,-0.0326773681266036,0.0311778559339177,-0.0277396892622197,0.0533064989339256,-0.0120308992134161,-0.0182429059154093,-0.0336976331201226,0.012787763205632,-0.0386811555509053,0.0237666146967723,-0.00396337311845037,0.0229874837274961,0.02216312183661,0.0244198236725697,0.0241882585301929
-0.0307609171833188,-0.020929238100453,-0.0161424586517607,-0.0276537847281899,-0.0162259964805948,0.0488913605397307,0.0308859494225402,0.0372743095113024,0.0366300932231792,0.0306604544696819,-0.0110738126235239,-0.0445637127331673,0.011242665140303,-0.0418134480995127,0.0110787255431915,0.0271952595921736,0.0180378651045836,0.03824486869137,0.0360175905971049,0.0131152109328098
-0.0364564145656241,-0.0152049459646935,-0.0223823501220898,-0.0268748112828263,-0.0103009988172992,-0.0224586942278968,0.00635349158435994,-0.00688109046041267,0.0422279841529328,-0.0291875614098934,-0.0191131379208818,-0.0266232070533173,0.00134346307001637,-0.02932226203563,0.0190733022291494,0.00334801712163594,0.00828296690442088,0.0450825641425492,0.0284076062585987,0.0201670576654583
-0.0291279140028834,-0.0252821865199458,-0.0191122403337902,-0.0281269775098012,-0.00510249478746041,-0.0322743170440148,-0.00431832093683362,-0.0107822577441422,0.0303430356564007,0.032797257147334,-0.0229839610919956,-0.027715440466182,0.0122428883002168,-0.0119496580316219,0.020729934854135,0.0145519400273739,0.00741845012769545,0.0397480828528818,0.0324862343220693,0.022486850333698
-0.0321327370045253,-0.0195959920957323,-0.0201423738323025,-0.0271541065348454,-0.00031289583312712,-0.0302004674450299,0.0519355961970615,-0.0243100540834016,0.049883712591464,0.00684207578329707,-0.0344273476434023,-0.0206852983795715,0.000606874271091109,-0.0308765151628121,0.0254092109420422,-0.0183381127154329,0.0215787392211081,0.0223042235989148,0.0319206120564462,0.0150846345207421
-0.0256655420082889,-0.0258405292912795,-0.0196646892375936,-0.0277388387374407,-0.0206862519011364,-0.0117015403152037,-0.00688918468725027,0.0251846052540528,0.0258905550771224,0.033953269810094,-0.0106591726415798,-0.0226504968898115,0.0072064216045952,-0.0252566944578006,0.00453974919513089,-0.0258813785526719,0.00921685239261889,0.0226286546630289,0.0214664919674525,0.0325033942163067
-0.0258381222945206,-0.0198137041414306,-0.0214423100806592,-0.0221046095528032,-0.0130731889051732,-0.0248961623819009,0.00490088859834099,-0.0204106152611036,0.0294381306360324,-0.0136147575222342,-0.0329589274901255,-0.00335439433097573,-0.00719469801609133,-0.000104163498242568,0.00908364788930817,0.0150529464179296,0.0150534573707864,0.0244343045472134,0.0208825304324786,0.0227724263975651
-0.0316460292124233,0.00487369092622047,-0.00999275873687247,0.0160270167270264,0.0120044158071774,0.00720441514400779,0.0317066144345521,0.00841897783149878,0.0405013376809537,0.00288804419283332,-0.0366583780608551,0.0143515876863091,-0.0160067580953565,0.0223485641733382,0.00639360714523832,0.0258196098721955,0.0269119088015696,0.0174925348226479,0.0286268890571247,0.0188639497753652
-0.0351897126343511,-0.0118508993648859,-0.0233622672158553,-0.0214104868350848,-0.00399946852370099,-0.0266110232206817,0.0240539900456793,-0.0184400748906849,0.0394798688366461,-0.0271267179942505,-0.0179257578846708,-0.0255774965933426,0.0124631472766269,-0.0258987064567798,0.0230748734445808,0.0101502901242764,0.0194359976139827,0.0249347628019936,0.0335419061833753,0.0174492981941564
-0.0350591953891549,-0.0168678783611965,-0.0165579777376011,-0.0286082681723795,0.00194575088496722,-0.0238341512800147,0.00894098522363773,0.0221280677656423,0.0395478361376869,0.0281197875997032,-0.0200134848353948,-0.0172529986545483,0.00350693387495713,-0.0265557194500081,0.0159587955116758,0.00883720609530189,0.0113677946541512,0.033884324567407,0.029520437161251,0.030681664350756
-0.0359571590275213,-0.0109112700022448,-0.0237321703260101,-0.0206160102320444,-0.0164271710701203,-0.0252330159637835,0.00603860073274994,-0.0214702925599067,0.0355140850659861,-0.0134823426749825,-0.0172595571635714,-0.0370318028579093,0.0238070283089279,0.0015672369198085,0.0164556065058718,0.029081293398032,0.0181852852134951,0.0284511414976199,0.0405558102108923,0.0128277645707029
-0.026807702619633,-0.0190540158199185,-0.0168853077690998,-0.0326663769038853,-0.00280533123397177,-0.0330249901310596,0.0111169590035795,-0.0279480121959352,0.018179673997636,0.0170291177528653,-0.00568756045663656,0.000260715510400084,0.00524192650854172,-0.0316601145368084,0.019132321837627,-0.00976010610225063,0.0193555508715125,0.0231374060788466,0.0217510136542733,0.0255511573026926
-0.0273964733769841,-0.0208551057450824,-0.0194397106920812,-0.0243633540003126,-0.00890071812912113,-0.00211707933988009,0.0274853417631527,0.0060920620462484,0.0426011201699791,0.00885500833973131,-0.0350790755800354,-0.00983594603763302,-0.0233651995146161,-0.019156819182805,-0.0104432564151193,-0.0191489854612143,0.017958086865646,0.013290490054322,0.0193477931950743,0.0310157575778608
-0.0331304848652989,-0.00906990856947974,-0.0176530768385767,-0.0227144383039114,-0.0165534516232439,-0.0252101767813009,-0.00136413162011279,-0.0275088349320017,0.0445059036710959,-0.0152830931480442,-0.0316787357245785,-0.0110213624844015,-0.0196862769559611,-0.023234843251754,0.0285295307187237,-0.0265771799440617,0.0223281626131022,0.0216691478276553,0.0152483515160121,0.0295078499766466
-0.0336818382396152,-0.0176011884384012,-0.0225871091687594,-0.024177761003909,-0.00411421561324795,-0.0173094362001965,0.0124096524728664,0.00993084707478144,0.0272381107377798,0.0216973934538216,-0.0399137520340497,-0.018021646910751,-0.0233165343929269,-0.0216470539544721,0.000413670598634301,-0.0118679990419114,0.0196242229247606,0.0131980942413957,0.0329731119892661,0.0222671320135982
-0.0353658167199373,-0.0141629597007206,-0.0237732777610354,-0.0244794560161406,-0.0120069250723136,-0.0203193974780345,0.0035329079039539,0.00794020166167702,0.023772301035204,0.019755768484464,-0.0367858741635664,-0.0184683412605708,-0.0255427478709202,-0.0227341979669551,-0.0105916485512116,-0.0124278943231475,0.00582097470167186,0.0221663325144712,0.0269428322510735,0.0226443583802663
-0.0314950280620827,-0.019695449983026,-0.0208967067993965,-0.0266121788544488,-0.00567733366545691,-0.0106807181670236,0.00747876266032337,0.0176739511916576,0.0345743721863925,0.0116480992213862,-0.0389412522813859,-0.0200940536024482,-0.0243207973868614,-0.0272264850609766,-0.0078021080878234,-0.0118230581131172,0.00661438824995139,0.0217445115678562,0.02995967864689,0.0191745686099545
-0.0341636426529343,-0.0103587971985079,-0.0228478117094077,-0.0230591514710512,-0.00651844416506951,-0.0190163225346363,0.0117079753325617,-0.0112054720890377,0.029457534646489,-0.00698394236925516,-0.0394566979836228,-0.0125620447162326,-0.0316001864645815,-0.0176587397323356,-0.0171929800272352,-0.00478006627810325,0.00525614370985483,0.0126165769365162,0.0256092352826595,0.0202939410091706
-0.0223620106642136,-0.0224592928093948,-0.00712092898404714,-0.0227713387140183,0.0125897929784933,-0.0153758034472601,0.0263237882063332,-0.000876583078375698,0.0335456411158892,0.00790078662256797,-0.0452774055795387,-0.0182362930053792,-0.0387713814599457,-0.0128540724998867,-0.00805372710671863,0.0208965890063192,0.0154024791107115,0.0302085496267708,0.0283972979812064,0.0214912773971809
-0.0306200778799871,-0.0187541171146066,-0.0177511516246206,-0.0246711306531994,-0.00240740796679129,-0.0140327372420728,0.00956900594066213,0.00471299620250477,0.0218961762417798,0.0182910484749113,-0.0369833341301849,-0.0159213775513918,-0.0210332747746548,-0.0175110693681012,-0.00580182950296712,1.76885959835978e-05,0.0102430948697311,0.0116874130415916,0.0208596622405943,0.0122358237492765
-0.0300331713456389,-0.0204542326097243,-0.01772971175354,-0.027702247950875,-0.00489353107169154,-0.0131139731962965,0.00420881648617864,0.00685098255059613,0.0205717919144925,0.0149218291702732,-0.0316903702661593,-0.0243938706207908,-0.0183462723128107,-0.0287613559671908,-0.00259431726528874,-0.0106085353188634,0.0106788656844055,0.0111424951360073,0.0262085593094824,0.020508643254243
-0.034001531539314,-0.016462230133951,-0.028512256093808,-0.0245821722743445,-0.0175495523208635,-0.0233056508577477,0.000928123225032263,-0.00211870876921393,0.0288418585042079,0.0122959294354051,-0.0456551864706912,-0.0160828284181459,-0.0413180475394418,-0.0209305121611691,-0.0222255186952444,-0.0115942651192136,0.00113927327958802,0.0162477504954523,0.0234679106635027,0.015285366101887
-0.0360729490171073,-0.0111155718546944,-0.0255859832475626,-0.0236263575892433,-0.00791296497989118,-0.0158522877726547,0.0114662968218128,-0.00465444369539776,0.0271877886903056,0.0036703697350941,-0.0366133087794703,-0.0182846929779423,-0.0125921327150134,-0.00115689517224503,0.0186820511775412,0.00341589643316463,0.0340269929479749,-0.000587871018197556,0.0430261369779067,-0.00336641305722775
-0.0432562082524309,-0.0236310802222851,-0.031719221163402,-0.0314877376601927,-0.0161821014418528,-0.0247705948525883,-0.00524026994134334,-0.0105625366369834,0.011307969379704,0.00493467541620839,-0.0443212994816245,-0.0279099458550681,-0.0294875186009213,-0.0269759731428393,-0.00789791227794878,-0.0176600523623169,0.00969592426376304,0.00818882919117606,0.0283452560123112,0.016591275777534
-0.0350488871786772,-0.00705828172325572,-0.0239667776744344,-0.0172904391471764,-0.0146527948838132,-0.0234208565638926,-0.00240319822206052,-0.0226792255119799,0.0171520501705769,-0.010992705925874,-0.0400126823873044,-0.0161533410898749,-0.032321814059247,-0.0134803489709208,-0.00897689359135091,0.0157183668959532,0.0180068440243145,0.0133807676023488,0.0312327025644604,0.00926059507799922
-0.0346803072778028,-0.0147284544976703,-0.0203326954157811,-0.0251927913065775,-0.00292936032788614,-0.0206946284919486,0.0143228939303409,-0.00581885532078795,0.0250074650322138,0.00764165856282605,-0.0368675315016801,-0.0158753176205487,-0.0215470582462211,-0.0231536894443341,-0.00170900789777801,-0.00866024634435443,0.0176877152493793,0.0148878145814625,0.0315092845863081,0.019021608016933
-0.0220088725655017,-0.0117448905438557,-0.0190621382772767,-0.0239160103312114,-0.0152726504250829,-0.0240587272126697,-0.017217147736401,-0.0287496351009126,0.0227215801200934,-0.0117693185194323,-0.0379301830197822,0.011073691618505,-0.00892897388358893,0.0258383237254166,0.00252737209268691,0.028980631405477,0.0159265050808305,0.0252845265608285,0.0339259098355798,0.0123648693396105
-0.0286709756392861,-0.0165766901310295,-0.0154837183121791,-0.0271526815144199,-0.00861250888635674,-0.0255586420217378,0.0338099018785678,-0.0328451204252332,0.0477171880517872,-6.95493329771218e-05,-0.0191794686212948,-0.0150412810696247,0.001129199373333,-0.0324401476969731,0.0163825923026887,-0.0037455338104641,0.0268184601242028,0.0154396276187807,0.017258646539199,0.0375865316146067
-0.0317603121447302,-0.0180564273114192,-0.0213451594789693,-0.0275148882085919,-0.0175729857536857,-0.0226715603255153,0.0334921484423518,0.0114645366758623,0.0475573604962503,0.0162282437613378,-0.0330444153001289,-0.0229795973945045,-0.0139041343062346,-0.0387190004623119,-0.00208527888606665,-0.0355264326488397,0.0228171828141366,0.0276081310418108,0.024927250636166,0.0275345326317562
-0.0313436511210776,-0.0124840959190703,-0.0206871834275676,-0.0238986863165379,-0.0164711050941552,-0.0242632131422182,0.00494911342589205,0.00900629735702806,0.0405950223265398,0.023283892613359,-0.0232501621811267,-0.0161774998724087,-0.00837616759541633,-0.0281084669740512,-0.00618291808542402,-0.00531747886886661,0.0110938259433089,0.0292370794303035,0.0280126485037652,0.0251834042088062
-0.0359863385107876,-0.014684848565944,-0.023803736236551,-0.0247239276475003,-0.0180481479501816,-0.0310608960744253,-0.00644581261303208,0.00596886469885952,0.0381600626473647,0.0110104240921264,-0.0391089266190277,-0.0161429785402263,-0.0172657642133166,-0.0327426451626181,-0.00926981717588561,-0.0266680754438376,0.00885829893691017,0.0222970402966713,0.0275947498994251,0.0212071162634654
-0.0395003534694686,-0.00774427479739693,-0.0264384175806309,-0.0204278107038728,-0.0193600134106557,-0.0276763737639866,-0.00200925380945994,-0.00517714379038922,0.0356411868467617,0.0205501525983012,-0.0251041555329452,-0.0262116567204165,-0.00535136991844753,-0.0343333168544353,0.0118946486335839,0.0193577135586436,0.0203946391044205,0.0226400058077571,0.0198465093530702,0.0277132012950306
-0.0304711836041493,-0.0108529137945573,-0.0212580488947651,-0.0196763530220159,-0.0180240540458195,-0.0264922702812313,-0.0146576979431641,-0.0294153996146786,0.0163515999128434,-0.0140775001957398,-0.0241170078121108,-0.0278086480897566,0.00784747728746263,-0.0136122138370227,0.0143612501771095,0.0226683112466876,0.0254646322218243,0.0240291538165997,0.0207082981219637,0.028716729566501
-0.035696234283068,-0.0336708823445997,-0.0260244770016146,-0.0367594267099533,-0.0165490243997753,-0.021683916590732,0.0267060400718667,-0.0374473151752808,0.0589746376918295,-0.00999420073239615,-0.029832079430306,-0.0290589130282362,-0.00304451170885495,-0.0325844712581679,0.0130876696067874,0.0184739822049749,0.0250421108006012,0.0285527225102241,0.0453681044006167,0.00423768446609541
-0.0377466960279156,-0.0196992172560378,-0.0221220259245965,-0.0305718026601846,-0.00303106650372798,-0.0187577443564502,0.0143695339507718,0.0204777429323992,0.0373895756361554,0.0294752881280049,-0.0299687807197578,-0.0252070573179332,-0.00803967157762991,-0.0277217659081427,0.0139556928054648,0.00697745134786238,0.0196380018594178,0.03021824811522,0.0327088746963272,0.0202393744766298
-0.0343638456865179,-0.00858755977583505,-0.0236651889429271,-0.0191846489005293,-0.0193647237936169,-0.0240894571607036,-0.00331163655990964,-0.0221910244476573,0.029197505044005,-0.0147506486391496,-0.0218653966875682,-0.0273980111228919,-0.0037867286445184,-0.0261163651721516,0.0170221533253282,0.00620141090551688,0.0165922133364548,0.0290378426086317,0.0367880017140092,0.00768091387659321
-0.0331483324221243,-0.0113932356675898,-0.020184082604317,-0.0228626500864593,-0.0124735272499104,-0.021841771259811,0.00955471506814159,0.0107594928695859,0.0420068443021815,0.0193749160639735,-0.0322096497887017,-0.0173909848846801,-0.012037203516223,-0.0282052167408516,0.00232401006369383,-0.0130757071300446,0.0127946331817608,0.024553415878223,0.029326777496994,0.0232794603090315
-0.0280371639967359,-0.0261191951433048,-0.0197755456291151,-0.02805832786316,-0.00595929144964918,0.0216543655098688,0.0377221192792421,0.0340112201386992,0.0490268263739421,0.0165882988770964,-0.0217848040740657,-0.0262260235388507,-0.00747225351251016,-0.0357681437501376,-0.000137610887573439,0.0174441196985584,0.0329884771832523,0.0251082556810385,0.0304391243180272,0.0199295458093235
-0.0277978744972451,-0.0115328018804738,-0.0170225482248035,-0.0230109557488597,-0.00467620981536044,-0.0281456221012124,0.0386219934570075,-0.0249798141938053,0.0490146662690713,0.00567874683531185,-0.00739171481539906,0.000325636345426734,-0.000794843258001039,-0.0389794116345538,0.0277549300098548,-0.0044134511664248,0.0141907018763222,0.0284372011950376,0.0351118886015626,0.00566469498112273
-0.0278359581492893,-0.0126992519470958,-0.0183142182034644,-0.0251338108047989,-0.00227545661895943,-0.0156164663792976,0.0272984208151132,0.0212114315397595,0.0448434018742413,0.014981454203382,-0.0244744453570965,-0.0215983562142256,-0.00780864463819823,-0.0386939617682891,0.00856084810498956,-0.00176098638889025,0.0231950694838089,0.0250144811327641,0.0264957439107761,0.0239380470986331
-0.0334053415270347,-0.0146679618461041,-0.0193747517186698,-0.0287660555997356,-0.00521172022499358,0.0203871392333559,0.0199023556068894,0.041407765533334,0.0403756261747898,0.0271858636200385,-0.0291521720115652,-0.0290696721459723,-0.00362247701564974,-0.0301087912621449,0.00911427197463808,0.0408447766816673,0.0255398436361274,0.0274850945486608,0.0477966530484393,-0.00408278120652132
-0.031518550571287,-0.0131061470069848,-0.0235507234895616,-0.0198696105024375,-0.00928869035539948,-0.0189277026899193,0.0311163920027277,-0.000672195991005089,0.0397520805899764,0.00125196683713069,-0.034422201780363,-0.0132645660526339,-0.0138563298880772,-0.0253000094464272,0.0103739628765295,-0.0152193620781609,0.0189339668020329,0.0139376365558839,0.0176624991182708,0.0301447080317799
-0.0420162150039311,-0.0109590882567629,-0.0305915150746653,-0.0198226032949599,-0.0181151114662012,-0.0231622420503172,-0.0114308672877567,-0.0230335150328564,0.0288336197154723,-0.0139547476736815,-0.0303158462807531,-0.0203475698010317,0.00185150373762012,-0.0292833545786455,0.0168243207235887,0.00861650270733549,0.0123350198872012,0.0325137864141939,0.0210263025190789,0.0288793331195147
-0.0339404813703182,-0.0283445729309495,-0.0167439746345314,-0.027053690855804,0.00430969496030145,0.0106663515948123,0.0320873754704795,0.0280339457062494,0.0489570498049431,0.0164019161178413,-0.0370905533496404,-0.0241716570976452,-0.0153600063924635,-0.0299694350839079,0.000664904491779421,-0.0108097311383865,0.008847508482373,0.0225281778724758,0.0206897410112718,0.0313682811846932
-0.0261398274860377,-0.0157752647375057,-0.0150434083573818,-0.0210530771067384,-0.0171844582149158,-0.0297184326616251,0.0099468624901359,-0.00215243956294412,0.0484881583728208,0.016153289755009,-0.0236877851223091,-0.0205243702882321,0.00691085988439819,-0.00460929314323594,0.00703247401222413,0.00654394520361292,0.010340481042484,0.0178858912134768,0.024676269790247,0.0266895176959303
-0.0280597693870488,-0.0111632629630076,-0.019647826031477,-0.0212192051409511,-0.0161458754413422,-0.0279067971725082,0.00696337527374626,-0.0203849356180201,0.0334130148003321,-0.00694028754489779,-0.0309512637123304,-0.017163394682019,-0.0178304641587549,-0.0303116402381841,0.0100775855380106,-0.00622259031068111,0.0128991450829713,0.0333888616079501,0.0277597092256274,0.0213852781592316
-0.031957769267197,-0.0135724479170105,-0.0191401375442892,-0.0281596828587131,0.00947606311116674,-0.0105723101613,0.0403309430499359,0.0117128018181875,0.0498102882657991,0.00309931683845653,-0.0298911509651129,-0.0191092959006898,-0.014721777836505,-0.0319161369288928,0.00990859593836003,0.0114450558269648,0.027019263655101,0.0218977469687554,0.0218515772533051,0.028907854025173
-0.0359673782172005,-0.0092959420323087,-0.0228146637119708,-0.0250504346260351,-0.0158096164675969,-0.0251299180512907,0.00616339696445785,0.00169676478597511,0.0333516892453341,0.0184018634756186,-0.0392711691551456,-0.0170840504852152,-0.0120296306554503,-0.0164085902787643,0.0171924470829446,0.011272545333282,0.0180580540347815,0.0302008425623154,0.0252856951793769,0.0258669446160959
-0.0245156414293417,-0.0166699626164607,-0.0169967925710782,-0.0257376406730397,0.00763566304423231,5.71575511092871e-05,0.0398789258474455,0.0158725468056587,0.0456223521528798,0.00381397305834541,-0.0325822252316907,-0.0177719157979629,-0.00771665738700522,-0.0260535861583672,0.00545908558136502,-0.00320486869007572,0.023782815715816,0.0202198137413703,0.0179786568560518,0.032040134524685
-0.0335405218114211,-0.0125855325911724,-0.0218338602258742,-0.022831210610365,-0.0129591569649905,-0.0289700709004391,0.0018225552403623,-0.0240253194067886,0.0403775909743658,-0.0150548864252369,-0.0125338955991114,-0.0257817208112903,-0.00167125535928124,-0.0327918643977365,0.0105639065116894,0.01552143126386,0.0173209454058997,0.0289633031375762,0.0336109004882351,0.0124782122174622
-0.0492296250750094,-0.00671068046472812,-0.0398236801659743,-0.0102890218913426,-0.0223955816828023,-0.0228758317856143,-0.00461149947377763,-0.0161174995989434,0.0256276131397684,0.0342755195309396,-0.0444834074642676,-0.00710674356115036,-0.020469164121991,-0.0215616791123375,-0.0099734282704685,-0.0194504056543545,0.00826263293993318,0.0230845109904673,0.0208672095581997,0.0335764809948037
-0.0285519032248994,-0.0122450350327492,-0.0222662510580848,-0.0250757284619269,-0.0109889750465396,-0.0211522245444342,0.00720542650640937,0.0252995665846443,0.0346299544174057,0.0263261825532968,-0.0336158875478019,-0.0139933325328357,-0.0193014448598073,-0.0282876426294466,-0.00585597668936566,-0.0182698430944088,0.00769682112048815,0.0254956817897786,0.0213278548470676,0.027101741210717
-0.033056566947216,-0.00979793963944899,-0.0223545911871182,-0.0231875435751467,-0.00961278811835031,-0.0239516365415279,0.0105740725936659,0.0250194639003973,0.0337113663759858,0.0296118780430632,-0.0403110318099833,-0.0140589205992145,-0.0218376518959995,-0.0314461202612686,-0.00504826563507472,-0.0270576950334942,0.00602878395158025,0.027900234607163,0.021759934902832,0.0351398931575359
-0.0380216868214719,-0.00578745955032898,-0.0277968901755396,-0.0195381810982356,-0.0203215477998817,-0.0275914123830364,-0.00847350472034268,-0.0219288373375442,0.0251147492923813,-0.00780850531960235,-0.0408348627055706,-0.0205560454239599,-0.0244995372767528,-0.0382140639958096,0.00126460608943373,-0.0259669427959884,0.0139647991520476,0.0255485655409948,0.0190356437700837,0.0313180588217827
-0.0380368776247825,-0.0197417388269272,-0.0248408888393261,-0.0272594323658825,-0.0109509633090736,-0.0153048494318108,0.010424114278799,0.0341042512123727,0.0320110136308396,0.0330232811587534,-0.0385923397223054,-0.0134567146233464,-0.0200602213091909,-0.0282149273821315,0.00212786611780492,-0.0160572923530759,0.0120602963777975,0.0297802283709194,0.0236367654157879,0.0266153889382554
-0.0276435654052639,-0.0222727770880315,-0.017326555856408,-0.027446606442185,-0.00233089327953805,0.00374031003466884,0.00490873550456495,0.0498322676613536,0.0300431440921241,0.0341108926846411,-0.0290754529010583,-0.0218796656892402,-0.0103344071699452,-0.0345175449427253,0.00766311659536902,0.00523187638472777,0.0103005989825677,0.0392194132263748,0.0266077885103728,0.0247836371609409
-0.0367153951290983,-0.0216439824936904,-0.0218666892560948,-0.0320390152011743,-0.0128546309498817,-0.00895640914258396,0.00781116996704877,0.0379166532519029,0.0403697258268058,0.0155216760226656,-0.0380937370997249,-0.016713898279641,-0.0167209564029861,-0.0294956764062364,0.00177116284307037,-0.00204741468040697,0.00948805442799503,0.0309890973067282,0.0263306133604914,0.0199802008795073
-0.030990289937695,-0.0127761735665543,-0.0207655500853597,-0.0240158434795565,-0.00208993059462266,-0.0162339732447806,0.00788305542011035,0.011689718858602,0.0303640260602603,0.0184619961292972,-0.0313404996475025,-0.0168155973005244,-0.0155770101927119,-0.0236790459895215,0.00644387398223903,-0.00254926398907642,0.00974536507268526,0.0219921594663684,0.0238469978870181,0.0220782899967892
-0.0380337405224066,-0.021811820096746,-0.0223917397865789,-0.027232013087241,-0.00510795317181395,-0.00122650069776734,0.00740691262671083,0.0293648393976081,0.0339284514928425,0.0262843928744333,-0.0341558228933947,-0.0151954662711378,-0.0207686631912247,-0.0289171679346082,0.00488906667176613,-0.00193157212019329,0.0120406988309738,0.0255529080478865,0.0232772890442219,0.0263314588835179
-0.0267339215202673,-0.0191462314778951,-0.0179897206984426,-0.027307064753224,0.00167938609535991,-0.0106504330766915,0.0208887006344165,0.0273284331601413,0.0346490758499614,0.0311597114991272,-0.0254206533188732,-0.022038026831396,-0.00602745681050681,-0.0321019334837983,0.0109546912542928,-0.00375849624264605,0.0180277672645601,0.0290896848998562,0.0326512630789217,0.0209855707202534
-0.0401710428171864,-0.0159477874058319,-0.0254323611534142,-0.0251644258247495,-0.0120918337651895,-0.0214256922557027,0.00948150434925691,0.00275452713852886,0.029179070933571,0.0134081982395921,-0.0283256142767951,-0.0201846301476891,-0.00558449244485548,-0.0274348659471158,0.0168284473739644,0.00271581595746297,0.0135299944637058,0.0232991287556207,0.0311924030355205,0.0178991056278286
-0.0348521888941936,-0.0236666579446539,-0.019097018474753,-0.026116299362845,-0.00176785432343472,0.000152652671325315,0.0125419856609405,0.0374661903811917,0.0335232447957321,0.029801359091102,-0.0370794767691167,-0.0217237411139104,-0.0113636909743705,-0.0334167502735778,0.0122978096979797,0.0195524839908378,0.0182451005853997,0.028065263095323,0.0208995001713609,0.0273263408334811
-0.0297455022605077,-0.01268680396676,-0.0162875520649586,-0.0196566394221184,-0.0111203078671655,-0.0286936567230456,0.0171798610794055,-0.00850653847695717,0.0453834415958685,0.00541326335804197,-0.0348392398118166,-0.0142353228195369,-0.011155645160195,-0.025514133605574,-0.0018590612855441,-0.00952876527948464,0.0212541686903471,0.017840591884371,0.0212919671071593,0.0316721547578494
-0.0315994245685613,-0.0151576715766741,-0.0160184682526253,-0.0287185318084444,0.00548747468870178,-0.00941514780564999,0.0173852313028861,0.0397168883556366,0.0415349977302373,0.0220385288393086,-0.0320742888584781,-0.0150133923746519,-0.0103959823355986,-0.0317227422467314,0.00735158259540372,0.00448279037627049,0.0110755930332157,0.0355700251304229,0.0261217162065824,0.0260438328602486
-0.0365931613902026,-0.0123403653295876,-0.0229093850754081,-0.0213939150248487,-0.013057635474209,-0.02753930978156,0.0123413874177218,0.00115492407401277,0.0435176027708858,0.0216200323950687,-0.0280437027831673,-0.0158030012112315,-0.0126885360206016,-0.0216056497050054,-0.00780546351182793,-0.0138282858981643,0.0120415435998116,0.018618180088061,0.0195642994273201,0.0273547731411107
-0.0397627390664588,-0.0118801771818249,-0.0252030452493077,-0.0248536199515091,-0.00650173072272103,-0.0202443314013188,0.0192922844795849,0.0176221473107619,0.0444333160601513,0.0119829293050311,-0.0358304194390966,-0.0113207719479902,-0.020092764144031,-0.0324856255547932,0.00261104639111096,-0.0322329074846357,0.00981163631841985,0.0217009171663965,0.0232865139299503,0.0275125720881627
-0.0308121444932672,-0.0111855252208946,-0.0113991861776518,-0.0319482429591802,0.0266126688319921,-0.0120043305282927,0.0444508853113556,0.00980298118499021,0.0435593714045912,0.00945089214585031,-0.0187284334480222,-0.0242628200759345,0.00671650518897276,-0.0331115106670016,0.0157919828066777,0.0190801380418463,0.0160784334181632,0.0307094920648117,0.0322006119991315,0.0166051842315867
-0.0366458954185246,-0.0110593508138366,-0.0249871261129957,-0.0233379053815431,-0.0103543889438289,-0.033705872668734,0.0306183328270579,-0.0296744969962715,0.0485060120717272,-0.0177099573634408,-0.0243831157330702,-0.0289482880210586,0.0196925336274656,-0.0237859982564841,0.0142040920969965,0.0168478237650922,0.0162614788740486,0.0293037372224497,0.0305508586076218,0.0192345641463955
-0.0286914502008034,-0.0161306867533233,-0.0121387281914316,-0.028063428234879,-0.000647097654287139,0.0166828465576786,0.0278848092208404,0.0389891646851261,0.0525524933752578,0.00566770754237752,-0.0419046672851645,-0.0120770060825617,-0.0141817099701114,-0.0275555983885095,-0.00495780392481312,-0.0118236104805802,0.00628690817123119,0.0332535587901774,0.0241273726600458,0.0285337585230699
-0.0325132557463709,-0.0102729264625427,-0.0190764048481626,-0.0314199415354995,0.00133479000928541,-0.00370901117786627,0.00779687533392944,0.0412234481279414,0.0337521884240311,0.0312135171063023,-0.0365217906747766,-0.0175632001788228,-0.0100218988766523,-0.0376498419373165,-0.00490901808232221,0.0134047499499233,0.0090071897162639,0.0420320881504568,0.0340525979127948,0.0192353948787604
-0.033947910617607,-0.0197429262919388,-0.0155909763413188,-0.0247854486727586,-0.00899433532554635,-0.00230864746103816,-0.00299713258217515,0.0538408771779363,0.0329430384924452,0.0308286041978588,-0.0385194488622128,-0.0252138200699333,-0.0107565249049351,-0.0232049789734109,0.0105918018735265,0.0170558389187774,0.0200570339157285,0.0259068944945848,0.0209594782059609,0.0302639237121879
-0.038160490452145,-0.0180997349632712,-0.0220587824036523,-0.0324480190755062,-0.00303565924151356,-0.0303260998354532,0.0280218019109306,-0.0219513991740466,0.0419852716377448,-0.00899500558862348,-0.0376370714833914,-0.0134258830139443,-0.00615752338527857,-0.0360900468047918,0.0204686868935383,-0.0040964491197935,0.017417874042561,0.0270779354018506,0.0261046812138793,0.0287597331254104
-0.0434050390846888,-0.0263416687250357,-0.0266690467795577,-0.0293143123753103,-0.0149581461826091,-0.0257504546949285,0.0079928097198432,-0.0221743331958118,0.0307856247837949,-0.0114451540462068,-0.0486180503554974,-0.00381308869780257,-0.049817881602974,-0.00349209678872508,-0.0421810793330527,-0.00696439189190084,0.0178382155039627,-0.0148970686292816,0.0212262257910114,0.0294393252157991
-0.0346094460335929,-0.0144372899254285,-0.0195483852069568,-0.0258231490605173,0.00337456732888902,-0.0201949944882608,0.00834114540992958,0.02486280250294,0.0332976530904155,0.0294810707368408,-0.0346130620335965,-0.0163272518675038,-0.0128067111509918,-0.0343549410884529,0.0100423683660823,0.003871201869431,0.0184634774451012,0.0366683694297311,0.0343745704896273,0.0218520894665956
-0.0294184581866464,-0.00879374768652512,-0.0245571843308126,-0.0173497293074707,-0.0183041539317396,-0.0228564698579356,-0.011488693425874,-0.0214598419110199,0.0146989469680225,-0.00503414504072591,-0.0350922720468602,-0.0128235227245923,-0.0101728736761338,-0.0166365010673286,0.00839285858011089,0.0098827804614861,0.0133908739913863,0.0311294129673986,0.0261819962262361,0.0342443871936782
-0.0381480262931241,-0.0116690102162947,-0.0250236304596604,-0.0191908422173576,-0.0182294945888366,-0.0275484004225631,-0.00669905577708876,-0.0240414840685751,0.0213604188019188,-0.0116046988081403,-0.0262081953312405,0.0115408745874609,-0.00372898149704356,0.0214974680164,0.0128100275330955,0.0240562288188837,0.0183671364924215,0.0276069306568887,0.0298370940793009,0.0236258153659885
-0.0386472045815153,-0.010533256284085,-0.0235471573998465,-0.0212617332492127,-0.0154622082029504,-0.0281371213353834,-0.0042248877792359,-0.0243703403177521,0.0320574159463173,-0.0136698902560719,-0.0315847012902719,0.0114167582950625,-0.00794427003858287,0.0267826628148489,0.00986134180544621,0.0238080509385215,0.0218932539012316,0.0206902107285473,0.0300846353164538,0.0183011976559179
-0.03227477695969,-0.00751450796431881,-0.022929854533959,-0.0191397689483736,-0.0165246244264307,-0.0263709081858769,-0.00738993045917336,-0.0208127318682076,0.025777273125814,-0.00870371379246902,-0.0242437146107529,0.0213691441088666,-0.00226111975851989,0.0296585837588107,0.010316036770521,0.0308702724132071,0.0184217785627667,0.0256992506642148,0.034739851689583,0.0165912888048169
-0.0395402811215142,-0.0109186898968995,-0.0217432346605949,-0.0266334291355516,-0.0120000910892598,-0.0309721937775745,0.0032339590654267,-0.0275081551361567,0.0353534840025605,-0.0121524857875808,-0.0335728080069265,0.0176446682235724,-0.00997242377361466,0.0279684273015716,0.00770141264876734,0.0317608281180545,0.024731826788791,0.0206995410638221,0.0366071937217913,0.0161076245693071
-0.0358707857600076,-0.00775052142185237,-0.0225623307259721,-0.0219825474283664,-0.0169037559707107,-0.0244837819010536,-0.00884582117118501,-0.0248053440355283,0.0234230025975526,-0.010910626496457,-0.0259506201971965,0.0178537381164913,-0.00477554734665459,0.0264083927124398,0.0112612030251624,0.0278579666620944,0.0243771130261543,0.0231715535935205,0.0372732837187117,0.0140983277830847
-0.0345130457161186,-0.0103711450546521,-0.0199073573427751,-0.0241280456825199,-0.00403219234309564,-0.0216714639614727,0.0214772630355421,-0.00189554708576202,0.0417984955997824,0.00919278206435877,-0.0293105955965662,0.0140202227555022,-0.00643958817107312,0.0229909891795734,0.00771215982416433,0.0260659996165657,0.0210150567730133,0.0222133736670897,0.0341778392528095,0.0139790698160716
-0.0351029913022592,-0.0140084288241874,-0.0201813418898311,-0.0249669021329347,-0.0119924692134512,-0.0254559302295654,0.00198252963206379,-0.0112040452000545,0.0256908170746387,0.00430098276905423,-0.0299030917257891,0.0133388398299749,-0.010279514198199,0.0212071692390123,0.00770583776240411,0.0263036257499633,0.0205399175170702,0.0227759229838081,0.03413922578321,0.0161874541848753
-0.0351979355993727,-0.0103166804354193,-0.0149813923958102,-0.02061538244736,-0.0122470056972406,-0.0266480317319056,-0.00134335932991626,-0.0266019259498726,0.026334994085103,-0.0112751717071844,-0.027208553439608,0.0151523266454547,-0.00534050840614233,0.0239579165979497,0.00857327923609376,0.0269627963862978,0.0208297665417764,0.0236442877427318,0.031209650534728,0.0185705122452075
-0.0352817696417229,-0.0185710513502744,-0.0231578707681663,-0.0265451179620087,-0.00443059926706269,-0.0147738459863414,0.00561935864329735,0.0100439419208957,0.0286986956062137,0.0234407498716768,-0.0313098711570087,0.0133465460630975,-0.00535897584380623,0.0276010032923904,0.00759379409470642,0.0305835057347434,0.0222215401006893,0.0263176710755155,0.0325990221335417,0.0188258759216866
-0.0367461523830223,-0.00964679533124936,-0.0253115596454991,-0.0207210683229344,-0.0156103133758001,-0.0273736379356264,0.000862260128840404,-0.0201026240476842,0.0234812065342299,-0.00361694590862779,-0.0229750027731276,0.0148849894770643,0.00384429574222892,0.0246382131336538,0.0189192339859102,0.0239517970551848,0.0293300983320509,0.0211769986891216,0.0401830668611962,0.0141489705872493
-0.0369837915731549,-0.0105101126201019,-0.0262311816305429,-0.0244692661423545,-0.0133763173810463,-0.0257976179538388,0.00105329462673447,-0.0154911790441521,0.0245687183938058,-0.00129137639662831,-0.0265222299184691,0.017851465358674,-0.00335539942011207,0.02722532403183,0.0122561669870488,0.0288220681783009,0.0202146662141682,0.0257062299247056,0.0301995777141341,0.0206332445631063
-0.0354187704336549,-0.00863932288444838,-0.0213823685081898,-0.019238071027622,-0.0161360134996164,-0.0284242200333691,-0.00661546565638312,-0.0272175230725515,0.0259305040094389,-0.00415970489037502,-0.0243307809203634,0.0174815547784576,-0.00499875670972561,0.0252473331631641,0.0156027761468861,0.0212800943223161,0.0209931713912496,0.0272360812291079,0.0305656980617663,0.0245579294486005
-0.0364457710683475,-0.0110751094881138,-0.0234170861182354,-0.0236421494646493,-0.0139850497353175,-0.0298152931464263,0.000608360603057842,-0.027083003043155,0.040929818786433,-0.0119246007509353,-0.0301016931668926,0.0187544840371549,-0.00841516204523109,0.0264062217018682,0.00748007266194436,0.0316659035581522,0.019587823247015,0.0265461318253767,0.0305490812611411,0.0201225621881203
-0.0398153161923835,-0.00559199199835717,-0.0256623778078527,-0.0203947313086321,-0.0172250611451693,-0.0268930664524342,-0.00130753170197611,-0.0241381377126243,0.0352931604507133,-0.00946705049136018,-0.0303460985407331,0.0179110873598798,-0.00443042818407596,0.0311089889513793,0.013234901364652,0.031563689791147,0.0256015567370204,0.0243279527125035,0.0379477424920729,0.013527651086351
-0.0361454057392879,-0.00768419973206321,-0.0230713198367377,-0.0236192162304107,-0.0165175686752276,-0.0264518882285934,-0.0050357785606422,-0.0227736199010979,0.0281201727594109,-0.00599555443348016,-0.0326366180149245,0.0185048995537639,-0.0081447939615329,0.0288137371431441,0.0092847718914919,0.0238330382274366,0.0217309806078555,0.02043768513083,0.031367909887313,0.0150406107287032
-0.0364596264680552,-0.00884832346333001,-0.0195767521917267,-0.0232236455509395,-0.0132778744404015,-0.0275248515039698,0.00012235922543081,-0.0230364220944311,0.0344437870981386,-0.00865209603068042,-0.0297394415444985,0.0243862616052117,-0.00265118499470935,0.0343408940488451,0.00530500562772962,0.0335694297077373,0.0189795223831842,0.0283101964092628,0.0316450988885972,0.0192568651920034
-0.0373325154118712,-0.00674223395164313,-0.024582556058744,-0.021261965360361,-0.0154680800933847,-0.0307755925757161,-0.0011231792022636,-0.0237313577545512,0.0332662835661586,-0.00984372208099813,-0.0368292298727667,0.0161851212252507,-0.00948337261261112,0.0289941839788428,0.00944628902755497,0.0289816622357375,0.0271955633065009,0.0184357156343297,0.0368522308619444,0.0118397299594047
0.00946759482613713,-0.0140193619675582,0.0427832324430907,0.00209515511873712,-0.0450035950514613,0.0048207233788011,-0.0449986261782613,0.0010769033648062,-0.0359194165098866,-0.0103619023282591,-0.0262687155604179,0.0156352594330324,0.00509365990256041,0.0225522386914304,0.0211286544875871,0.019445320750018,0.0185108944493952,0.0293693600179983,0.0227487107014949,0.0258809873634031
-0.0366304006412701,-0.0151550907242865,-0.022955030514894,-0.0238147279836938,-0.0177211926152537,-0.0225649959401825,-0.00877296278617457,-0.0216845892761707,0.0238987840235098,-0.00536256133368834,-0.0142421600959278,0.0202922021593002,0.0131695491116193,0.0273338877924826,0.0190936379186943,0.0257753589637626,0.0194477874569267,0.0257635060765818,0.0342409047482865,0.0132842347603064
-0.0352213495252814,-0.00951921971992499,-0.0245598293187887,-0.0215200022560474,-0.017563156709396,-0.028012388297783,-0.00399970605690615,-0.0209967151836669,0.0390688889822741,-0.00658054703296944,-0.0183460517965697,0.0135664572896272,0.00133061896098927,0.0226943095589339,0.0160990685136518,0.0242606597885197,0.0170468273794616,0.0286073408412265,0.0279434870021576,0.0236255433778141
-0.0415910720042826,-0.0123173610665973,-0.0267195807485099,-0.0248498697731235,-0.0208676870523341,-0.0251747258427424,-0.00652457815907547,-0.0173893161496738,0.0229167868498486,-0.00415229243214069,-0.0286622088154792,0.0139338834836391,-0.00207395389029709,0.0242245452652325,0.0180913103964899,0.0246954218859429,0.0241834598293126,0.0233520138433944,0.0352169984481274,0.0167376623639395
-0.0402478932979075,-0.0115664605170751,-0.0243372489246184,-0.0234781102762095,-0.0174056127295472,-0.0292554356159155,-0.00407195930800855,-0.0229328025615702,0.0264117303922176,-0.00730782672960088,-0.0296946342647136,0.0151049966449749,-0.00287039898934608,0.0245043067081006,0.0152672661175666,0.0254780690977786,0.0262837233584804,0.022641629998579,0.0326683571441833,0.0178044017533757
-0.0331556222917475,-0.0147526720286339,-0.0166146158512437,-0.0206552445358657,-0.0138676390937748,-0.0293197511838884,-0.0106354472880243,-0.0287877238447009,0.0233619302050758,-0.0109836251312292,-0.0315060536728003,0.0154888223899339,-0.00548494814573826,0.0266803749466413,0.0184868725518248,0.0207601439755824,0.0242586610536013,0.0228964535626377,0.0339924053572896,0.0184296914355504
